Time,#CO2,#Hum,#Temp
2019-05-19 00-00-03,386,19.9692,33.5237
2019-05-19 00-00-07,386,19.986,33.481
2019-05-19 00-00-09,386,19.9677,33.481
2019-05-19 00-00-11,386,20.0012,33.481
2019-05-19 00-00-13,386,19.9463,33.481
2019-05-19 00-00-15,386,19.9692,33.5103
2019-05-19 00-00-17,386,19.986,33.481
2019-05-19 00-00-19,387,19.986,33.481
2019-05-19 00-00-21,387,19.9677,33.4943
2019-05-19 00-00-25,387,19.9463,33.481
2019-05-19 00-00-27,387,19.931,33.5103
2019-05-19 00-00-29,386,19.931,33.481
2019-05-19 00-00-31,386,20.0043,33.4943
2019-05-19 00-00-33,387,19.9493,33.4943
2019-05-19 00-00-35,387,19.9493,33.4943
2019-05-19 00-00-37,387,19.9677,33.4943
2019-05-19 00-00-39,386,19.9142,33.5103
2019-05-19 00-00-43,386,20.0012,33.481
2019-05-19 00-00-45,387,20.0195,33.4943
2019-05-19 00-00-47,386,19.9463,33.481
2019-05-19 00-00-49,386,19.9677,33.4943
2019-05-19 00-00-51,385,20.0043,33.5237
2019-05-19 00-00-53,386,19.9692,33.5103
2019-05-19 00-00-55,386,20.0378,33.5103
2019-05-19 00-00-59,386,19.9463,33.481
2019-05-19 00-01-01,386,19.986,33.5103
2019-05-19 00-01-03,386,19.9493,33.5237
2019-05-19 00-01-05,386,19.9493,33.5237
2019-05-19 00-01-07,386,19.9493,33.5103
2019-05-19 00-01-09,385,20.0058,33.537
2019-05-19 00-01-11,385,19.986,33.4943
2019-05-19 00-01-13,384,19.9493,33.5237
2019-05-19 00-01-17,385,19.9493,33.5103
2019-05-19 00-01-19,385,19.9326,33.5237
2019-05-19 00-01-21,385,19.9875,33.5237
2019-05-19 00-01-23,385,19.9493,33.5237
2019-05-19 00-01-25,385,19.9692,33.5103
2019-05-19 00-01-27,385,19.9493,33.5237
2019-05-19 00-01-29,385,19.9509,33.537
2019-05-19 00-01-31,385,19.9692,33.5103
2019-05-19 00-01-35,385,19.931,33.5103
2019-05-19 00-01-37,385,19.9677,33.4943
2019-05-19 00-01-39,385,19.9326,33.5237
2019-05-19 00-01-41,385,19.9677,33.481
2019-05-19 00-01-43,386,19.9677,33.4943
2019-05-19 00-01-45,386,19.986,33.4943
2019-05-19 00-01-47,386,20.0043,33.5103
2019-05-19 00-01-51,386,19.986,33.5103
2019-05-19 00-01-53,386,19.9875,33.5237
2019-05-19 00-01-55,386,19.9677,33.4943
2019-05-19 00-01-57,386,19.9493,33.5103
2019-05-19 00-01-59,386,19.9463,33.481
2019-05-19 00-02-01,387,19.986,33.4943
2019-05-19 00-02-03,387,19.9692,33.5103
2019-05-19 00-02-05,387,19.9875,33.5237
2019-05-19 00-02-09,387,19.986,33.4943
2019-05-19 00-02-11,387,19.9463,33.481
2019-05-19 00-02-13,388,19.9677,33.4943
2019-05-19 00-02-15,388,19.9493,33.4943
2019-05-19 00-02-17,388,19.931,33.4943
2019-05-19 00-02-19,388,19.9677,33.481
2019-05-19 00-02-21,388,19.9463,33.481
2019-05-19 00-02-25,388,19.986,33.4943
2019-05-19 00-02-27,388,20.0195,33.4943
2019-05-19 00-02-29,388,19.986,33.4943
2019-05-19 00-02-31,388,19.986,33.4943
2019-05-19 00-02-33,388,20.0562,33.5103
2019-05-19 00-02-35,388,20.0195,33.4943
2019-05-19 00-02-37,388,20.0012,33.4676
2019-05-19 00-02-39,388,20.0195,33.4943
2019-05-19 00-02-43,388,19.9677,33.4943
2019-05-19 00-02-45,388,19.9677,33.481
2019-05-19 00-02-47,388,19.9677,33.481
2019-05-19 00-02-49,388,19.986,33.481
2019-05-19 00-02-51,388,19.9463,33.481
2019-05-19 00-02-53,388,20.0699,33.4676
2019-05-19 00-02-55,388,20.018,33.4676
2019-05-19 00-02-57,388,20.0363,33.4516
2019-05-19 00-03-01,388,20.018,33.4516
2019-05-19 00-03-03,388,20.018,33.4676
2019-05-19 00-03-05,387,20.018,33.4676
2019-05-19 00-03-07,388,20.0333,33.4382
2019-05-19 00-03-09,388,20.0546,33.4676
2019-05-19 00-03-11,387,20.0363,33.4676
2019-05-19 00-03-13,387,20.0882,33.4676
2019-05-19 00-03-17,387,20.0363,33.4516
2019-05-19 00-03-19,387,20.0516,33.4516
2019-05-19 00-03-21,387,20.0516,33.4382
2019-05-19 00-03-23,387,20.0516,33.4516
2019-05-19 00-03-25,387,20.0867,33.4516
2019-05-19 00-03-27,387,19.9814,33.4382
2019-05-19 00-03-29,387,20.0012,33.481
2019-05-19 00-03-31,387,19.9997,33.4382
2019-05-19 00-03-35,387,20.0867,33.4516
2019-05-19 00-03-37,387,20.0684,33.4249
2019-05-19 00-03-39,387,19.9997,33.4382
2019-05-19 00-03-41,387,20.0333,33.4249
2019-05-19 00-03-43,387,19.9997,33.4382
2019-05-19 00-03-45,386,20.05,33.4249
2019-05-19 00-03-47,386,19.9829,33.4516
2019-05-19 00-03-49,387,20.0516,33.4516
2019-05-19 00-03-53,386,20.015,33.4115
2019-05-19 00-03-55,387,20.0333,33.4249
2019-05-19 00-03-57,387,20.0516,33.4382
2019-05-19 00-03-59,387,20.05,33.4249
2019-05-19 00-04-01,387,20.0699,33.4516
2019-05-19 00-04-03,387,19.9997,33.4382
2019-05-19 00-04-06,387,20.015,33.4249
2019-05-19 00-04-10,388,19.9997,33.4382
2019-05-19 00-04-12,387,20.015,33.4249
2019-05-19 00-04-14,387,20.0684,33.4249
2019-05-19 00-04-16,387,20.1019,33.4249
2019-05-19 00-04-18,387,20.0867,33.4249
2019-05-19 00-04-20,387,20.0684,33.4115
2019-05-19 00-04-22,387,20.0684,33.4249
2019-05-19 00-04-24,387,20.0867,33.4382
2019-05-19 00-04-28,387,20.0684,33.4382
2019-05-19 00-04-30,388,20.0867,33.4382
2019-05-19 00-04-32,388,20.015,33.4249
2019-05-19 00-04-34,388,20.0867,33.4249
2019-05-19 00-04-36,387,20.0684,33.4382
2019-05-19 00-04-38,388,20.0684,33.4115
2019-05-19 00-04-40,388,20.05,33.4249
2019-05-19 00-04-42,387,20.0684,33.4382
2019-05-19 00-04-46,388,20.0684,33.4249
2019-05-19 00-04-48,388,20.0867,33.4249
2019-05-19 00-04-50,388,20.0653,33.3955
2019-05-19 00-04-52,388,20.0684,33.4382
2019-05-19 00-04-54,388,20.0867,33.4249
2019-05-19 00-04-56,388,20.0317,33.3955
2019-05-19 00-04-58,388,20.0836,33.3955
2019-05-19 00-05-02,387,20.0684,33.4249
2019-05-19 00-05-04,387,20.05,33.4115
2019-05-19 00-05-06,387,20.1004,33.3955
2019-05-19 00-05-08,387,20.0836,33.4115
2019-05-19 00-05-10,387,20.1019,33.4115
2019-05-19 00-05-12,388,20.1004,33.3955
2019-05-19 00-05-14,388,20.0821,33.3528
2019-05-19 00-05-16,388,20.1202,33.3795
2019-05-19 00-05-20,388,20.137,33.3661
2019-05-19 00-05-22,388,20.1004,33.3795
2019-05-19 00-05-24,388,20.1553,33.3795
2019-05-19 00-05-26,388,20.0653,33.3795
2019-05-19 00-05-28,388,20.047,33.3661
2019-05-19 00-05-30,388,20.1553,33.3795
2019-05-19 00-05-32,388,20.1889,33.3661
2019-05-19 00-05-36,387,20.1004,33.3955
2019-05-19 00-05-38,387,20.0821,33.3661
2019-05-19 00-05-40,387,20.0974,33.3528
2019-05-19 00-05-42,388,20.047,33.3528
2019-05-19 00-05-44,387,20.1004,33.3955
2019-05-19 00-05-46,388,20.1202,33.3795
2019-05-19 00-05-48,388,20.0836,33.3955
2019-05-19 00-05-50,387,20.1553,33.3955
2019-05-19 00-05-54,387,20.1004,33.3795
2019-05-19 00-05-56,387,20.1202,33.3955
2019-05-19 00-05-58,387,20.0821,33.3528
2019-05-19 00-06-00,386,20.137,33.3795
2019-05-19 00-06-02,387,20.0638,33.3661
2019-05-19 00-06-04,387,20.1187,33.3661
2019-05-19 00-06-06,386,20.1004,33.3795
2019-05-19 00-06-10,386,20.1187,33.3661
2019-05-19 00-06-12,385,20.1004,33.3955
2019-05-19 00-06-14,385,20.1553,33.3661
2019-05-19 00-06-16,385,20.1004,33.3661
2019-05-19 00-06-18,386,20.1004,33.3795
2019-05-19 00-06-20,385,20.1004,33.3955
2019-05-19 00-06-22,386,20.0653,33.3955
2019-05-19 00-06-24,386,20.1202,33.3955
2019-05-19 00-06-28,386,20.0317,33.3795
2019-05-19 00-06-30,385,20.0317,33.3795
2019-05-19 00-06-32,385,20.0653,33.3795
2019-05-19 00-06-34,385,20.0134,33.3661
2019-05-19 00-06-36,385,20.047,33.3528
2019-05-19 00-06-38,385,20.0653,33.3795
2019-05-19 00-06-40,385,20.047,33.3795
2019-05-19 00-06-42,385,20.1004,33.3795
2019-05-19 00-06-46,385,20.1202,33.3795
2019-05-19 00-06-48,386,20.137,33.3795
2019-05-19 00-06-50,386,20.0317,33.3955
2019-05-19 00-06-52,386,20.137,33.3795
2019-05-19 00-06-54,385,20.1553,33.3795
2019-05-19 00-06-56,386,20.1385,33.3955
2019-05-19 00-06-58,386,20.137,33.3661
2019-05-19 00-07-02,386,20.1004,33.3795
2019-05-19 00-07-04,386,20.137,33.3661
2019-05-19 00-07-06,386,20.1385,33.3955
2019-05-19 00-07-08,386,20.1187,33.3661
2019-05-19 00-07-10,386,20.1004,33.3955
2019-05-19 00-07-12,386,20.0653,33.3795
2019-05-19 00-07-14,386,20.1004,33.3955
2019-05-19 00-07-16,386,20.1004,33.3795
2019-05-19 00-07-20,386,20.1553,33.3661
2019-05-19 00-07-22,386,20.137,33.3795
2019-05-19 00-07-24,386,20.0821,33.3661
2019-05-19 00-07-26,386,20.1004,33.3661
2019-05-19 00-07-28,385,20.0821,33.3661
2019-05-19 00-07-30,385,20.047,33.3528
2019-05-19 00-07-32,385,20.0836,33.3955
2019-05-19 00-07-36,386,20.0836,33.3955
2019-05-19 00-07-38,386,20.0317,33.3795
2019-05-19 00-07-40,386,20.047,33.3661
2019-05-19 00-07-42,386,20.0821,33.3528
2019-05-19 00-07-44,386,20.05,33.4115
2019-05-19 00-07-46,386,20.0836,33.4115
2019-05-19 00-07-48,386,20.1233,33.4115
2019-05-19 00-07-50,386,20.0836,33.3955
2019-05-19 00-07-54,386,20.1004,33.3795
2019-05-19 00-07-56,386,20.0836,33.3955
2019-05-19 00-07-58,386,20.1004,33.3955
2019-05-19 00-08-00,386,20.1202,33.3795
2019-05-19 00-08-02,386,20.1004,33.3795
2019-05-19 00-08-04,387,20.1004,33.3795
2019-05-19 00-08-06,387,20.047,33.3661
2019-05-19 00-08-08,387,20.0134,33.3661
2019-05-19 00-08-12,387,20.0821,33.3661
2019-05-19 00-08-14,387,20.1706,33.3661
2019-05-19 00-08-16,387,20.1553,33.3661
2019-05-19 00-08-18,387,20.1004,33.3795
2019-05-19 00-08-20,388,20.1202,33.3795
2019-05-19 00-08-22,388,20.1202,33.3795
2019-05-19 00-08-24,388,20.1004,33.3795
2019-05-19 00-08-28,388,20.137,33.3661
2019-05-19 00-08-30,388,20.0653,33.3795
2019-05-19 00-08-32,388,20.1187,33.3661
2019-05-19 00-08-34,387,20.0638,33.3661
2019-05-19 00-08-36,387,20.0836,33.3955
2019-05-19 00-08-38,387,20.1004,33.3795
2019-05-19 00-08-40,387,20.1004,33.3795
2019-05-19 00-08-42,387,20.1004,33.3955
2019-05-19 00-08-46,387,20.1385,33.3955
2019-05-19 00-08-48,387,20.1385,33.3955
2019-05-19 00-08-50,387,20.0653,33.3795
2019-05-19 00-08-52,386,20.0653,33.3955
2019-05-19 00-08-54,387,20.1004,33.3955
2019-05-19 00-08-56,387,20.1004,33.3955
2019-05-19 00-08-58,386,20.047,33.3795
2019-05-19 00-09-02,386,20.1019,33.4115
2019-05-19 00-09-04,386,20.0638,33.3661
2019-05-19 00-09-06,386,20.0821,33.3661
2019-05-19 00-09-08,386,20.1385,33.3955
2019-05-19 00-09-10,386,20.1736,33.3955
2019-05-19 00-09-12,386,20.1736,33.3795
2019-05-19 00-09-14,386,20.1523,33.3368
2019-05-19 00-09-16,386,20.1187,33.3368
2019-05-19 00-09-20,386,20.1553,33.3661
2019-05-19 00-09-22,387,20.1187,33.3528
2019-05-19 00-09-24,387,20.1187,33.3661
2019-05-19 00-09-26,387,20.1187,33.3528
2019-05-19 00-09-28,387,20.1736,33.3795
2019-05-19 00-09-30,387,20.1706,33.3528
2019-05-19 00-09-32,387,20.1187,33.3661
2019-05-19 00-09-34,387,20.1004,33.3661
2019-05-19 00-09-38,387,20.0836,33.3955
2019-05-19 00-09-41,387,20.0821,33.3795
2019-05-19 00-09-43,387,20.1004,33.3661
2019-05-19 00-09-45,387,20.1187,33.3661
2019-05-19 00-09-47,386,20.0974,33.3368
2019-05-19 00-09-49,386,20.137,33.3661
2019-05-19 00-09-51,386,20.1187,33.3528
2019-05-19 00-09-55,386,20.1706,33.3661
2019-05-19 00-09-57,386,20.1187,33.3661
2019-05-19 00-09-59,386,20.0974,33.3528
2019-05-19 00-10-01,386,20.0821,33.3661
2019-05-19 00-10-03,387,20.0821,33.3661
2019-05-19 00-10-05,386,20.0638,33.3661
2019-05-19 00-10-07,387,20.1004,33.3795
2019-05-19 00-10-09,387,20.0836,33.3955
2019-05-19 00-10-13,387,20.1889,33.3795
2019-05-19 00-10-15,386,20.1004,33.3661
2019-05-19 00-10-17,387,20.1187,33.3661
2019-05-19 00-10-19,387,20.1706,33.3661
2019-05-19 00-10-21,388,20.1004,33.3661
2019-05-19 00-10-23,387,20.1187,33.3661
2019-05-19 00-10-25,387,20.1553,33.3661
2019-05-19 00-10-27,388,20.134,33.3368
2019-05-19 00-10-31,388,20.1004,33.3795
2019-05-19 00-10-33,388,20.0974,33.3528
2019-05-19 00-10-35,388,20.0638,33.3528
2019-05-19 00-10-37,388,20.1874,33.3368
2019-05-19 00-10-39,388,20.2057,33.3528
2019-05-19 00-10-41,388,20.1691,33.3368
2019-05-19 00-10-43,388,20.2209,33.3528
2019-05-19 00-10-47,389,20.1706,33.3528
2019-05-19 00-10-49,389,20.1187,33.3368
2019-05-19 00-10-51,389,20.1523,33.3528
2019-05-19 00-10-53,389,20.1523,33.3528
2019-05-19 00-10-55,389,20.0974,33.3368
2019-05-19 00-10-57,389,20.1874,33.3368
2019-05-19 00-10-59,388,20.134,33.3368
2019-05-19 00-11-01,388,20.134,33.3234
2019-05-19 00-11-05,388,20.134,33.3368
2019-05-19 00-11-07,389,20.079,33.3368
2019-05-19 00-11-09,388,20.1523,33.3368
2019-05-19 00-11-11,388,20.0974,33.3528
2019-05-19 00-11-13,388,20.0974,33.3368
2019-05-19 00-11-15,388,20.134,33.3368
2019-05-19 00-11-17,387,20.1874,33.3234
2019-05-19 00-11-19,388,20.134,33.3234
2019-05-19 00-11-23,388,20.0821,33.3528
2019-05-19 00-11-25,387,20.1157,33.3234
2019-05-19 00-11-27,387,20.1691,33.3234
2019-05-19 00-11-29,387,20.1157,33.3234
2019-05-19 00-11-31,388,20.2194,33.3101
2019-05-19 00-11-33,388,20.1508,33.3101
2019-05-19 00-11-35,388,20.1874,33.3234
2019-05-19 00-11-39,388,20.134,33.3234
2019-05-19 00-11-41,388,20.134,33.3234
2019-05-19 00-11-43,388,20.1691,33.3234
2019-05-19 00-11-45,388,20.1508,33.3234
2019-05-19 00-11-47,389,20.134,33.3234
2019-05-19 00-11-49,389,20.1691,33.3101
2019-05-19 00-11-51,388,20.134,33.3234
2019-05-19 00-11-53,388,20.134,33.3234
2019-05-19 00-11-57,388,20.1691,33.3101
2019-05-19 00-11-59,388,20.1187,33.3368
2019-05-19 00-12-01,388,20.134,33.3234
2019-05-19 00-12-03,388,20.1691,33.3234
2019-05-19 00-12-05,388,20.1157,33.3234
2019-05-19 00-12-07,388,20.1187,33.3368
2019-05-19 00-12-09,388,20.1187,33.3368
2019-05-19 00-12-11,389,20.137,33.3528
2019-05-19 00-12-15,388,20.1706,33.3528
2019-05-19 00-12-17,388,20.1523,33.3528
2019-05-19 00-12-19,388,20.1691,33.3101
2019-05-19 00-12-21,388,20.1523,33.3368
2019-05-19 00-12-23,388,20.1523,33.3368
2019-05-19 00-12-25,388,20.1508,33.3234
2019-05-19 00-12-27,388,20.1508,33.3234
2019-05-19 00-12-31,388,20.0958,33.3234
2019-05-19 00-12-33,388,20.1691,33.3234
2019-05-19 00-12-35,389,20.1874,33.3234
2019-05-19 00-12-37,389,20.0958,33.3101
2019-05-19 00-12-39,389,20.1508,33.3234
2019-05-19 00-12-41,389,20.1324,33.2967
2019-05-19 00-12-43,389,20.1187,33.3368
2019-05-19 00-12-45,389,20.1324,33.3101
2019-05-19 00-12-49,389,20.0958,33.3234
2019-05-19 00-12-51,390,20.0607,33.3101
2019-05-19 00-12-53,390,20.134,33.3234
2019-05-19 00-12-55,390,20.1523,33.3368
2019-05-19 00-12-57,390,20.1691,33.3101
2019-05-19 00-12-59,390,20.1508,33.2967
2019-05-19 00-13-01,390,20.1508,33.3101
2019-05-19 00-13-03,390,20.1874,33.3234
2019-05-19 00-13-07,390,20.1843,33.2967
2019-05-19 00-13-09,390,20.0958,33.3101
2019-05-19 00-13-11,389,20.166,33.2967
2019-05-19 00-13-13,389,20.1691,33.3101
2019-05-19 00-13-15,390,20.2026,33.3101
2019-05-19 00-13-17,390,20.2026,33.3234
2019-05-19 00-13-19,390,20.1843,33.2967
2019-05-19 00-13-23,390,20.1843,33.3101
2019-05-19 00-13-25,390,20.1874,33.3234
2019-05-19 00-13-27,390,20.2011,33.2807
2019-05-19 00-13-29,389,20.1691,33.3101
2019-05-19 00-13-31,389,20.1324,33.2967
2019-05-19 00-13-33,389,20.1141,33.2807
2019-05-19 00-13-35,389,20.1843,33.3101
2019-05-19 00-13-37,389,20.1843,33.2967
2019-05-19 00-13-41,389,20.2011,33.2807
2019-05-19 00-13-43,390,20.2164,33.2673
2019-05-19 00-13-45,390,20.166,33.2807
2019-05-19 00-13-47,391,20.2011,33.2673
2019-05-19 00-13-49,391,20.2164,33.2807
2019-05-19 00-13-51,391,20.1645,33.2673
2019-05-19 00-13-53,391,20.253,33.2807
2019-05-19 00-13-55,391,20.1477,33.2807
2019-05-19 00-13-59,391,20.2026,33.3101
2019-05-19 00-14-01,391,20.2011,33.2673
2019-05-19 00-14-03,391,20.166,33.2967
2019-05-19 00-14-05,391,20.1828,33.2807
2019-05-19 00-14-07,391,20.2164,33.254
2019-05-19 00-14-09,391,20.2164,33.2807
2019-05-19 00-14-11,391,20.1508,33.2967
2019-05-19 00-14-15,391,20.2011,33.2807
2019-05-19 00-14-17,391,20.253,33.2967
2019-05-19 00-14-19,391,20.1828,33.2807
2019-05-19 00-14-21,391,20.1843,33.2967
2019-05-19 00-14-23,391,20.2347,33.2807
2019-05-19 00-14-25,391,20.2011,33.2967
2019-05-19 00-14-27,390,20.2026,33.3101
2019-05-19 00-14-29,391,20.1477,33.2807
2019-05-19 00-14-33,391,20.1828,33.2807
2019-05-19 00-14-35,391,20.2164,33.2807
2019-05-19 00-14-37,391,20.2011,33.2673
2019-05-19 00-14-39,391,20.253,33.2807
2019-05-19 00-14-41,391,20.2011,33.2807
2019-05-19 00-14-43,392,20.1828,33.2807
2019-05-19 00-14-45,392,20.1981,33.254
2019-05-19 00-14-47,393,20.2011,33.2673
2019-05-19 00-14-51,393,20.2164,33.2673
2019-05-19 00-14-53,392,20.1828,33.2807
2019-05-19 00-14-55,392,20.1981,33.254
2019-05-19 00-14-57,393,20.253,33.2807
2019-05-19 00-14-59,393,20.2515,33.2673
2019-05-19 00-15-01,393,20.2332,33.2406
2019-05-19 00-15-03,393,20.2515,33.254
2019-05-19 00-15-07,393,20.2881,33.254
2019-05-19 00-15-10,393,20.2713,33.254
2019-05-19 00-15-12,393,20.2164,33.254
2019-05-19 00-15-14,393,20.1828,33.254
2019-05-19 00-15-16,393,20.2347,33.2673
2019-05-19 00-15-18,393,20.2194,33.2967
2019-05-19 00-15-20,393,20.2164,33.2807
2019-05-19 00-15-22,392,20.1477,33.2673
2019-05-19 00-15-26,392,20.2164,33.2807
2019-05-19 00-15-28,392,20.2011,33.2967
2019-05-19 00-15-30,392,20.2164,33.2807
2019-05-19 00-15-32,392,20.2194,33.2967
2019-05-19 00-15-34,393,20.2011,33.2967
2019-05-19 00-15-36,392,20.2011,33.2807
2019-05-19 00-15-38,392,20.2347,33.2807
2019-05-19 00-15-40,393,20.2164,33.2807
2019-05-19 00-15-44,393,20.2347,33.2807
2019-05-19 00-15-46,393,20.2011,33.2807
2019-05-19 00-15-48,393,20.2713,33.2673
2019-05-19 00-15-50,393,20.1828,33.2673
2019-05-19 00-15-52,393,20.2332,33.2406
2019-05-19 00-15-54,393,20.2896,33.2807
2019-05-19 00-15-56,394,20.2713,33.254
2019-05-19 00-16-00,394,20.253,33.2807
2019-05-19 00-16-02,393,20.2881,33.254
2019-05-19 00-16-04,393,20.2164,33.2673
2019-05-19 00-16-06,394,20.2164,33.2673
2019-05-19 00-16-08,394,20.2515,33.254
2019-05-19 00-16-10,394,20.2515,33.2673
2019-05-19 00-16-12,393,20.2347,33.2807
2019-05-19 00-16-14,393,20.2881,33.254
2019-05-19 00-16-18,393,20.2011,33.2807
2019-05-19 00-16-20,394,20.2347,33.2673
2019-05-19 00-16-22,393,20.2332,33.254
2019-05-19 00-16-24,393,20.1828,33.254
2019-05-19 00-16-26,393,20.2332,33.254
2019-05-19 00-16-28,394,20.2332,33.254
2019-05-19 00-16-30,393,20.2881,33.2406
2019-05-19 00-16-32,393,20.2515,33.2673
2019-05-19 00-16-36,394,20.2332,33.2406
2019-05-19 00-16-38,394,20.1965,33.2246
2019-05-19 00-16-40,394,20.2484,33.2246
2019-05-19 00-16-42,394,20.1981,33.2406
2019-05-19 00-16-44,394,20.1981,33.254
2019-05-19 00-16-46,394,20.1645,33.254
2019-05-19 00-16-48,393,20.1828,33.254
2019-05-19 00-16-50,393,20.2347,33.2673
2019-05-19 00-16-54,393,20.1828,33.2807
2019-05-19 00-16-56,393,20.2011,33.2807
2019-05-19 00-16-58,392,20.1294,33.2673
2019-05-19 00-17-00,392,20.2164,33.2673
2019-05-19 00-17-02,392,20.2164,33.2807
2019-05-19 00-17-04,392,20.2164,33.2807
2019-05-19 00-17-06,392,20.2896,33.2673
2019-05-19 00-17-10,391,20.1981,33.254
2019-05-19 00-17-12,391,20.2164,33.2807
2019-05-19 00-17-14,391,20.1981,33.2406
2019-05-19 00-17-16,391,20.1828,33.2673
2019-05-19 00-17-18,391,20.1828,33.2807
2019-05-19 00-17-20,391,20.2164,33.2673
2019-05-19 00-17-22,391,20.2164,33.2807
2019-05-19 00-17-24,391,20.1477,33.2807
2019-05-19 00-17-28,391,20.2164,33.2673
2019-05-19 00-17-30,391,20.2011,33.2807
2019-05-19 00-17-32,391,20.2164,33.2807
2019-05-19 00-17-34,390,20.2164,33.2807
2019-05-19 00-17-36,390,20.2164,33.2807
2019-05-19 00-17-38,390,20.2515,33.2673
2019-05-19 00-17-40,390,20.1828,33.2673
2019-05-19 00-17-42,390,20.2896,33.2673
2019-05-19 00-17-46,390,20.2881,33.254
2019-05-19 00-17-48,390,20.253,33.2807
2019-05-19 00-17-50,390,20.2896,33.2673
2019-05-19 00-17-52,390,20.2347,33.2673
2019-05-19 00-17-54,390,20.2713,33.2673
2019-05-19 00-17-56,390,20.2347,33.2673
2019-05-19 00-17-58,390,20.2164,33.254
2019-05-19 00-18-02,390,20.2164,33.2673
2019-05-19 00-18-04,390,20.2484,33.2406
2019-05-19 00-18-06,390,20.2332,33.2406
2019-05-19 00-18-08,390,20.2698,33.2406
2019-05-19 00-18-10,390,20.2164,33.254
2019-05-19 00-18-12,390,20.2332,33.254
2019-05-19 00-18-14,390,20.2713,33.254
2019-05-19 00-18-16,390,20.3217,33.254
2019-05-19 00-18-20,390,20.1828,33.254
2019-05-19 00-18-22,390,20.2148,33.2406
2019-05-19 00-18-24,390,20.1981,33.254
2019-05-19 00-18-26,391,20.2484,33.2246
2019-05-19 00-18-28,391,20.2148,33.2406
2019-05-19 00-18-30,390,20.2332,33.254
2019-05-19 00-18-32,391,20.2332,33.2406
2019-05-19 00-18-36,390,20.2515,33.254
2019-05-19 00-18-38,390,20.2164,33.2807
2019-05-19 00-18-40,390,20.2164,33.254
2019-05-19 00-18-42,390,20.2164,33.254
2019-05-19 00-18-44,390,20.2194,33.2967
2019-05-19 00-18-46,389,20.2011,33.2673
2019-05-19 00-18-48,390,20.2881,33.2406
2019-05-19 00-18-50,390,20.2347,33.2807
2019-05-19 00-18-54,390,20.1462,33.2406
2019-05-19 00-18-56,390,20.1645,33.2406
2019-05-19 00-18-58,390,20.2011,33.2673
2019-05-19 00-19-00,390,20.1828,33.2673
2019-05-19 00-19-02,390,20.1828,33.2673
2019-05-19 00-19-04,390,20.2011,33.2673
2019-05-19 00-19-06,390,20.2164,33.254
2019-05-19 00-19-08,390,20.2347,33.2673
2019-05-19 00-19-12,390,20.1981,33.254
2019-05-19 00-19-14,390,20.2332,33.2406
2019-05-19 00-19-16,390,20.2011,33.2673
2019-05-19 00-19-18,390,20.2484,33.2406
2019-05-19 00-19-20,390,20.2515,33.2673
2019-05-19 00-19-22,390,20.2515,33.254
2019-05-19 00-19-24,391,20.2332,33.2406
2019-05-19 00-19-28,391,20.2332,33.2246
2019-05-19 00-19-30,391,20.2698,33.2246
2019-05-19 00-19-32,391,20.3033,33.2246
2019-05-19 00-19-34,391,20.1645,33.2406
2019-05-19 00-19-36,391,20.1981,33.254
2019-05-19 00-19-38,391,20.2011,33.2673
2019-05-19 00-19-40,391,20.2698,33.2406
2019-05-19 00-19-42,391,20.1645,33.2406
2019-05-19 00-19-46,391,20.2484,33.2406
2019-05-19 00-19-48,391,20.285,33.2246
2019-05-19 00-19-50,391,20.285,33.2246
2019-05-19 00-19-52,391,20.1981,33.2406
2019-05-19 00-19-54,391,20.2698,33.2406
2019-05-19 00-19-56,391,20.2484,33.2246
2019-05-19 00-19-58,391,20.2332,33.254
2019-05-19 00-20-00,391,20.3033,33.2406
2019-05-19 00-20-04,391,20.2698,33.2406
2019-05-19 00-20-06,391,20.2484,33.2406
2019-05-19 00-20-08,391,20.2332,33.2406
2019-05-19 00-20-10,391,20.1981,33.254
2019-05-19 00-20-12,391,20.2148,33.2246
2019-05-19 00-20-14,390,20.2332,33.254
2019-05-19 00-20-16,390,20.2148,33.2406
2019-05-19 00-20-20,391,20.2484,33.2406
2019-05-19 00-20-22,391,20.3033,33.2246
2019-05-19 00-20-24,391,20.2484,33.2246
2019-05-19 00-20-26,392,20.2484,33.2246
2019-05-19 00-20-28,392,20.2484,33.2246
2019-05-19 00-20-30,392,20.2698,33.2406
2019-05-19 00-20-33,392,20.2484,33.2246
2019-05-19 00-20-35,392,20.1965,33.2246
2019-05-19 00-20-39,392,20.3217,33.2246
2019-05-19 00-20-41,392,20.2515,33.2673
2019-05-19 00-20-43,391,20.2332,33.2246
2019-05-19 00-20-45,391,20.2332,33.2246
2019-05-19 00-20-47,391,20.2148,33.2406
2019-05-19 00-20-49,390,20.2698,33.2406
2019-05-19 00-20-51,391,20.2164,33.254
2019-05-19 00-20-53,390,20.2484,33.2113
2019-05-19 00-20-57,390,20.2698,33.2246
2019-05-19 00-20-59,390,20.2332,33.254
2019-05-19 00-21-01,390,20.285,33.2246
2019-05-19 00-21-03,390,20.2484,33.2406
2019-05-19 00-21-05,390,20.1981,33.2406
2019-05-19 00-21-07,390,20.2332,33.2246
2019-05-19 00-21-09,390,20.2148,33.2113
2019-05-19 00-21-13,390,20.2698,33.2246
2019-05-19 00-21-15,389,20.3384,33.2246
2019-05-19 00-21-17,389,20.3033,33.2113
2019-05-19 00-21-19,390,20.2484,33.2246
2019-05-19 00-21-21,389,20.285,33.2246
2019-05-19 00-21-23,389,20.2332,33.2246
2019-05-19 00-21-25,389,20.3033,33.2246
2019-05-19 00-21-27,389,20.285,33.2246
2019-05-19 00-21-31,389,20.2698,33.2406
2019-05-19 00-21-33,389,20.2484,33.2406
2019-05-19 00-21-35,389,20.2713,33.254
2019-05-19 00-21-37,389,20.2484,33.2246
2019-05-19 00-21-39,389,20.2515,33.254
2019-05-19 00-21-41,389,20.2881,33.2406
2019-05-19 00-21-43,389,20.2515,33.254
2019-05-19 00-21-45,389,20.2484,33.2113
2019-05-19 00-21-49,389,20.1981,33.2406
2019-05-19 00-21-51,389,20.2698,33.2406
2019-05-19 00-21-53,389,20.1965,33.2246
2019-05-19 00-21-55,389,20.2881,33.2406
2019-05-19 00-21-57,389,20.3033,33.2406
2019-05-19 00-21-59,389,20.2484,33.2246
2019-05-19 00-22-01,389,20.3033,33.2246
2019-05-19 00-22-05,390,20.2148,33.2246
2019-05-19 00-22-07,390,20.2484,33.2246
2019-05-19 00-22-09,390,20.2148,33.2246
2019-05-19 00-22-11,390,20.2698,33.2246
2019-05-19 00-22-13,390,20.2698,33.2113
2019-05-19 00-22-15,391,20.2148,33.2246
2019-05-19 00-22-17,391,20.3033,33.2113
2019-05-19 00-22-19,391,20.2332,33.2246
2019-05-19 00-22-23,391,20.285,33.2113
2019-05-19 00-22-25,392,20.2332,33.2246
2019-05-19 00-22-27,392,20.2484,33.2246
2019-05-19 00-22-29,392,20.2698,33.2246
2019-05-19 00-22-31,392,20.3537,33.2113
2019-05-19 00-22-33,392,20.2698,33.2246
2019-05-19 00-22-35,393,20.2301,33.2113
2019-05-19 00-22-37,393,20.285,33.2113
2019-05-19 00-22-41,393,20.2148,33.2246
2019-05-19 00-22-43,393,20.285,33.2246
2019-05-19 00-22-45,393,20.2698,33.2113
2019-05-19 00-22-47,393,20.285,33.2246
2019-05-19 00-22-49,393,20.3171,33.1846
2019-05-19 00-22-51,394,20.2484,33.2246
2019-05-19 00-22-53,393,20.3384,33.2113
2019-05-19 00-22-57,393,20.3018,33.1979
2019-05-19 00-22-59,393,20.285,33.1979
2019-05-19 00-23-01,393,20.3171,33.1846
2019-05-19 00-23-03,393,20.285,33.2113
2019-05-19 00-23-05,392,20.3033,33.2113
2019-05-19 00-23-07,393,20.3537,33.1979
2019-05-19 00-23-09,393,20.3018,33.1979
2019-05-19 00-23-11,393,20.2438,33.1552
2019-05-19 00-23-15,393,20.3201,33.1979
2019-05-19 00-23-17,393,20.2438,33.1552
2019-05-19 00-23-19,393,20.3171,33.1846
2019-05-19 00-23-21,393,20.285,33.1979
2019-05-19 00-23-23,392,20.3201,33.1979
2019-05-19 00-23-25,392,20.3018,33.1979
2019-05-19 00-23-27,392,20.2698,33.2113
2019-05-19 00-23-31,392,20.3384,33.2113
2019-05-19 00-23-33,392,20.2469,33.1979
2019-05-19 00-23-35,392,20.285,33.2246
2019-05-19 00-23-37,392,20.3354,33.1979
2019-05-19 00-23-39,392,20.285,33.1979
2019-05-19 00-23-41,392,20.2698,33.2113
2019-05-19 00-23-43,393,20.2484,33.2113
2019-05-19 00-23-45,392,20.285,33.2113
2019-05-19 00-23-49,392,20.2698,33.2246
2019-05-19 00-23-51,392,20.3217,33.2246
2019-05-19 00-23-53,392,20.285,33.1979
2019-05-19 00-23-55,391,20.285,33.1979
2019-05-19 00-23-57,391,20.2469,33.1979
2019-05-19 00-23-59,392,20.3201,33.2113
2019-05-19 00-24-01,391,20.3033,33.2406
2019-05-19 00-24-03,391,20.285,33.2113
2019-05-19 00-24-07,391,20.2698,33.2113
2019-05-19 00-24-09,391,20.2698,33.2113
2019-05-19 00-24-11,391,20.2484,33.2113
2019-05-19 00-24-13,390,20.2301,33.2113
2019-05-19 00-24-15,390,20.285,33.2113
2019-05-19 00-24-17,390,20.3018,33.1846
2019-05-19 00-24-19,390,20.285,33.1979
2019-05-19 00-24-23,390,20.2698,33.2113
2019-05-19 00-24-25,390,20.3354,33.1685
2019-05-19 00-24-27,390,20.2988,33.1685
2019-05-19 00-24-29,390,20.2988,33.1685
2019-05-19 00-24-31,390,20.3171,33.1685
2019-05-19 00-24-33,390,20.2667,33.1979
2019-05-19 00-24-35,390,20.2835,33.1846
2019-05-19 00-24-37,390,20.2698,33.2113
2019-05-19 00-24-41,390,20.285,33.2246
2019-05-19 00-24-43,390,20.2667,33.1979
2019-05-19 00-24-45,390,20.3217,33.2246
2019-05-19 00-24-47,390,20.2484,33.2113
2019-05-19 00-24-49,389,20.3384,33.2113
2019-05-19 00-24-51,389,20.2698,33.2113
2019-05-19 00-24-53,390,20.285,33.2246
2019-05-19 00-24-55,390,20.3201,33.2113
2019-05-19 00-24-59,390,20.285,33.2246
2019-05-19 00-25-01,390,20.2484,33.2406
2019-05-19 00-25-03,390,20.2698,33.2246
2019-05-19 00-25-05,390,20.2332,33.2246
2019-05-19 00-25-07,389,20.2484,33.2406
2019-05-19 00-25-09,389,20.3217,33.2406
2019-05-19 00-25-11,390,20.2332,33.2246
2019-05-19 00-25-13,390,20.2484,33.2406
2019-05-19 00-25-17,390,20.2484,33.2113
2019-05-19 00-25-19,390,20.2698,33.2246
2019-05-19 00-25-21,390,20.2332,33.2406
2019-05-19 00-25-23,390,20.2484,33.2406
2019-05-19 00-25-25,390,20.2713,33.254
2019-05-19 00-25-27,390,20.2484,33.2406
2019-05-19 00-25-29,390,20.2881,33.254
2019-05-19 00-25-33,390,20.2148,33.2246
2019-05-19 00-25-35,390,20.2698,33.2113
2019-05-19 00-25-37,390,20.1981,33.2406
2019-05-19 00-25-39,390,20.2484,33.2246
2019-05-19 00-25-41,390,20.3568,33.2246
2019-05-19 00-25-43,390,20.2484,33.2246
2019-05-19 00-25-45,389,20.2881,33.2406
2019-05-19 00-25-47,390,20.2698,33.2246
2019-05-19 00-25-51,390,20.2698,33.2113
2019-05-19 00-25-53,390,20.3537,33.2113
2019-05-19 00-25-55,390,20.285,33.2246
2019-05-19 00-25-57,390,20.2698,33.2406
2019-05-19 00-25-59,390,20.285,33.2246
2019-05-19 00-26-01,390,20.2469,33.1979
2019-05-19 00-26-03,390,20.2118,33.1979
2019-05-19 00-26-06,390,20.2484,33.2113
2019-05-19 00-26-10,390,20.2698,33.2113
2019-05-19 00-26-12,390,20.3033,33.2113
2019-05-19 00-26-14,391,20.2698,33.2406
2019-05-19 00-26-16,391,20.3033,33.2246
2019-05-19 00-26-18,391,20.285,33.2246
2019-05-19 00-26-20,391,20.2698,33.2113
2019-05-19 00-26-22,391,20.285,33.1979
2019-05-19 00-26-26,391,20.2301,33.1979
2019-05-19 00-26-28,391,20.2667,33.1846
2019-05-19 00-26-30,392,20.285,33.1979
2019-05-19 00-26-32,392,20.2698,33.2246
2019-05-19 00-26-34,392,20.2484,33.2246
2019-05-19 00-26-36,391,20.2698,33.2113
2019-05-19 00-26-38,392,20.285,33.2113
2019-05-19 00-26-40,392,20.2667,33.1979
2019-05-19 00-26-44,392,20.2484,33.2113
2019-05-19 00-26-46,392,20.2698,33.2113
2019-05-19 00-26-48,392,20.2698,33.2406
2019-05-19 00-26-50,392,20.3033,33.2113
2019-05-19 00-26-52,391,20.2332,33.2246
2019-05-19 00-26-54,391,20.2301,33.2113
2019-05-19 00-26-56,392,20.2484,33.2113
2019-05-19 00-26-58,392,20.2698,33.2113
2019-05-19 00-27-02,391,20.2332,33.2246
2019-05-19 00-27-04,391,20.2484,33.2246
2019-05-19 00-27-06,391,20.2881,33.2406
2019-05-19 00-27-08,391,20.2148,33.2406
2019-05-19 00-27-10,391,20.285,33.2113
2019-05-19 00-27-12,391,20.2484,33.2246
2019-05-19 00-27-14,391,20.2332,33.2406
2019-05-19 00-27-18,391,20.2881,33.2406
2019-05-19 00-27-20,391,20.2148,33.2113
2019-05-19 00-27-22,391,20.2698,33.2406
2019-05-19 00-27-24,390,20.2698,33.2246
2019-05-19 00-27-26,390,20.2698,33.2246
2019-05-19 00-27-28,391,20.2698,33.2246
2019-05-19 00-27-30,391,20.2484,33.2246
2019-05-19 00-27-32,390,20.2332,33.2406
2019-05-19 00-27-36,390,20.2484,33.2113
2019-05-19 00-27-38,390,20.2698,33.2246
2019-05-19 00-27-40,390,20.2698,33.2246
2019-05-19 00-27-42,390,20.2484,33.2113
2019-05-19 00-27-44,391,20.2332,33.2246
2019-05-19 00-27-46,391,20.3903,33.2113
2019-05-19 00-27-48,391,20.285,33.2113
2019-05-19 00-27-52,392,20.2698,33.2246
2019-05-19 00-27-54,391,20.2698,33.2406
2019-05-19 00-27-56,391,20.2698,33.2113
2019-05-19 00-27-58,391,20.2698,33.2113
2019-05-19 00-28-00,391,20.285,33.2113
2019-05-19 00-28-02,391,20.2484,33.2113
2019-05-19 00-28-04,391,20.2698,33.2113
2019-05-19 00-28-06,391,20.2698,33.2113
2019-05-19 00-28-10,391,20.2667,33.1846
2019-05-19 00-28-12,391,20.285,33.1979
2019-05-19 00-28-14,391,20.2301,33.2113
2019-05-19 00-28-16,391,20.285,33.2113
2019-05-19 00-28-18,391,20.2698,33.2113
2019-05-19 00-28-20,390,20.2484,33.2246
2019-05-19 00-28-22,390,20.2469,33.1846
2019-05-19 00-28-26,390,20.1965,33.1979
2019-05-19 00-28-28,390,20.2332,33.2406
2019-05-19 00-28-30,390,20.2698,33.2113
2019-05-19 00-28-32,389,20.2301,33.2113
2019-05-19 00-28-34,389,20.3033,33.2113
2019-05-19 00-28-36,389,20.3033,33.2246
2019-05-19 00-28-38,389,20.3018,33.1979
2019-05-19 00-28-40,389,20.2484,33.2246
2019-05-19 00-28-44,389,20.2484,33.2113
2019-05-19 00-28-46,389,20.2484,33.2113
2019-05-19 00-28-48,389,20.2881,33.2406
2019-05-19 00-28-50,389,20.2667,33.1979
2019-05-19 00-28-52,390,20.3201,33.2113
2019-05-19 00-28-54,390,20.2698,33.2113
2019-05-19 00-28-56,390,20.2484,33.2113
2019-05-19 00-28-58,390,20.2301,33.1979
2019-05-19 00-29-02,390,20.2484,33.2113
2019-05-19 00-29-04,390,20.2301,33.1979
2019-05-19 00-29-06,391,20.2469,33.1979
2019-05-19 00-29-08,391,20.2301,33.1979
2019-05-19 00-29-10,391,20.3171,33.1846
2019-05-19 00-29-12,391,20.2469,33.1979
2019-05-19 00-29-14,391,20.3018,33.1979
2019-05-19 00-29-18,392,20.2301,33.1979
2019-05-19 00-29-20,391,20.285,33.1979
2019-05-19 00-29-22,392,20.2667,33.1979
2019-05-19 00-29-24,392,20.285,33.2246
2019-05-19 00-29-26,391,20.2301,33.2113
2019-05-19 00-29-28,392,20.2484,33.2246
2019-05-19 00-29-30,391,20.2881,33.2406
2019-05-19 00-29-32,391,20.2301,33.1979
2019-05-19 00-29-36,391,20.1965,33.2113
2019-05-19 00-29-38,391,20.2698,33.2246
2019-05-19 00-29-40,392,20.2698,33.2113
2019-05-19 00-29-42,391,20.2698,33.2113
2019-05-19 00-29-44,391,20.2148,33.2113
2019-05-19 00-29-46,391,20.285,33.2246
2019-05-19 00-29-48,392,20.2698,33.2246
2019-05-19 00-29-52,392,20.2698,33.2113
2019-05-19 00-29-54,392,20.285,33.1979
2019-05-19 00-29-56,392,20.2301,33.1979
2019-05-19 00-29-58,392,20.2286,33.1846
2019-05-19 00-30-00,392,20.3018,33.1846
2019-05-19 00-30-02,392,20.3018,33.1846
2019-05-19 00-30-04,392,20.2484,33.2113
2019-05-19 00-30-06,392,20.2484,33.2113
2019-05-19 00-30-10,392,20.2484,33.2113
2019-05-19 00-30-12,391,20.2667,33.1979
2019-05-19 00-30-14,391,20.2835,33.1846
2019-05-19 00-30-16,392,20.3354,33.1846
2019-05-19 00-30-18,392,20.3537,33.1979
2019-05-19 00-30-20,392,20.3033,33.2113
2019-05-19 00-30-22,392,20.2484,33.2113
2019-05-19 00-30-24,391,20.2301,33.1979
2019-05-19 00-30-28,391,20.285,33.2113
2019-05-19 00-30-30,390,20.2698,33.2113
2019-05-19 00-30-32,390,20.3018,33.1846
2019-05-19 00-30-34,390,20.3018,33.1846
2019-05-19 00-30-36,390,20.2469,33.1846
2019-05-19 00-30-38,389,20.285,33.1979
2019-05-19 00-30-40,390,20.2667,33.1979
2019-05-19 00-30-44,389,20.2835,33.1846
2019-05-19 00-30-46,390,20.285,33.2113
2019-05-19 00-30-48,390,20.2988,33.1685
2019-05-19 00-30-50,390,20.2667,33.1846
2019-05-19 00-30-52,390,20.3201,33.2113
2019-05-19 00-30-54,391,20.2667,33.1979
2019-05-19 00-30-56,390,20.3201,33.2113
2019-05-19 00-30-58,390,20.2835,33.1846
2019-05-19 00-31-02,391,20.285,33.2246
2019-05-19 00-31-04,391,20.2667,33.1846
2019-05-19 00-31-06,391,20.2301,33.1979
2019-05-19 00-31-08,391,20.2301,33.1979
2019-05-19 00-31-10,390,20.2301,33.1979
2019-05-19 00-31-12,390,20.2148,33.2113
2019-05-19 00-31-14,390,20.2698,33.2113
2019-05-19 00-31-16,390,20.3384,33.2113
2019-05-19 00-31-20,390,20.3537,33.2113
2019-05-19 00-31-22,390,20.3033,33.2246
2019-05-19 00-31-24,391,20.2469,33.1846
2019-05-19 00-31-26,391,20.2667,33.1979
2019-05-19 00-31-28,391,20.3201,33.1979
2019-05-19 00-31-30,391,20.2698,33.2113
2019-05-19 00-31-32,391,20.3537,33.1846
2019-05-19 00-31-36,391,20.2667,33.1979
2019-05-19 00-31-38,391,20.285,33.2113
2019-05-19 00-31-41,391,20.285,33.1979
2019-05-19 00-31-43,391,20.3705,33.1685
2019-05-19 00-31-45,391,20.3354,33.1685
2019-05-19 00-31-47,391,20.2835,33.1846
2019-05-19 00-31-49,391,20.3033,33.2113
2019-05-19 00-31-51,392,20.2835,33.1685
2019-05-19 00-31-55,392,20.3171,33.1846
2019-05-19 00-31-57,392,20.285,33.1979
2019-05-19 00-31-59,392,20.3354,33.1685
2019-05-19 00-32-01,392,20.3537,33.1846
2019-05-19 00-32-03,392,20.2835,33.1846
2019-05-19 00-32-05,393,20.3857,33.1685
2019-05-19 00-32-07,393,20.3537,33.1846
2019-05-19 00-32-09,393,20.3171,33.1685
2019-05-19 00-32-13,393,20.3705,33.1846
2019-05-19 00-32-15,393,20.2469,33.1846
2019-05-19 00-32-17,393,20.2667,33.1979
2019-05-19 00-32-19,393,20.3018,33.1846
2019-05-19 00-32-21,393,20.3171,33.1685
2019-05-19 00-32-23,393,20.3354,33.1846
2019-05-19 00-32-25,393,20.2469,33.1846
2019-05-19 00-32-29,393,20.3522,33.1685
2019-05-19 00-32-31,393,20.2652,33.1552
2019-05-19 00-32-33,393,20.2286,33.1846
2019-05-19 00-32-35,393,20.2835,33.1846
2019-05-19 00-32-37,394,20.3171,33.1685
2019-05-19 00-32-39,394,20.2652,33.1685
2019-05-19 00-32-41,393,20.3018,33.1846
2019-05-19 00-32-43,393,20.2835,33.1685
2019-05-19 00-32-47,393,20.2835,33.1685
2019-05-19 00-32-49,393,20.2667,33.1846
2019-05-19 00-32-51,393,20.3171,33.1685
2019-05-19 00-32-53,393,20.3354,33.1846
2019-05-19 00-32-55,393,20.2835,33.1846
2019-05-19 00-32-57,392,20.3354,33.1685
2019-05-19 00-32-59,393,20.4041,33.1685
2019-05-19 00-33-03,393,20.2805,33.1258
2019-05-19 00-33-05,393,20.3522,33.1552
2019-05-19 00-33-07,393,20.3522,33.1552
2019-05-19 00-33-09,393,20.3522,33.1552
2019-05-19 00-33-11,393,20.3339,33.1552
2019-05-19 00-33-13,393,20.3705,33.1846
2019-05-19 00-33-15,393,20.3171,33.1685
2019-05-19 00-33-17,394,20.3522,33.1552
2019-05-19 00-33-21,393,20.3171,33.1552
2019-05-19 00-33-23,394,20.2988,33.1685
2019-05-19 00-33-25,394,20.3156,33.1418
2019-05-19 00-33-27,393,20.3171,33.1846
2019-05-19 00-33-29,394,20.3339,33.1552
2019-05-19 00-33-31,394,20.3522,33.1685
2019-05-19 00-33-33,394,20.3522,33.1685
2019-05-19 00-33-35,393,20.3705,33.1685
2019-05-19 00-33-39,394,20.2652,33.1685
2019-05-19 00-33-41,394,20.3491,33.1418
2019-05-19 00-33-43,394,20.3171,33.1685
2019-05-19 00-33-45,394,20.3156,33.1258
2019-05-19 00-33-47,394,20.2286,33.1552
2019-05-19 00-33-49,394,20.2988,33.1552
2019-05-19 00-33-51,393,20.3339,33.1552
2019-05-19 00-33-55,394,20.3491,33.1418
2019-05-19 00-33-57,394,20.2835,33.1552
2019-05-19 00-33-59,393,20.3156,33.1418
2019-05-19 00-34-01,394,20.4254,33.1685
2019-05-19 00-34-03,394,20.3705,33.1685
2019-05-19 00-34-05,395,20.2835,33.1685
2019-05-19 00-34-07,395,20.3156,33.1418
2019-05-19 00-34-09,394,20.2988,33.1685
2019-05-19 00-34-13,394,20.2988,33.1418
2019-05-19 00-34-15,395,20.3339,33.1418
2019-05-19 00-34-17,395,20.2988,33.1552
2019-05-19 00-34-19,395,20.3354,33.1685
2019-05-19 00-34-21,395,20.3171,33.1552
2019-05-19 00-34-23,395,20.4025,33.1258
2019-05-19 00-34-25,395,20.3491,33.1258
2019-05-19 00-34-27,395,20.4407,33.1418
2019-05-19 00-34-31,395,20.3674,33.1258
2019-05-19 00-34-33,395,20.3522,33.1552
2019-05-19 00-34-35,394,20.3842,33.1258
2019-05-19 00-34-37,394,20.3308,33.1258
2019-05-19 00-34-39,394,20.3156,33.1418
2019-05-19 00-34-41,394,20.3156,33.1258
2019-05-19 00-34-43,394,20.3339,33.1418
2019-05-19 00-34-47,394,20.3339,33.1552
2019-05-19 00-34-49,394,20.3156,33.1418
2019-05-19 00-34-51,393,20.2621,33.1258
2019-05-19 00-34-53,393,20.3156,33.1418
2019-05-19 00-34-55,393,20.3339,33.1418
2019-05-19 00-34-57,393,20.3857,33.1552
2019-05-19 00-34-59,392,20.2988,33.1552
2019-05-19 00-35-01,392,20.3171,33.1552
2019-05-19 00-35-05,392,20.3522,33.1685
2019-05-19 00-35-07,392,20.4025,33.1258
2019-05-19 00-35-09,392,20.3339,33.1418
2019-05-19 00-35-11,392,20.2988,33.1552
2019-05-19 00-35-13,392,20.3674,33.1418
2019-05-19 00-35-15,392,20.2988,33.1418
2019-05-19 00-35-17,392,20.3491,33.1418
2019-05-19 00-35-19,392,20.2805,33.1418
2019-05-19 00-35-23,392,20.3156,33.1418
2019-05-19 00-35-25,393,20.4254,33.1846
2019-05-19 00-35-27,393,20.3522,33.1552
2019-05-19 00-35-29,392,20.3171,33.1552
2019-05-19 00-35-31,392,20.2972,33.1258
2019-05-19 00-35-33,392,20.3857,33.1418
2019-05-19 00-35-35,392,20.2988,33.1418
2019-05-19 00-35-37,392,20.3857,33.1418
2019-05-19 00-35-41,392,20.2805,33.1418
2019-05-19 00-35-43,393,20.2835,33.1552
2019-05-19 00-35-45,392,20.3522,33.1552
2019-05-19 00-35-47,393,20.3156,33.1418
2019-05-19 00-35-49,393,20.3156,33.1258
2019-05-19 00-35-51,393,20.3674,33.1418
2019-05-19 00-35-53,393,20.3156,33.1418
2019-05-19 00-35-57,393,20.4224,33.1418
2019-05-19 00-35-59,393,20.3308,33.1258
2019-05-19 00-36-01,393,20.3674,33.1418
2019-05-19 00-36-03,392,20.3842,33.1258
2019-05-19 00-36-05,393,20.3308,33.0991
2019-05-19 00-36-07,392,20.3491,33.1258
2019-05-19 00-36-09,393,20.3659,33.0991
2019-05-19 00-36-11,393,20.3674,33.1258
2019-05-19 00-36-15,393,20.3308,33.1258
2019-05-19 00-36-17,393,20.3995,33.1125
2019-05-19 00-36-19,393,20.4025,33.1258
2019-05-19 00-36-21,393,20.3842,33.1258
2019-05-19 00-36-23,393,20.3476,33.0991
2019-05-19 00-36-25,393,20.4224,33.1258
2019-05-19 00-36-27,393,20.3842,33.1125
2019-05-19 00-36-29,392,20.3674,33.1258
2019-05-19 00-36-33,392,20.4391,33.1125
2019-05-19 00-36-35,392,20.3659,33.1125
2019-05-19 00-36-37,392,20.3842,33.1125
2019-05-19 00-36-39,392,20.2972,33.0991
2019-05-19 00-36-41,391,20.3995,33.1125
2019-05-19 00-36-43,391,20.4208,33.1125
2019-05-19 00-36-45,391,20.3842,33.1125
2019-05-19 00-36-49,391,20.3308,33.1258
2019-05-19 00-36-51,391,20.3491,33.1258
2019-05-19 00-36-53,390,20.3842,33.1258
2019-05-19 00-36-55,390,20.3674,33.1418
2019-05-19 00-36-57,390,20.2972,33.1125
2019-05-19 00-36-59,390,20.3156,33.1418
2019-05-19 00-37-01,390,20.3308,33.1258
2019-05-19 00-37-03,390,20.2972,33.1125
2019-05-19 00-37-07,390,20.2805,33.1418
2019-05-19 00-37-10,390,20.3674,33.1258
2019-05-19 00-37-12,390,20.3674,33.1258
2019-05-19 00-37-14,389,20.3674,33.1418
2019-05-19 00-37-16,389,20.3308,33.1258
2019-05-19 00-37-18,389,20.4025,33.1258
2019-05-19 00-37-20,389,20.4025,33.1258
2019-05-19 00-37-22,389,20.3491,33.1258
2019-05-19 00-37-26,390,20.3674,33.1418
2019-05-19 00-37-28,389,20.3308,33.0991
2019-05-19 00-37-30,389,20.2972,33.1258
2019-05-19 00-37-32,389,20.2988,33.1552
2019-05-19 00-37-34,389,20.3491,33.1418
2019-05-19 00-37-36,388,20.3308,33.1258
2019-05-19 00-37-38,388,20.3339,33.1552
2019-05-19 00-37-42,388,20.2972,33.1258
2019-05-19 00-37-44,388,20.2972,33.1258
2019-05-19 00-37-46,388,20.3857,33.1552
2019-05-19 00-37-48,389,20.3674,33.1552
2019-05-19 00-37-50,388,20.3156,33.1418
2019-05-19 00-37-52,388,20.2805,33.1418
2019-05-19 00-37-54,388,20.3156,33.1418
2019-05-19 00-37-56,387,20.2972,33.1258
2019-05-19 00-38-00,388,20.3171,33.1552
2019-05-19 00-38-02,388,20.3857,33.1418
2019-05-19 00-38-04,388,20.2805,33.1418
2019-05-19 00-38-06,388,20.3156,33.1418
2019-05-19 00-38-08,388,20.2972,33.1258
2019-05-19 00-38-10,389,20.3156,33.1258
2019-05-19 00-38-12,389,20.3674,33.1552
2019-05-19 00-38-14,389,20.3995,33.1125
2019-05-19 00-38-18,389,20.3491,33.1418
2019-05-19 00-38-20,388,20.3659,33.1125
2019-05-19 00-38-22,389,20.4224,33.1258
2019-05-19 00-38-24,389,20.3842,33.1258
2019-05-19 00-38-26,388,20.3156,33.1418
2019-05-19 00-38-28,388,20.2988,33.1552
2019-05-19 00-38-30,389,20.3339,33.1418
2019-05-19 00-38-32,388,20.3491,33.1258
2019-05-19 00-38-36,389,20.3156,33.1418
2019-05-19 00-38-38,389,20.3857,33.1552
2019-05-19 00-38-40,389,20.3674,33.1258
2019-05-19 00-38-42,389,20.3857,33.1418
2019-05-19 00-38-44,389,20.3156,33.1258
2019-05-19 00-38-46,389,20.3339,33.1418
2019-05-19 00-38-48,389,20.3308,33.1258
2019-05-19 00-38-52,389,20.3491,33.1258
2019-05-19 00-38-54,390,20.2972,33.1258
2019-05-19 00-38-56,390,20.3308,33.1258
2019-05-19 00-38-58,389,20.3491,33.1418
2019-05-19 00-39-00,390,20.3156,33.1258
2019-05-19 00-39-02,390,20.3491,33.1125
2019-05-19 00-39-04,389,20.3674,33.1258
2019-05-19 00-39-06,390,20.3308,33.1258
2019-05-19 00-39-10,390,20.3339,33.1418
2019-05-19 00-39-12,389,20.3308,33.1258
2019-05-19 00-39-14,389,20.3674,33.1258
2019-05-19 00-39-16,389,20.3339,33.1418
2019-05-19 00-39-18,389,20.3476,33.0991
2019-05-19 00-39-20,389,20.3156,33.1258
2019-05-19 00-39-22,389,20.3171,33.1552
2019-05-19 00-39-24,389,20.3522,33.1552
2019-05-19 00-39-28,389,20.3659,33.1125
2019-05-19 00-39-30,389,20.4025,33.1258
2019-05-19 00-39-32,389,20.3674,33.1418
2019-05-19 00-39-34,390,20.3491,33.1258
2019-05-19 00-39-36,390,20.3308,33.1258
2019-05-19 00-39-38,391,20.3659,33.1125
2019-05-19 00-39-40,391,20.4391,33.1258
2019-05-19 00-39-44,392,20.3995,33.1125
2019-05-19 00-39-46,392,20.3995,33.0991
2019-05-19 00-39-48,392,20.4361,33.0991
2019-05-19 00-39-50,393,20.3476,33.0991
2019-05-19 00-39-52,393,20.3308,33.1258
2019-05-19 00-39-54,393,20.3842,33.1258
2019-05-19 00-39-56,392,20.3812,33.0991
2019-05-19 00-39-58,393,20.3491,33.1125
2019-05-19 00-40-02,392,20.3308,33.1125
2019-05-19 00-40-04,392,20.4025,33.1418
2019-05-19 00-40-06,392,20.3659,33.1125
2019-05-19 00-40-08,392,20.3339,33.1418
2019-05-19 00-40-10,392,20.3491,33.1258
2019-05-19 00-40-12,392,20.3125,33.1125
2019-05-19 00-40-14,392,20.3659,33.1125
2019-05-19 00-40-16,392,20.3659,33.1125
2019-05-19 00-40-20,392,20.3476,33.0991
2019-05-19 00-40-22,392,20.3308,33.1125
2019-05-19 00-40-24,392,20.3812,33.0991
2019-05-19 00-40-26,393,20.4361,33.0991
2019-05-19 00-40-28,394,20.4208,33.1125
2019-05-19 00-40-30,393,20.3308,33.0991
2019-05-19 00-40-32,393,20.3476,33.0991
2019-05-19 00-40-36,393,20.3308,33.1125
2019-05-19 00-40-38,393,20.3842,33.1125
2019-05-19 00-40-40,393,20.3674,33.1418
2019-05-19 00-40-42,392,20.2972,33.1258
2019-05-19 00-40-44,392,20.4025,33.1258
2019-05-19 00-40-46,391,20.3857,33.1418
2019-05-19 00-40-48,391,20.4391,33.1125
2019-05-19 00-40-50,391,20.3308,33.1258
2019-05-19 00-40-54,391,20.3125,33.1125
2019-05-19 00-40-56,390,20.3522,33.1552
2019-05-19 00-40-58,390,20.3156,33.1258
2019-05-19 00-41-00,391,20.3308,33.1258
2019-05-19 00-41-02,391,20.2972,33.1258
2019-05-19 00-41-04,391,20.3476,33.0991
2019-05-19 00-41-06,391,20.3995,33.1125
2019-05-19 00-41-08,391,20.4361,33.0991
2019-05-19 00-41-12,391,20.3339,33.1418
2019-05-19 00-41-14,392,20.3491,33.1258
2019-05-19 00-41-16,391,20.3674,33.1552
2019-05-19 00-41-18,392,20.3476,33.0991
2019-05-19 00-41-20,392,20.4025,33.1418
2019-05-19 00-41-22,392,20.4025,33.1552
2019-05-19 00-41-24,392,20.3491,33.1418
2019-05-19 00-41-28,392,20.3491,33.1258
2019-05-19 00-41-30,392,20.3308,33.1258
2019-05-19 00-41-32,391,20.3125,33.1125
2019-05-19 00-41-34,392,20.3156,33.1258
2019-05-19 00-41-36,392,20.3674,33.1258
2019-05-19 00-41-38,392,20.3491,33.1125
2019-05-19 00-41-40,392,20.3156,33.1258
2019-05-19 00-41-42,392,20.3308,33.1125
2019-05-19 00-41-46,392,20.2972,33.1258
2019-05-19 00-41-48,392,20.3491,33.1125
2019-05-19 00-41-50,392,20.3995,33.1125
2019-05-19 00-41-52,392,20.3995,33.1125
2019-05-19 00-41-54,392,20.3857,33.1418
2019-05-19 00-41-56,392,20.3842,33.1258
2019-05-19 00-41-58,392,20.3674,33.1258
2019-05-19 00-42-00,392,20.3674,33.1258
2019-05-19 00-42-04,392,20.3995,33.0991
2019-05-19 00-42-06,392,20.3995,33.1125
2019-05-19 00-42-08,390,20.3491,33.1258
2019-05-19 00-42-10,390,20.3491,33.1125
2019-05-19 00-42-12,390,20.3995,33.1125
2019-05-19 00-42-14,390,20.3842,33.1258
2019-05-19 00-42-16,390,20.3995,33.0858
2019-05-19 00-42-20,390,20.3659,33.1125
2019-05-19 00-42-22,390,20.3659,33.1125
2019-05-19 00-42-24,389,20.4224,33.1258
2019-05-19 00-42-26,389,20.3842,33.1125
2019-05-19 00-42-28,389,20.3476,33.0858
2019-05-19 00-42-31,389,20.3476,33.0991
2019-05-19 00-42-33,388,20.3659,33.1125
2019-05-19 00-42-35,388,20.3995,33.1125
2019-05-19 00-42-39,388,20.3842,33.1125
2019-05-19 00-42-41,388,20.3842,33.1125
2019-05-19 00-42-43,388,20.3491,33.1125
2019-05-19 00-42-45,387,20.3659,33.1125
2019-05-19 00-42-47,387,20.3979,33.0697
2019-05-19 00-42-49,387,20.3476,33.0991
2019-05-19 00-42-51,386,20.3857,33.1418
2019-05-19 00-42-53,386,20.3491,33.1258
2019-05-19 00-42-57,386,20.3812,33.0991
2019-05-19 00-42-59,386,20.3842,33.1125
2019-05-19 00-43-01,386,20.3812,33.0697
2019-05-19 00-43-03,386,20.3995,33.1125
2019-05-19 00-43-05,386,20.4208,33.0991
2019-05-19 00-43-07,386,20.4178,33.0858
2019-05-19 00-43-09,386,20.3995,33.0858
2019-05-19 00-43-13,385,20.4178,33.0858
2019-05-19 00-43-15,385,20.4361,33.0991
2019-05-19 00-43-17,385,20.4391,33.1125
2019-05-19 00-43-19,386,20.3995,33.0858
2019-05-19 00-43-21,386,20.3995,33.0858
2019-05-19 00-43-23,385,20.3812,33.0858
2019-05-19 00-43-25,385,20.4178,33.0858
2019-05-19 00-43-27,385,20.4361,33.0858
2019-05-19 00-43-31,385,20.3659,33.0991
2019-05-19 00-43-33,386,20.3812,33.0858
2019-05-19 00-43-35,386,20.4208,33.0991
2019-05-19 00-43-37,386,20.4529,33.0697
2019-05-19 00-43-39,386,20.4361,33.0858
2019-05-19 00-43-41,386,20.3445,33.0697
2019-05-19 00-43-43,386,20.4361,33.0697
2019-05-19 00-43-45,386,20.4361,33.0858
2019-05-19 00-43-49,386,20.4178,33.0858
2019-05-19 00-43-51,386,20.3995,33.0858
2019-05-19 00-43-53,386,20.3812,33.0991
2019-05-19 00-43-55,386,20.4361,33.0858
2019-05-19 00-43-57,386,20.4208,33.0991
2019-05-19 00-43-59,386,20.4208,33.0991
2019-05-19 00-44-01,386,20.3842,33.1125
2019-05-19 00-44-05,385,20.3979,33.0697
2019-05-19 00-44-07,386,20.3812,33.0991
2019-05-19 00-44-09,386,20.3476,33.0991
2019-05-19 00-44-11,386,20.3629,33.0858
2019-05-19 00-44-13,386,20.4208,33.0991
2019-05-19 00-44-15,385,20.3674,33.1258
2019-05-19 00-44-17,385,20.3659,33.1125
2019-05-19 00-44-19,385,20.3812,33.0991
2019-05-19 00-44-23,385,20.4224,33.1258
2019-05-19 00-44-25,385,20.3659,33.1125
2019-05-19 00-44-27,385,20.3857,33.1418
2019-05-19 00-44-29,385,20.3674,33.1418
2019-05-19 00-44-31,385,20.3339,33.1418
2019-05-19 00-44-33,384,20.2805,33.1418
2019-05-19 00-44-35,385,20.3156,33.1418
2019-05-19 00-44-37,384,20.3171,33.1552
2019-05-19 00-44-41,384,20.2972,33.1258
2019-05-19 00-44-43,384,20.2988,33.1418
2019-05-19 00-44-45,384,20.3171,33.1552
2019-05-19 00-44-47,384,20.2988,33.1552
2019-05-19 00-44-49,384,20.2469,33.1846
2019-05-19 00-44-51,384,20.2835,33.1552
2019-05-19 00-44-53,384,20.2835,33.1685
2019-05-19 00-44-57,384,20.2835,33.1685
2019-05-19 00-44-59,384,20.2835,33.1846
2019-05-19 00-45-01,385,20.3171,33.1685
2019-05-19 00-45-03,385,20.2438,33.1685
2019-05-19 00-45-05,385,20.2835,33.1685
2019-05-19 00-45-07,385,20.3201,33.1979
2019-05-19 00-45-09,385,20.3537,33.1846
2019-05-19 00-45-11,385,20.3171,33.1685
2019-05-19 00-45-15,384,20.3308,33.1258
2019-05-19 00-45-17,384,20.2835,33.1685
2019-05-19 00-45-19,384,20.2667,33.1846
2019-05-19 00-45-21,384,20.2667,33.1846
2019-05-19 00-45-23,384,20.2438,33.1685
2019-05-19 00-45-25,383,20.2301,33.2113
2019-05-19 00-45-27,383,20.3171,33.1846
2019-05-19 00-45-29,384,20.2835,33.1846
2019-05-19 00-45-33,384,20.2118,33.1979
2019-05-19 00-45-35,384,20.2698,33.2113
2019-05-19 00-45-37,384,20.2484,33.2113
2019-05-19 00-45-39,384,20.1981,33.2406
2019-05-19 00-45-41,384,20.2484,33.2246
2019-05-19 00-45-43,385,20.1645,33.2406
2019-05-19 00-45-45,385,20.2148,33.2246
2019-05-19 00-45-49,385,20.1797,33.2406
2019-05-19 00-45-51,385,20.1797,33.2406
2019-05-19 00-45-53,385,20.1645,33.2406
2019-05-19 00-45-55,385,20.1828,33.254
2019-05-19 00-45-57,385,20.2164,33.254
2019-05-19 00-45-59,385,20.2164,33.254
2019-05-19 00-46-01,384,20.2332,33.2246
2019-05-19 00-46-03,384,20.2164,33.254
2019-05-19 00-46-07,384,20.1828,33.2673
2019-05-19 00-46-09,385,20.2164,33.2807
2019-05-19 00-46-11,385,20.1828,33.2673
2019-05-19 00-46-13,385,20.1828,33.2673
2019-05-19 00-46-15,385,20.1477,33.2673
2019-05-19 00-46-17,385,20.1462,33.254
2019-05-19 00-46-19,385,20.1477,33.2673
2019-05-19 00-46-21,385,20.1828,33.2807
2019-05-19 00-46-25,385,20.2011,33.2807
2019-05-19 00-46-27,386,20.1645,33.2673
2019-05-19 00-46-29,385,20.0928,33.254
2019-05-19 00-46-31,385,20.1828,33.2673
2019-05-19 00-46-33,385,20.1828,33.2807
2019-05-19 00-46-35,385,20.2011,33.2967
2019-05-19 00-46-37,386,20.0958,33.3101
2019-05-19 00-46-41,385,20.1294,33.2673
2019-05-19 00-46-43,385,20.0958,33.2967
2019-05-19 00-46-45,385,20.079,33.3101
2019-05-19 00-46-47,385,20.0607,33.2967
2019-05-19 00-46-49,385,20.1477,33.2807
2019-05-19 00-46-51,386,20.1508,33.2967
2019-05-19 00-46-53,386,20.1508,33.2967
2019-05-19 00-46-55,386,20.166,33.2807
2019-05-19 00-46-59,386,20.1508,33.3101
2019-05-19 00-47-01,386,20.2011,33.2967
2019-05-19 00-47-03,386,20.1508,33.2967
2019-05-19 00-47-05,386,20.1324,33.3101
2019-05-19 00-47-07,385,20.1157,33.3234
2019-05-19 00-47-09,386,20.1324,33.3101
2019-05-19 00-47-11,386,20.0241,33.2967
2019-05-19 00-47-13,386,20.0958,33.3101
2019-05-19 00-47-17,386,20.079,33.3234
2019-05-19 00-47-19,386,20.0958,33.3101
2019-05-19 00-47-21,386,20.0638,33.3368
2019-05-19 00-47-23,386,20.079,33.3368
2019-05-19 00-47-25,386,20.079,33.3101
2019-05-19 00-47-27,386,20.0455,33.3368
2019-05-19 00-47-29,386,20.1523,33.3368
2019-05-19 00-47-33,386,20.0974,33.3368
2019-05-19 00-47-36,385,20.1202,33.3795
2019-05-19 00-47-38,385,20.1157,33.3234
2019-05-19 00-47-40,385,20.0638,33.3661
2019-05-19 00-47-42,385,20.0821,33.3528
2019-05-19 00-47-44,385,20.0287,33.3661
2019-05-19 00-47-46,385,20.0638,33.3528
2019-05-19 00-47-48,386,20.047,33.3661
2019-05-19 00-47-52,386,19.9951,33.3528
2019-05-19 00-47-54,386,20.0287,33.3528
2019-05-19 00-47-56,386,20.0317,33.3795
2019-05-19 00-47-58,385,20.0821,33.3528
2019-05-19 00-48-00,385,20.047,33.3661
2019-05-19 00-48-02,385,19.9951,33.3661
2019-05-19 00-48-04,385,20.0821,33.3795
2019-05-19 00-48-06,384,20.0821,33.3661
2019-05-19 00-48-10,384,20.1187,33.3661
2019-05-19 00-48-12,384,20.0638,33.3661
2019-05-19 00-48-14,385,20.0821,33.3661
2019-05-19 00-48-16,385,20.0974,33.3528
2019-05-19 00-48-18,385,20.1187,33.3528
2019-05-19 00-48-20,385,20.0974,33.3528
2019-05-19 00-48-22,385,20.1508,33.3101
2019-05-19 00-48-24,385,20.1157,33.3234
2019-05-19 00-48-28,385,20.1187,33.3368
2019-05-19 00-48-30,385,20.0821,33.3661
2019-05-19 00-48-32,385,20.0653,33.3795
2019-05-19 00-48-34,384,20.0134,33.3661
2019-05-19 00-48-36,384,20.047,33.3528
2019-05-19 00-48-38,384,20.0638,33.3528
2019-05-19 00-48-40,384,20.047,33.3661
2019-05-19 00-48-44,383,20.0821,33.3661
2019-05-19 00-48-46,384,20.0821,33.3795
2019-05-19 00-48-48,383,20.0638,33.3661
2019-05-19 00-48-50,383,20.05,33.4115
2019-05-19 00-48-52,383,20.0134,33.3955
2019-05-19 00-48-54,383,19.9814,33.4249
2019-05-19 00-48-56,383,19.9448,33.4249
2019-05-19 00-48-58,383,19.9448,33.4249
2019-05-19 00-49-02,383,19.9448,33.4382
2019-05-19 00-49-04,383,19.928,33.4516
2019-05-19 00-49-06,383,19.9142,33.4943
2019-05-19 00-49-08,383,19.899,33.5237
2019-05-19 00-49-10,383,19.8959,33.4943
2019-05-19 00-49-12,383,19.8624,33.5103
2019-05-19 00-49-14,383,19.8959,33.5103
2019-05-19 00-49-16,383,19.8456,33.537
2019-05-19 00-49-20,383,19.8303,33.537
2019-05-19 00-49-22,383,19.8639,33.5504
2019-05-19 00-49-24,384,19.7937,33.5664
2019-05-19 00-49-26,384,19.7769,33.5931
2019-05-19 00-49-28,384,19.7632,33.6225
2019-05-19 00-49-30,384,19.6945,33.6625
2019-05-19 00-49-32,385,19.7311,33.6786
2019-05-19 00-49-34,385,19.7159,33.6919
2019-05-19 00-49-38,385,19.6609,33.7053
2019-05-19 00-49-40,385,19.6442,33.7346
2019-05-19 00-49-42,385,19.6289,33.7346
2019-05-19 00-49-44,386,19.6289,33.7346
2019-05-19 00-49-46,385,19.5602,33.748
2019-05-19 00-49-48,386,19.5786,33.7747
2019-05-19 00-49-50,386,19.5251,33.7614
2019-05-19 00-49-54,386,19.5755,33.7346
2019-05-19 00-49-56,386,19.5938,33.748
2019-05-19 00-49-58,386,19.5938,33.7614
2019-05-19 00-50-00,386,19.6106,33.7186
2019-05-19 00-50-02,386,19.6289,33.7346
2019-05-19 00-50-04,386,19.5755,33.748
2019-05-19 00-50-06,386,19.6289,33.7614
2019-05-19 00-50-08,386,19.5786,33.7614
2019-05-19 00-50-12,386,19.6121,33.7747
2019-05-19 00-50-14,386,19.5251,33.748
2019-05-19 00-50-16,385,19.5786,33.7747
2019-05-19 00-50-18,386,19.6289,33.7614
2019-05-19 00-50-20,386,19.5938,33.7614
2019-05-19 00-50-22,386,19.5938,33.748
2019-05-19 00-50-24,386,19.6106,33.7186
2019-05-19 00-50-26,386,19.6442,33.7346
2019-05-19 00-50-30,386,19.5755,33.7346
2019-05-19 00-50-32,386,19.6289,33.7346
2019-05-19 00-50-34,386,19.6808,33.7186
2019-05-19 00-50-36,386,19.6808,33.7186
2019-05-19 00-50-38,386,19.6442,33.7053
2019-05-19 00-50-40,387,19.6838,33.7346
2019-05-19 00-50-42,386,19.6426,33.6919
2019-05-19 00-50-46,386,19.6609,33.7186
2019-05-19 00-50-48,386,19.6442,33.7053
2019-05-19 00-50-50,386,19.6625,33.7346
2019-05-19 00-50-52,386,19.6976,33.7053
2019-05-19 00-50-54,386,19.6609,33.7053
2019-05-19 00-50-56,386,19.6976,33.6919
2019-05-19 00-50-58,386,19.6579,33.6786
2019-05-19 00-51-00,386,19.6442,33.7186
2019-05-19 00-51-04,386,19.6106,33.7186
2019-05-19 00-51-06,386,19.6609,33.7186
2019-05-19 00-51-08,386,19.7159,33.6919
2019-05-19 00-51-10,386,19.6976,33.6786
2019-05-19 00-51-12,386,19.6793,33.6786
2019-05-19 00-51-14,385,19.6579,33.6786
2019-05-19 00-51-16,385,19.6793,33.6786
2019-05-19 00-51-18,385,19.6808,33.6919
2019-05-19 00-51-22,385,19.6976,33.7053
2019-05-19 00-51-24,384,19.6808,33.7053
2019-05-19 00-51-26,384,19.6976,33.7053
2019-05-19 00-51-28,384,19.6625,33.7346
2019-05-19 00-51-30,384,19.7342,33.7346
2019-05-19 00-51-32,384,19.6472,33.7614
2019-05-19 00-51-34,384,19.5602,33.748
2019-05-19 00-51-36,384,19.5618,33.7907
2019-05-19 00-51-40,384,19.6152,33.7907
2019-05-19 00-51-42,383,19.6304,33.7907
2019-05-19 00-51-44,383,19.5938,33.7614
2019-05-19 00-51-46,383,19.5786,33.7614
2019-05-19 00-51-48,383,19.6655,33.7614
2019-05-19 00-51-50,383,19.6289,33.7346
2019-05-19 00-51-52,383,19.7159,33.7053
2019-05-19 00-51-56,383,19.7159,33.6919
2019-05-19 00-51-58,384,19.7311,33.6786
2019-05-19 00-52-00,384,19.6945,33.6492
2019-05-19 00-52-02,383,19.7479,33.6625
2019-05-19 00-52-04,384,19.7479,33.6492
2019-05-19 00-52-06,384,19.7113,33.6225
2019-05-19 00-52-08,384,19.693,33.6225
2019-05-19 00-52-10,384,19.8166,33.6358
2019-05-19 00-52-14,383,19.78,33.6225
2019-05-19 00-52-17,383,19.7952,33.6065
2019-05-19 00-52-19,383,19.7433,33.5931
2019-05-19 00-52-21,383,19.8166,33.6358
2019-05-19 00-52-23,383,19.8349,33.6225
2019-05-19 00-52-25,382,19.7983,33.6358
2019-05-19 00-52-27,382,19.7632,33.6358
2019-05-19 00-52-29,382,19.78,33.6358
2019-05-19 00-52-33,382,19.7983,33.6225
2019-05-19 00-52-35,381,19.8135,33.6225
2019-05-19 00-52-37,381,19.8135,33.6225
2019-05-19 00-52-39,381,19.7769,33.5798
2019-05-19 00-52-41,381,19.7952,33.6065
2019-05-19 00-52-43,381,19.7449,33.6065
2019-05-19 00-52-45,381,19.7617,33.5931
2019-05-19 00-52-47,381,19.8135,33.6065
2019-05-19 00-52-51,381,19.78,33.6065
2019-05-19 00-52-53,380,19.7433,33.5931
2019-05-19 00-52-55,380,19.7266,33.6065
2019-05-19 00-52-57,380,19.7632,33.6225
2019-05-19 00-52-59,380,19.7815,33.6492
2019-05-19 00-53-01,380,19.6945,33.6625
2019-05-19 00-53-03,380,19.7479,33.6492
2019-05-19 00-53-07,380,19.6945,33.6625
2019-05-19 00-53-09,380,19.7495,33.6786
2019-05-19 00-53-11,380,19.6976,33.6919
2019-05-19 00-53-13,381,19.7174,33.7346
2019-05-19 00-53-15,381,19.7021,33.7747
2019-05-19 00-53-17,381,19.6304,33.7907
2019-05-19 00-53-19,381,19.5969,33.7907
2019-05-19 00-53-21,381,19.6152,33.8041
2019-05-19 00-53-25,381,19.548,33.8495
2019-05-19 00-53-27,382,19.5663,33.8762
2019-05-19 00-53-29,382,19.4427,33.8762
2019-05-19 00-53-31,382,19.4794,33.9055
2019-05-19 00-53-33,382,19.5145,33.8895
2019-05-19 00-53-35,383,19.4427,33.8895
2019-05-19 00-53-37,383,19.4611,33.9055
2019-05-19 00-53-39,383,19.4107,33.9055
2019-05-19 00-53-43,383,19.4107,33.9189
2019-05-19 00-53-45,383,19.4611,33.8895
2019-05-19 00-53-47,384,19.4962,33.8895
2019-05-19 00-53-49,384,19.4427,33.8895
2019-05-19 00-53-51,384,19.4778,33.8628
2019-05-19 00-53-53,384,19.4931,33.8495
2019-05-19 00-53-55,384,19.548,33.8628
2019-05-19 00-53-57,384,19.4748,33.8308
2019-05-19 00-54-01,384,19.5465,33.8174
2019-05-19 00-54-03,384,19.5648,33.8308
2019-05-19 00-54-05,384,19.5099,33.8308
2019-05-19 00-54-07,383,19.4916,33.8174
2019-05-19 00-54-09,383,19.5465,33.8308
2019-05-19 00-54-11,383,19.548,33.8495
2019-05-19 00-54-13,383,19.5831,33.8308
2019-05-19 00-54-17,383,19.5099,33.8308
2019-05-19 00-54-19,383,19.5801,33.8174
2019-05-19 00-54-21,383,19.5801,33.8174
2019-05-19 00-54-23,383,19.5465,33.8308
2019-05-19 00-54-25,383,19.6152,33.7907
2019-05-19 00-54-27,383,19.5984,33.8308
2019-05-19 00-54-29,383,19.5648,33.8174
2019-05-19 00-54-31,383,19.5648,33.8308
2019-05-19 00-54-35,383,19.4916,33.8174
2019-05-19 00-54-37,383,19.5297,33.8495
2019-05-19 00-54-39,383,19.5114,33.8495
2019-05-19 00-54-41,383,19.4962,33.8762
2019-05-19 00-54-43,382,19.5663,33.8628
2019-05-19 00-54-45,382,19.4778,33.8628
2019-05-19 00-54-47,383,19.4244,33.8628
2019-05-19 00-54-49,383,19.4092,33.8762
2019-05-19 00-54-53,383,19.4427,33.8895
2019-05-19 00-54-55,383,19.4458,33.9189
2019-05-19 00-54-57,383,19.4321,33.9616
2019-05-19 00-54-59,383,19.429,33.9483
2019-05-19 00-55-01,383,19.4138,33.9616
2019-05-19 00-55-03,383,19.429,33.9483
2019-05-19 00-55-05,384,19.4138,33.9616
2019-05-19 00-55-09,384,19.4138,33.9483
2019-05-19 00-55-11,384,19.342,33.975
2019-05-19 00-55-13,384,19.4153,33.9883
2019-05-19 00-55-15,384,19.4153,33.9883
2019-05-19 00-55-17,385,19.4336,34.0043
2019-05-19 00-55-19,385,19.3634,34.0177
2019-05-19 00-55-21,385,19.3771,33.975
2019-05-19 00-55-23,385,19.3085,33.975
2019-05-19 00-55-27,386,19.3771,33.975
2019-05-19 00-55-29,385,19.397,33.9883
2019-05-19 00-55-31,384,19.3588,33.975
2019-05-19 00-55-33,384,19.3588,33.975
2019-05-19 00-55-35,384,19.4138,33.975
2019-05-19 00-55-37,384,19.342,33.9883
2019-05-19 00-55-39,385,19.3604,33.9883
2019-05-19 00-55-43,384,19.3085,34.0043
2019-05-19 00-55-45,384,19.31,34.0177
2019-05-19 00-55-47,385,19.2947,34.0311
2019-05-19 00-55-49,385,19.2719,33.975
2019-05-19 00-55-51,385,19.3085,34.0043
2019-05-19 00-55-53,384,19.2947,34.0311
2019-05-19 00-55-55,384,19.2947,34.0311
2019-05-19 00-55-57,384,19.2947,34.0311
2019-05-19 00-56-01,384,19.2963,34.0738
2019-05-19 00-56-03,384,19.2444,34.0871
2019-05-19 00-56-05,384,19.2261,34.1005
2019-05-19 00-56-07,384,19.2459,34.1005
2019-05-19 00-56-09,383,19.2093,34.1165
2019-05-19 00-56-11,384,19.194,34.1299
2019-05-19 00-56-13,384,19.2276,34.1566
2019-05-19 00-56-15,384,19.1757,34.1432
2019-05-19 00-56-19,384,19.249,34.1432
2019-05-19 00-56-21,384,19.2123,34.1566
2019-05-19 00-56-23,384,19.1589,34.1726
2019-05-19 00-56-25,384,19.162,34.1859
2019-05-19 00-56-27,384,19.072,34.1993
2019-05-19 00-56-29,384,19.0933,34.1993
2019-05-19 00-56-31,384,19.1269,34.1859
2019-05-19 00-56-35,384,19.0933,34.1993
2019-05-19 00-56-37,384,19.0704,34.1726
2019-05-19 00-56-39,384,19.1071,34.1566
2019-05-19 00-56-41,384,19.1589,34.1726
2019-05-19 00-56-43,384,19.1254,34.1726
2019-05-19 00-56-45,384,19.1086,34.1726
2019-05-19 00-56-47,384,19.1254,34.1726
2019-05-19 00-56-49,384,19.1269,34.1993
2019-05-19 00-56-53,383,19.1437,34.1859
2019-05-19 00-56-55,383,19.1269,34.1993
2019-05-19 00-56-57,383,19.1452,34.1993
2019-05-19 00-56-59,383,19.1772,34.1859
2019-05-19 00-57-01,383,19.1986,34.2126
2019-05-19 00-57-03,383,19.1803,34.1993
2019-05-19 00-57-05,383,19.1254,34.1432
2019-05-19 00-57-07,383,19.249,34.1566
2019-05-19 00-57-11,383,19.2093,34.1432
2019-05-19 00-57-13,384,19.2093,34.1299
2019-05-19 00-57-15,383,19.2093,34.1165
2019-05-19 00-57-17,383,19.2444,34.0738
2019-05-19 00-57-20,384,19.2444,34.0738
2019-05-19 00-57-22,384,19.2947,34.0604
2019-05-19 00-57-24,384,19.2947,34.0604
2019-05-19 00-57-28,384,19.3283,34.0311
2019-05-19 00-57-30,384,19.31,34.0311
2019-05-19 00-57-32,384,19.31,34.0311
2019-05-19 00-57-34,384,19.3268,34.0043
2019-05-19 00-57-36,383,19.2764,34.0311
2019-05-19 00-57-38,384,19.313,34.0444
2019-05-19 00-57-40,384,19.2947,34.0444
2019-05-19 00-57-42,384,19.2764,34.0444
2019-05-19 00-57-46,384,19.2413,34.0311
2019-05-19 00-57-48,384,19.3283,34.0444
2019-05-19 00-57-50,383,19.3451,34.0177
2019-05-19 00-57-52,384,19.3283,34.0444
2019-05-19 00-57-54,383,19.3451,34.0311
2019-05-19 00-57-56,384,19.3817,34.0444
2019-05-19 00-57-58,383,19.3634,34.0444
2019-05-19 00-58-00,383,19.3268,34.0177
2019-05-19 00-58-04,384,19.4,34.0311
2019-05-19 00-58-06,383,19.4153,34.0043
2019-05-19 00-58-08,384,19.31,34.0177
2019-05-19 00-58-10,384,19.31,34.0311
2019-05-19 00-58-12,383,19.223,34.0604
2019-05-19 00-58-14,383,19.278,34.0604
2019-05-19 00-58-16,383,19.2947,34.0604
2019-05-19 00-58-18,383,19.278,34.0738
2019-05-19 00-58-22,383,19.2459,34.1165
2019-05-19 00-58-24,383,19.2261,34.0871
2019-05-19 00-58-26,383,19.2627,34.1005
2019-05-19 00-58-28,384,19.2642,34.1165
2019-05-19 00-58-30,384,19.2093,34.1299
2019-05-19 00-58-32,384,19.2276,34.1299
2019-05-19 00-58-34,384,19.194,34.1299
2019-05-19 00-58-38,383,19.1574,34.1165
2019-05-19 00-58-40,384,19.2261,34.0871
2019-05-19 00-58-42,384,19.2627,34.0738
2019-05-19 00-58-44,384,19.2947,34.0604
2019-05-19 00-58-46,384,19.2459,34.1165
2019-05-19 00-58-48,384,19.2276,34.1432
2019-05-19 00-58-50,383,19.2993,34.1299
2019-05-19 00-58-52,384,19.2993,34.1299
2019-05-19 00-58-56,384,19.2093,34.1165
2019-05-19 00-58-58,384,19.2093,34.1299
2019-05-19 00-59-00,384,19.1757,34.1299
2019-05-19 00-59-02,384,19.191,34.1165
2019-05-19 00-59-04,384,19.249,34.1299
2019-05-19 00-59-06,384,19.2642,34.1299
2019-05-19 00-59-08,384,19.2459,34.1005
2019-05-19 00-59-12,384,19.2093,34.1299
2019-05-19 00-59-14,385,19.191,34.1165
2019-05-19 00-59-16,385,19.2093,34.1299
2019-05-19 00-59-18,385,19.1757,34.1299
2019-05-19 00-59-20,385,19.2093,34.1299
2019-05-19 00-59-22,385,19.1757,34.1432
2019-05-19 00-59-24,385,19.2276,34.1432
2019-05-19 00-59-26,385,19.2093,34.1432
2019-05-19 00-59-30,385,19.2261,34.1165
2019-05-19 00-59-32,386,19.2276,34.1432
2019-05-19 00-59-34,386,19.2276,34.1299
2019-05-19 00-59-36,385,19.2078,34.1005
2019-05-19 00-59-38,386,19.2963,34.0871
2019-05-19 00-59-40,386,19.3008,34.1432
2019-05-19 00-59-42,386,19.2459,34.1005
2019-05-19 00-59-44,386,19.2963,34.0871
2019-05-19 00-59-48,386,19.2627,34.0738
2019-05-19 00-59-50,386,19.281,34.1005
2019-05-19 00-59-52,386,19.2963,34.0871
2019-05-19 00-59-54,387,19.3634,34.0444
2019-05-19 00-59-56,387,19.3314,34.0604
2019-05-19 00-59-58,387,19.2947,34.0444
2019-05-19 01-00-00,388,19.2947,34.0311
2019-05-19 01-00-04,387,19.3283,34.0311
2019-05-19 01-00-06,387,19.2581,34.0177
2019-05-19 01-00-08,387,19.31,34.0177
2019-05-19 01-00-10,386,19.2581,34.0043
2019-05-19 01-00-12,386,19.31,34.0177
2019-05-19 01-00-14,386,19.2764,34.0444
2019-05-19 01-00-16,386,19.2917,34.0177
2019-05-19 01-00-18,386,19.2947,34.0444
2019-05-19 01-00-22,386,19.2947,34.0311
2019-05-19 01-00-24,386,19.31,34.0177
2019-05-19 01-00-26,385,19.2764,34.0311
2019-05-19 01-00-28,385,19.3085,34.0043
2019-05-19 01-00-30,385,19.3268,34.0177
2019-05-19 01-00-32,385,19.2764,34.0177
2019-05-19 01-00-34,384,19.3451,34.0311
2019-05-19 01-00-36,385,19.3085,33.9883
2019-05-19 01-00-40,384,19.3604,34.0043
2019-05-19 01-00-42,384,19.3054,33.9616
2019-05-19 01-00-44,384,19.3787,34.0043
2019-05-19 01-00-46,384,19.3085,33.975
2019-05-19 01-00-48,383,19.2734,33.9883
2019-05-19 01-00-50,383,19.342,33.9883
2019-05-19 01-00-52,384,19.2719,33.975
2019-05-19 01-00-56,383,19.3237,33.9616
2019-05-19 01-00-58,383,19.3237,33.975
2019-05-19 01-01-00,384,19.2902,33.9616
2019-05-19 01-01-02,383,19.3268,33.9883
2019-05-19 01-01-04,383,19.3268,34.0043
2019-05-19 01-01-06,383,19.3237,33.975
2019-05-19 01-01-08,383,19.3268,34.0043
2019-05-19 01-01-10,383,19.342,33.975
2019-05-19 01-01-14,383,19.3405,33.9616
2019-05-19 01-01-16,383,19.3924,33.9189
2019-05-19 01-01-18,384,19.4107,33.9055
2019-05-19 01-01-20,384,19.5145,33.9189
2019-05-19 01-01-22,384,19.4794,33.9055
2019-05-19 01-01-24,384,19.4611,33.9055
2019-05-19 01-01-26,384,19.4275,33.9055
2019-05-19 01-01-28,384,19.4794,33.9055
2019-05-19 01-01-32,383,19.4778,33.8762
2019-05-19 01-01-34,383,19.4275,33.9055
2019-05-19 01-01-36,383,19.4611,33.9055
2019-05-19 01-01-38,383,19.4458,33.9055
2019-05-19 01-01-40,383,19.4458,33.9055
2019-05-19 01-01-42,383,19.429,33.9323
2019-05-19 01-01-44,383,19.3558,33.9323
2019-05-19 01-01-46,383,19.397,33.975
2019-05-19 01-01-50,383,19.397,33.9883
2019-05-19 01-01-52,383,19.342,33.9883
2019-05-19 01-01-54,382,19.3466,34.0444
2019-05-19 01-01-56,382,19.3314,34.0738
2019-05-19 01-01-58,382,19.2627,34.1005
2019-05-19 01-02-00,382,19.2627,34.0871
2019-05-19 01-02-02,382,19.2078,34.1005
2019-05-19 01-02-06,383,19.2093,34.1165
2019-05-19 01-02-08,383,19.1757,34.1165
2019-05-19 01-02-10,383,19.1574,34.1005
2019-05-19 01-02-12,383,19.1391,34.1165
2019-05-19 01-02-14,383,19.1574,34.1299
2019-05-19 01-02-16,383,19.1574,34.1005
2019-05-19 01-02-18,383,19.1574,34.1005
2019-05-19 01-02-20,383,19.191,34.1005
2019-05-19 01-02-24,383,19.2078,34.1005
2019-05-19 01-02-26,383,19.2444,34.0871
2019-05-19 01-02-28,383,19.2078,34.0738
2019-05-19 01-02-31,383,19.2078,34.0871
2019-05-19 01-02-33,383,19.2261,34.0871
2019-05-19 01-02-35,383,19.2261,34.0871
2019-05-19 01-02-37,383,19.2444,34.0871
2019-05-19 01-02-39,383,19.2047,34.0604
2019-05-19 01-02-43,383,19.2627,34.0738
2019-05-19 01-02-45,383,19.281,34.1005
2019-05-19 01-02-47,383,19.2444,34.0738
2019-05-19 01-02-49,383,19.223,34.0604
2019-05-19 01-02-51,382,19.2963,34.0871
2019-05-19 01-02-53,383,19.2444,34.0871
2019-05-19 01-02-55,382,19.1757,34.1165
2019-05-19 01-02-57,382,19.2078,34.0871
2019-05-19 01-03-01,382,19.1727,34.1005
2019-05-19 01-03-03,383,19.191,34.1005
2019-05-19 01-03-05,383,19.1208,34.1005
2019-05-19 01-03-07,383,19.2093,34.1165
2019-05-19 01-03-09,382,19.1223,34.1165
2019-05-19 01-03-11,382,19.1757,34.1165
2019-05-19 01-03-13,382,19.1223,34.1165
2019-05-19 01-03-17,382,19.1727,34.0871
2019-05-19 01-03-19,382,19.1895,34.0871
2019-05-19 01-03-21,382,19.1895,34.0871
2019-05-19 01-03-23,382,19.1574,34.1005
2019-05-19 01-03-25,382,19.2078,34.0871
2019-05-19 01-03-27,383,19.1727,34.1005
2019-05-19 01-03-29,383,19.1895,34.0871
2019-05-19 01-03-31,382,19.2261,34.1005
2019-05-19 01-03-35,382,19.1895,34.0871
2019-05-19 01-03-37,382,19.223,34.0738
2019-05-19 01-03-39,382,19.2444,34.0604
2019-05-19 01-03-41,382,19.2444,34.0604
2019-05-19 01-03-43,383,19.2215,34.0444
2019-05-19 01-03-45,383,19.2413,34.0311
2019-05-19 01-03-47,382,19.2581,34.0311
2019-05-19 01-03-49,383,19.31,34.0177
2019-05-19 01-03-53,383,19.2413,34.0311
2019-05-19 01-03-55,383,19.2917,34.0177
2019-05-19 01-03-57,383,19.2581,34.0177
2019-05-19 01-03-59,383,19.2947,34.0311
2019-05-19 01-04-01,383,19.2581,34.0043
2019-05-19 01-04-03,383,19.2917,33.9883
2019-05-19 01-04-05,383,19.2551,33.9883
2019-05-19 01-04-09,383,19.2902,33.975
2019-05-19 01-04-11,383,19.342,33.975
2019-05-19 01-04-13,383,19.342,33.975
2019-05-19 01-04-15,383,19.3405,33.9323
2019-05-19 01-04-17,383,19.3405,33.9323
2019-05-19 01-04-19,383,19.3222,33.9323
2019-05-19 01-04-21,383,19.3405,33.9323
2019-05-19 01-04-23,383,19.3954,33.9323
2019-05-19 01-04-27,383,19.4092,33.8895
2019-05-19 01-04-29,383,19.4427,33.8762
2019-05-19 01-04-31,383,19.4244,33.8762
2019-05-19 01-04-33,383,19.4931,33.8628
2019-05-19 01-04-35,383,19.4931,33.8628
2019-05-19 01-04-37,382,19.4748,33.8495
2019-05-19 01-04-39,382,19.4565,33.8308
2019-05-19 01-04-41,382,19.4748,33.8308
2019-05-19 01-04-45,383,19.5114,33.8495
2019-05-19 01-04-47,383,19.4565,33.8174
2019-05-19 01-04-49,382,19.5282,33.8041
2019-05-19 01-04-51,382,19.5068,33.8041
2019-05-19 01-04-53,382,19.5099,33.8308
2019-05-19 01-04-55,382,19.5465,33.8041
2019-05-19 01-04-57,382,19.5099,33.8308
2019-05-19 01-05-01,381,19.5297,33.8174
2019-05-19 01-05-03,381,19.5465,33.8041
2019-05-19 01-05-05,382,19.5465,33.8308
2019-05-19 01-05-07,381,19.5251,33.7747
2019-05-19 01-05-09,381,19.5618,33.7747
2019-05-19 01-05-11,381,19.5435,33.7907
2019-05-19 01-05-13,380,19.5618,33.7747
2019-05-19 01-05-15,380,19.5801,33.8041
2019-05-19 01-05-19,380,19.5618,33.7907
2019-05-19 01-05-21,380,19.6152,33.8041
2019-05-19 01-05-23,380,19.5282,33.7907
2019-05-19 01-05-25,380,19.6472,33.7747
2019-05-19 01-05-27,380,19.5435,33.7907
2019-05-19 01-05-29,380,19.5435,33.7907
2019-05-19 01-05-31,380,19.5435,33.7747
2019-05-19 01-05-33,380,19.5618,33.7907
2019-05-19 01-05-37,381,19.5938,33.7614
2019-05-19 01-05-39,381,19.6304,33.7907
2019-05-19 01-05-41,380,19.5969,33.7747
2019-05-19 01-05-43,381,19.6152,33.7907
2019-05-19 01-05-45,381,19.6121,33.7614
2019-05-19 01-05-47,381,19.5618,33.7907
2019-05-19 01-05-49,381,19.5282,33.7907
2019-05-19 01-05-53,381,19.5297,33.8174
2019-05-19 01-05-55,381,19.4733,33.7907
2019-05-19 01-05-57,380,19.5969,33.7907
2019-05-19 01-05-59,381,19.6152,33.7907
2019-05-19 01-06-01,381,19.5786,33.7614
2019-05-19 01-06-03,382,19.487,33.748
2019-05-19 01-06-05,382,19.5938,33.748
2019-05-19 01-06-07,382,19.5419,33.748
2019-05-19 01-06-11,382,19.5923,33.7053
2019-05-19 01-06-13,382,19.5602,33.7346
2019-05-19 01-06-15,382,19.5755,33.7186
2019-05-19 01-06-17,382,19.5755,33.7186
2019-05-19 01-06-19,382,19.6609,33.7186
2019-05-19 01-06-21,382,19.574,33.6919
2019-05-19 01-06-23,382,19.6609,33.6919
2019-05-19 01-06-25,383,19.6243,33.6786
2019-05-19 01-06-29,383,19.6609,33.7053
2019-05-19 01-06-31,383,19.6442,33.7053
2019-05-19 01-06-33,383,19.5892,33.6786
2019-05-19 01-06-35,383,19.6243,33.6786
2019-05-19 01-06-37,383,19.6426,33.6919
2019-05-19 01-06-39,383,19.5709,33.6786
2019-05-19 01-06-41,382,19.6075,33.7053
2019-05-19 01-06-45,382,19.6442,33.7186
2019-05-19 01-06-47,382,19.6259,33.7053
2019-05-19 01-06-49,382,19.6609,33.7053
2019-05-19 01-06-51,382,19.6075,33.6919
2019-05-19 01-06-53,382,19.6808,33.6919
2019-05-19 01-06-55,383,19.6259,33.6919
2019-05-19 01-06-57,383,19.6259,33.7053
2019-05-19 01-06-59,383,19.6808,33.6919
2019-05-19 01-07-03,382,19.6243,33.6786
2019-05-19 01-07-05,382,19.6075,33.6919
2019-05-19 01-07-07,382,19.6259,33.7186
2019-05-19 01-07-09,383,19.6259,33.7053
2019-05-19 01-07-11,383,19.6075,33.7053
2019-05-19 01-07-13,384,19.5755,33.7186
2019-05-19 01-07-15,385,19.5923,33.7186
2019-05-19 01-07-17,384,19.5755,33.7186
2019-05-19 01-07-21,384,19.5389,33.7186
2019-05-19 01-07-23,384,19.6106,33.7346
2019-05-19 01-07-25,383,19.5602,33.748
2019-05-19 01-07-27,383,19.5938,33.748
2019-05-19 01-07-29,383,19.5755,33.7186
2019-05-19 01-07-31,384,19.5419,33.7346
2019-05-19 01-07-33,383,19.5969,33.7747
2019-05-19 01-07-37,384,19.5068,33.7907
2019-05-19 01-07-39,383,19.5297,33.8308
2019-05-19 01-07-41,383,19.5114,33.8762
2019-05-19 01-07-43,383,19.4962,33.8762
2019-05-19 01-07-45,382,19.3924,33.9189
2019-05-19 01-07-47,383,19.3726,33.9189
2019-05-19 01-07-49,383,19.397,33.975
2019-05-19 01-07-51,384,19.3588,33.975
2019-05-19 01-07-55,384,19.342,33.9883
2019-05-19 01-07-57,384,19.3451,34.0043
2019-05-19 01-07-59,384,19.2947,34.0311
2019-05-19 01-08-01,384,19.31,34.0311
2019-05-19 01-08-03,384,19.313,34.0604
2019-05-19 01-08-05,385,19.2947,34.0604
2019-05-19 01-08-07,385,19.2444,34.0604
2019-05-19 01-08-09,385,19.2413,34.0444
2019-05-19 01-08-13,386,19.3649,34.0604
2019-05-19 01-08-16,386,19.2032,34.0311
2019-05-19 01-08-18,386,19.2032,34.0177
2019-05-19 01-08-20,386,19.3085,33.9883
2019-05-19 01-08-22,386,19.31,34.0177
2019-05-19 01-08-24,386,19.2734,33.9883
2019-05-19 01-08-26,387,19.2902,33.975
2019-05-19 01-08-28,386,19.3085,33.975
2019-05-19 01-08-32,387,19.2551,33.9616
2019-05-19 01-08-34,387,19.3237,33.975
2019-05-19 01-08-36,387,19.2902,33.975
2019-05-19 01-08-38,387,19.2902,33.975
2019-05-19 01-08-40,387,19.2734,33.9883
2019-05-19 01-08-42,387,19.3268,33.9883
2019-05-19 01-08-44,387,19.2719,33.975
2019-05-19 01-08-48,388,19.3588,33.975
2019-05-19 01-08-50,388,19.3588,33.9616
2019-05-19 01-08-52,388,19.2902,33.9616
2019-05-19 01-08-54,388,19.3237,33.9616
2019-05-19 01-08-56,388,19.3054,33.9616
2019-05-19 01-08-58,388,19.3741,33.9323
2019-05-19 01-09-00,388,19.3741,33.9483
2019-05-19 01-09-02,388,19.4107,33.9323
2019-05-19 01-09-06,388,19.3588,33.975
2019-05-19 01-09-08,388,19.3588,33.9616
2019-05-19 01-09-10,387,19.397,33.9883
2019-05-19 01-09-12,387,19.3588,33.975
2019-05-19 01-09-14,387,19.3237,33.9616
2019-05-19 01-09-16,387,19.3268,33.9883
2019-05-19 01-09-18,387,19.3237,33.975
2019-05-19 01-09-20,387,19.397,33.975
2019-05-19 01-09-24,388,19.3954,33.9616
2019-05-19 01-09-26,388,19.3771,33.975
2019-05-19 01-09-28,388,19.2719,33.9616
2019-05-19 01-09-30,388,19.3085,33.975
2019-05-19 01-09-32,388,19.2734,33.9883
2019-05-19 01-09-34,389,19.3405,33.9616
2019-05-19 01-09-36,388,19.3604,33.9883
2019-05-19 01-09-40,389,19.3405,33.9616
2019-05-19 01-09-42,389,19.3954,33.9616
2019-05-19 01-09-44,389,19.3954,33.9616
2019-05-19 01-09-46,389,19.3558,33.9323
2019-05-19 01-09-48,389,19.3558,33.9323
2019-05-19 01-09-50,389,19.3405,33.9483
2019-05-19 01-09-52,389,19.2871,33.9483
2019-05-19 01-09-54,389,19.3405,33.9323
2019-05-19 01-09-58,389,19.4138,33.9483
2019-05-19 01-10-00,389,19.4092,33.8895
2019-05-19 01-10-02,389,19.3375,33.8895
2019-05-19 01-10-04,389,19.4107,33.9055
2019-05-19 01-10-06,389,19.4275,33.9055
2019-05-19 01-10-08,388,19.3558,33.9189
2019-05-19 01-10-10,389,19.4611,33.8895
2019-05-19 01-10-12,389,19.4275,33.9055
2019-05-19 01-10-16,388,19.4092,33.8895
2019-05-19 01-10-18,389,19.4458,33.9055
2019-05-19 01-10-20,389,19.4275,33.9055
2019-05-19 01-10-22,389,19.3726,33.8895
2019-05-19 01-10-24,388,19.4107,33.9323
2019-05-19 01-10-26,388,19.4138,33.975
2019-05-19 01-10-28,388,19.3954,33.9483
2019-05-19 01-10-30,388,19.3954,33.9616
2019-05-19 01-10-34,388,19.3237,33.9483
2019-05-19 01-10-36,388,19.4473,33.9483
2019-05-19 01-10-38,388,19.3741,33.9483
2019-05-19 01-10-40,388,19.4138,33.9483
2019-05-19 01-10-42,388,19.429,33.9323
2019-05-19 01-10-44,388,19.4473,33.9483
2019-05-19 01-10-46,388,19.4107,33.9189
2019-05-19 01-10-50,388,19.4107,33.9189
2019-05-19 01-10-52,388,19.3909,33.8762
2019-05-19 01-10-54,388,19.4962,33.8895
2019-05-19 01-10-56,388,19.3512,33.8628
2019-05-19 01-10-58,387,19.3542,33.8895
2019-05-19 01-11-00,387,19.4244,33.8628
2019-05-19 01-11-02,387,19.4092,33.8762
2019-05-19 01-11-04,387,19.4427,33.8895
2019-05-19 01-11-08,387,19.4427,33.8628
2019-05-19 01-11-10,387,19.4107,33.9189
2019-05-19 01-11-12,386,19.4275,33.9055
2019-05-19 01-11-14,386,19.3924,33.8895
2019-05-19 01-11-16,386,19.3558,33.9189
2019-05-19 01-11-18,386,19.3405,33.9323
2019-05-19 01-11-20,386,19.3375,33.9189
2019-05-19 01-11-22,386,19.3222,33.9323
2019-05-19 01-11-26,386,19.342,33.9883
2019-05-19 01-11-28,386,19.3604,34.0043
2019-05-19 01-11-30,385,19.2917,34.0177
2019-05-19 01-11-32,385,19.2444,34.0604
2019-05-19 01-11-34,385,19.2444,34.0604
2019-05-19 01-11-36,385,19.2078,34.0738
2019-05-19 01-11-38,385,19.281,34.0871
2019-05-19 01-11-42,385,19.2261,34.0871
2019-05-19 01-11-44,385,19.223,34.0738
2019-05-19 01-11-46,386,19.2627,34.0738
2019-05-19 01-11-48,386,19.278,34.0738
2019-05-19 01-11-50,386,19.2963,34.0738
2019-05-19 01-11-52,386,19.313,34.0604
2019-05-19 01-11-54,386,19.2444,34.0738
2019-05-19 01-11-56,386,19.223,34.0604
2019-05-19 01-12-00,386,19.2947,34.0311
2019-05-19 01-12-02,386,19.3283,34.0311
2019-05-19 01-12-04,386,19.3787,34.0177
2019-05-19 01-12-06,385,19.3268,34.0043
2019-05-19 01-12-08,385,19.3268,34.0177
2019-05-19 01-12-10,385,19.31,34.0177
2019-05-19 01-12-12,385,19.31,34.0177
2019-05-19 01-12-14,385,19.31,34.0177
2019-05-19 01-12-18,384,19.3268,34.0177
2019-05-19 01-12-20,384,19.278,34.0604
2019-05-19 01-12-22,384,19.2947,34.0444
2019-05-19 01-12-24,384,19.2444,34.0871
2019-05-19 01-12-26,383,19.2627,34.1005
2019-05-19 01-12-28,383,19.2459,34.1005
2019-05-19 01-12-30,383,19.2642,34.1165
2019-05-19 01-12-34,382,19.2459,34.1005
2019-05-19 01-12-36,383,19.2261,34.1165
2019-05-19 01-12-38,383,19.191,34.1165
2019-05-19 01-12-40,383,19.104,34.1165
2019-05-19 01-12-42,383,19.1757,34.1165
2019-05-19 01-12-44,383,19.1574,34.1005
2019-05-19 01-12-46,383,19.191,34.1165
2019-05-19 01-12-48,382,19.1727,34.0871
2019-05-19 01-12-52,383,19.2627,34.0738
2019-05-19 01-12-54,383,19.313,34.0444
2019-05-19 01-12-56,383,19.3451,34.0311
2019-05-19 01-12-58,383,19.3268,34.0043
2019-05-19 01-13-00,384,19.3588,33.975
2019-05-19 01-13-02,384,19.4138,33.9483
2019-05-19 01-13-04,384,19.429,33.9483
2019-05-19 01-13-08,384,19.3405,33.9483
2019-05-19 01-13-10,384,19.3726,33.9189
2019-05-19 01-13-12,384,19.3924,33.9055
2019-05-19 01-13-14,383,19.4244,33.8762
2019-05-19 01-13-16,383,19.4778,33.8762
2019-05-19 01-13-18,383,19.5328,33.8762
2019-05-19 01-13-20,383,19.4748,33.8308
2019-05-19 01-13-22,383,19.4916,33.8308
2019-05-19 01-13-26,383,19.5297,33.8308
2019-05-19 01-13-28,382,19.5328,33.8628
2019-05-19 01-13-30,382,19.5099,33.8308
2019-05-19 01-13-32,382,19.5114,33.8628
2019-05-19 01-13-34,381,19.5297,33.8495
2019-05-19 01-13-36,381,19.5297,33.8495
2019-05-19 01-13-38,380,19.4748,33.8495
2019-05-19 01-13-40,379,19.4595,33.8628
2019-05-19 01-13-44,379,19.4244,33.8762
2019-05-19 01-13-46,379,19.4061,33.8495
2019-05-19 01-13-49,378,19.4092,33.8762
2019-05-19 01-13-51,378,19.4092,33.8762
2019-05-19 01-13-53,377,19.4595,33.8628
2019-05-19 01-13-55,377,19.4595,33.8495
2019-05-19 01-13-57,377,19.4412,33.8308
2019-05-19 01-14-01,377,19.4412,33.8495
2019-05-19 01-14-03,377,19.5114,33.8495
2019-05-19 01-14-05,377,19.5099,33.8308
2019-05-19 01-14-07,377,19.4748,33.8495
2019-05-19 01-14-09,377,19.4748,33.8495
2019-05-19 01-14-11,377,19.4229,33.8308
2019-05-19 01-14-13,376,19.4061,33.8495
2019-05-19 01-14-15,376,19.4229,33.8308
2019-05-19 01-14-19,376,19.4778,33.8628
2019-05-19 01-14-21,376,19.4412,33.8495
2019-05-19 01-14-23,377,19.4427,33.8762
2019-05-19 01-14-25,376,19.4611,33.8895
2019-05-19 01-14-27,376,19.4107,33.9189
2019-05-19 01-14-29,376,19.3954,33.9323
2019-05-19 01-14-31,376,19.3954,33.9323
2019-05-19 01-14-33,377,19.3054,33.9483
2019-05-19 01-14-37,377,19.3085,33.975
2019-05-19 01-14-39,378,19.3588,33.975
2019-05-19 01-14-41,378,19.3954,33.9323
2019-05-19 01-14-43,378,19.3924,33.9189
2019-05-19 01-14-45,378,19.3375,33.9189
2019-05-19 01-14-47,379,19.3558,33.9323
2019-05-19 01-14-49,378,19.3954,33.9323
2019-05-19 01-14-51,377,19.3558,33.9323
2019-05-19 01-14-55,377,19.3558,33.9189
2019-05-19 01-14-57,378,19.3375,33.9189
2019-05-19 01-14-59,378,19.429,33.9323
2019-05-19 01-15-01,378,19.3405,33.9323
2019-05-19 01-15-03,378,19.4107,33.9189
2019-05-19 01-15-05,378,19.3741,33.9323
2019-05-19 01-15-07,377,19.3954,33.9483
2019-05-19 01-15-11,377,19.3726,33.9189
2019-05-19 01-15-13,378,19.3741,33.9323
2019-05-19 01-15-15,377,19.3741,33.9323
2019-05-19 01-15-17,377,19.4824,33.9483
2019-05-19 01-15-19,377,19.4458,33.9189
2019-05-19 01-15-21,377,19.4107,33.9189
2019-05-19 01-15-23,377,19.4107,33.9323
2019-05-19 01-15-25,377,19.4275,33.9189
2019-05-19 01-15-29,377,19.3924,33.9189
2019-05-19 01-15-31,377,19.4138,33.9483
2019-05-19 01-15-33,378,19.3771,33.975
2019-05-19 01-15-35,377,19.3604,33.9883
2019-05-19 01-15-37,377,19.4,34.0043
2019-05-19 01-15-39,377,19.3604,34.0043
2019-05-19 01-15-41,377,19.3085,34.0043
2019-05-19 01-15-45,377,19.3085,34.0043
2019-05-19 01-15-47,378,19.3085,34.0043
2019-05-19 01-15-49,377,19.342,33.9883
2019-05-19 01-15-51,377,19.3604,33.9883
2019-05-19 01-15-53,378,19.342,33.9883
2019-05-19 01-15-55,377,19.2917,34.0043
2019-05-19 01-15-57,377,19.3085,33.9883
2019-05-19 01-15-59,377,19.2917,34.0043
2019-05-19 01-16-03,377,19.3085,33.9883
2019-05-19 01-16-05,377,19.342,33.975
2019-05-19 01-16-07,377,19.3588,33.975
2019-05-19 01-16-09,377,19.3588,33.975
2019-05-19 01-16-11,378,19.4107,33.9323
2019-05-19 01-16-13,377,19.3558,33.9323
2019-05-19 01-16-15,378,19.429,33.9323
2019-05-19 01-16-17,378,19.4275,33.9055
2019-05-19 01-16-21,378,19.4427,33.8762
2019-05-19 01-16-23,378,19.4244,33.8762
2019-05-19 01-16-25,378,19.4427,33.8628
2019-05-19 01-16-27,378,19.4595,33.8762
2019-05-19 01-16-29,378,19.4611,33.9055
2019-05-19 01-16-31,378,19.4794,33.9189
2019-05-19 01-16-33,378,19.3924,33.9189
2019-05-19 01-16-37,378,19.4107,33.9189
2019-05-19 01-16-39,378,19.4275,33.9055
2019-05-19 01-16-41,378,19.3558,33.9189
2019-05-19 01-16-43,378,19.3924,33.9189
2019-05-19 01-16-45,378,19.3726,33.8895
2019-05-19 01-16-47,378,19.4427,33.8895
2019-05-19 01-16-49,378,19.4275,33.8895
2019-05-19 01-16-51,377,19.3726,33.8895
2019-05-19 01-16-55,378,19.3542,33.8895
2019-05-19 01-16-57,377,19.3558,33.9323
2019-05-19 01-16-59,377,19.4275,33.9055
2019-05-19 01-17-01,377,19.3741,33.9483
2019-05-19 01-17-03,376,19.3741,33.9483
2019-05-19 01-17-05,376,19.3237,33.9616
2019-05-19 01-17-07,377,19.4473,33.9483
2019-05-19 01-17-09,377,19.3954,33.9323
2019-05-19 01-17-13,378,19.4473,33.9483
2019-05-19 01-17-15,378,19.3558,33.9189
2019-05-19 01-17-17,377,19.4107,33.9189
2019-05-19 01-17-19,378,19.4138,33.9483
2019-05-19 01-17-21,377,19.4138,33.9616
2019-05-19 01-17-23,378,19.429,33.9483
2019-05-19 01-17-25,378,19.429,33.9483
2019-05-19 01-17-27,378,19.4275,33.9189
2019-05-19 01-17-31,378,19.429,33.9323
2019-05-19 01-17-33,378,19.4473,33.9483
2019-05-19 01-17-35,378,19.3741,33.9323
2019-05-19 01-17-37,378,19.3741,33.9483
2019-05-19 01-17-39,378,19.3771,33.9616
2019-05-19 01-17-41,378,19.2902,33.975
2019-05-19 01-17-43,378,19.3405,33.9616
2019-05-19 01-17-47,378,19.3954,33.9483
2019-05-19 01-17-49,378,19.3588,33.975
2019-05-19 01-17-51,378,19.3558,33.9323
2019-05-19 01-17-53,378,19.3924,33.9189
2019-05-19 01-17-55,378,19.4641,33.9189
2019-05-19 01-17-57,378,19.4427,33.8895
2019-05-19 01-17-59,378,19.4962,33.8762
2019-05-19 01-18-01,378,19.4962,33.8762
2019-05-19 01-18-05,379,19.5114,33.8495
2019-05-19 01-18-07,378,19.5465,33.8308
2019-05-19 01-18-09,378,19.5282,33.7907
2019-05-19 01-18-11,378,19.5282,33.7907
2019-05-19 01-18-13,378,19.5786,33.7614
2019-05-19 01-18-15,377,19.5786,33.7747
2019-05-19 01-18-17,377,19.5938,33.748
2019-05-19 01-18-19,377,19.6121,33.7614
2019-05-19 01-18-23,377,19.6106,33.7346
2019-05-19 01-18-25,376,19.5435,33.7747
2019-05-19 01-18-27,376,19.5755,33.748
2019-05-19 01-18-29,376,19.5068,33.7907
2019-05-19 01-18-31,375,19.5465,33.8041
2019-05-19 01-18-33,374,19.4565,33.8174
2019-05-19 01-18-35,374,19.4565,33.8308
2019-05-19 01-18-39,374,19.4595,33.8762
2019-05-19 01-18-41,374,19.4427,33.8895
2019-05-19 01-18-43,374,19.4107,33.9055
2019-05-19 01-18-45,374,19.4107,33.9189
2019-05-19 01-18-47,375,19.4138,33.9483
2019-05-19 01-18-49,375,19.397,33.975
2019-05-19 01-18-51,375,19.3237,33.9616
2019-05-19 01-18-53,375,19.3771,33.975
2019-05-19 01-18-57,376,19.3237,33.975
2019-05-19 01-18-59,376,19.3268,34.0043
2019-05-19 01-19-01,375,19.2551,33.9616
2019-05-19 01-19-03,376,19.2551,33.975
2019-05-19 01-19-05,376,19.2917,34.0043
2019-05-19 01-19-07,376,19.2764,34.0177
2019-05-19 01-19-09,377,19.2581,34.0311
2019-05-19 01-19-11,377,19.2413,34.0177
2019-05-19 01-19-15,377,19.2596,34.0604
2019-05-19 01-19-17,376,19.2078,34.0871
2019-05-19 01-19-19,377,19.2261,34.0871
2019-05-19 01-19-21,377,19.2627,34.1005
2019-05-19 01-19-23,377,19.2078,34.0871
2019-05-19 01-19-25,377,19.2444,34.0604
2019-05-19 01-19-27,377,19.2596,34.0604
2019-05-19 01-19-31,377,19.2032,34.0177
2019-05-19 01-19-33,377,19.2413,34.0444
2019-05-19 01-19-36,377,19.2047,34.0444
2019-05-19 01-19-38,377,19.1864,34.0311
2019-05-19 01-19-40,377,19.1895,34.0604
2019-05-19 01-19-42,376,19.1711,34.0738
2019-05-19 01-19-44,376,19.2596,34.0604
2019-05-19 01-19-46,376,19.2215,34.0444
2019-05-19 01-19-50,376,19.2047,34.0444
2019-05-19 01-19-52,376,19.2917,34.0043
2019-05-19 01-19-54,376,19.2902,33.975
2019-05-19 01-19-56,377,19.3085,33.9883
2019-05-19 01-19-58,377,19.3588,33.975
2019-05-19 01-20-00,377,19.2902,33.9616
2019-05-19 01-20-02,377,19.3054,33.9483
2019-05-19 01-20-04,377,19.3237,33.9483
2019-05-19 01-20-08,376,19.3741,33.9483
2019-05-19 01-20-10,377,19.3924,33.9189
2019-05-19 01-20-12,376,19.3771,33.975
2019-05-19 01-20-14,377,19.3237,33.9483
2019-05-19 01-20-16,377,19.3054,33.9483
2019-05-19 01-20-18,377,19.3237,33.9616
2019-05-19 01-20-20,377,19.2719,33.9483
2019-05-19 01-20-22,377,19.3924,33.9189
2019-05-19 01-20-26,378,19.3741,33.9323
2019-05-19 01-20-28,378,19.3726,33.8895
2019-05-19 01-20-30,378,19.4611,33.9055
2019-05-19 01-20-32,378,19.4458,33.9323
2019-05-19 01-20-34,378,19.4107,33.9189
2019-05-19 01-20-36,378,19.3726,33.9189
2019-05-19 01-20-38,378,19.3924,33.9189
2019-05-19 01-20-40,378,19.4275,33.9055
2019-05-19 01-20-44,378,19.3924,33.9055
2019-05-19 01-20-46,378,19.3771,33.9616
2019-05-19 01-20-48,378,19.3741,33.9323
2019-05-19 01-20-50,379,19.4107,33.9189
2019-05-19 01-20-52,378,19.4107,33.9055
2019-05-19 01-20-54,378,19.4611,33.8895
2019-05-19 01-20-56,378,19.4611,33.8895
2019-05-19 01-21-00,378,19.4931,33.8628
2019-05-19 01-21-02,377,19.4962,33.8762
2019-05-19 01-21-04,378,19.4778,33.8628
2019-05-19 01-21-06,377,19.4748,33.8495
2019-05-19 01-21-08,377,19.5297,33.8308
2019-05-19 01-21-10,377,19.4595,33.8495
2019-05-19 01-21-12,377,19.5297,33.8495
2019-05-19 01-21-14,377,19.5297,33.8495
2019-05-19 01-21-18,377,19.5297,33.8174
2019-05-19 01-21-20,377,19.4931,33.8628
2019-05-19 01-21-22,377,19.4916,33.8174
2019-05-19 01-21-24,377,19.4748,33.8174
2019-05-19 01-21-26,377,19.4916,33.8308
2019-05-19 01-21-28,377,19.4595,33.8495
2019-05-19 01-21-30,377,19.4427,33.8895
2019-05-19 01-21-32,377,19.4275,33.9189
2019-05-19 01-21-36,376,19.4107,33.9323
2019-05-19 01-21-38,376,19.3954,33.9483
2019-05-19 01-21-40,376,19.4107,33.9323
2019-05-19 01-21-42,376,19.4138,33.9483
2019-05-19 01-21-44,376,19.3588,33.9616
2019-05-19 01-21-46,376,19.4138,33.975
2019-05-19 01-21-48,376,19.3771,33.975
2019-05-19 01-21-52,376,19.31,34.0177
2019-05-19 01-21-54,377,19.2917,34.0177
2019-05-19 01-21-56,377,19.31,34.0311
2019-05-19 01-21-58,377,19.2917,34.0043
2019-05-19 01-22-00,377,19.2596,34.0444
2019-05-19 01-22-02,377,19.2581,34.0043
2019-05-19 01-22-04,377,19.2581,34.0177
2019-05-19 01-22-06,378,19.2215,34.0444
2019-05-19 01-22-10,377,19.2215,34.0311
2019-05-19 01-22-12,377,19.2764,34.0177
2019-05-19 01-22-14,378,19.3268,33.9883
2019-05-19 01-22-16,378,19.2917,33.9883
2019-05-19 01-22-18,378,19.2902,33.9616
2019-05-19 01-22-20,378,19.3237,33.9483
2019-05-19 01-22-22,378,19.3375,33.9189
2019-05-19 01-22-24,378,19.4275,33.9189
2019-05-19 01-22-28,378,19.4275,33.9055
2019-05-19 01-22-30,378,19.4595,33.8762
2019-05-19 01-22-32,378,19.3909,33.8628
2019-05-19 01-22-34,378,19.4595,33.8495
2019-05-19 01-22-36,377,19.4748,33.8308
2019-05-19 01-22-38,377,19.4244,33.8495
2019-05-19 01-22-40,378,19.4733,33.8041
2019-05-19 01-22-44,377,19.4748,33.8308
2019-05-19 01-22-46,378,19.5465,33.8041
2019-05-19 01-22-48,377,19.5435,33.7907
2019-05-19 01-22-50,377,19.5435,33.7747
2019-05-19 01-22-52,377,19.5068,33.7747
2019-05-19 01-22-54,377,19.5786,33.7614
2019-05-19 01-22-56,377,19.5786,33.7614
2019-05-19 01-22-58,377,19.5938,33.7346
2019-05-19 01-23-02,377,19.5618,33.7747
2019-05-19 01-23-04,377,19.5419,33.748
2019-05-19 01-23-06,376,19.5618,33.7907
2019-05-19 01-23-08,376,19.5435,33.7614
2019-05-19 01-23-10,376,19.5419,33.748
2019-05-19 01-23-12,376,19.5618,33.7747
2019-05-19 01-23-14,376,19.6304,33.7747
2019-05-19 01-23-16,376,19.6335,33.8041
2019-05-19 01-23-20,377,19.5786,33.7907
2019-05-19 01-23-22,377,19.5435,33.7747
2019-05-19 01-23-24,377,19.5938,33.7614
2019-05-19 01-23-26,376,19.6289,33.7614
2019-05-19 01-23-28,376,19.5419,33.748
2019-05-19 01-23-30,376,19.5435,33.7747
2019-05-19 01-23-32,376,19.4733,33.7907
2019-05-19 01-23-36,377,19.5618,33.8041
2019-05-19 01-23-38,377,19.5099,33.8174
2019-05-19 01-23-40,377,19.5786,33.7907
2019-05-19 01-23-42,377,19.5282,33.8041
2019-05-19 01-23-44,377,19.4733,33.8041
2019-05-19 01-23-46,377,19.5465,33.8308
2019-05-19 01-23-48,377,19.5114,33.8495
2019-05-19 01-23-50,378,19.4595,33.8628
2019-05-19 01-23-54,377,19.4244,33.8762
2019-05-19 01-23-56,378,19.4611,33.8895
2019-05-19 01-23-58,378,19.3909,33.8762
2019-05-19 01-24-00,379,19.4275,33.8895
2019-05-19 01-24-02,379,19.3924,33.9055
2019-05-19 01-24-04,380,19.4244,33.8762
2019-05-19 01-24-06,379,19.3726,33.8895
2019-05-19 01-24-10,379,19.4107,33.9189
2019-05-19 01-24-12,379,19.3924,33.9055
2019-05-19 01-24-14,379,19.3726,33.9055
2019-05-19 01-24-16,378,19.3192,33.8895
2019-05-19 01-24-18,379,19.3726,33.9055
2019-05-19 01-24-20,379,19.3726,33.9189
2019-05-19 01-24-22,379,19.4275,33.9055
2019-05-19 01-24-24,379,19.3924,33.9055
2019-05-19 01-24-28,379,19.4275,33.9189
2019-05-19 01-24-30,379,19.3741,33.9323
2019-05-19 01-24-32,379,19.4458,33.9189
2019-05-19 01-24-34,380,19.4275,33.9055
2019-05-19 01-24-36,380,19.3375,33.9055
2019-05-19 01-24-38,381,19.3558,33.9055
2019-05-19 01-24-40,381,19.3924,33.9189
2019-05-19 01-24-42,381,19.4092,33.8762
2019-05-19 01-24-46,382,19.4595,33.8762
2019-05-19 01-24-49,382,19.4244,33.8762
2019-05-19 01-24-51,382,19.4244,33.8628
2019-05-19 01-24-53,382,19.4565,33.8174
2019-05-19 01-24-55,382,19.4916,33.8041
2019-05-19 01-24-57,382,19.4733,33.7907
2019-05-19 01-24-59,382,19.4916,33.8041
2019-05-19 01-25-03,381,19.5099,33.8174
2019-05-19 01-25-05,381,19.5786,33.7907
2019-05-19 01-25-07,381,19.4916,33.8041
2019-05-19 01-25-09,381,19.5282,33.7907
2019-05-19 01-25-11,381,19.4916,33.8041
2019-05-19 01-25-13,381,19.5282,33.8041
2019-05-19 01-25-15,381,19.5068,33.7907
2019-05-19 01-25-17,381,19.5435,33.7907
2019-05-19 01-25-21,380,19.5282,33.7907
2019-05-19 01-25-23,380,19.5282,33.7907
2019-05-19 01-25-25,380,19.5465,33.8041
2019-05-19 01-25-27,379,19.5618,33.7747
2019-05-19 01-25-29,380,19.5282,33.7907
2019-05-19 01-25-31,380,19.5282,33.8041
2019-05-19 01-25-33,380,19.4885,33.7907
2019-05-19 01-25-35,380,19.5618,33.7747
2019-05-19 01-25-39,380,19.5786,33.7907
2019-05-19 01-25-41,380,19.5786,33.7747
2019-05-19 01-25-43,380,19.5786,33.7747
2019-05-19 01-25-45,380,19.5755,33.748
2019-05-19 01-25-47,380,19.5755,33.7346
2019-05-19 01-25-49,381,19.5786,33.7614
2019-05-19 01-25-51,381,19.5755,33.748
2019-05-19 01-25-55,380,19.5419,33.748
2019-05-19 01-25-57,380,19.5938,33.748
2019-05-19 01-25-59,380,19.5602,33.748
2019-05-19 01-26-01,381,19.5572,33.7186
2019-05-19 01-26-03,381,19.5892,33.6919
2019-05-19 01-26-05,381,19.5755,33.7186
2019-05-19 01-26-07,381,19.6625,33.748
2019-05-19 01-26-09,380,19.5389,33.7053
2019-05-19 01-26-13,380,19.5709,33.6625
2019-05-19 01-26-15,380,19.6609,33.7053
2019-05-19 01-26-17,380,19.6259,33.6919
2019-05-19 01-26-19,380,19.6793,33.6786
2019-05-19 01-26-21,380,19.6243,33.6786
2019-05-19 01-26-23,380,19.6396,33.6625
2019-05-19 01-26-25,380,19.606,33.6492
2019-05-19 01-26-27,380,19.6609,33.7053
2019-05-19 01-26-31,380,19.7128,33.6786
2019-05-19 01-26-33,380,19.6426,33.6786
2019-05-19 01-26-35,380,19.6243,33.6786
2019-05-19 01-26-37,380,19.6243,33.6625
2019-05-19 01-26-39,380,19.6579,33.6786
2019-05-19 01-26-41,379,19.5892,33.6625
2019-05-19 01-26-43,379,19.6259,33.6919
2019-05-19 01-26-47,378,19.6075,33.7053
2019-05-19 01-26-49,378,19.6121,33.748
2019-05-19 01-26-51,378,19.5938,33.7614
2019-05-19 01-26-53,378,19.5602,33.7614
2019-05-19 01-26-55,378,19.5435,33.7747
2019-05-19 01-26-57,378,19.5618,33.7747
2019-05-19 01-26-59,378,19.5435,33.7614
2019-05-19 01-27-01,378,19.5068,33.7747
2019-05-19 01-27-05,378,19.5282,33.7907
2019-05-19 01-27-07,378,19.5602,33.748
2019-05-19 01-27-09,378,19.5786,33.7747
2019-05-19 01-27-11,378,19.5251,33.7614
2019-05-19 01-27-13,378,19.5435,33.7747
2019-05-19 01-27-15,378,19.5068,33.7907
2019-05-19 01-27-17,378,19.5435,33.7747
2019-05-19 01-27-21,377,19.5435,33.7907
2019-05-19 01-27-23,378,19.5602,33.7614
2019-05-19 01-27-25,378,19.4702,33.7747
2019-05-19 01-27-27,377,19.4885,33.7614
2019-05-19 01-27-29,377,19.5786,33.7614
2019-05-19 01-27-31,378,19.4885,33.7747
2019-05-19 01-27-33,378,19.5435,33.7747
2019-05-19 01-27-35,377,19.6121,33.7614
2019-05-19 01-27-39,377,19.5419,33.7346
2019-05-19 01-27-41,377,19.5435,33.7614
2019-05-19 01-27-43,377,19.5435,33.7614
2019-05-19 01-27-45,376,19.5236,33.7346
2019-05-19 01-27-47,375,19.5938,33.7614
2019-05-19 01-27-49,375,19.6121,33.7747
2019-05-19 01-27-51,375,19.6304,33.7907
2019-05-19 01-27-53,375,19.5618,33.7747
2019-05-19 01-27-57,375,19.5786,33.7907
2019-05-19 01-27-59,375,19.5251,33.7614
2019-05-19 01-28-01,375,19.5099,33.8174
2019-05-19 01-28-03,375,19.455,33.7747
2019-05-19 01-28-05,375,19.4748,33.8174
2019-05-19 01-28-07,375,19.4565,33.8174
2019-05-19 01-28-09,375,19.4244,33.8495
2019-05-19 01-28-13,375,19.4229,33.8308
2019-05-19 01-28-15,374,19.4412,33.8308
2019-05-19 01-28-17,375,19.4916,33.8308
2019-05-19 01-28-19,374,19.4748,33.8495
2019-05-19 01-28-21,374,19.5099,33.8308
2019-05-19 01-28-23,374,19.4931,33.8495
2019-05-19 01-28-25,375,19.4916,33.8174
2019-05-19 01-28-27,375,19.5465,33.8174
2019-05-19 01-28-31,375,19.4595,33.8495
2019-05-19 01-28-33,375,19.4916,33.8041
2019-05-19 01-28-35,375,19.5068,33.8041
2019-05-19 01-28-37,376,19.5618,33.7907
2019-05-19 01-28-39,376,19.5099,33.8174
2019-05-19 01-28-41,376,19.5297,33.8308
2019-05-19 01-28-43,376,19.4916,33.8308
2019-05-19 01-28-45,376,19.4595,33.8495
2019-05-19 01-28-49,376,19.4916,33.8308
2019-05-19 01-28-51,376,19.5099,33.8174
2019-05-19 01-28-53,376,19.5465,33.8041
2019-05-19 01-28-55,376,19.5618,33.7907
2019-05-19 01-28-57,376,19.5618,33.7907
2019-05-19 01-28-59,376,19.5465,33.8174
2019-05-19 01-29-01,375,19.5465,33.8308
2019-05-19 01-29-05,375,19.548,33.8628
2019-05-19 01-29-07,375,19.5328,33.8895
2019-05-19 01-29-09,376,19.4962,33.9055
2019-05-19 01-29-11,376,19.4244,33.8762
2019-05-19 01-29-13,376,19.4427,33.8895
2019-05-19 01-29-15,376,19.4061,33.8628
2019-05-19 01-29-17,376,19.4595,33.8628
2019-05-19 01-29-19,376,19.4061,33.8495
2019-05-19 01-29-23,376,19.4748,33.8495
2019-05-19 01-29-25,376,19.4595,33.8628
2019-05-19 01-29-27,376,19.5297,33.8308
2019-05-19 01-29-29,376,19.4778,33.8628
2019-05-19 01-29-31,376,19.4595,33.8628
2019-05-19 01-29-33,376,19.4916,33.8174
2019-05-19 01-29-35,376,19.5465,33.8308
2019-05-19 01-29-39,375,19.4733,33.8041
2019-05-19 01-29-41,375,19.5435,33.7907
2019-05-19 01-29-43,376,19.5435,33.7747
2019-05-19 01-29-45,376,19.4885,33.7747
2019-05-19 01-29-47,376,19.5786,33.7614
2019-05-19 01-29-49,376,19.4885,33.7614
2019-05-19 01-29-51,375,19.4885,33.7907
2019-05-19 01-29-53,375,19.4565,33.8041
2019-05-19 01-29-57,375,19.4885,33.7907
2019-05-19 01-29-59,374,19.4382,33.8174
2019-05-19 01-30-01,374,19.4748,33.8495
2019-05-19 01-30-03,374,19.4565,33.8308
2019-05-19 01-30-06,374,19.4229,33.8308
2019-05-19 01-30-08,374,19.5114,33.8495
2019-05-19 01-30-10,373,19.4778,33.8762
2019-05-19 01-30-12,374,19.4092,33.8895
2019-05-19 01-30-16,374,19.4611,33.8895
2019-05-19 01-30-18,374,19.3726,33.9055
2019-05-19 01-30-20,374,19.4275,33.9055
2019-05-19 01-30-22,374,19.3375,33.8895
2019-05-19 01-30-24,375,19.4092,33.8895
2019-05-19 01-30-26,375,19.3726,33.8895
2019-05-19 01-30-28,375,19.4061,33.8628
2019-05-19 01-30-32,375,19.4595,33.8628
2019-05-19 01-30-34,375,19.4595,33.8495
2019-05-19 01-30-36,375,19.5465,33.8174
2019-05-19 01-30-38,375,19.5465,33.8041
2019-05-19 01-30-40,375,19.4885,33.7907
2019-05-19 01-30-42,374,19.4733,33.8041
2019-05-19 01-30-44,374,19.5282,33.7907
2019-05-19 01-30-46,375,19.5282,33.8041
2019-05-19 01-30-50,375,19.5618,33.7747
2019-05-19 01-30-52,375,19.4565,33.8174
2019-05-19 01-30-54,375,19.4382,33.8174
2019-05-19 01-30-56,375,19.4595,33.8495
2019-05-19 01-30-58,375,19.4748,33.8308
2019-05-19 01-31-00,375,19.5114,33.8495
2019-05-19 01-31-02,375,19.4412,33.8495
2019-05-19 01-31-04,375,19.4748,33.8174
2019-05-19 01-31-08,375,19.4412,33.8308
2019-05-19 01-31-10,374,19.4748,33.8308
2019-05-19 01-31-12,374,19.4382,33.8174
2019-05-19 01-31-14,374,19.4565,33.8308
2019-05-19 01-31-16,375,19.4199,33.8041
2019-05-19 01-31-18,375,19.5282,33.8041
2019-05-19 01-31-20,376,19.4885,33.7907
2019-05-19 01-31-24,376,19.4382,33.7907
2019-05-19 01-31-26,375,19.5068,33.7747
2019-05-19 01-31-28,375,19.487,33.748
2019-05-19 01-31-30,375,19.5435,33.7614
2019-05-19 01-31-32,375,19.5419,33.7346
2019-05-19 01-31-34,375,19.5251,33.748
2019-05-19 01-31-36,375,19.5419,33.748
2019-05-19 01-31-38,375,19.5786,33.7614
2019-05-19 01-31-42,375,19.5755,33.748
2019-05-19 01-31-44,374,19.5389,33.7186
2019-05-19 01-31-46,374,19.5938,33.748
2019-05-19 01-31-48,374,19.5602,33.748
2019-05-19 01-31-50,373,19.5053,33.7614
2019-05-19 01-31-52,373,19.5786,33.7614
2019-05-19 01-31-54,372,19.5969,33.7747
2019-05-19 01-31-56,372,19.5755,33.748
2019-05-19 01-32-00,372,19.5236,33.7346
2019-05-19 01-32-02,372,19.5602,33.7614
2019-05-19 01-32-04,373,19.6121,33.7614
2019-05-19 01-32-06,373,19.6289,33.7614
2019-05-19 01-32-08,372,19.6289,33.7346
2019-05-19 01-32-10,372,19.5572,33.7186
2019-05-19 01-32-12,372,19.5755,33.7346
2019-05-19 01-32-16,372,19.5572,33.7186
2019-05-19 01-32-18,372,19.5236,33.7346
2019-05-19 01-32-20,372,19.5435,33.7614
2019-05-19 01-32-22,373,19.5236,33.7346
2019-05-19 01-32-24,372,19.5389,33.7186
2019-05-19 01-32-26,372,19.5786,33.7614
2019-05-19 01-32-28,372,19.5602,33.7346
2019-05-19 01-32-30,372,19.5419,33.748
2019-05-19 01-32-34,371,19.5251,33.7747
2019-05-19 01-32-36,371,19.5435,33.7907
2019-05-19 01-32-38,372,19.5068,33.7907
2019-05-19 01-32-40,372,19.5099,33.8308
2019-05-19 01-32-42,373,19.4595,33.8495
2019-05-19 01-32-44,373,19.4427,33.8628
2019-05-19 01-32-46,373,19.4092,33.8762
2019-05-19 01-32-50,373,19.3695,33.8495
2019-05-19 01-32-52,374,19.4244,33.8495
2019-05-19 01-32-54,374,19.3695,33.8762
2019-05-19 01-32-56,374,19.4275,33.8895
2019-05-19 01-32-58,374,19.4778,33.8762
2019-05-19 01-33-00,374,19.4382,33.8174
2019-05-19 01-33-02,375,19.4595,33.8628
2019-05-19 01-33-04,375,19.5465,33.8174
2019-05-19 01-33-08,375,19.4733,33.7907
2019-05-19 01-33-10,375,19.5435,33.7747
2019-05-19 01-33-12,375,19.5251,33.7614
2019-05-19 01-33-14,375,19.5435,33.7747
2019-05-19 01-33-16,375,19.5282,33.7907
2019-05-19 01-33-18,376,19.5419,33.748
2019-05-19 01-33-20,376,19.5435,33.7747
2019-05-19 01-33-24,375,19.5602,33.7346
2019-05-19 01-33-26,375,19.5755,33.7186
2019-05-19 01-33-28,376,19.6609,33.7053
2019-05-19 01-33-30,376,19.6442,33.7053
2019-05-19 01-33-32,376,19.6426,33.6786
2019-05-19 01-33-34,377,19.6243,33.6786
2019-05-19 01-33-36,377,19.6426,33.6786
2019-05-19 01-33-38,377,19.6793,33.6625
2019-05-19 01-33-42,376,19.6579,33.6492
2019-05-19 01-33-44,376,19.6793,33.6786
2019-05-19 01-33-46,376,19.606,33.6625
2019-05-19 01-33-48,375,19.6243,33.6786
2019-05-19 01-33-50,375,19.5892,33.6625
2019-05-19 01-33-52,375,19.574,33.6919
2019-05-19 01-33-54,375,19.6243,33.6786
2019-05-19 01-33-56,375,19.5877,33.6492
2019-05-19 01-34-00,375,19.6243,33.6625
2019-05-19 01-34-02,375,19.5923,33.7053
2019-05-19 01-34-04,374,19.5923,33.7053
2019-05-19 01-34-06,374,19.5557,33.6919
2019-05-19 01-34-08,374,19.6289,33.7346
2019-05-19 01-34-10,374,19.5572,33.7053
2019-05-19 01-34-12,374,19.5602,33.748
2019-05-19 01-34-16,374,19.5419,33.748
2019-05-19 01-34-18,374,19.5053,33.7346
2019-05-19 01-34-20,374,19.5251,33.748
2019-05-19 01-34-22,374,19.5251,33.748
2019-05-19 01-34-24,374,19.6121,33.7614
2019-05-19 01-34-26,374,19.4733,33.7907
2019-05-19 01-34-28,374,19.5251,33.7614
2019-05-19 01-34-30,374,19.4916,33.8041
2019-05-19 01-34-34,374,19.5618,33.7907
2019-05-19 01-34-36,374,19.5282,33.7907
2019-05-19 01-34-38,375,19.5068,33.8041
2019-05-19 01-34-40,375,19.4733,33.7907
2019-05-19 01-34-42,375,19.5068,33.7907
2019-05-19 01-34-44,375,19.5969,33.7747
2019-05-19 01-34-46,375,19.4885,33.7747
2019-05-19 01-34-50,376,19.5786,33.7747
2019-05-19 01-34-52,376,19.4885,33.7747
2019-05-19 01-34-54,376,19.5068,33.7747
2019-05-19 01-34-56,377,19.5786,33.7907
2019-05-19 01-34-58,377,19.6121,33.7614
2019-05-19 01-35-00,377,19.5282,33.8041
2019-05-19 01-35-02,377,19.5465,33.8041
2019-05-19 01-35-04,377,19.4916,33.8041
2019-05-19 01-35-08,377,19.4733,33.8041
2019-05-19 01-35-10,377,19.4916,33.8041
2019-05-19 01-35-12,378,19.4885,33.7614
2019-05-19 01-35-14,378,19.455,33.7747
2019-05-19 01-35-16,378,19.4885,33.7747
2019-05-19 01-35-18,378,19.5068,33.7747
2019-05-19 01-35-20,378,19.5053,33.748
2019-05-19 01-35-22,378,19.4702,33.7614
2019-05-19 01-35-26,379,19.5282,33.7907
2019-05-19 01-35-28,378,19.5251,33.748
2019-05-19 01-35-30,378,19.487,33.748
2019-05-19 01-35-32,378,19.5618,33.7747
2019-05-19 01-35-34,377,19.5068,33.7747
2019-05-19 01-35-36,377,19.5602,33.7614
2019-05-19 01-35-38,377,19.5251,33.7614
2019-05-19 01-35-42,377,19.4885,33.7747
2019-05-19 01-35-44,377,19.5053,33.7614
2019-05-19 01-35-46,377,19.5251,33.7747
2019-05-19 01-35-49,377,19.5602,33.7346
2019-05-19 01-35-51,377,19.5435,33.7907
2019-05-19 01-35-53,377,19.5251,33.7614
2019-05-19 01-35-55,377,19.4885,33.7614
2019-05-19 01-35-57,377,19.4702,33.7614
2019-05-19 01-36-01,377,19.4702,33.7747
2019-05-19 01-36-03,377,19.4702,33.7614
2019-05-19 01-36-05,377,19.5435,33.7614
2019-05-19 01-36-07,378,19.455,33.7614
2019-05-19 01-36-09,378,19.4702,33.7614
2019-05-19 01-36-11,378,19.5251,33.7614
2019-05-19 01-36-13,378,19.5419,33.7346
2019-05-19 01-36-17,378,19.5755,33.7346
2019-05-19 01-36-19,378,19.5251,33.7614
2019-05-19 01-36-21,378,19.5602,33.7346
2019-05-19 01-36-23,378,19.5755,33.748
2019-05-19 01-36-25,378,19.6106,33.7346
2019-05-19 01-36-27,378,19.6106,33.7346
2019-05-19 01-36-29,378,19.5557,33.6919
2019-05-19 01-36-31,378,19.5755,33.7186
2019-05-19 01-36-35,378,19.574,33.6919
2019-05-19 01-36-37,378,19.6579,33.6492
2019-05-19 01-36-39,378,19.6609,33.6919
2019-05-19 01-36-41,378,19.6396,33.6358
2019-05-19 01-36-43,379,19.606,33.6625
2019-05-19 01-36-45,378,19.6213,33.6492
2019-05-19 01-36-47,378,19.5877,33.6492
2019-05-19 01-36-49,378,19.5892,33.6625
2019-05-19 01-36-53,378,19.6213,33.6492
2019-05-19 01-36-55,377,19.6579,33.6492
2019-05-19 01-36-57,377,19.6579,33.6492
2019-05-19 01-36-59,377,19.6945,33.6492
2019-05-19 01-37-01,377,19.6396,33.6492
2019-05-19 01-37-03,377,19.6945,33.6492
2019-05-19 01-37-05,376,19.6579,33.6625
2019-05-19 01-37-09,376,19.6579,33.6492
2019-05-19 01-37-11,377,19.6243,33.6786
2019-05-19 01-37-13,377,19.606,33.6625
2019-05-19 01-37-15,377,19.6213,33.6492
2019-05-19 01-37-17,376,19.6793,33.6625
2019-05-19 01-37-19,376,19.6579,33.6492
2019-05-19 01-37-21,375,19.7128,33.6625
2019-05-19 01-37-23,375,19.6762,33.6358
2019-05-19 01-37-27,375,19.7128,33.6492
2019-05-19 01-37-29,375,19.6579,33.6625
2019-05-19 01-37-31,375,19.6396,33.6625
2019-05-19 01-37-33,375,19.6396,33.6492
2019-05-19 01-37-35,375,19.7128,33.6786
2019-05-19 01-37-37,374,19.6426,33.6919
2019-05-19 01-37-39,374,19.6426,33.6786
2019-05-19 01-37-41,374,19.6426,33.6919
2019-05-19 01-37-45,374,19.6396,33.6625
2019-05-19 01-37-47,374,19.6579,33.6786
2019-05-19 01-37-49,374,19.6243,33.6786
2019-05-19 01-37-51,374,19.6075,33.6919
2019-05-19 01-37-53,374,19.574,33.7053
2019-05-19 01-37-55,373,19.6075,33.7053
2019-05-19 01-37-57,374,19.5923,33.7053
2019-05-19 01-38-01,374,19.574,33.6919
2019-05-19 01-38-03,374,19.5389,33.7053
2019-05-19 01-38-05,375,19.5923,33.7186
2019-05-19 01-38-07,375,19.6075,33.7053
2019-05-19 01-38-09,374,19.6259,33.7053
2019-05-19 01-38-11,374,19.6259,33.7053
2019-05-19 01-38-13,374,19.5892,33.6919
2019-05-19 01-38-15,374,19.6793,33.6625
2019-05-19 01-38-19,373,19.5892,33.6786
2019-05-19 01-38-21,373,19.6243,33.6786
2019-05-19 01-38-23,373,19.6213,33.6492
2019-05-19 01-38-25,373,19.5709,33.6492
2019-05-19 01-38-27,373,19.5877,33.6492
2019-05-19 01-38-29,373,19.5877,33.6492
2019-05-19 01-38-31,373,19.6243,33.6625
2019-05-19 01-38-35,373,19.5877,33.6358
2019-05-19 01-38-37,373,19.5709,33.6492
2019-05-19 01-38-39,373,19.5557,33.6625
2019-05-19 01-38-41,373,19.5709,33.6625
2019-05-19 01-38-43,374,19.6243,33.6786
2019-05-19 01-38-45,373,19.5526,33.6492
2019-05-19 01-38-47,373,19.5892,33.6919
2019-05-19 01-38-49,373,19.5892,33.6919
2019-05-19 01-38-53,373,19.574,33.6919
2019-05-19 01-38-55,373,19.5374,33.6786
2019-05-19 01-38-57,373,19.6075,33.6786
2019-05-19 01-38-59,373,19.6259,33.7053
2019-05-19 01-39-01,373,19.5709,33.6786
2019-05-19 01-39-03,373,19.6259,33.6919
2019-05-19 01-39-05,373,19.6259,33.7053
2019-05-19 01-39-07,374,19.6259,33.7053
2019-05-19 01-39-11,373,19.6396,33.6625
2019-05-19 01-39-13,373,19.6213,33.6492
2019-05-19 01-39-15,373,19.6243,33.6786
2019-05-19 01-39-17,374,19.6579,33.6625
2019-05-19 01-39-19,374,19.606,33.6625
2019-05-19 01-39-21,374,19.606,33.6492
2019-05-19 01-39-23,374,19.6213,33.6492
2019-05-19 01-39-27,374,19.6442,33.7053
2019-05-19 01-39-29,374,19.606,33.6625
2019-05-19 01-39-31,374,19.6259,33.6919
2019-05-19 01-39-33,374,19.5877,33.6492
2019-05-19 01-39-35,374,19.6579,33.6625
2019-05-19 01-39-37,374,19.7113,33.6358
2019-05-19 01-39-39,374,19.7113,33.6225
2019-05-19 01-39-41,374,19.7266,33.6225
2019-05-19 01-39-45,374,19.7266,33.6225
2019-05-19 01-39-47,374,19.6198,33.6065
2019-05-19 01-39-49,374,19.7113,33.6225
2019-05-19 01-39-51,374,19.7266,33.5931
2019-05-19 01-39-53,374,19.78,33.6065
2019-05-19 01-39-55,374,19.7617,33.6065
2019-05-19 01-39-57,374,19.7586,33.5664
2019-05-19 01-39-59,374,19.693,33.6065
2019-05-19 01-40-03,374,19.6899,33.5931
2019-05-19 01-40-05,374,19.725,33.5798
2019-05-19 01-40-07,374,19.6899,33.5931
2019-05-19 01-40-09,374,19.6716,33.5664
2019-05-19 01-40-11,374,19.7586,33.5798
2019-05-19 01-40-13,374,19.725,33.5664
2019-05-19 01-40-15,375,19.7083,33.5798
2019-05-19 01-40-19,374,19.7083,33.5798
2019-05-19 01-40-21,374,19.6747,33.5931
2019-05-19 01-40-23,374,19.7083,33.5931
2019-05-19 01-40-25,373,19.7113,33.6225
2019-05-19 01-40-27,372,19.7128,33.6492
2019-05-19 01-40-29,372,19.6564,33.6358
2019-05-19 01-40-31,372,19.6426,33.6919
2019-05-19 01-40-33,372,19.5892,33.6919
2019-05-19 01-40-37,371,19.6075,33.6786
2019-05-19 01-40-39,371,19.6243,33.6786
2019-05-19 01-40-41,371,19.6396,33.6625
2019-05-19 01-40-43,371,19.6075,33.6786
2019-05-19 01-40-45,371,19.5877,33.6492
2019-05-19 01-40-47,372,19.6426,33.6786
2019-05-19 01-40-49,372,19.6945,33.6625
2019-05-19 01-40-51,371,19.6396,33.6625
2019-05-19 01-40-55,371,19.6396,33.6625
2019-05-19 01-40-57,371,19.6609,33.6919
2019-05-19 01-40-59,372,19.5877,33.6492
2019-05-19 01-41-01,372,19.6793,33.6625
2019-05-19 01-41-03,372,19.574,33.6919
2019-05-19 01-41-05,372,19.574,33.7053
2019-05-19 01-41-07,372,19.6106,33.7186
2019-05-19 01-41-11,372,19.5892,33.6919
2019-05-19 01-41-13,372,19.5923,33.7053
2019-05-19 01-41-15,372,19.5755,33.7346
2019-05-19 01-41-17,372,19.5602,33.748
2019-05-19 01-41-20,372,19.5419,33.748
2019-05-19 01-41-22,372,19.5251,33.7614
2019-05-19 01-41-24,372,19.5419,33.748
2019-05-19 01-41-26,372,19.5251,33.7747
2019-05-19 01-41-30,373,19.5251,33.7614
2019-05-19 01-41-32,372,19.5618,33.7907
2019-05-19 01-41-34,372,19.4702,33.7614
2019-05-19 01-41-36,372,19.4916,33.8041
2019-05-19 01-41-38,371,19.4733,33.8041
2019-05-19 01-41-40,371,19.4199,33.8041
2019-05-19 01-41-42,371,19.4382,33.7907
2019-05-19 01-41-44,371,19.4702,33.7747
2019-05-19 01-41-48,371,19.4702,33.748
2019-05-19 01-41-50,371,19.487,33.748
2019-05-19 01-41-52,371,19.5419,33.748
2019-05-19 01-41-54,371,19.5251,33.7614
2019-05-19 01-41-56,371,19.5236,33.7186
2019-05-19 01-41-58,371,19.6289,33.7614
2019-05-19 01-42-00,371,19.6106,33.7346
2019-05-19 01-42-04,371,19.5923,33.7186
2019-05-19 01-42-06,371,19.6259,33.7186
2019-05-19 01-42-08,371,19.5755,33.7346
2019-05-19 01-42-10,371,19.574,33.7053
2019-05-19 01-42-12,371,19.6259,33.6919
2019-05-19 01-42-14,371,19.574,33.6919
2019-05-19 01-42-16,371,19.6075,33.6919
2019-05-19 01-42-18,372,19.5923,33.7053
2019-05-19 01-42-22,371,19.6075,33.6919
2019-05-19 01-42-24,371,19.6106,33.7186
2019-05-19 01-42-26,372,19.574,33.7053
2019-05-19 01-42-28,372,19.6075,33.6919
2019-05-19 01-42-30,372,19.6075,33.7053
2019-05-19 01-42-32,371,19.5572,33.7053
2019-05-19 01-42-34,371,19.5557,33.6919
2019-05-19 01-42-36,371,19.5557,33.6919
2019-05-19 01-42-40,371,19.6106,33.7186
2019-05-19 01-42-42,371,19.6442,33.7053
2019-05-19 01-42-44,371,19.6976,33.6919
2019-05-19 01-42-46,371,19.6426,33.6786
2019-05-19 01-42-48,371,19.6579,33.6786
2019-05-19 01-42-50,371,19.6579,33.6786
2019-05-19 01-42-52,371,19.6075,33.6786
2019-05-19 01-42-56,370,19.6259,33.6919
2019-05-19 01-42-58,370,19.6609,33.6919
2019-05-19 01-43-00,369,19.7159,33.6919
2019-05-19 01-43-02,369,19.7159,33.7053
2019-05-19 01-43-04,369,19.6243,33.6625
2019-05-19 01-43-06,369,19.5923,33.7053
2019-05-19 01-43-08,369,19.6808,33.7186
2019-05-19 01-43-10,369,19.6259,33.7186
2019-05-19 01-43-14,369,19.6472,33.7614
2019-05-19 01-43-16,369,19.5618,33.7747
2019-05-19 01-43-18,370,19.5618,33.7747
2019-05-19 01-43-20,369,19.5435,33.7747
2019-05-19 01-43-22,370,19.5435,33.7614
2019-05-19 01-43-24,370,19.5938,33.748
2019-05-19 01-43-26,369,19.6121,33.748
2019-05-19 01-43-28,369,19.5251,33.7614
2019-05-19 01-43-32,369,19.5419,33.748
2019-05-19 01-43-34,369,19.5938,33.7614
2019-05-19 01-43-36,369,19.6106,33.7346
2019-05-19 01-43-38,369,19.5755,33.748
2019-05-19 01-43-40,369,19.5602,33.7346
2019-05-19 01-43-42,369,19.5602,33.7346
2019-05-19 01-43-44,369,19.5755,33.7346
2019-05-19 01-43-48,369,19.5938,33.7346
2019-05-19 01-43-50,369,19.5755,33.7186
2019-05-19 01-43-52,369,19.6259,33.7053
2019-05-19 01-43-54,369,19.5892,33.6919
2019-05-19 01-43-56,369,19.6426,33.6919
2019-05-19 01-43-58,369,19.574,33.6919
2019-05-19 01-44-00,369,19.5709,33.6625
2019-05-19 01-44-02,369,19.6442,33.7053
2019-05-19 01-44-06,369,19.6579,33.6492
2019-05-19 01-44-08,369,19.6762,33.6492
2019-05-19 01-44-10,369,19.7113,33.6225
2019-05-19 01-44-12,370,19.7083,33.5931
2019-05-19 01-44-14,370,19.6747,33.5931
2019-05-19 01-44-16,370,19.8135,33.6065
2019-05-19 01-44-18,370,19.7083,33.5798
2019-05-19 01-44-20,370,19.725,33.5798
2019-05-19 01-44-24,370,19.7586,33.5798
2019-05-19 01-44-26,370,19.725,33.5798
2019-05-19 01-44-28,370,19.725,33.5798
2019-05-19 01-44-30,370,19.7083,33.5798
2019-05-19 01-44-32,370,19.7403,33.5664
2019-05-19 01-44-34,370,19.7769,33.5664
2019-05-19 01-44-36,369,19.7083,33.5798
2019-05-19 01-44-40,369,19.7433,33.5798
2019-05-19 01-44-42,369,19.725,33.5664
2019-05-19 01-44-44,369,19.6716,33.5664
2019-05-19 01-44-46,369,19.7769,33.5664
2019-05-19 01-44-48,368,19.7037,33.5237
2019-05-19 01-44-50,368,19.6899,33.5664
2019-05-19 01-44-52,368,19.725,33.5664
2019-05-19 01-44-54,367,19.6747,33.5798
2019-05-19 01-44-58,368,19.7067,33.5504
2019-05-19 01-45-00,368,19.7586,33.5664
2019-05-19 01-45-02,368,19.6884,33.5504
2019-05-19 01-45-04,368,19.7586,33.5798
2019-05-19 01-45-06,368,19.7754,33.5504
2019-05-19 01-45-08,368,19.7754,33.5504
2019-05-19 01-45-10,368,19.722,33.537
2019-05-19 01-45-14,367,19.8456,33.537
2019-05-19 01-45-16,368,19.8303,33.537
2019-05-19 01-45-18,368,19.7723,33.5237
2019-05-19 01-45-20,368,19.8456,33.5103
2019-05-19 01-45-22,368,19.8273,33.5103
2019-05-19 01-45-24,368,19.8624,33.4943
2019-05-19 01-45-26,368,19.8074,33.4943
2019-05-19 01-45-28,368,19.8273,33.5103
2019-05-19 01-45-32,368,19.8441,33.481
2019-05-19 01-45-34,367,19.8776,33.4943
2019-05-19 01-45-36,367,19.8441,33.4943
2019-05-19 01-45-38,367,19.8807,33.5103
2019-05-19 01-45-40,366,19.8441,33.4943
2019-05-19 01-45-42,366,19.8074,33.4943
2019-05-19 01-45-44,365,19.8273,33.4943
2019-05-19 01-45-46,365,19.8807,33.5103
2019-05-19 01-45-50,365,19.8273,33.5237
2019-05-19 01-45-52,366,19.8624,33.4943
2019-05-19 01-45-54,366,19.8273,33.5103
2019-05-19 01-45-56,366,19.8624,33.4943
2019-05-19 01-45-58,366,19.8273,33.5103
2019-05-19 01-46-00,366,19.8807,33.5103
2019-05-19 01-46-02,365,19.8959,33.4943
2019-05-19 01-46-06,365,19.9142,33.4943
2019-05-19 01-46-08,365,19.8624,33.5103
2019-05-19 01-46-10,365,19.8807,33.5237
2019-05-19 01-46-12,365,19.8456,33.537
2019-05-19 01-46-14,365,19.8074,33.5103
2019-05-19 01-46-16,365,19.8074,33.5103
2019-05-19 01-46-18,366,19.809,33.537
2019-05-19 01-46-20,365,19.7205,33.5103
2019-05-19 01-46-24,365,19.7586,33.5504
2019-05-19 01-46-26,366,19.7433,33.5798
2019-05-19 01-46-28,365,19.812,33.5798
2019-05-19 01-46-30,365,19.809,33.5504
2019-05-19 01-46-32,366,19.7571,33.537
2019-05-19 01-46-34,365,19.7906,33.537
2019-05-19 01-46-36,366,19.7754,33.537
2019-05-19 01-46-38,367,19.8486,33.5504
2019-05-19 01-46-42,367,19.7906,33.537
2019-05-19 01-46-44,368,19.7754,33.537
2019-05-19 01-46-46,368,19.7906,33.537
2019-05-19 01-46-48,368,19.8822,33.5504
2019-05-19 01-46-51,370,19.8807,33.5103
2019-05-19 01-46-53,370,19.809,33.5237
2019-05-19 01-46-55,370,19.8273,33.5103
2019-05-19 01-46-59,370,19.8273,33.4943
2019-05-19 01-47-01,370,19.8273,33.5103
2019-05-19 01-47-03,371,19.8624,33.5103
2019-05-19 01-47-05,371,19.8624,33.5103
2019-05-19 01-47-07,371,19.8776,33.4943
2019-05-19 01-47-09,371,19.8593,33.481
2019-05-19 01-47-11,371,19.8807,33.5103
2019-05-19 01-47-13,371,19.9142,33.4943
2019-05-19 01-47-17,370,19.8776,33.4943
2019-05-19 01-47-19,370,19.8776,33.4943
2019-05-19 01-47-21,370,19.8441,33.4943
2019-05-19 01-47-23,370,19.841,33.4676
2019-05-19 01-47-25,370,19.809,33.5237
2019-05-19 01-47-27,370,19.8959,33.4943
2019-05-19 01-47-29,370,19.8456,33.5103
2019-05-19 01-47-31,371,19.8624,33.4943
2019-05-19 01-47-35,371,19.7891,33.481
2019-05-19 01-47-37,370,19.8776,33.4676
2019-05-19 01-47-39,371,19.8273,33.5237
2019-05-19 01-47-41,371,19.8776,33.4943
2019-05-19 01-47-43,371,19.8807,33.5103
2019-05-19 01-47-45,372,19.9127,33.4676
2019-05-19 01-47-47,372,19.9142,33.4943
2019-05-19 01-47-51,371,19.8776,33.4676
2019-05-19 01-47-53,371,19.8624,33.5103
2019-05-19 01-47-55,371,19.8273,33.5103
2019-05-19 01-47-57,371,19.8273,33.5103
2019-05-19 01-47-59,371,19.8441,33.4943
2019-05-19 01-48-01,371,19.8074,33.5103
2019-05-19 01-48-03,371,19.754,33.4943
2019-05-19 01-48-05,371,19.8456,33.5103
2019-05-19 01-48-09,371,19.8456,33.5237
2019-05-19 01-48-11,371,19.8593,33.481
2019-05-19 01-48-13,372,19.8441,33.4943
2019-05-19 01-48-15,372,19.8776,33.4676
2019-05-19 01-48-17,372,19.841,33.4676
2019-05-19 01-48-19,372,19.9097,33.4516
2019-05-19 01-48-21,372,19.8776,33.4676
2019-05-19 01-48-23,373,19.8944,33.4676
2019-05-19 01-48-27,373,19.8761,33.4516
2019-05-19 01-48-29,373,19.9448,33.4516
2019-05-19 01-48-31,373,19.9448,33.4382
2019-05-19 01-48-33,373,19.9448,33.4516
2019-05-19 01-48-35,374,19.9097,33.4516
2019-05-19 01-48-37,373,19.928,33.4676
2019-05-19 01-48-39,373,19.8578,33.4382
2019-05-19 01-48-43,373,19.9097,33.4382
2019-05-19 01-48-45,373,19.8914,33.4249
2019-05-19 01-48-47,373,19.8761,33.4382
2019-05-19 01-48-49,373,19.9097,33.4516
2019-05-19 01-48-51,373,19.8593,33.4516
2019-05-19 01-48-53,373,19.8776,33.481
2019-05-19 01-48-55,373,19.8776,33.481
2019-05-19 01-48-57,373,19.8257,33.4676
2019-05-19 01-49-01,373,19.8441,33.481
2019-05-19 01-49-03,373,19.841,33.4676
2019-05-19 01-49-05,372,19.841,33.4676
2019-05-19 01-49-07,372,19.8761,33.4516
2019-05-19 01-49-09,372,19.8761,33.4516
2019-05-19 01-49-11,372,19.8593,33.481
2019-05-19 01-49-13,373,19.841,33.4676
2019-05-19 01-49-17,373,19.841,33.4516
2019-05-19 01-49-19,373,19.8593,33.4516
2019-05-19 01-49-21,373,19.841,33.4516
2019-05-19 01-49-23,373,19.8441,33.481
2019-05-19 01-49-25,373,19.841,33.4676
2019-05-19 01-49-27,372,19.8227,33.4516
2019-05-19 01-49-29,372,19.8944,33.4676
2019-05-19 01-49-31,372,19.8944,33.4516
2019-05-19 01-49-35,372,19.928,33.4516
2019-05-19 01-49-37,372,19.928,33.4516
2019-05-19 01-49-39,371,19.8776,33.4676
2019-05-19 01-49-41,371,19.8959,33.4943
2019-05-19 01-49-43,371,19.9127,33.481
2019-05-19 01-49-45,371,19.754,33.4943
2019-05-19 01-49-47,371,19.8624,33.4943
2019-05-19 01-49-49,371,19.8273,33.4943
2019-05-19 01-49-53,371,19.8776,33.481
2019-05-19 01-49-55,371,19.8776,33.4943
2019-05-19 01-49-57,371,19.9127,33.481
2019-05-19 01-49-59,371,19.8959,33.4943
2019-05-19 01-50-01,372,19.8959,33.4943
2019-05-19 01-50-03,372,19.8761,33.4382
2019-05-19 01-50-05,372,19.8593,33.4676
2019-05-19 01-50-09,373,19.7861,33.4516
2019-05-19 01-50-11,373,19.8044,33.481
2019-05-19 01-50-13,373,19.8273,33.4943
2019-05-19 01-50-15,373,19.8441,33.481
2019-05-19 01-50-17,373,19.8624,33.4943
2019-05-19 01-50-19,372,19.8273,33.5103
2019-05-19 01-50-21,372,19.8273,33.5103
2019-05-19 01-50-23,372,19.754,33.4943
2019-05-19 01-50-27,372,19.7906,33.5237
2019-05-19 01-50-29,371,19.7388,33.5237
2019-05-19 01-50-31,371,19.7906,33.5103
2019-05-19 01-50-33,370,19.7723,33.5237
2019-05-19 01-50-35,370,19.7906,33.5103
2019-05-19 01-50-37,370,19.8624,33.5103
2019-05-19 01-50-39,370,19.7906,33.5103
2019-05-19 01-50-43,371,19.8624,33.5103
2019-05-19 01-50-45,371,19.8456,33.5237
2019-05-19 01-50-47,371,19.8273,33.5103
2019-05-19 01-50-49,371,19.809,33.5237
2019-05-19 01-50-51,371,19.8074,33.4943
2019-05-19 01-50-53,371,19.7723,33.5103
2019-05-19 01-50-55,372,19.7723,33.4943
2019-05-19 01-50-57,372,19.8456,33.5103
2019-05-19 01-51-01,371,19.7388,33.5237
2019-05-19 01-51-03,371,19.8273,33.5103
2019-05-19 01-51-05,371,19.7906,33.537
2019-05-19 01-51-07,371,19.8959,33.4943
2019-05-19 01-51-09,371,19.9127,33.481
2019-05-19 01-51-11,371,19.8257,33.4676
2019-05-19 01-51-13,371,19.8959,33.481
2019-05-19 01-51-15,372,19.8593,33.481
2019-05-19 01-51-19,372,19.9127,33.481
2019-05-19 01-51-21,372,19.8776,33.481
2019-05-19 01-51-23,373,19.8044,33.481
2019-05-19 01-51-25,373,19.8593,33.4676
2019-05-19 01-51-27,372,19.8441,33.4943
2019-05-19 01-51-29,373,19.8776,33.481
2019-05-19 01-51-31,372,19.8959,33.4943
2019-05-19 01-51-35,372,19.8624,33.4943
2019-05-19 01-51-37,371,19.931,33.4943
2019-05-19 01-51-39,371,19.8776,33.4943
2019-05-19 01-51-41,371,19.8593,33.481
2019-05-19 01-51-43,372,19.8441,33.4943
2019-05-19 01-51-45,372,19.8593,33.4676
2019-05-19 01-51-47,372,19.8044,33.481
2019-05-19 01-51-49,373,19.8044,33.4676
2019-05-19 01-51-53,373,19.841,33.4676
2019-05-19 01-51-55,373,19.8441,33.481
2019-05-19 01-51-57,373,19.7891,33.481
2019-05-19 01-51-59,373,19.8624,33.4943
2019-05-19 01-52-01,373,19.9127,33.4676
2019-05-19 01-52-03,373,19.8441,33.4943
2019-05-19 01-52-05,373,19.841,33.4516
2019-05-19 01-52-09,373,19.9127,33.4676
2019-05-19 01-52-11,374,19.8257,33.481
2019-05-19 01-52-13,374,19.8257,33.481
2019-05-19 01-52-15,374,19.8257,33.5103
2019-05-19 01-52-17,374,19.8624,33.5103
2019-05-19 01-52-19,374,19.8807,33.5103
2019-05-19 01-52-21,374,19.8807,33.481
2019-05-19 01-52-23,374,19.8593,33.481
2019-05-19 01-52-28,374,19.8959,33.481
2019-05-19 01-52-30,374,19.8593,33.481
2019-05-19 01-52-32,373,19.8441,33.4676
2019-05-19 01-52-34,373,19.8944,33.481
2019-05-19 01-52-36,373,19.8776,33.481
2019-05-19 01-52-38,373,19.8593,33.4943
2019-05-19 01-52-40,373,19.8624,33.4943
2019-05-19 01-52-42,373,19.8776,33.481
2019-05-19 01-52-46,373,19.8044,33.4943
2019-05-19 01-52-48,373,19.8441,33.4943
2019-05-19 01-52-50,373,19.7891,33.481
2019-05-19 01-52-52,373,19.8776,33.5103
2019-05-19 01-52-54,373,19.8807,33.4676
2019-05-19 01-52-56,372,19.8593,33.5103
2019-05-19 01-52-58,373,19.8273,33.4676
2019-05-19 01-53-00,372,19.8944,33.4943
2019-05-19 01-53-04,373,19.8624,33.4676
2019-05-19 01-53-06,373,19.8257,33.4516
2019-05-19 01-53-08,372,19.8593,33.4676
2019-05-19 01-53-10,373,19.841,33.4676
2019-05-19 01-53-12,373,19.8593,33.4676
2019-05-19 01-53-14,372,19.841,33.5237
2019-05-19 01-53-16,372,19.8456,33.537
2019-05-19 01-53-20,372,19.8456,33.5798
2019-05-19 01-53-22,372,19.812,33.5664
2019-05-19 01-53-24,371,19.7769,33.5798
2019-05-19 01-53-26,371,19.7952,33.5931
2019-05-19 01-53-28,372,19.812,33.5664
2019-05-19 01-53-30,372,19.8486,33.5504
2019-05-19 01-53-32,372,19.8639,33.537
2019-05-19 01-53-34,372,19.7906,33.5504
2019-05-19 01-53-38,372,19.7403,33.537
2019-05-19 01-53-40,372,19.7403,33.5504
2019-05-19 01-53-42,371,19.7937,33.537
2019-05-19 01-53-44,371,19.7906,33.537
2019-05-19 01-53-46,371,19.722,33.537
2019-05-19 01-53-48,370,19.809,33.537
2019-05-19 01-53-50,370,19.7754,33.537
2019-05-19 01-53-52,370,19.7571,33.537
2019-05-19 01-53-56,370,19.7754,33.5237
2019-05-19 01-53-58,370,19.809,33.4943
2019-05-19 01-54-00,370,19.8074,33.481
2019-05-19 01-54-02,370,19.8441,33.5103
2019-05-19 01-54-04,370,19.8456,33.5103
2019-05-19 01-54-06,370,19.8624,33.481
2019-05-19 01-54-08,369,19.7891,33.5103
2019-05-19 01-54-12,370,19.8456,33.5103
2019-05-19 01-54-14,370,19.8456,33.4943
2019-05-19 01-54-16,370,19.7723,33.4943
2019-05-19 01-54-18,369,19.8273,33.4943
2019-05-19 01-54-20,369,19.7891,33.5237
2019-05-19 01-54-22,369,19.8456,33.481
2019-05-19 01-54-24,369,19.7708,33.5237
2019-05-19 01-54-26,369,19.8456,33.4943
2019-05-19 01-54-30,369,19.8273,33.481
2019-05-19 01-54-32,369,19.8441,33.5103
2019-05-19 01-54-34,370,19.8624,33.5103
2019-05-19 01-54-36,370,19.8624,33.481
2019-05-19 01-54-38,370,19.8441,33.4943
2019-05-19 01-54-40,371,19.8273,33.5103
2019-05-19 01-54-42,371,19.8273,33.481
2019-05-19 01-54-44,370,19.7891,33.4943
2019-05-19 01-54-48,370,19.8441,33.4943
2019-05-19 01-54-50,370,19.7723,33.4943
2019-05-19 01-54-52,369,19.7891,33.5237
2019-05-19 01-54-54,369,19.809,33.4943
2019-05-19 01-54-56,369,19.8074,33.5237
2019-05-19 01-54-58,369,19.8456,33.5103
2019-05-19 01-55-00,369,19.8456,33.5504
2019-05-19 01-55-04,370,19.8303,33.5103
2019-05-19 01-55-06,369,19.7723,33.4943
2019-05-19 01-55-08,369,19.754,33.4943
2019-05-19 01-55-10,369,19.7891,33.5103
2019-05-19 01-55-12,369,19.8273,33.5103
2019-05-19 01-55-14,370,19.8456,33.5103
2019-05-19 01-55-16,370,19.7723,33.5103
2019-05-19 01-55-18,370,19.7723,33.5103
2019-05-19 01-55-22,370,19.8074,33.5103
2019-05-19 01-55-24,370,19.8624,33.4943
2019-05-19 01-55-26,370,19.8441,33.4943
2019-05-19 01-55-28,370,19.8273,33.5103
2019-05-19 01-55-30,370,19.8624,33.5103
2019-05-19 01-55-32,370,19.8959,33.481
2019-05-19 01-55-34,370,19.8257,33.5237
2019-05-19 01-55-36,370,19.8639,33.481
2019-05-19 01-55-40,370,19.7891,33.481
2019-05-19 01-55-42,369,19.8044,33.5237
2019-05-19 01-55-44,369,19.809,33.4943
2019-05-19 01-55-46,369,19.8273,33.4943
2019-05-19 01-55-48,369,19.8273,33.5237
2019-05-19 01-55-50,370,19.8456,33.5664
2019-05-19 01-55-52,370,19.7769,33.5237
2019-05-19 01-55-56,370,19.7906,33.5504
2019-05-19 01-55-58,371,19.7586,33.5931
2019-05-19 01-56-00,371,19.7617,33.5931
2019-05-19 01-56-02,371,19.7769,33.5798
2019-05-19 01-56-04,372,19.7433,33.5798
2019-05-19 01-56-06,372,19.7433,33.5798
2019-05-19 01-56-08,373,19.7586,33.6065
2019-05-19 01-56-10,373,19.7617,33.5931
2019-05-19 01-56-14,373,19.7266,33.5798
2019-05-19 01-56-16,373,19.7769,33.5798
2019-05-19 01-56-18,373,19.7586,33.5504
2019-05-19 01-56-20,373,19.7937,33.5664
2019-05-19 01-56-22,374,19.7586,33.5798
2019-05-19 01-56-24,374,19.7952,33.5504
2019-05-19 01-56-26,373,19.809,33.537
2019-05-19 01-56-30,373,19.7571,33.5664
2019-05-19 01-56-32,373,19.7769,33.5504
2019-05-19 01-56-34,373,19.7403,33.537
2019-05-19 01-56-36,373,19.7754,33.5664
2019-05-19 01-56-38,372,19.6899,33.5504
2019-05-19 01-56-40,371,19.7403,33.5504
2019-05-19 01-56-42,371,19.7403,33.5504
2019-05-19 01-56-44,372,19.7403,33.537
2019-05-19 01-56-48,372,19.7403,33.5237
2019-05-19 01-56-50,372,19.7906,33.537
2019-05-19 01-56-52,372,19.7571,33.5664
2019-05-19 01-56-54,372,19.7769,33.5504
2019-05-19 01-56-56,372,19.7754,33.537
2019-05-19 01-56-58,372,19.7571,33.5103
2019-05-19 01-57-00,372,19.8273,33.5103
2019-05-19 01-57-02,372,19.8273,33.5237
2019-05-19 01-57-06,372,19.8273,33.5103
2019-05-19 01-57-08,372,19.8624,33.5237
2019-05-19 01-57-10,372,19.8273,33.5103
2019-05-19 01-57-12,372,19.8456,33.5103
2019-05-19 01-57-14,372,19.8624,33.5103
2019-05-19 01-57-16,372,19.8624,33.5103
2019-05-19 01-57-18,372,19.8456,33.5237
2019-05-19 01-57-22,372,19.8456,33.5237
2019-05-19 01-57-24,372,19.7571,33.5103
2019-05-19 01-57-26,372,19.8273,33.537
2019-05-19 01-57-28,372,19.809,33.5103
2019-05-19 01-57-30,371,19.8074,33.5504
2019-05-19 01-57-32,371,19.7937,33.5504
2019-05-19 01-57-34,371,19.8303,33.537
2019-05-19 01-57-36,371,19.7571,33.537
2019-05-19 01-57-40,371,19.7571,33.5103
2019-05-19 01-57-42,371,19.7723,33.5237
2019-05-19 01-57-45,370,19.809,33.5103
2019-05-19 01-57-47,370,19.8074,33.4943
2019-05-19 01-57-49,371,19.8624,33.4943
2019-05-19 01-57-51,370,19.8959,33.4943
2019-05-19 01-57-53,370,19.7891,33.4943
2019-05-19 01-57-55,370,19.8624,33.5237
2019-05-19 01-57-59,370,19.7906,33.5237
2019-05-19 01-58-01,369,19.7723,33.537
2019-05-19 01-58-03,369,19.809,33.537
2019-05-19 01-58-05,369,19.809,33.5664
2019-05-19 01-58-07,369,19.7586,33.5664
2019-05-19 01-58-09,369,19.7937,33.5664
2019-05-19 01-58-11,369,19.7403,33.5664
2019-05-19 01-58-15,368,19.7769,33.5664
2019-05-19 01-58-17,369,19.7769,33.5504
2019-05-19 01-58-19,368,19.7067,33.6065
2019-05-19 01-58-21,368,19.6381,33.5931
2019-05-19 01-58-23,368,19.6899,33.5931
2019-05-19 01-58-25,367,19.6747,33.6225
2019-05-19 01-58-27,367,19.7113,33.6358
2019-05-19 01-58-29,368,19.6762,33.6065
2019-05-19 01-58-33,368,19.693,33.5931
2019-05-19 01-58-35,368,19.6533,33.5931
2019-05-19 01-58-37,368,19.6899,33.5931
2019-05-19 01-58-39,368,19.6533,33.5931
2019-05-19 01-58-41,369,19.7083,33.5931
2019-05-19 01-58-43,369,19.7433,33.5664
2019-05-19 01-58-45,369,19.7586,33.5664
2019-05-19 01-58-47,369,19.725,33.5798
2019-05-19 01-58-51,369,19.725,33.5664
2019-05-19 01-58-53,369,19.7586,33.5237
2019-05-19 01-58-55,369,19.7906,33.537
2019-05-19 01-58-57,369,19.7571,33.5237
2019-05-19 01-58-59,369,19.7906,33.5103
2019-05-19 01-59-01,369,19.7906,33.5237
2019-05-19 01-59-03,370,19.7723,33.5103
2019-05-19 01-59-05,370,19.8074,33.4943
2019-05-19 01-59-09,369,19.8074,33.5103
2019-05-19 01-59-11,369,19.8456,33.5103
2019-05-19 01-59-13,369,19.7906,33.481
2019-05-19 01-59-15,369,19.8257,33.4943
2019-05-19 01-59-17,369,19.8624,33.4676
2019-05-19 01-59-19,370,19.8944,33.4943
2019-05-19 01-59-21,370,19.8959,33.5103
2019-05-19 01-59-25,369,19.8456,33.4943
2019-05-19 01-59-27,369,19.8074,33.4943
2019-05-19 01-59-29,369,19.8441,33.5664
2019-05-19 01-59-31,369,19.8486,33.6225
2019-05-19 01-59-33,368,19.7983,33.6625
2019-05-19 01-59-35,368,19.7479,33.6625
2019-05-19 01-59-37,368,19.6793,33.6786
2019-05-19 01-59-39,368,19.6426,33.6919
2019-05-19 01-59-43,368,19.6976,33.6786
2019-05-19 01-59-45,368,19.6579,33.6492
2019-05-19 01-59-47,369,19.6579,33.6358
2019-05-19 01-59-49,369,19.6564,33.6225
2019-05-19 01-59-51,370,19.7266,33.6065
2019-05-19 01-59-53,369,19.693,33.6065
2019-05-19 01-59-55,369,19.693,33.6065
2019-05-19 01-59-59,370,19.7266,33.6065
2019-05-19 02-00-01,370,19.7083,33.5931
2019-05-19 02-00-03,371,19.7083,33.5798
2019-05-19 02-00-05,371,19.725,33.5931
2019-05-19 02-00-07,371,19.7266,33.5931
2019-05-19 02-00-09,371,19.7617,33.5931
2019-05-19 02-00-11,371,19.7433,33.5798
2019-05-19 02-00-13,372,19.7952,33.5664
2019-05-19 02-00-17,372,19.7769,33.5504
2019-05-19 02-00-19,372,19.7586,33.5664
2019-05-19 02-00-21,372,19.7769,33.5504
2019-05-19 02-00-23,371,19.809,33.5931
2019-05-19 02-00-25,371,19.7433,33.5931
2019-05-19 02-00-27,372,19.812,33.5931
2019-05-19 02-00-29,372,19.7769,33.5504
2019-05-19 02-00-31,371,19.7067,33.5504
2019-05-19 02-00-35,370,19.7586,33.5504
2019-05-19 02-00-37,371,19.7754,33.5504
2019-05-19 02-00-39,371,19.7937,33.5504
2019-05-19 02-00-41,371,19.7937,33.5664
2019-05-19 02-00-43,371,19.725,33.537
2019-05-19 02-00-45,371,19.809,33.5504
2019-05-19 02-00-47,371,19.7586,33.5237
2019-05-19 02-00-51,372,19.7388,33.5103
2019-05-19 02-00-53,372,19.7571,33.5103
2019-05-19 02-00-55,372,19.7723,33.537
2019-05-19 02-00-57,373,19.809,33.537
2019-05-19 02-00-59,373,19.809,33.5103
2019-05-19 02-01-01,373,19.8273,33.5237
2019-05-19 02-01-03,373,19.8273,33.5237
2019-05-19 02-01-05,373,19.809,33.5237
2019-05-19 02-01-09,373,19.8273,33.5103
2019-05-19 02-01-11,373,19.8624,33.481
2019-05-19 02-01-13,373,19.8593,33.4943
2019-05-19 02-01-15,373,19.8273,33.4943
2019-05-19 02-01-17,373,19.7723,33.5103
2019-05-19 02-01-19,373,19.8074,33.5103
2019-05-19 02-01-21,372,19.7906,33.5103
2019-05-19 02-01-25,372,19.7388,33.537
2019-05-19 02-01-27,372,19.722,33.537
2019-05-19 02-01-29,371,19.7403,33.537
2019-05-19 02-01-31,372,19.809,33.5237
2019-05-19 02-01-33,372,19.7906,33.5237
2019-05-19 02-01-35,372,19.809,33.537
2019-05-19 02-01-37,372,19.722,33.5237
2019-05-19 02-01-39,372,19.7723,33.537
2019-05-19 02-01-43,372,19.7571,33.5664
2019-05-19 02-01-45,371,19.7769,33.537
2019-05-19 02-01-47,371,19.7403,33.5237
2019-05-19 02-01-49,370,19.7571,33.537
2019-05-19 02-01-51,370,19.8303,33.537
2019-05-19 02-01-53,371,19.6884,33.5504
2019-05-19 02-01-55,371,19.7067,33.5237
2019-05-19 02-01-59,371,19.7571,33.5504
2019-05-19 02-02-01,371,19.722,33.5664
2019-05-19 02-02-03,371,19.7403,33.537
2019-05-19 02-02-05,370,19.7067,33.5664
2019-05-19 02-02-07,370,19.7067,33.5798
2019-05-19 02-02-09,370,19.725,33.5664
2019-05-19 02-02-11,369,19.725,33.5798
2019-05-19 02-02-13,370,19.6533,33.5664
2019-05-19 02-02-17,370,19.725,33.5931
2019-05-19 02-02-19,370,19.7433,33.5931
2019-05-19 02-02-21,370,19.7433,33.6065
2019-05-19 02-02-23,371,19.7266,33.5931
2019-05-19 02-02-25,371,19.7617,33.6065
2019-05-19 02-02-27,371,19.7083,33.5931
2019-05-19 02-02-29,371,19.6899,33.6065
2019-05-19 02-02-31,371,19.6747,33.6492
2019-05-19 02-02-35,371,19.6579,33.6919
2019-05-19 02-02-37,372,19.6976,33.6919
2019-05-19 02-02-39,372,19.574,33.7186
2019-05-19 02-02-41,372,19.5923,33.7053
2019-05-19 02-02-43,372,19.574,33.7186
2019-05-19 02-02-45,373,19.5572,33.7346
2019-05-19 02-02-47,373,19.5602,33.7346
2019-05-19 02-02-51,373,19.5419,33.7346
2019-05-19 02-02-53,374,19.5938,33.7186
2019-05-19 02-02-55,373,19.4687,33.7346
2019-05-19 02-02-57,373,19.5938,33.7346
2019-05-19 02-02-59,374,19.5938,33.7346
2019-05-19 02-03-01,374,19.5053,33.7346
2019-05-19 02-03-03,374,19.5236,33.7614
2019-05-19 02-03-05,374,19.5435,33.7614
2019-05-19 02-03-09,374,19.5435,33.7907
2019-05-19 02-03-12,374,19.5282,33.7907
2019-05-19 02-03-14,374,19.4733,33.8174
2019-05-19 02-03-16,374,19.4748,33.8308
2019-05-19 02-03-18,374,19.4565,33.8308
2019-05-19 02-03-20,374,19.4229,33.8308
2019-05-19 02-03-22,374,19.4061,33.8628
2019-05-19 02-03-24,375,19.4061,33.8308
2019-05-19 02-03-28,375,19.4565,33.8308
2019-05-19 02-03-30,375,19.4565,33.7907
2019-05-19 02-03-32,375,19.5068,33.7747
2019-05-19 02-03-34,376,19.5251,33.748
2019-05-19 02-03-36,376,19.5251,33.7053
2019-05-19 02-03-38,377,19.5572,33.7053
2019-05-19 02-03-40,377,19.5572,33.6786
2019-05-19 02-03-44,377,19.6793,33.6919
2019-05-19 02-03-46,377,19.6075,33.6919
2019-05-19 02-03-48,377,19.6259,33.6919
2019-05-19 02-03-50,376,19.6259,33.6786
2019-05-19 02-03-52,376,19.6243,33.6786
2019-05-19 02-03-54,376,19.6579,33.6786
2019-05-19 02-03-56,376,19.6243,33.6625
2019-05-19 02-03-58,376,19.6396,33.6786
2019-05-19 02-04-02,376,19.6976,33.6786
2019-05-19 02-04-04,375,19.7311,33.6358
2019-05-19 02-04-06,375,19.6945,33.6358
2019-05-19 02-04-08,374,19.6564,33.6786
2019-05-19 02-04-10,374,19.6579,33.6625
2019-05-19 02-04-12,373,19.6396,33.7053
2019-05-19 02-04-14,373,19.6442,33.6625
2019-05-19 02-04-18,373,19.6396,33.6919
2019-05-19 02-04-20,373,19.6609,33.6919
2019-05-19 02-04-22,372,19.6976,33.7186
2019-05-19 02-04-24,373,19.6259,33.7053
2019-05-19 02-04-26,373,19.5389,33.7053
2019-05-19 02-04-28,373,19.5572,33.7186
2019-05-19 02-04-30,373,19.6106,33.7053
2019-05-19 02-04-32,373,19.5572,33.7053
2019-05-19 02-04-36,373,19.574,33.7186
2019-05-19 02-04-38,373,19.5923,33.6919
2019-05-19 02-04-40,373,19.5557,33.6919
2019-05-19 02-04-42,373,19.5557,33.6625
2019-05-19 02-04-44,373,19.5557,33.6358
2019-05-19 02-04-46,373,19.606,33.6625
2019-05-19 02-04-48,373,19.5557,33.6786
2019-05-19 02-04-50,372,19.5709,33.6919
2019-05-19 02-04-54,371,19.6075,33.7346
2019-05-19 02-04-56,371,19.6106,33.748
2019-05-19 02-04-58,372,19.5755,33.7614
2019-05-19 02-05-00,372,19.5786,33.7346
2019-05-19 02-05-02,372,19.5755,33.7346
2019-05-19 02-05-04,373,19.6289,33.748
2019-05-19 02-05-06,373,19.5755,33.7614
2019-05-19 02-05-10,373,19.5938,33.7614
2019-05-19 02-05-12,374,19.5435,33.7346
2019-05-19 02-05-14,374,19.5236,33.7186
2019-05-19 02-05-16,375,19.5755,33.748
2019-05-19 02-05-18,375,19.5602,33.7346
2019-05-19 02-05-20,375,19.5236,33.7346
2019-05-19 02-05-22,375,19.5755,33.7614
2019-05-19 02-05-24,375,19.5602,33.7747
2019-05-19 02-05-28,375,19.4885,33.7907
2019-05-19 02-05-30,374,19.455,33.8308
2019-05-19 02-05-32,374,19.4565,33.8174
2019-05-19 02-05-34,374,19.4748,33.8495
2019-05-19 02-05-36,374,19.4748,33.8308
2019-05-19 02-05-38,375,19.5465,33.8174
2019-05-19 02-05-40,376,19.4382,33.8041
2019-05-19 02-05-44,376,19.4733,33.7747
2019-05-19 02-05-46,376,19.5251,33.7614
2019-05-19 02-05-48,375,19.4885,33.748
2019-05-19 02-05-50,376,19.5602,33.748
2019-05-19 02-05-52,375,19.487,33.748
2019-05-19 02-05-54,375,19.5251,33.7614
2019-05-19 02-05-56,375,19.5251,33.7747
2019-05-19 02-05-58,375,19.4702,33.7614
2019-05-19 02-06-02,375,19.5053,33.8041
2019-05-19 02-06-04,375,19.4565,33.8174
2019-05-19 02-06-06,375,19.4382,33.8308
2019-05-19 02-06-08,375,19.4916,33.8308
2019-05-19 02-06-10,375,19.4229,33.8762
2019-05-19 02-06-12,375,19.3695,33.8628
2019-05-19 02-06-14,375,19.4427,33.8895
2019-05-19 02-06-16,375,19.3726,33.8895
2019-05-19 02-06-20,375,19.3726,33.8895
2019-05-19 02-06-22,375,19.2856,33.9323
2019-05-19 02-06-24,375,19.3741,33.8895
2019-05-19 02-06-26,376,19.3924,33.8628
2019-05-19 02-06-28,376,19.4244,33.9055
2019-05-19 02-06-30,376,19.4275,33.8895
2019-05-19 02-06-32,377,19.4427,33.8762
2019-05-19 02-06-36,377,19.4092,33.8895
2019-05-19 02-06-38,377,19.4092,33.8895
2019-05-19 02-06-40,377,19.3542,33.8762
2019-05-19 02-06-42,377,19.4092,33.8895
2019-05-19 02-06-44,377,19.3726,33.8762
2019-05-19 02-06-46,376,19.4092,33.8762
2019-05-19 02-06-48,377,19.4427,33.8628
2019-05-19 02-06-50,377,19.4061,33.8174
2019-05-19 02-06-54,377,19.4382,33.7907
2019-05-19 02-06-56,377,19.4733,33.8041
2019-05-19 02-06-58,377,19.4565,33.7747
2019-05-19 02-07-00,377,19.4885,33.7747
2019-05-19 02-07-02,377,19.5435,33.748
2019-05-19 02-07-04,377,19.5419,33.748
2019-05-19 02-07-06,377,19.5938,33.7346
2019-05-19 02-07-10,377,19.5602,33.7614
2019-05-19 02-07-12,377,19.5938,33.7346
2019-05-19 02-07-14,377,19.5602,33.748
2019-05-19 02-07-16,377,19.5419,33.7614
2019-05-19 02-07-18,377,19.5786,33.748
2019-05-19 02-07-20,377,19.5755,33.7346
2019-05-19 02-07-22,377,19.5938,33.7053
2019-05-19 02-07-24,377,19.5023,33.748
2019-05-19 02-07-28,377,19.5602,33.748
2019-05-19 02-07-30,377,19.5251,33.7614
2019-05-19 02-07-32,377,19.4885,33.7614
2019-05-19 02-07-34,377,19.455,33.748
2019-05-19 02-07-36,377,19.4366,33.7346
2019-05-19 02-07-38,377,19.5053,33.7907
2019-05-19 02-07-40,377,19.455,33.7346
2019-05-19 02-07-42,377,19.5236,33.748
2019-05-19 02-07-46,377,19.5251,33.748
2019-05-19 02-07-48,377,19.5602,33.7614
2019-05-19 02-07-50,377,19.4885,33.7053
2019-05-19 02-07-52,377,19.5572,33.7053
2019-05-19 02-07-54,377,19.5923,33.6786
2019-05-19 02-07-56,377,19.6243,33.6919
2019-05-19 02-07-58,378,19.574,33.6625
2019-05-19 02-08-02,378,19.606,33.6786
2019-05-19 02-08-04,377,19.6579,33.6225
2019-05-19 02-08-06,377,19.6381,33.6492
2019-05-19 02-08-08,377,19.6945,33.6065
2019-05-19 02-08-10,377,19.693,33.6065
2019-05-19 02-08-12,378,19.7083,33.6225
2019-05-19 02-08-14,378,19.6762,33.6065
2019-05-19 02-08-16,377,19.6533,33.5931
2019-05-19 02-08-20,377,19.7266,33.5931
2019-05-19 02-08-22,377,19.6899,33.5931
2019-05-19 02-08-24,376,19.6899,33.5931
2019-05-19 02-08-26,376,19.7433,33.5931
2019-05-19 02-08-28,376,19.7083,33.5664
2019-05-19 02-08-30,376,19.6167,33.5931
2019-05-19 02-08-32,375,19.6198,33.5798
2019-05-19 02-08-36,375,19.6533,33.5931
2019-05-19 02-08-38,374,19.6533,33.5798
2019-05-19 02-08-40,374,19.6747,33.5798
2019-05-19 02-08-42,374,19.6899,33.5931
2019-05-19 02-08-45,374,19.7266,33.5664
2019-05-19 02-08-47,374,19.7403,33.5504
2019-05-19 02-08-49,374,19.7586,33.537
2019-05-19 02-08-51,374,19.7571,33.537
2019-05-19 02-08-55,374,19.7754,33.5504
2019-05-19 02-08-57,374,19.722,33.5664
2019-05-19 02-08-59,374,19.7586,33.6065
2019-05-19 02-09-01,374,19.7617,33.6065
2019-05-19 02-09-03,373,19.7952,33.6065
2019-05-19 02-09-05,373,19.6747,33.6065
2019-05-19 02-09-07,373,19.7083,33.6358
2019-05-19 02-09-11,373,19.6213,33.6358
2019-05-19 02-09-13,372,19.6945,33.6358
2019-05-19 02-09-15,372,19.6762,33.6358
2019-05-19 02-09-17,373,19.6762,33.6225
2019-05-19 02-09-19,373,19.7113,33.6225
2019-05-19 02-09-21,373,19.6762,33.6358
2019-05-19 02-09-23,373,19.6762,33.6065
2019-05-19 02-09-25,373,19.693,33.6065
2019-05-19 02-09-29,374,19.603,33.6065
2019-05-19 02-09-31,374,19.5847,33.5664
2019-05-19 02-09-33,374,19.6518,33.5931
2019-05-19 02-09-35,374,19.6747,33.5798
2019-05-19 02-09-37,374,19.725,33.5798
2019-05-19 02-09-39,374,19.725,33.5664
2019-05-19 02-09-41,374,19.7403,33.5504
2019-05-19 02-09-43,374,19.7403,33.5504
2019-05-19 02-09-47,374,19.8303,33.5237
2019-05-19 02-09-49,375,19.7723,33.5237
2019-05-19 02-09-51,374,19.8456,33.4943
2019-05-19 02-09-53,374,19.8074,33.5103
2019-05-19 02-09-55,374,19.8074,33.5237
2019-05-19 02-09-57,374,19.809,33.4943
2019-05-19 02-09-59,374,19.7723,33.5103
2019-05-19 02-10-03,374,19.8074,33.5237
2019-05-19 02-10-05,373,19.8273,33.5103
2019-05-19 02-10-07,373,19.7571,33.537
2019-05-19 02-10-09,373,19.809,33.5103
2019-05-19 02-10-11,373,19.8624,33.4943
2019-05-19 02-10-13,373,19.8776,33.4943
2019-05-19 02-10-15,373,19.8273,33.5103
2019-05-19 02-10-17,373,19.8624,33.5504
2019-05-19 02-10-21,372,19.8303,33.5664
2019-05-19 02-10-23,371,19.812,33.5664
2019-05-19 02-10-25,371,19.7769,33.5798
2019-05-19 02-10-27,371,19.7952,33.5931
2019-05-19 02-10-29,371,19.7433,33.5798
2019-05-19 02-10-31,372,19.725,33.5931
2019-05-19 02-10-33,371,19.7952,33.6225
2019-05-19 02-10-37,371,19.693,33.6225
2019-05-19 02-10-39,371,19.7449,33.6225
2019-05-19 02-10-41,371,19.7113,33.6492
2019-05-19 02-10-43,372,19.6945,33.6492
2019-05-19 02-10-45,372,19.6945,33.6786
2019-05-19 02-10-47,372,19.6793,33.6625
2019-05-19 02-10-49,372,19.6396,33.6492
2019-05-19 02-10-51,372,19.6396,33.6919
2019-05-19 02-10-55,372,19.6075,33.6919
2019-05-19 02-10-57,372,19.6259,33.6492
2019-05-19 02-10-59,373,19.6213,33.6786
2019-05-19 02-11-01,372,19.5892,33.6625
2019-05-19 02-11-03,372,19.6243,33.6358
2019-05-19 02-11-05,372,19.606,33.6358
2019-05-19 02-11-07,372,19.6564,33.6358
2019-05-19 02-11-11,374,19.6564,33.6065
2019-05-19 02-11-13,374,19.7083,33.6225
2019-05-19 02-11-15,374,19.7113,33.5931
2019-05-19 02-11-17,375,19.7083,33.6065
2019-05-19 02-11-19,375,19.7266,33.6065
2019-05-19 02-11-21,375,19.6381,33.5931
2019-05-19 02-11-23,375,19.7083,33.6358
2019-05-19 02-11-25,374,19.6762,33.6225
2019-05-19 02-11-29,374,19.6381,33.6065
2019-05-19 02-11-31,374,19.6381,33.6065
2019-05-19 02-11-33,374,19.7083,33.6225
2019-05-19 02-11-35,374,19.603,33.6358
2019-05-19 02-11-37,374,19.606,33.6225
2019-05-19 02-11-39,374,19.6213,33.6225
2019-05-19 02-11-41,374,19.6213,33.6492
2019-05-19 02-11-43,375,19.6762,33.6492
2019-05-19 02-11-47,374,19.6213,33.6625
2019-05-19 02-11-49,374,19.6793,33.6358
2019-05-19 02-11-51,374,19.6762,33.6625
2019-05-19 02-11-53,374,19.6793,33.6358
2019-05-19 02-11-55,375,19.6213,33.6358
2019-05-19 02-11-57,374,19.6564,33.6492
2019-05-19 02-11-59,375,19.7128,33.6492
2019-05-19 02-12-03,375,19.6762,33.6492
2019-05-19 02-12-05,374,19.5877,33.6492
2019-05-19 02-12-07,375,19.6762,33.6492
2019-05-19 02-12-09,375,19.7296,33.6358
2019-05-19 02-12-11,375,19.6564,33.6358
2019-05-19 02-12-13,375,19.6564,33.6358
2019-05-19 02-12-15,375,19.6396,33.6065
2019-05-19 02-12-17,375,19.7083,33.6225
2019-05-19 02-12-21,375,19.6762,33.6225
2019-05-19 02-12-23,375,19.6564,33.6225
2019-05-19 02-12-25,375,19.6762,33.6492
2019-05-19 02-12-27,375,19.6945,33.6492
2019-05-19 02-12-29,375,19.6579,33.6786
2019-05-19 02-12-31,375,19.6426,33.6492
2019-05-19 02-12-33,375,19.606,33.6625
2019-05-19 02-12-35,375,19.606,33.6625
2019-05-19 02-12-39,375,19.6579,33.6786
2019-05-19 02-12-41,375,19.6579,33.6786
2019-05-19 02-12-43,375,19.6426,33.6492
2019-05-19 02-12-45,375,19.6579,33.6786
2019-05-19 02-12-47,376,19.6243,33.6492
2019-05-19 02-12-49,375,19.6579,33.6492
2019-05-19 02-12-51,375,19.6213,33.6358
2019-05-19 02-12-55,375,19.6762,33.6492
2019-05-19 02-12-57,375,19.6762,33.6225
2019-05-19 02-12-59,375,19.6381,33.6225
2019-05-19 02-13-01,375,19.6762,33.6358
2019-05-19 02-13-03,375,19.7113,33.6225
2019-05-19 02-13-05,375,19.6564,33.6225
2019-05-19 02-13-07,375,19.7113,33.6225
2019-05-19 02-13-09,374,19.693,33.6358
2019-05-19 02-13-13,374,19.7113,33.6358
2019-05-19 02-13-15,374,19.7296,33.6225
2019-05-19 02-13-17,375,19.7113,33.6065
2019-05-19 02-13-19,375,19.7083,33.6065
2019-05-19 02-13-21,375,19.7449,33.6225
2019-05-19 02-13-23,375,19.6213,33.6225
2019-05-19 02-13-25,375,19.603,33.6225
2019-05-19 02-13-29,374,19.603,33.6225
2019-05-19 02-13-31,374,19.6381,33.6225
2019-05-19 02-13-33,374,19.6564,33.6225
2019-05-19 02-13-35,373,19.6762,33.6065
2019-05-19 02-13-37,374,19.6533,33.6225
2019-05-19 02-13-39,373,19.693,33.6065
2019-05-19 02-13-41,373,19.6533,33.6225
2019-05-19 02-13-43,373,19.6564,33.5931
2019-05-19 02-13-47,373,19.6381,33.6065
2019-05-19 02-13-49,373,19.6198,33.6225
2019-05-19 02-13-51,373,19.6381,33.6625
2019-05-19 02-13-53,373,19.6579,33.6625
2019-05-19 02-13-55,372,19.7311,33.6786
2019-05-19 02-13-57,372,19.6579,33.6786
2019-05-19 02-13-59,372,19.7128,33.6625
2019-05-19 02-14-03,372,19.6396,33.6225
2019-05-19 02-14-05,372,19.6381,33.6358
2019-05-19 02-14-07,372,19.7113,33.6065
2019-05-19 02-14-09,372,19.7449,33.5798
2019-05-19 02-14-11,372,19.6899,33.5798
2019-05-19 02-14-13,372,19.6899,33.5664
2019-05-19 02-14-15,373,19.7403,33.5798
2019-05-19 02-14-17,373,19.725,33.5504
2019-05-19 02-14-21,373,19.7403,33.5664
2019-05-19 02-14-23,372,19.7067,33.5664
2019-05-19 02-14-25,372,19.7067,33.5798
2019-05-19 02-14-28,372,19.7952,33.5931
2019-05-19 02-14-30,372,19.7617,33.5664
2019-05-19 02-14-32,372,19.7586,33.5504
2019-05-19 02-14-34,371,19.7754,33.5504
2019-05-19 02-14-36,371,19.722,33.5504
2019-05-19 02-14-40,371,19.7586,33.5504
2019-05-19 02-14-42,371,19.7754,33.5798
2019-05-19 02-14-44,371,19.8318,33.5237
2019-05-19 02-14-46,371,19.7571,33.5504
2019-05-19 02-14-48,371,19.7754,33.5504
2019-05-19 02-14-50,371,19.7586,33.5798
2019-05-19 02-14-52,371,19.7769,33.537
2019-05-19 02-14-56,371,19.7571,33.5504
2019-05-19 02-14-58,371,19.7403,33.5664
2019-05-19 02-15-00,370,19.7937,33.537
2019-05-19 02-15-02,370,19.7067,33.5237
2019-05-19 02-15-04,370,19.722,33.5237
2019-05-19 02-15-06,370,19.7388,33.5103
2019-05-19 02-15-08,370,19.8074,33.537
2019-05-19 02-15-10,370,19.7906,33.4943
2019-05-19 02-15-14,370,19.8273,33.5103
2019-05-19 02-15-16,370,19.8074,33.5103
2019-05-19 02-15-18,369,19.8273,33.5103
2019-05-19 02-15-20,369,19.8074,33.481
2019-05-19 02-15-22,369,19.7708,33.4676
2019-05-19 02-15-24,369,19.8593,33.4943
2019-05-19 02-15-26,369,19.8959,33.4516
2019-05-19 02-15-28,369,19.928,33.4516
2019-05-19 02-15-32,368,19.9097,33.4516
2019-05-19 02-15-34,368,19.8944,33.5103
2019-05-19 02-15-36,368,19.9692,33.4943
2019-05-19 02-15-38,368,19.8959,33.4943
2019-05-19 02-15-40,368,19.8624,33.5103
2019-05-19 02-15-42,368,19.7723,33.5504
2019-05-19 02-15-44,368,19.809,33.5664
2019-05-19 02-15-48,367,19.7769,33.5931
2019-05-19 02-15-50,367,19.7617,33.6225
2019-05-19 02-15-52,367,19.6762,33.6786
2019-05-19 02-15-54,367,19.6976,33.6919
2019-05-19 02-15-56,367,19.6808,33.7053
2019-05-19 02-15-58,367,19.5923,33.7186
2019-05-19 02-16-00,367,19.5236,33.7346
2019-05-19 02-16-02,367,19.6289,33.748
2019-05-19 02-16-06,368,19.5602,33.7346
2019-05-19 02-16-08,368,19.5602,33.7053
2019-05-19 02-16-10,368,19.5389,33.7053
2019-05-19 02-16-12,368,19.574,33.6919
2019-05-19 02-16-14,368,19.5557,33.7186
2019-05-19 02-16-16,369,19.5389,33.7346
2019-05-19 02-16-18,369,19.5419,33.7186
2019-05-19 02-16-20,369,19.5755,33.7186
2019-05-19 02-16-24,370,19.5755,33.6919
2019-05-19 02-16-26,370,19.5389,33.6919
2019-05-19 02-16-28,370,19.5892,33.7053
2019-05-19 02-16-30,370,19.5572,33.6786
2019-05-19 02-16-32,370,19.6075,33.7053
2019-05-19 02-16-34,370,19.5572,33.7186
2019-05-19 02-16-36,369,19.5755,33.7186
2019-05-19 02-16-40,370,19.5389,33.7346
2019-05-19 02-16-42,370,19.5053,33.7053
2019-05-19 02-16-44,369,19.5236,33.6919
2019-05-19 02-16-46,370,19.5007,33.7053
2019-05-19 02-16-48,370,19.5389,33.7186
2019-05-19 02-16-50,370,19.5755,33.7346
2019-05-19 02-16-52,370,19.5236,33.6919
2019-05-19 02-16-54,369,19.5892,33.6919
2019-05-19 02-16-58,369,19.6259,33.7186
2019-05-19 02-17-00,369,19.4839,33.7053
2019-05-19 02-17-02,369,19.5923,33.6919
2019-05-19 02-17-04,368,19.6426,33.7053
2019-05-19 02-17-06,368,19.6075,33.6919
2019-05-19 02-17-08,368,19.6075,33.6919
2019-05-19 02-17-10,368,19.6259,33.6625
2019-05-19 02-17-14,368,19.6793,33.6625
2019-05-19 02-17-16,369,19.6579,33.6625
2019-05-19 02-17-18,368,19.6396,33.6786
2019-05-19 02-17-20,369,19.6243,33.6919
2019-05-19 02-17-22,369,19.6259,33.6786
2019-05-19 02-17-24,369,19.6243,33.7053
2019-05-19 02-17-26,370,19.6442,33.6625
2019-05-19 02-17-28,370,19.5892,33.6786
2019-05-19 02-17-32,370,19.6426,33.6625
2019-05-19 02-17-34,370,19.6396,33.6625
2019-05-19 02-17-36,371,19.6579,33.6625
2019-05-19 02-17-38,371,19.6396,33.6625
2019-05-19 02-17-40,371,19.6243,33.6492
2019-05-19 02-17-42,372,19.606,33.6492
2019-05-19 02-17-44,372,19.6579,33.6492
2019-05-19 02-17-46,371,19.6945,33.6786
2019-05-19 02-17-50,371,19.5709,33.7053
2019-05-19 02-17-52,371,19.5923,33.7186
2019-05-19 02-17-54,372,19.6106,33.7186
2019-05-19 02-17-56,372,19.6106,33.6919
2019-05-19 02-17-58,372,19.6259,33.7053
2019-05-19 02-18-00,372,19.5572,33.7186
2019-05-19 02-18-02,372,19.5572,33.7186
2019-05-19 02-18-06,372,19.5572,33.6919
2019-05-19 02-18-08,372,19.5389,33.7053
2019-05-19 02-18-10,372,19.5923,33.7053
2019-05-19 02-18-12,372,19.6075,33.7053
2019-05-19 02-18-14,372,19.6442,33.7053
2019-05-19 02-18-16,372,19.6259,33.7186
2019-05-19 02-18-18,372,19.6259,33.7186
2019-05-19 02-18-20,372,19.5923,33.7346
2019-05-19 02-18-24,372,19.5755,33.7346
2019-05-19 02-18-26,372,19.5236,33.7186
2019-05-19 02-18-28,373,19.5755,33.7186
2019-05-19 02-18-30,373,19.6259,33.6919
2019-05-19 02-18-32,373,19.6609,33.6919
2019-05-19 02-18-34,372,19.6075,33.6919
2019-05-19 02-18-36,373,19.5892,33.6492
2019-05-19 02-18-40,373,19.5877,33.6625
2019-05-19 02-18-42,373,19.5374,33.6625
2019-05-19 02-18-44,373,19.5557,33.6492
2019-05-19 02-18-46,374,19.5374,33.6358
2019-05-19 02-18-48,373,19.5694,33.6358
2019-05-19 02-18-50,373,19.606,33.6065
2019-05-19 02-18-52,373,19.6747,33.5931
2019-05-19 02-18-54,373,19.7083,33.5798
2019-05-19 02-18-58,373,19.7083,33.5931
2019-05-19 02-19-00,373,19.6533,33.5798
2019-05-19 02-19-02,372,19.6014,33.6225
2019-05-19 02-19-04,371,19.6564,33.5931
2019-05-19 02-19-06,371,19.7083,33.5798
2019-05-19 02-19-08,371,19.6747,33.5798
2019-05-19 02-19-10,371,19.7083,33.5798
2019-05-19 02-19-14,371,19.7083,33.5504
2019-05-19 02-19-16,371,19.6884,33.5504
2019-05-19 02-19-18,370,19.722,33.5504
2019-05-19 02-19-20,370,19.7403,33.5664
2019-05-19 02-19-22,370,19.7067,33.5798
2019-05-19 02-19-24,370,19.7433,33.5664
2019-05-19 02-19-26,370,19.7586,33.5798
2019-05-19 02-19-28,370,19.725,33.5664
2019-05-19 02-19-32,370,19.7403,33.5664
2019-05-19 02-19-34,369,19.7937,33.5664
2019-05-19 02-19-36,370,19.7403,33.5664
2019-05-19 02-19-38,369,19.7403,33.537
2019-05-19 02-19-40,369,19.8639,33.5103
2019-05-19 02-19-43,369,19.7723,33.537
2019-05-19 02-19-45,370,19.809,33.537
2019-05-19 02-19-47,369,19.8639,33.5237
2019-05-19 02-19-51,369,19.7723,33.5664
2019-05-19 02-19-53,369,19.725,33.5931
2019-05-19 02-19-55,368,19.7433,33.6358
2019-05-19 02-19-57,368,19.6762,33.6492
2019-05-19 02-19-59,368,19.6945,33.6919
2019-05-19 02-20-01,368,19.6075,33.7053
2019-05-19 02-20-03,368,19.5572,33.7186
2019-05-19 02-20-07,368,19.5389,33.7346
2019-05-19 02-20-09,368,19.5938,33.7186
2019-05-19 02-20-11,368,19.5389,33.7053
2019-05-19 02-20-13,368,19.5572,33.7053
2019-05-19 02-20-15,369,19.574,33.7053
2019-05-19 02-20-17,369,19.5923,33.6919
2019-05-19 02-20-19,369,19.6609,33.6786
2019-05-19 02-20-21,369,19.6243,33.6919
2019-05-19 02-20-25,369,19.6259,33.6786
2019-05-19 02-20-27,369,19.5709,33.7186
2019-05-19 02-20-29,369,19.5572,33.6919
2019-05-19 02-20-31,369,19.574,33.6625
2019-05-19 02-20-33,369,19.6396,33.6919
2019-05-19 02-20-35,370,19.6075,33.6492
2019-05-19 02-20-37,370,19.6396,33.6786
2019-05-19 02-20-41,370,19.6426,33.6919
2019-05-19 02-20-43,370,19.6259,33.6625
2019-05-19 02-20-45,370,19.606,33.6625
2019-05-19 02-20-47,370,19.6579,33.6919
2019-05-19 02-20-49,371,19.574,33.6625
2019-05-19 02-20-51,371,19.606,33.6919
2019-05-19 02-20-53,371,19.5892,33.6786
2019-05-19 02-20-55,371,19.6243,33.6786
2019-05-19 02-20-59,371,19.6426,33.7053
2019-05-19 02-21-01,370,19.5389,33.7186
2019-05-19 02-21-03,371,19.6442,33.748
2019-05-19 02-21-05,370,19.5602,33.7907
2019-05-19 02-21-07,370,19.5435,33.8041
2019-05-19 02-21-09,370,19.4565,33.7907
2019-05-19 02-21-11,370,19.4733,33.8308
2019-05-19 02-21-13,371,19.4748,33.8041
2019-05-19 02-21-17,371,19.4199,33.8041
2019-05-19 02-21-19,370,19.4199,33.8174
2019-05-19 02-21-21,371,19.4565,33.7907
2019-05-19 02-21-23,371,19.5068,33.7614
2019-05-19 02-21-25,370,19.5435,33.7614
2019-05-19 02-21-27,370,19.5602,33.7614
2019-05-19 02-21-29,371,19.5602,33.7614
2019-05-19 02-21-33,371,19.5435,33.7614
2019-05-19 02-21-35,371,19.5938,33.7346
2019-05-19 02-21-37,371,19.5938,33.7346
2019-05-19 02-21-39,370,19.5602,33.7614
2019-05-19 02-21-41,370,19.5602,33.7747
2019-05-19 02-21-43,370,19.4885,33.7907
2019-05-19 02-21-45,370,19.5068,33.8495
2019-05-19 02-21-47,370,19.4595,33.8308
2019-05-19 02-21-51,370,19.4565,33.8308
2019-05-19 02-21-53,370,19.4916,33.7907
2019-05-19 02-21-55,370,19.4733,33.7907
2019-05-19 02-21-57,371,19.4733,33.8041
2019-05-19 02-21-59,371,19.5068,33.8308
2019-05-19 02-22-01,371,19.5099,33.8308
2019-05-19 02-22-03,371,19.368,33.8495
2019-05-19 02-22-07,371,19.4061,33.8174
2019-05-19 02-22-09,371,19.4748,33.8174
2019-05-19 02-22-11,371,19.4748,33.7747
2019-05-19 02-22-13,371,19.5068,33.7747
2019-05-19 02-22-15,371,19.5618,33.7614
2019-05-19 02-22-17,371,19.5251,33.7747
2019-05-19 02-22-19,371,19.5618,33.7907
2019-05-19 02-22-21,371,19.5435,33.8174
2019-05-19 02-22-25,371,19.5984,33.8308
2019-05-19 02-22-27,371,19.4916,33.8762
2019-05-19 02-22-29,371,19.4092,33.8628
2019-05-19 02-22-31,371,19.3909,33.8895
2019-05-19 02-22-33,371,19.4427,33.9189
2019-05-19 02-22-35,371,19.3375,33.9323
2019-05-19 02-22-37,372,19.3741,33.9483
2019-05-19 02-22-39,372,19.3405,33.9483
2019-05-19 02-22-43,372,19.3405,33.9323
2019-05-19 02-22-45,372,19.3405,33.9616
2019-05-19 02-22-47,372,19.3588,33.9483
2019-05-19 02-22-49,373,19.3954,33.9055
2019-05-19 02-22-51,373,19.3924,33.8895
2019-05-19 02-22-53,373,19.3192,33.8762
2019-05-19 02-22-55,372,19.3695,33.9055
2019-05-19 02-22-59,373,19.4275,33.8762
2019-05-19 02-23-01,372,19.4427,33.8495
2019-05-19 02-23-03,373,19.4061,33.8308
2019-05-19 02-23-05,373,19.4412,33.8628
2019-05-19 02-23-07,373,19.4427,33.8174
2019-05-19 02-23-09,373,19.4916,33.8628
2019-05-19 02-23-11,373,19.4931,33.8762
2019-05-19 02-23-13,372,19.4427,33.8895
2019-05-19 02-23-17,372,19.4611,33.8895
2019-05-19 02-23-19,372,19.4427,33.9483
2019-05-19 02-23-21,373,19.3954,33.975
2019-05-19 02-23-23,373,19.3771,33.9883
2019-05-19 02-23-25,373,19.3268,34.0177
2019-05-19 02-23-27,373,19.3268,34.0043
2019-05-19 02-23-29,374,19.3787,34.0043
2019-05-19 02-23-33,374,19.4,34.0043
2019-05-19 02-23-35,374,19.2734,33.9883
2019-05-19 02-23-37,374,19.3085,33.9883
2019-05-19 02-23-39,374,19.2184,33.9483
2019-05-19 02-23-41,374,19.2719,33.9483
2019-05-19 02-23-43,374,19.2719,33.9323
2019-05-19 02-23-45,374,19.2871,33.8895
2019-05-19 02-23-47,374,19.2856,33.8895
2019-05-19 02-23-51,375,19.3924,33.9055
2019-05-19 02-23-53,375,19.3726,33.8762
2019-05-19 02-23-55,375,19.4427,33.8628
2019-05-19 02-23-57,375,19.3909,33.8308
2019-05-19 02-23-59,375,19.4229,33.8495
2019-05-19 02-24-01,375,19.3695,33.8628
2019-05-19 02-24-03,375,19.4427,33.8308
2019-05-19 02-24-07,374,19.4061,33.8308
2019-05-19 02-24-09,374,19.368,33.8174
2019-05-19 02-24-11,374,19.368,33.8174
2019-05-19 02-24-13,373,19.3878,33.8308
2019-05-19 02-24-15,373,19.3329,33.8174
2019-05-19 02-24-17,373,19.4229,33.8041
2019-05-19 02-24-19,373,19.4733,33.8041
2019-05-19 02-24-21,373,19.4199,33.7614
2019-05-19 02-24-25,373,19.455,33.7614
2019-05-19 02-24-27,373,19.4885,33.748
2019-05-19 02-24-29,373,19.5251,33.7053
2019-05-19 02-24-31,373,19.4839,33.7346
2019-05-19 02-24-33,373,19.5419,33.7053
2019-05-19 02-24-35,373,19.574,33.7053
2019-05-19 02-24-37,373,19.6259,33.6919
2019-05-19 02-24-39,373,19.574,33.7053
2019-05-19 02-24-43,372,19.6259,33.7053
2019-05-19 02-24-45,372,19.574,33.7053
2019-05-19 02-24-47,372,19.6075,33.7053
2019-05-19 02-24-49,372,19.6075,33.7053
2019-05-19 02-24-51,371,19.5923,33.7053
2019-05-19 02-24-53,371,19.574,33.7053
2019-05-19 02-24-55,371,19.6442,33.6919
2019-05-19 02-24-59,371,19.574,33.7053
2019-05-19 02-25-01,370,19.6259,33.7614
2019-05-19 02-25-03,370,19.5786,33.7614
2019-05-19 02-25-05,370,19.4702,33.8041
2019-05-19 02-25-07,369,19.4565,33.7907
2019-05-19 02-25-09,370,19.5068,33.8308
2019-05-19 02-25-11,369,19.4748,33.8308
2019-05-19 02-25-13,370,19.4748,33.8308
2019-05-19 02-25-17,369,19.4412,33.8628
2019-05-19 02-25-19,369,19.3695,33.8762
2019-05-19 02-25-21,370,19.3695,33.8495
2019-05-19 02-25-23,370,19.3695,33.8628
2019-05-19 02-25-25,370,19.3695,33.8308
2019-05-19 02-25-27,370,19.3512,33.8308
2019-05-19 02-25-29,370,19.4229,33.8174
2019-05-19 02-25-33,371,19.4046,33.7907
2019-05-19 02-25-36,371,19.455,33.7907
2019-05-19 02-25-38,371,19.4382,33.7747
2019-05-19 02-25-40,371,19.455,33.7907
2019-05-19 02-25-42,372,19.4885,33.748
2019-05-19 02-25-44,371,19.487,33.6919
2019-05-19 02-25-46,371,19.5206,33.7186
2019-05-19 02-25-48,371,19.5023,33.6786
2019-05-19 02-25-52,371,19.5892,33.6625
2019-05-19 02-25-54,371,19.6243,33.6492
2019-05-19 02-25-56,371,19.6762,33.6225
2019-05-19 02-25-58,371,19.6564,33.6358
2019-05-19 02-26-00,371,19.6564,33.6225
2019-05-19 02-26-02,370,19.7266,33.6225
2019-05-19 02-26-04,370,19.6762,33.5931
2019-05-19 02-26-06,370,19.7433,33.6065
2019-05-19 02-26-10,370,19.7617,33.6065
2019-05-19 02-26-12,369,19.7266,33.5931
2019-05-19 02-26-14,369,19.6747,33.6225
2019-05-19 02-26-16,369,19.7449,33.6358
2019-05-19 02-26-18,369,19.6762,33.6625
2019-05-19 02-26-20,369,19.606,33.6625
2019-05-19 02-26-22,369,19.5557,33.7053
2019-05-19 02-26-26,369,19.6609,33.7053
2019-05-19 02-26-28,369,19.6259,33.748
2019-05-19 02-26-30,369,19.5602,33.7747
2019-05-19 02-26-32,369,19.5786,33.8041
2019-05-19 02-26-34,369,19.5465,33.8041
2019-05-19 02-26-36,368,19.4733,33.8174
2019-05-19 02-26-38,369,19.4916,33.8495
2019-05-19 02-26-40,369,19.4412,33.8174
2019-05-19 02-26-44,369,19.4748,33.8308
2019-05-19 02-26-46,369,19.4229,33.7907
2019-05-19 02-26-48,370,19.5282,33.7907
2019-05-19 02-26-50,371,19.5282,33.7747
2019-05-19 02-26-52,372,19.4702,33.7747
2019-05-19 02-26-54,372,19.5251,33.7614
2019-05-19 02-26-56,371,19.5602,33.748
2019-05-19 02-26-58,371,19.5053,33.7186
2019-05-19 02-27-02,371,19.4839,33.7346
2019-05-19 02-27-04,372,19.5419,33.7346
2019-05-19 02-27-06,371,19.5236,33.7346
2019-05-19 02-27-08,371,19.487,33.7346
2019-05-19 02-27-10,371,19.5236,33.7614
2019-05-19 02-27-12,371,19.5053,33.748
2019-05-19 02-27-14,371,19.5053,33.748
2019-05-19 02-27-16,371,19.5419,33.7614
2019-05-19 02-27-20,372,19.5251,33.7614
2019-05-19 02-27-22,372,19.4885,33.7747
2019-05-19 02-27-24,372,19.5068,33.7747
2019-05-19 02-27-26,372,19.4702,33.748
2019-05-19 02-27-28,372,19.5053,33.7907
2019-05-19 02-27-30,372,19.5068,33.748
2019-05-19 02-27-32,372,19.4519,33.7614
2019-05-19 02-27-36,371,19.4885,33.7614
2019-05-19 02-27-38,372,19.5602,33.8041
2019-05-19 02-27-40,372,19.5465,33.8174
2019-05-19 02-27-42,372,19.5297,33.8308
2019-05-19 02-27-44,372,19.4748,33.8495
2019-05-19 02-27-46,372,19.4931,33.8895
2019-05-19 02-27-48,372,19.5145,33.8762
2019-05-19 02-27-50,373,19.4778,33.8895
2019-05-19 02-27-54,373,19.4427,33.8895
2019-05-19 02-27-56,373,19.3726,33.8895
2019-05-19 02-27-58,373,19.4611,33.8628
2019-05-19 02-28-00,374,19.4778,33.8495
2019-05-19 02-28-02,375,19.4595,33.7907
2019-05-19 02-28-04,375,19.5435,33.8174
2019-05-19 02-28-06,375,19.5297,33.8174
2019-05-19 02-28-08,374,19.4748,33.8308
2019-05-19 02-28-12,374,19.4916,33.8495
2019-05-19 02-28-14,374,19.4244,33.8628
2019-05-19 02-28-16,374,19.4244,33.9055
2019-05-19 02-28-18,374,19.4962,33.9483
2019-05-19 02-28-20,374,19.4641,33.975
2019-05-19 02-28-22,374,19.4321,33.9616
2019-05-19 02-28-24,374,19.3588,33.9483
2019-05-19 02-28-28,375,19.3237,33.9055
2019-05-19 02-28-30,374,19.3375,33.9189
2019-05-19 02-28-32,374,19.3375,33.9055
2019-05-19 02-28-34,374,19.4458,33.9323
2019-05-19 02-28-36,374,19.3741,33.9323
2019-05-19 02-28-38,374,19.3741,33.9323
2019-05-19 02-28-40,374,19.3405,33.9483
2019-05-19 02-28-42,374,19.3237,33.9189
2019-05-19 02-28-46,374,19.2871,33.9483
2019-05-19 02-28-48,373,19.3054,33.9483
2019-05-19 02-28-50,373,19.3588,33.9483
2019-05-19 02-28-52,373,19.3237,33.9189
2019-05-19 02-28-54,374,19.3375,33.9323
2019-05-19 02-28-56,374,19.2871,33.9323
2019-05-19 02-28-58,374,19.3054,33.9189
2019-05-19 02-29-00,373,19.3375,33.9055
2019-05-19 02-29-04,373,19.3726,33.9189
2019-05-19 02-29-06,374,19.3039,33.9616
2019-05-19 02-29-08,374,19.3588,33.9483
2019-05-19 02-29-10,374,19.2535,33.9616
2019-05-19 02-29-12,374,19.3054,33.9616
2019-05-19 02-29-14,374,19.3054,33.9883
2019-05-19 02-29-16,374,19.2734,33.975
2019-05-19 02-29-20,374,19.342,33.9616
2019-05-19 02-29-22,374,19.2719,33.9323
2019-05-19 02-29-24,374,19.3222,33.9323
2019-05-19 02-29-26,374,19.3405,33.8762
2019-05-19 02-29-28,374,19.3695,33.9055
2019-05-19 02-29-30,374,19.3558,33.8895
2019-05-19 02-29-32,374,19.4092,33.9055
2019-05-19 02-29-34,374,19.4107,33.9323
2019-05-19 02-29-38,374,19.4458,33.9323
2019-05-19 02-29-40,375,19.3954,33.9616
2019-05-19 02-29-42,374,19.3237,33.9055
2019-05-19 02-29-44,374,19.3924,33.9189
2019-05-19 02-29-46,375,19.4458,33.8762
2019-05-19 02-29-48,375,19.4092,33.8495
2019-05-19 02-29-50,375,19.4412,33.8308
2019-05-19 02-29-52,375,19.4565,33.7747
2019-05-19 02-29-56,375,19.455,33.7614
2019-05-19 02-29-58,375,19.5053,33.7614
2019-05-19 02-30-00,375,19.5786,33.7614
2019-05-19 02-30-02,374,19.5938,33.7186
2019-05-19 02-30-04,373,19.5755,33.7186
2019-05-19 02-30-06,373,19.6442,33.6919
2019-05-19 02-30-08,374,19.6426,33.6919
2019-05-19 02-30-12,373,19.6808,33.6492
2019-05-19 02-30-14,373,19.6396,33.6358
2019-05-19 02-30-16,372,19.6762,33.6225
2019-05-19 02-30-18,372,19.7449,33.6492
2019-05-19 02-30-20,372,19.7296,33.6625
2019-05-19 02-30-22,372,19.6579,33.6625
2019-05-19 02-30-24,372,19.606,33.6786
2019-05-19 02-30-26,371,19.5557,33.6919
2019-05-19 02-30-30,370,19.5557,33.7186
2019-05-19 02-30-32,370,19.5923,33.7346
2019-05-19 02-30-34,370,19.5938,33.7346
2019-05-19 02-30-36,369,19.5419,33.7346
2019-05-19 02-30-38,369,19.5602,33.7186
2019-05-19 02-30-40,369,19.4839,33.7346
2019-05-19 02-30-42,370,19.5419,33.7346
2019-05-19 02-30-44,370,19.5602,33.7186
2019-05-19 02-30-48,370,19.5389,33.7053
2019-05-19 02-30-50,370,19.574,33.6919
2019-05-19 02-30-52,370,19.574,33.6786
2019-05-19 02-30-55,370,19.5709,33.6919
2019-05-19 02-30-57,370,19.5892,33.6919
2019-05-19 02-30-59,371,19.574,33.6786
2019-05-19 02-31-01,371,19.5892,33.6625
2019-05-19 02-31-05,370,19.6243,33.6625
2019-05-19 02-31-07,370,19.6243,33.6625
2019-05-19 02-31-09,371,19.6793,33.6625
2019-05-19 02-31-11,371,19.606,33.6492
2019-05-19 02-31-13,371,19.7128,33.6492
2019-05-19 02-31-15,371,19.6579,33.6225
2019-05-19 02-31-17,371,19.6762,33.6225
2019-05-19 02-31-19,371,19.7113,33.6492
2019-05-19 02-31-23,370,19.6579,33.6786
2019-05-19 02-31-25,370,19.6793,33.7186
2019-05-19 02-31-27,370,19.5923,33.7614
2019-05-19 02-31-29,369,19.5602,33.7907
2019-05-19 02-31-31,369,19.5068,33.8041
2019-05-19 02-31-33,369,19.4565,33.8308
2019-05-19 02-31-35,370,19.4565,33.8628
2019-05-19 02-31-39,370,19.4778,33.8495
2019-05-19 02-31-41,371,19.4244,33.8308
2019-05-19 02-31-43,371,19.4748,33.8308
2019-05-19 02-31-45,370,19.4412,33.8628
2019-05-19 02-31-47,371,19.4778,33.8495
2019-05-19 02-31-49,371,19.4061,33.8762
2019-05-19 02-31-51,371,19.3909,33.8895
2019-05-19 02-31-53,371,19.3726,33.8628
2019-05-19 02-31-57,372,19.3512,33.8895
2019-05-19 02-31-59,372,19.3726,33.8762
2019-05-19 02-32-01,372,19.3909,33.8762
2019-05-19 02-32-03,373,19.3695,33.8495
2019-05-19 02-32-05,373,19.3176,33.8495
2019-05-19 02-32-07,373,19.3512,33.8308
2019-05-19 02-32-09,374,19.3878,33.7907
2019-05-19 02-32-11,374,19.4046,33.7747
2019-05-19 02-32-15,374,19.455,33.7614
2019-05-19 02-32-17,374,19.4702,33.7907
2019-05-19 02-32-19,374,19.455,33.7614
2019-05-19 02-32-21,374,19.5053,33.748
2019-05-19 02-32-23,374,19.487,33.7186
2019-05-19 02-32-25,374,19.5236,33.7186
2019-05-19 02-32-27,374,19.5389,33.7346
2019-05-19 02-32-29,374,19.5419,33.7053
2019-05-19 02-32-33,374,19.4687,33.7186
2019-05-19 02-32-35,374,19.5236,33.7053
2019-05-19 02-32-37,374,19.6075,33.7053
2019-05-19 02-32-39,374,19.6442,33.7053
2019-05-19 02-32-41,375,19.5923,33.6919
2019-05-19 02-32-43,374,19.5892,33.6919
2019-05-19 02-32-45,374,19.5892,33.7053
2019-05-19 02-32-49,373,19.6075,33.7053
2019-05-19 02-32-51,373,19.6075,33.7186
2019-05-19 02-32-53,373,19.5236,33.748
2019-05-19 02-32-55,372,19.5419,33.7614
2019-05-19 02-32-57,372,19.5786,33.748
2019-05-19 02-32-59,373,19.5755,33.7614
2019-05-19 02-33-01,372,19.455,33.7346
2019-05-19 02-33-03,372,19.5053,33.748
2019-05-19 02-33-07,371,19.487,33.7614
2019-05-19 02-33-09,372,19.5251,33.7747
2019-05-19 02-33-11,372,19.4366,33.7907
2019-05-19 02-33-13,372,19.455,33.7907
2019-05-19 02-33-15,373,19.4885,33.7747
2019-05-19 02-33-17,373,19.4199,33.7747
2019-05-19 02-33-19,373,19.4199,33.7747
2019-05-19 02-33-21,373,19.4702,33.7614
2019-05-19 02-33-25,374,19.4885,33.748
2019-05-19 02-33-27,375,19.4702,33.748
2019-05-19 02-33-29,374,19.5251,33.7346
2019-05-19 02-33-31,374,19.487,33.748
2019-05-19 02-33-33,374,19.5053,33.7346
2019-05-19 02-33-35,374,19.487,33.7186
2019-05-19 02-33-37,375,19.5023,33.7346
2019-05-19 02-33-41,375,19.5419,33.7614
2019-05-19 02-33-43,374,19.4885,33.7186
2019-05-19 02-33-45,374,19.5236,33.7186
2019-05-19 02-33-47,375,19.5023,33.7186
2019-05-19 02-33-49,375,19.5236,33.6919
2019-05-19 02-33-51,375,19.5557,33.6919
2019-05-19 02-33-53,376,19.574,33.6786
2019-05-19 02-33-55,376,19.6075,33.6786
2019-05-19 02-33-59,376,19.6075,33.6492
2019-05-19 02-34-01,375,19.6213,33.6786
2019-05-19 02-34-03,375,19.5557,33.6786
2019-05-19 02-34-05,375,19.5374,33.6919
2019-05-19 02-34-07,375,19.574,33.6492
2019-05-19 02-34-09,374,19.5526,33.6492
2019-05-19 02-34-11,375,19.5709,33.6492
2019-05-19 02-34-13,375,19.5709,33.6492
2019-05-19 02-34-17,374,19.5877,33.6625
2019-05-19 02-34-19,374,19.6243,33.6786
2019-05-19 02-34-21,374,19.6579,33.6786
2019-05-19 02-34-23,373,19.6976,33.6625
2019-05-19 02-34-25,373,19.6579,33.6358
2019-05-19 02-34-27,373,19.6213,33.6358
2019-05-19 02-34-29,372,19.6396,33.6358
2019-05-19 02-34-31,373,19.7296,33.6225
2019-05-19 02-34-35,373,19.6762,33.5931
2019-05-19 02-34-37,373,19.6747,33.5798
2019-05-19 02-34-39,373,19.7586,33.5798
2019-05-19 02-34-41,373,19.7586,33.5798
2019-05-19 02-34-43,373,19.7769,33.537
2019-05-19 02-34-45,373,19.7906,33.537
2019-05-19 02-34-47,372,19.7571,33.537
2019-05-19 02-34-51,372,19.8303,33.5664
2019-05-19 02-34-53,372,19.7586,33.5504
2019-05-19 02-34-55,372,19.7754,33.5504
2019-05-19 02-34-57,372,19.7586,33.5504
2019-05-19 02-34-59,371,19.7754,33.5931
2019-05-19 02-35-01,371,19.812,33.5798
2019-05-19 02-35-03,371,19.8318,33.5664
2019-05-19 02-35-05,371,19.7586,33.5664
2019-05-19 02-35-09,371,19.812,33.5664
2019-05-19 02-35-11,370,19.812,33.5931
2019-05-19 02-35-13,370,19.7769,33.6358
2019-05-19 02-35-15,371,19.6762,33.6225
2019-05-19 02-35-17,370,19.6762,33.6358
2019-05-19 02-35-19,371,19.7113,33.5931
2019-05-19 02-35-21,371,19.7266,33.5931
2019-05-19 02-35-23,371,19.7617,33.6065
2019-05-19 02-35-27,372,19.7266,33.5798
2019-05-19 02-35-29,372,19.7083,33.5931
2019-05-19 02-35-31,372,19.7083,33.6225
2019-05-19 02-35-33,372,19.6762,33.5931
2019-05-19 02-35-35,371,19.6198,33.5931
2019-05-19 02-35-37,371,19.7083,33.5931
2019-05-19 02-35-39,371,19.7083,33.6065
2019-05-19 02-35-43,372,19.6198,33.6225
2019-05-19 02-35-45,371,19.693,33.5798
2019-05-19 02-35-47,371,19.7586,33.5931
2019-05-19 02-35-49,371,19.6899,33.5664
2019-05-19 02-35-51,371,19.7403,33.5664
2019-05-19 02-35-53,372,19.7586,33.5504
2019-05-19 02-35-55,372,19.7067,33.5504
2019-05-19 02-35-57,372,19.722,33.5504
2019-05-19 02-36-01,372,19.7586,33.5504
2019-05-19 02-36-04,372,19.722,33.5504
2019-05-19 02-36-06,371,19.7754,33.5504
2019-05-19 02-36-08,371,19.7586,33.5504
2019-05-19 02-36-10,371,19.7754,33.5237
2019-05-19 02-36-12,371,19.8273,33.4943
2019-05-19 02-36-14,371,19.8074,33.5237
2019-05-19 02-36-16,371,19.8639,33.5237
2019-05-19 02-36-20,371,19.7571,33.481
2019-05-19 02-36-22,371,19.7708,33.537
2019-05-19 02-36-24,371,19.809,33.5103
2019-05-19 02-36-26,371,19.7388,33.5103
2019-05-19 02-36-28,371,19.7388,33.5103
2019-05-19 02-36-30,371,19.7388,33.5504
2019-05-19 02-36-32,371,19.7586,33.5103
2019-05-19 02-36-34,371,19.7906,33.4943
2019-05-19 02-36-38,371,19.754,33.4943
2019-05-19 02-36-40,370,19.754,33.5103
2019-05-19 02-36-42,371,19.7723,33.481
2019-05-19 02-36-44,371,19.8044,33.4676
2019-05-19 02-36-46,371,19.8257,33.4382
2019-05-19 02-36-48,371,19.8029,33.4516
2019-05-19 02-36-50,371,19.8044,33.4382
2019-05-19 02-36-54,371,19.8761,33.4516
2019-05-19 02-36-56,370,19.8227,33.4676
2019-05-19 02-36-58,370,19.7891,33.4676
2019-05-19 02-37-00,370,19.841,33.4676
2019-05-19 02-37-02,370,19.8044,33.4943
2019-05-19 02-37-04,370,19.7891,33.481
2019-05-19 02-37-06,370,19.7357,33.4676
2019-05-19 02-37-08,370,19.7357,33.481
2019-05-19 02-37-12,370,19.8441,33.4676
2019-05-19 02-37-14,370,19.841,33.481
2019-05-19 02-37-16,370,19.8257,33.4943
2019-05-19 02-37-18,370,19.8776,33.481
2019-05-19 02-37-20,370,19.8593,33.4676
2019-05-19 02-37-22,370,19.8257,33.4676
2019-05-19 02-37-24,370,19.8593,33.4943
2019-05-19 02-37-26,370,19.8273,33.4676
2019-05-19 02-37-30,370,19.7891,33.4943
2019-05-19 02-37-32,369,19.7891,33.4943
2019-05-19 02-37-34,369,19.8074,33.4943
2019-05-19 02-37-36,369,19.8273,33.4943
2019-05-19 02-37-38,369,19.8273,33.4943
2019-05-19 02-37-40,369,19.8273,33.4943
2019-05-19 02-37-42,369,19.8441,33.481
2019-05-19 02-37-46,369,19.8441,33.481
2019-05-19 02-37-48,369,19.8441,33.4943
2019-05-19 02-37-50,369,19.8273,33.4943
2019-05-19 02-37-52,369,19.8074,33.537
2019-05-19 02-37-54,369,19.809,33.537
2019-05-19 02-37-56,369,19.809,33.5237
2019-05-19 02-37-58,369,19.7906,33.5237
2019-05-19 02-38-00,369,19.7571,33.5237
2019-05-19 02-38-04,369,19.7723,33.4943
2019-05-19 02-38-06,369,19.7723,33.4943
2019-05-19 02-38-08,369,19.7891,33.4676
2019-05-19 02-38-10,369,19.8593,33.481
2019-05-19 02-38-12,369,19.8776,33.4676
2019-05-19 02-38-14,369,19.8593,33.481
2019-05-19 02-38-16,369,19.8441,33.4676
2019-05-19 02-38-20,369,19.7525,33.4676
2019-05-19 02-38-22,369,19.8944,33.4516
2019-05-19 02-38-24,369,19.8227,33.4382
2019-05-19 02-38-26,369,19.841,33.4249
2019-05-19 02-38-28,369,19.8227,33.4249
2019-05-19 02-38-30,369,19.8227,33.4382
2019-05-19 02-38-32,369,19.8914,33.4516
2019-05-19 02-38-34,369,19.8593,33.4516
2019-05-19 02-38-38,368,19.841,33.4676
2019-05-19 02-38-40,368,19.8257,33.4943
2019-05-19 02-38-42,368,19.7891,33.537
2019-05-19 02-38-44,368,19.7571,33.537
2019-05-19 02-38-46,368,19.7571,33.5798
2019-05-19 02-38-48,368,19.7586,33.5504
2019-05-19 02-38-50,368,19.6884,33.5798
2019-05-19 02-38-52,368,19.7083,33.5931
2019-05-19 02-38-56,368,19.6899,33.6225
2019-05-19 02-38-58,368,19.6564,33.6065
2019-05-19 02-39-00,368,19.7083,33.5798
2019-05-19 02-39-02,369,19.7083,33.5931
2019-05-19 02-39-04,369,19.6747,33.5664
2019-05-19 02-39-06,370,19.6518,33.5664
2019-05-19 02-39-08,370,19.6899,33.5504
2019-05-19 02-39-12,371,19.7067,33.5504
2019-05-19 02-39-14,371,19.6884,33.537
2019-05-19 02-39-16,371,19.7906,33.5237
2019-05-19 02-39-18,372,19.7571,33.5103
2019-05-19 02-39-20,372,19.7723,33.4943
2019-05-19 02-39-22,372,19.7891,33.4943
2019-05-19 02-39-24,373,19.7891,33.481
2019-05-19 02-39-26,373,19.7708,33.481
2019-05-19 02-39-30,373,19.7891,33.5103
2019-05-19 02-39-32,373,19.8456,33.5237
2019-05-19 02-39-34,373,19.7571,33.5103
2019-05-19 02-39-36,372,19.7906,33.4943
2019-05-19 02-39-38,372,19.7891,33.5103
2019-05-19 02-39-40,372,19.8074,33.537
2019-05-19 02-39-42,372,19.7403,33.5103
2019-05-19 02-39-44,372,19.7723,33.537
2019-05-19 02-39-48,372,19.7571,33.537
2019-05-19 02-39-50,371,19.6701,33.537
2019-05-19 02-39-52,371,19.7906,33.537
2019-05-19 02-39-54,371,19.7754,33.5664
2019-05-19 02-39-56,370,19.725,33.5664
2019-05-19 02-39-58,370,19.7769,33.5664
2019-05-19 02-40-00,370,19.7586,33.5504
2019-05-19 02-40-04,371,19.722,33.537
2019-05-19 02-40-06,371,19.6701,33.5664
2019-05-19 02-40-08,371,19.6899,33.5664
2019-05-19 02-40-10,371,19.7403,33.5504
2019-05-19 02-40-12,371,19.722,33.537
2019-05-19 02-40-14,371,19.7906,33.537
2019-05-19 02-40-16,371,19.7403,33.5504
2019-05-19 02-40-18,371,19.7754,33.5237
2019-05-19 02-40-22,371,19.7037,33.4943
2019-05-19 02-40-24,371,19.7388,33.5237
2019-05-19 02-40-26,372,19.8273,33.481
2019-05-19 02-40-28,372,19.754,33.4943
2019-05-19 02-40-30,371,19.8074,33.481
2019-05-19 02-40-32,370,19.7708,33.4943
2019-05-19 02-40-34,370,19.7388,33.481
2019-05-19 02-40-36,370,19.8257,33.481
2019-05-19 02-40-40,371,19.7357,33.481
2019-05-19 02-40-42,371,19.8257,33.481
2019-05-19 02-40-44,371,19.8044,33.481
2019-05-19 02-40-46,371,19.8257,33.4516
2019-05-19 02-40-48,371,19.841,33.4516
2019-05-19 02-40-50,371,19.8593,33.4676
2019-05-19 02-40-52,371,19.841,33.481
2019-05-19 02-40-56,370,19.8441,33.4676
2019-05-19 02-40-58,370,19.8593,33.5103
2019-05-19 02-41-00,370,19.7906,33.4943
2019-05-19 02-41-02,369,19.8273,33.4943
2019-05-19 02-41-04,369,19.8074,33.4943
2019-05-19 02-41-06,369,19.8273,33.4943
2019-05-19 02-41-08,368,19.8074,33.481
2019-05-19 02-41-10,369,19.7708,33.5103
2019-05-19 02-41-14,369,19.7906,33.481
2019-05-19 02-41-16,368,19.7708,33.5103
2019-05-19 02-41-18,368,19.8273,33.4943
2019-05-19 02-41-20,369,19.8074,33.481
2019-05-19 02-41-22,368,19.8593,33.5103
2019-05-19 02-41-24,369,19.8456,33.481
2019-05-19 02-41-26,369,19.7891,33.5103
2019-05-19 02-41-28,368,19.7906,33.4943
2019-05-19 02-41-32,368,19.8074,33.5103
2019-05-19 02-41-34,368,19.7906,33.5103
2019-05-19 02-41-36,367,19.7388,33.5103
2019-05-19 02-41-38,368,19.7205,33.5103
2019-05-19 02-41-41,368,19.7723,33.481
2019-05-19 02-41-43,368,19.8257,33.481
2019-05-19 02-41-45,368,19.7891,33.481
2019-05-19 02-41-49,369,19.8441,33.4943
2019-05-19 02-41-51,369,19.8624,33.4943
2019-05-19 02-41-53,369,19.8074,33.5237
2019-05-19 02-41-55,369,19.809,33.5237
2019-05-19 02-41-57,369,19.8273,33.5237
2019-05-19 02-41-59,369,19.7723,33.5103
2019-05-19 02-42-01,369,19.7906,33.5103
2019-05-19 02-42-03,369,19.7906,33.5237
2019-05-19 02-42-07,370,19.7906,33.5103
2019-05-19 02-42-09,370,19.7723,33.5237
2019-05-19 02-42-11,369,19.8273,33.5237
2019-05-19 02-42-13,370,19.7723,33.4943
2019-05-19 02-42-15,369,19.7388,33.5237
2019-05-19 02-42-17,369,19.7571,33.4943
2019-05-19 02-42-19,369,19.8273,33.4943
2019-05-19 02-42-21,369,19.7891,33.481
2019-05-19 02-42-25,369,19.8044,33.4943
2019-05-19 02-42-27,369,19.8074,33.481
2019-05-19 02-42-29,370,19.7708,33.4943
2019-05-19 02-42-31,369,19.8074,33.481
2019-05-19 02-42-33,369,19.8044,33.481
2019-05-19 02-42-35,369,19.8044,33.4943
2019-05-19 02-42-37,370,19.8074,33.4676
2019-05-19 02-42-41,370,19.8257,33.4676
2019-05-19 02-42-43,370,19.8593,33.4516
2019-05-19 02-42-45,370,19.841,33.4516
2019-05-19 02-42-47,370,19.8227,33.4382
2019-05-19 02-42-49,370,19.8578,33.4516
2019-05-19 02-42-51,370,19.841,33.4249
2019-05-19 02-42-53,370,19.8914,33.4115
2019-05-19 02-42-55,370,19.873,33.4382
2019-05-19 02-42-59,370,19.8227,33.481
2019-05-19 02-43-01,369,19.8593,33.4943
2019-05-19 02-43-03,369,19.8074,33.4943
2019-05-19 02-43-05,369,19.8074,33.5237
2019-05-19 02-43-07,369,19.7723,33.5237
2019-05-19 02-43-09,368,19.809,33.5103
2019-05-19 02-43-11,368,19.7571,33.5504
2019-05-19 02-43-13,368,19.7403,33.5504
2019-05-19 02-43-17,367,19.722,33.5504
2019-05-19 02-43-19,367,19.722,33.537
2019-05-19 02-43-21,367,19.7403,33.537
2019-05-19 02-43-23,368,19.7067,33.537
2019-05-19 02-43-25,368,19.7906,33.5237
2019-05-19 02-43-27,369,19.7906,33.5237
2019-05-19 02-43-29,370,19.809,33.5237
2019-05-19 02-43-33,370,19.7388,33.5237
2019-05-19 02-43-35,370,19.7906,33.5504
2019-05-19 02-43-37,370,19.809,33.5103
2019-05-19 02-43-39,370,19.7571,33.5103
2019-05-19 02-43-41,371,19.7205,33.5504
2019-05-19 02-43-43,372,19.7586,33.5664
2019-05-19 02-43-45,371,19.7769,33.5504
2019-05-19 02-43-47,371,19.722,33.5664
2019-05-19 02-43-51,372,19.7937,33.5798
2019-05-19 02-43-53,372,19.6899,33.5931
2019-05-19 02-43-55,372,19.6899,33.6225
2019-05-19 02-43-57,373,19.6213,33.5798
2019-05-19 02-43-59,373,19.635,33.6225
2019-05-19 02-44-01,374,19.6213,33.6225
2019-05-19 02-44-03,373,19.603,33.6065
2019-05-19 02-44-05,373,19.603,33.5931
2019-05-19 02-44-09,373,19.6533,33.5931
2019-05-19 02-44-11,372,19.6381,33.5798
2019-05-19 02-44-13,373,19.6014,33.5664
2019-05-19 02-44-15,373,19.6716,33.6065
2019-05-19 02-44-17,373,19.7083,33.5798
2019-05-19 02-44-19,374,19.635,33.5664
2019-05-19 02-44-21,375,19.6899,33.5504
2019-05-19 02-44-25,375,19.7754,33.5504
2019-05-19 02-44-27,376,19.7067,33.5504
2019-05-19 02-44-29,375,19.722,33.5504
2019-05-19 02-44-31,376,19.722,33.5504
2019-05-19 02-44-33,375,19.6884,33.537
2019-05-19 02-44-35,375,19.7754,33.5237
2019-05-19 02-44-37,375,19.7388,33.537
2019-05-19 02-44-39,375,19.7067,33.537
2019-05-19 02-44-43,376,19.7403,33.5237
2019-05-19 02-44-45,375,19.722,33.537
2019-05-19 02-44-47,375,19.7067,33.5237
2019-05-19 02-44-49,375,19.7388,33.5103
2019-05-19 02-44-51,375,19.7723,33.5103
2019-05-19 02-44-53,375,19.7571,33.5103
2019-05-19 02-44-55,375,19.7723,33.5103
2019-05-19 02-44-57,374,19.7571,33.4943
2019-05-19 02-45-01,374,19.8273,33.5103
2019-05-19 02-45-03,374,19.7571,33.481
2019-05-19 02-45-05,374,19.8044,33.4943
2019-05-19 02-45-07,374,19.7891,33.4943
2019-05-19 02-45-09,374,19.8074,33.4516
2019-05-19 02-45-11,374,19.8044,33.4676
2019-05-19 02-45-13,374,19.841,33.4943
2019-05-19 02-45-17,373,19.8273,33.481
2019-05-19 02-45-19,374,19.8044,33.4943
2019-05-19 02-45-21,374,19.7723,33.5103
2019-05-19 02-45-23,375,19.8624,33.481
2019-05-19 02-45-25,375,19.8441,33.4943
2019-05-19 02-45-27,375,19.8441,33.481
2019-05-19 02-45-29,374,19.8044,33.4676
2019-05-19 02-45-31,374,19.841,33.4516
2019-05-19 02-45-35,374,19.8044,33.4676
2019-05-19 02-45-37,375,19.841,33.4516
2019-05-19 02-45-39,375,19.8944,33.4382
2019-05-19 02-45-41,375,19.8578,33.4382
2019-05-19 02-45-43,374,19.9097,33.4676
2019-05-19 02-45-45,375,19.841,33.4943
2019-05-19 02-45-47,375,19.9142,33.4943
2019-05-19 02-45-49,374,19.8624,33.5103
2019-05-19 02-45-53,373,19.8074,33.5103
2019-05-19 02-45-55,373,19.8456,33.5504
2019-05-19 02-45-57,373,19.7586,33.5664
2019-05-19 02-45-59,373,19.7769,33.5931
2019-05-19 02-46-01,372,19.7769,33.6358
2019-05-19 02-46-03,372,19.7296,33.6625
2019-05-19 02-46-05,372,19.7311,33.7346
2019-05-19 02-46-09,373,19.6289,33.7053
2019-05-19 02-46-11,373,19.6609,33.7186
2019-05-19 02-46-13,373,19.6106,33.6919
2019-05-19 02-46-15,373,19.5892,33.6786
2019-05-19 02-46-17,374,19.6426,33.6625
2019-05-19 02-46-19,374,19.6579,33.6625
2019-05-19 02-46-21,375,19.6396,33.6625
2019-05-19 02-46-23,375,19.7128,33.6358
2019-05-19 02-46-27,375,19.6213,33.6492
2019-05-19 02-46-29,375,19.6579,33.6225
2019-05-19 02-46-31,376,19.6564,33.6492
2019-05-19 02-46-33,376,19.6945,33.6786
2019-05-19 02-46-35,376,19.6793,33.6492
2019-05-19 02-46-37,376,19.6396,33.6786
2019-05-19 02-46-39,376,19.6243,33.7186
2019-05-19 02-46-41,375,19.5389,33.7186
2019-05-19 02-46-45,375,19.5755,33.7346
2019-05-19 02-46-47,375,19.5755,33.7186
2019-05-19 02-46-49,375,19.6106,33.7186
2019-05-19 02-46-51,375,19.5572,33.7186
2019-05-19 02-46-53,375,19.5572,33.7053
2019-05-19 02-46-55,374,19.574,33.7053
2019-05-19 02-46-57,374,19.574,33.6919
2019-05-19 02-47-01,374,19.574,33.7053
2019-05-19 02-47-03,374,19.5236,33.6625
2019-05-19 02-47-05,374,19.5709,33.6786
2019-05-19 02-47-07,375,19.5374,33.6625
2019-05-19 02-47-09,375,19.5709,33.6358
2019-05-19 02-47-11,375,19.6213,33.6225
2019-05-19 02-47-13,375,19.6564,33.6065
2019-05-19 02-47-15,375,19.6198,33.5931
2019-05-19 02-47-19,375,19.6381,33.5798
2019-05-19 02-47-21,375,19.7083,33.5504
2019-05-19 02-47-23,375,19.7067,33.5798
2019-05-19 02-47-26,375,19.6899,33.5664
2019-05-19 02-47-28,375,19.725,33.6225
2019-05-19 02-47-30,374,19.7632,33.6492
2019-05-19 02-47-32,374,19.7479,33.6492
2019-05-19 02-47-34,374,19.6579,33.6358
2019-05-19 02-47-38,374,19.6945,33.6358
2019-05-19 02-47-40,374,19.6396,33.6358
2019-05-19 02-47-42,373,19.6564,33.6492
2019-05-19 02-47-44,373,19.606,33.6492
2019-05-19 02-47-46,373,19.6213,33.6492
2019-05-19 02-47-48,373,19.606,33.6625
2019-05-19 02-47-50,373,19.6579,33.6786
2019-05-19 02-47-54,373,19.6426,33.6786
2019-05-19 02-47-56,373,19.6243,33.7053
2019-05-19 02-47-58,373,19.6075,33.6919
2019-05-19 02-48-00,372,19.574,33.6786
2019-05-19 02-48-02,373,19.6075,33.6786
2019-05-19 02-48-04,373,19.6976,33.6492
2019-05-19 02-48-06,373,19.7296,33.6919
2019-05-19 02-48-08,373,19.6976,33.6358
2019-05-19 02-48-12,374,19.6762,33.6625
2019-05-19 02-48-14,374,19.7128,33.6492
2019-05-19 02-48-16,374,19.6213,33.6492
2019-05-19 02-48-18,374,19.6579,33.6358
2019-05-19 02-48-20,373,19.6396,33.6225
2019-05-19 02-48-22,373,19.5877,33.6358
2019-05-19 02-48-24,373,19.6213,33.6358
2019-05-19 02-48-28,373,19.6213,33.6065
2019-05-19 02-48-30,373,19.5694,33.6225
2019-05-19 02-48-32,372,19.6213,33.6065
2019-05-19 02-48-34,373,19.6198,33.6225
2019-05-19 02-48-36,372,19.6213,33.6225
2019-05-19 02-48-38,372,19.6213,33.6225
2019-05-19 02-48-40,372,19.6564,33.5931
2019-05-19 02-48-42,372,19.7083,33.6225
2019-05-19 02-48-46,372,19.6564,33.6225
2019-05-19 02-48-48,372,19.6213,33.6225
2019-05-19 02-48-50,372,19.693,33.6492
2019-05-19 02-48-52,372,19.6213,33.6492
2019-05-19 02-48-54,372,19.6213,33.6358
2019-05-19 02-48-56,372,19.6213,33.6358
2019-05-19 02-48-58,372,19.6396,33.6225
2019-05-19 02-49-00,372,19.7113,33.6065
2019-05-19 02-49-04,372,19.6198,33.6225
2019-05-19 02-49-06,372,19.6564,33.6225
2019-05-19 02-49-08,373,19.6564,33.6358
2019-05-19 02-49-10,373,19.6396,33.5931
2019-05-19 02-49-12,373,19.6899,33.5798
2019-05-19 02-49-14,373,19.6747,33.5798
2019-05-19 02-49-16,373,19.635,33.5798
2019-05-19 02-49-20,373,19.7083,33.5664
2019-05-19 02-49-22,373,19.7067,33.5664
2019-05-19 02-49-24,373,19.7067,33.537
2019-05-19 02-49-26,374,19.7571,33.5237
2019-05-19 02-49-28,374,19.7571,33.537
2019-05-19 02-49-30,374,19.7403,33.537
2019-05-19 02-49-32,374,19.722,33.537
2019-05-19 02-49-34,373,19.722,33.5237
2019-05-19 02-49-38,373,19.6884,33.5237
2019-05-19 02-49-40,372,19.7388,33.5237
2019-05-19 02-49-42,372,19.7571,33.5103
2019-05-19 02-49-44,372,19.8074,33.4943
2019-05-19 02-49-46,372,19.8273,33.5237
2019-05-19 02-49-48,371,19.809,33.5237
2019-05-19 02-49-50,371,19.809,33.5237
2019-05-19 02-49-54,370,19.8273,33.537
2019-05-19 02-49-56,370,19.7571,33.5504
2019-05-19 02-49-58,370,19.7937,33.5504
2019-05-19 02-50-00,370,19.7067,33.5664
2019-05-19 02-50-02,370,19.7937,33.537
2019-05-19 02-50-04,370,19.7571,33.537
2019-05-19 02-50-06,369,19.722,33.5504
2019-05-19 02-50-08,369,19.722,33.5798
2019-05-19 02-50-12,369,19.725,33.5798
2019-05-19 02-50-14,369,19.725,33.5798
2019-05-19 02-50-16,369,19.7083,33.5931
2019-05-19 02-50-18,369,19.6747,33.6225
2019-05-19 02-50-20,369,19.6762,33.6358
2019-05-19 02-50-22,370,19.6564,33.6358
2019-05-19 02-50-24,370,19.6762,33.6625
2019-05-19 02-50-26,370,19.6243,33.6358
2019-05-19 02-50-30,370,19.6396,33.6065
2019-05-19 02-50-32,370,19.6198,33.6492
2019-05-19 02-50-34,369,19.6396,33.6786
2019-05-19 02-50-36,370,19.6976,33.7053
2019-05-19 02-50-38,370,19.6976,33.7346
2019-05-19 02-50-40,370,19.6442,33.7614
2019-05-19 02-50-42,369,19.6289,33.8174
2019-05-19 02-50-46,369,19.5465,33.8495
2019-05-19 02-50-48,369,19.5663,33.9055
2019-05-19 02-50-50,370,19.4794,33.975
2019-05-19 02-50-52,370,19.397,33.9883
2019-05-19 02-50-54,370,19.342,34.0043
2019-05-19 02-50-56,370,19.3085,34.0177
2019-05-19 02-50-58,371,19.2581,33.9883
2019-05-19 02-51-00,371,19.2184,33.9883
2019-05-19 02-51-04,371,19.2917,34.0043
2019-05-19 02-51-06,372,19.2581,33.975
2019-05-19 02-51-08,372,19.2719,33.9616
2019-05-19 02-51-10,372,19.3054,33.975
2019-05-19 02-51-12,373,19.3237,33.9616
2019-05-19 02-51-14,373,19.2719,33.9616
2019-05-19 02-51-16,373,19.3237,33.9483
2019-05-19 02-51-20,373,19.3054,33.9323
2019-05-19 02-51-22,373,19.3741,33.8762
2019-05-19 02-51-24,373,19.2825,33.8762
2019-05-19 02-51-26,373,19.3542,33.8495
2019-05-19 02-51-28,374,19.4244,33.8041
2019-05-19 02-51-30,373,19.4382,33.8174
2019-05-19 02-51-32,373,19.4565,33.748
2019-05-19 02-51-34,374,19.4702,33.748
2019-05-19 02-51-38,373,19.4702,33.748
2019-05-19 02-51-40,373,19.4519,33.748
2019-05-19 02-51-42,373,19.5053,33.6919
2019-05-19 02-51-44,373,19.574,33.7053
2019-05-19 02-51-46,373,19.5236,33.7053
2019-05-19 02-51-48,373,19.574,33.7053
2019-05-19 02-51-50,373,19.5923,33.6625
2019-05-19 02-51-52,373,19.5892,33.6492
2019-05-19 02-51-56,373,19.6396,33.6625
2019-05-19 02-51-58,373,19.6579,33.6786
2019-05-19 02-52-00,373,19.6426,33.6492
2019-05-19 02-52-02,372,19.6213,33.6358
2019-05-19 02-52-04,372,19.6762,33.6492
2019-05-19 02-52-06,372,19.6213,33.6625
2019-05-19 02-52-08,372,19.5892,33.6358
2019-05-19 02-52-12,372,19.5877,33.6358
2019-05-19 02-52-14,372,19.6396,33.6492
2019-05-19 02-52-16,371,19.5709,33.6358
2019-05-19 02-52-18,371,19.6762,33.6358
2019-05-19 02-52-20,371,19.6396,33.6492
2019-05-19 02-52-22,371,19.7128,33.6358
2019-05-19 02-52-24,370,19.6396,33.6492
2019-05-19 02-52-26,370,19.6213,33.6625
2019-05-19 02-52-30,370,19.6243,33.6919
2019-05-19 02-52-32,370,19.6075,33.6919
2019-05-19 02-52-34,370,19.6259,33.6919
2019-05-19 02-52-36,370,19.5389,33.7053
2019-05-19 02-52-38,370,19.574,33.6786
2019-05-19 02-52-40,370,19.6075,33.7053
2019-05-19 02-52-42,369,19.5572,33.7186
2019-05-19 02-52-46,369,19.5755,33.7186
2019-05-19 02-52-48,369,19.5923,33.7186
2019-05-19 02-52-50,370,19.5572,33.7053
2019-05-19 02-52-52,370,19.5572,33.6786
2019-05-19 02-52-54,370,19.5374,33.6625
2019-05-19 02-52-56,371,19.606,33.6492
2019-05-19 02-52-58,371,19.5374,33.6492
2019-05-19 02-53-00,371,19.6213,33.6065
2019-05-19 02-53-04,372,19.5511,33.5931
2019-05-19 02-53-07,372,19.5847,33.6065
2019-05-19 02-53-09,371,19.6747,33.5664
2019-05-19 02-53-11,372,19.6518,33.5798
2019-05-19 02-53-13,372,19.6747,33.5798
2019-05-19 02-53-15,372,19.6899,33.5798
2019-05-19 02-53-17,372,19.725,33.5664
2019-05-19 02-53-21,372,19.6899,33.5798
2019-05-19 02-53-23,371,19.6899,33.5931
2019-05-19 02-53-25,371,19.6747,33.6065
2019-05-19 02-53-27,370,19.6533,33.5931
2019-05-19 02-53-29,370,19.7083,33.6065
2019-05-19 02-53-31,370,19.7266,33.6065
2019-05-19 02-53-33,370,19.7266,33.5664
2019-05-19 02-53-35,370,19.7403,33.5504
2019-05-19 02-53-39,370,19.6884,33.5798
2019-05-19 02-53-41,370,19.7433,33.5931
2019-05-19 02-53-43,370,19.6747,33.5931
2019-05-19 02-53-45,371,19.6533,33.5931
2019-05-19 02-53-47,371,19.6747,33.6358
2019-05-19 02-53-49,371,19.6396,33.6358
2019-05-19 02-53-51,371,19.6396,33.6358
2019-05-19 02-53-53,371,19.6213,33.6225
2019-05-19 02-53-57,371,19.5877,33.6492
2019-05-19 02-53-59,371,19.606,33.6225
2019-05-19 02-54-01,371,19.6762,33.6065
2019-05-19 02-54-03,371,19.6198,33.6065
2019-05-19 02-54-05,371,19.6533,33.6358
2019-05-19 02-54-07,372,19.6396,33.6065
2019-05-19 02-54-09,372,19.6747,33.5931
2019-05-19 02-54-13,372,19.6381,33.5798
2019-05-19 02-54-15,372,19.6533,33.5664
2019-05-19 02-54-17,372,19.6014,33.5664
2019-05-19 02-54-19,372,19.6899,33.5504
2019-05-19 02-54-21,372,19.722,33.537
2019-05-19 02-54-23,372,19.6518,33.537
2019-05-19 02-54-25,372,19.6518,33.537
2019-05-19 02-54-27,371,19.7571,33.5237
2019-05-19 02-54-31,371,19.7388,33.5237
2019-05-19 02-54-33,371,19.7723,33.5103
2019-05-19 02-54-35,371,19.7571,33.4943
2019-05-19 02-54-37,371,19.8441,33.4516
2019-05-19 02-54-39,371,19.7861,33.4382
2019-05-19 02-54-41,371,19.8227,33.4676
2019-05-19 02-54-43,371,19.8257,33.4382
2019-05-19 02-54-47,371,19.8761,33.4382
2019-05-19 02-54-49,371,19.8578,33.4382
2019-05-19 02-54-51,372,19.8914,33.4676
2019-05-19 02-54-53,371,19.9127,33.5103
2019-05-19 02-54-55,370,19.8624,33.537
2019-05-19 02-54-57,370,19.809,33.5664
2019-05-19 02-54-59,370,19.7769,33.6065
2019-05-19 02-55-01,370,19.7617,33.6225
2019-05-19 02-55-05,369,19.7449,33.6225
2019-05-19 02-55-07,369,19.693,33.6225
2019-05-19 02-55-09,370,19.693,33.6225
2019-05-19 02-55-11,370,19.6564,33.6225
2019-05-19 02-55-13,370,19.693,33.6225
2019-05-19 02-55-15,370,19.6381,33.6225
2019-05-19 02-55-17,371,19.6213,33.5931
2019-05-19 02-55-19,371,19.6747,33.5931
2019-05-19 02-55-23,370,19.6533,33.5798
2019-05-19 02-55-25,371,19.7433,33.5931
2019-05-19 02-55-27,370,19.6381,33.5931
2019-05-19 02-55-29,371,19.6381,33.5931
2019-05-19 02-55-31,370,19.6198,33.5931
2019-05-19 02-55-33,370,19.6899,33.5931
2019-05-19 02-55-35,371,19.7083,33.5931
2019-05-19 02-55-39,371,19.7083,33.5664
2019-05-19 02-55-41,372,19.7403,33.5798
2019-05-19 02-55-43,371,19.7083,33.5504
2019-05-19 02-55-45,371,19.7586,33.5664
2019-05-19 02-55-47,372,19.725,33.537
2019-05-19 02-55-49,372,19.7403,33.5504
2019-05-19 02-55-51,372,19.7403,33.5504
2019-05-19 02-55-53,372,19.7067,33.5103
2019-05-19 02-55-57,372,19.6701,33.5103
2019-05-19 02-55-59,372,19.7205,33.537
2019-05-19 02-56-01,372,19.7403,33.5237
2019-05-19 02-56-03,371,19.7037,33.5237
2019-05-19 02-56-05,371,19.722,33.537
2019-05-19 02-56-07,371,19.722,33.5237
2019-05-19 02-56-09,371,19.7723,33.537
2019-05-19 02-56-13,371,19.722,33.537
2019-05-19 02-56-15,370,19.7067,33.5798
2019-05-19 02-56-17,370,19.7433,33.537
2019-05-19 02-56-19,370,19.6884,33.537
2019-05-19 02-56-21,370,19.7754,33.5237
2019-05-19 02-56-23,370,19.722,33.5103
2019-05-19 02-56-25,370,19.7205,33.5237
2019-05-19 02-56-27,370,19.7037,33.537
2019-05-19 02-56-31,369,19.722,33.5504
2019-05-19 02-56-33,369,19.7586,33.5237
2019-05-19 02-56-35,370,19.7388,33.5237
2019-05-19 02-56-37,370,19.7571,33.4943
2019-05-19 02-56-39,370,19.7723,33.4943
2019-05-19 02-56-41,370,19.7723,33.4943
2019-05-19 02-56-43,370,19.7205,33.4676
2019-05-19 02-56-45,370,19.7708,33.4516
2019-05-19 02-56-49,370,19.7861,33.481
2019-05-19 02-56-51,371,19.8044,33.4676
2019-05-19 02-56-53,371,19.7525,33.481
2019-05-19 02-56-55,370,19.7708,33.481
2019-05-19 02-56-57,370,19.8044,33.4943
2019-05-19 02-56-59,370,19.8624,33.481
2019-05-19 02-57-01,371,19.8257,33.481
2019-05-19 02-57-05,370,19.8044,33.481
2019-05-19 02-57-07,370,19.7357,33.5103
2019-05-19 02-57-09,371,19.7906,33.481
2019-05-19 02-57-11,371,19.7708,33.481
2019-05-19 02-57-13,370,19.754,33.481
2019-05-19 02-57-15,370,19.8044,33.4943
2019-05-19 02-57-17,370,19.7723,33.481
2019-05-19 02-57-19,370,19.7891,33.4516
2019-05-19 02-57-23,370,19.841,33.481
2019-05-19 02-57-25,370,19.8044,33.4516
2019-05-19 02-57-27,371,19.841,33.4516
2019-05-19 02-57-29,371,19.7708,33.4676
2019-05-19 02-57-31,371,19.7357,33.4382
2019-05-19 02-57-33,371,19.7861,33.481
2019-05-19 02-57-35,371,19.7708,33.4516
2019-05-19 02-57-39,371,19.8227,33.4382
2019-05-19 02-57-41,372,19.841,33.4676
2019-05-19 02-57-43,371,19.8257,33.4382
2019-05-19 02-57-45,372,19.8029,33.4249
2019-05-19 02-57-47,372,19.8578,33.4249
2019-05-19 02-57-49,372,19.8914,33.4516
2019-05-19 02-57-51,372,19.8044,33.4249
2019-05-19 02-57-53,372,19.8029,33.4382
2019-05-19 02-57-57,372,19.9097,33.4382
2019-05-19 02-57-59,372,19.841,33.4249
2019-05-19 02-58-01,372,19.7845,33.4382
2019-05-19 02-58-03,372,19.8227,33.4382
2019-05-19 02-58-05,372,19.8227,33.4115
2019-05-19 02-58-07,372,19.873,33.4249
2019-05-19 02-58-09,372,19.9097,33.4249
2019-05-19 02-58-11,372,19.8395,33.4115
2019-05-19 02-58-15,372,19.8914,33.3955
2019-05-19 02-58-18,371,19.9417,33.3955
2019-05-19 02-58-20,372,19.9417,33.3955
2019-05-19 02-58-22,372,19.9631,33.3955
2019-05-19 02-58-24,372,19.9631,33.3795
2019-05-19 02-58-26,372,19.96,33.3955
2019-05-19 02-58-28,372,19.9081,33.3795
2019-05-19 02-58-30,371,20.047,33.3795
2019-05-19 02-58-34,371,19.9966,33.4115
2019-05-19 02-58-36,370,19.9814,33.4516
2019-05-19 02-58-38,370,19.928,33.4676
2019-05-19 02-58-40,370,19.8776,33.4943
2019-05-19 02-58-42,369,19.931,33.537
2019-05-19 02-58-44,370,19.7906,33.5664
2019-05-19 02-58-46,369,19.7769,33.5931
2019-05-19 02-58-50,369,19.7617,33.6358
2019-05-19 02-58-52,368,19.6945,33.6786
2019-05-19 02-58-54,369,19.5892,33.6625
2019-05-19 02-58-56,370,19.5892,33.6919
2019-05-19 02-58-58,370,19.5389,33.6625
2019-05-19 02-59-00,370,19.5892,33.6919
2019-05-19 02-59-02,370,19.6259,33.6786
2019-05-19 02-59-04,370,19.6579,33.6625
2019-05-19 02-59-08,370,19.5892,33.6919
2019-05-19 02-59-10,370,19.5892,33.6625
2019-05-19 02-59-12,370,19.5892,33.6786
2019-05-19 02-59-14,370,19.5709,33.6625
2019-05-19 02-59-16,371,19.606,33.6919
2019-05-19 02-59-18,371,19.5892,33.7053
2019-05-19 02-59-20,371,19.6075,33.6786
2019-05-19 02-59-22,371,19.6075,33.6625
2019-05-19 02-59-26,371,19.606,33.6786
2019-05-19 02-59-28,371,19.5557,33.6786
2019-05-19 02-59-30,371,19.6426,33.6625
2019-05-19 02-59-32,371,19.6579,33.6492
2019-05-19 02-59-34,371,19.6762,33.6358
2019-05-19 02-59-36,371,19.6213,33.6358
2019-05-19 02-59-38,370,19.6396,33.6492
2019-05-19 02-59-42,370,19.606,33.6225
2019-05-19 02-59-44,371,19.5877,33.6225
2019-05-19 02-59-46,371,19.6381,33.6225
2019-05-19 02-59-48,371,19.6213,33.6225
2019-05-19 02-59-50,371,19.6564,33.5798
2019-05-19 02-59-52,371,19.7083,33.5931
2019-05-19 02-59-54,371,19.6899,33.5664
2019-05-19 02-59-56,371,19.6899,33.5798
2019-05-19 03-00-00,371,19.7083,33.5931
2019-05-19 03-00-02,371,19.7266,33.5504
2019-05-19 03-00-04,371,19.7586,33.5664
2019-05-19 03-00-06,371,19.7403,33.537
2019-05-19 03-00-08,371,19.7067,33.537
2019-05-19 03-00-10,371,19.6518,33.5237
2019-05-19 03-00-12,370,19.722,33.5103
2019-05-19 03-00-14,370,19.7723,33.537
2019-05-19 03-00-18,370,19.7754,33.5237
2019-05-19 03-00-20,370,19.7571,33.537
2019-05-19 03-00-22,371,19.809,33.5237
2019-05-19 03-00-24,370,19.8456,33.537
2019-05-19 03-00-26,370,19.7571,33.5664
2019-05-19 03-00-28,370,19.812,33.5664
2019-05-19 03-00-30,370,19.7769,33.5504
2019-05-19 03-00-32,369,19.7067,33.5504
2019-05-19 03-00-36,369,19.7754,33.5664
2019-05-19 03-00-38,370,19.7769,33.537
2019-05-19 03-00-40,370,19.7571,33.5664
2019-05-19 03-00-42,371,19.7586,33.5664
2019-05-19 03-00-44,371,19.7403,33.5664
2019-05-19 03-00-46,371,19.635,33.537
2019-05-19 03-00-48,371,19.7754,33.5504
2019-05-19 03-00-52,371,19.7754,33.5504
2019-05-19 03-00-54,371,19.722,33.5664
2019-05-19 03-00-56,371,19.7067,33.5237
2019-05-19 03-00-58,371,19.7571,33.537
2019-05-19 03-01-00,371,19.7754,33.5237
2019-05-19 03-01-02,370,19.7388,33.481
2019-05-19 03-01-04,370,19.754,33.4943
2019-05-19 03-01-06,370,19.7891,33.4943
2019-05-19 03-01-10,370,19.754,33.481
2019-05-19 03-01-12,370,19.7708,33.4943
2019-05-19 03-01-14,371,19.7723,33.4943
2019-05-19 03-01-16,370,19.7205,33.481
2019-05-19 03-01-18,370,19.7205,33.5103
2019-05-19 03-01-20,369,19.7388,33.481
2019-05-19 03-01-22,369,19.7708,33.481
2019-05-19 03-01-24,370,19.7891,33.4943
2019-05-19 03-01-28,370,19.8074,33.4943
2019-05-19 03-01-30,369,19.8074,33.5103
2019-05-19 03-01-32,369,19.8624,33.481
2019-05-19 03-01-34,369,19.8441,33.5237
2019-05-19 03-01-36,369,19.8273,33.5103
2019-05-19 03-01-38,369,19.7906,33.4943
2019-05-19 03-01-40,369,19.754,33.4943
2019-05-19 03-01-44,369,19.8273,33.5103
2019-05-19 03-01-46,369,19.7723,33.5103
2019-05-19 03-01-48,369,19.8074,33.5103
2019-05-19 03-01-50,369,19.7388,33.537
2019-05-19 03-01-52,369,19.7403,33.5504
2019-05-19 03-01-54,369,19.722,33.537
2019-05-19 03-01-56,369,19.7571,33.5237
2019-05-19 03-01-58,369,19.7388,33.537
2019-05-19 03-02-02,370,19.809,33.537
2019-05-19 03-02-04,369,19.7571,33.5237
2019-05-19 03-02-06,370,19.7723,33.5237
2019-05-19 03-02-08,369,19.7723,33.5103
2019-05-19 03-02-10,369,19.7723,33.5103
2019-05-19 03-02-12,370,19.7205,33.4943
2019-05-19 03-02-14,370,19.8074,33.5103
2019-05-19 03-02-16,369,19.7906,33.4943
2019-05-19 03-02-20,369,19.7021,33.5103
2019-05-19 03-02-22,369,19.7571,33.5237
2019-05-19 03-02-24,369,19.7037,33.5103
2019-05-19 03-02-26,369,19.7037,33.481
2019-05-19 03-02-28,369,19.7205,33.481
2019-05-19 03-02-30,369,19.7708,33.4943
2019-05-19 03-02-32,369,19.7021,33.481
2019-05-19 03-02-36,369,19.7891,33.4676
2019-05-19 03-02-38,368,19.7891,33.4943
2019-05-19 03-02-40,368,19.8273,33.481
2019-05-19 03-02-42,368,19.8044,33.4943
2019-05-19 03-02-44,369,19.8074,33.4943
2019-05-19 03-02-46,369,19.7891,33.481
2019-05-19 03-02-48,369,19.7891,33.481
2019-05-19 03-02-50,368,19.7891,33.4943
2019-05-19 03-02-54,369,19.7723,33.481
2019-05-19 03-02-56,368,19.8044,33.4943
2019-05-19 03-02-58,369,19.7891,33.4676
2019-05-19 03-03-00,369,19.7708,33.481
2019-05-19 03-03-02,369,19.754,33.4382
2019-05-19 03-03-04,369,19.7861,33.481
2019-05-19 03-03-06,368,19.8257,33.4676
2019-05-19 03-03-08,368,19.8044,33.4676
2019-05-19 03-03-12,368,19.7525,33.4676
2019-05-19 03-03-14,368,19.7708,33.4676
2019-05-19 03-03-16,368,19.8257,33.5103
2019-05-19 03-03-18,368,19.7571,33.537
2019-05-19 03-03-20,367,19.7571,33.5504
2019-05-19 03-03-22,367,19.7754,33.537
2019-05-19 03-03-24,368,19.7403,33.5504
2019-05-19 03-03-26,367,19.7067,33.5504
2019-05-19 03-03-30,368,19.722,33.5798
2019-05-19 03-03-32,368,19.725,33.5798
2019-05-19 03-03-34,367,19.7083,33.5798
2019-05-19 03-03-36,367,19.7433,33.6065
2019-05-19 03-03-39,367,19.6533,33.6358
2019-05-19 03-03-41,367,19.6564,33.6625
2019-05-19 03-03-43,367,19.6243,33.6919
2019-05-19 03-03-47,367,19.6259,33.7346
2019-05-19 03-03-49,367,19.6106,33.7614
2019-05-19 03-03-51,367,19.5602,33.8174
2019-05-19 03-03-53,367,19.5465,33.8308
2019-05-19 03-03-55,367,19.4565,33.8041
2019-05-19 03-03-57,368,19.4733,33.7907
2019-05-19 03-03-59,368,19.4733,33.7614
2019-05-19 03-04-01,369,19.5602,33.748
2019-05-19 03-04-05,369,19.5251,33.7346
2019-05-19 03-04-07,369,19.5602,33.6919
2019-05-19 03-04-09,370,19.5892,33.7053
2019-05-19 03-04-11,370,19.5572,33.7053
2019-05-19 03-04-13,370,19.5572,33.7186
2019-05-19 03-04-15,370,19.5755,33.7186
2019-05-19 03-04-17,370,19.5755,33.7186
2019-05-19 03-04-19,370,19.5023,33.748
2019-05-19 03-04-23,369,19.487,33.7186
2019-05-19 03-04-25,368,19.4839,33.748
2019-05-19 03-04-27,369,19.5755,33.7346
2019-05-19 03-04-29,368,19.5053,33.748
2019-05-19 03-04-31,368,19.5419,33.7053
2019-05-19 03-04-33,369,19.574,33.7053
2019-05-19 03-04-35,369,19.5023,33.7053
2019-05-19 03-04-39,369,19.5023,33.6919
2019-05-19 03-04-41,369,19.5557,33.7053
2019-05-19 03-04-43,369,19.6075,33.6625
2019-05-19 03-04-45,369,19.5709,33.6625
2019-05-19 03-04-47,369,19.5892,33.6625
2019-05-19 03-04-49,368,19.606,33.6786
2019-05-19 03-04-51,368,19.6243,33.7053
2019-05-19 03-04-53,368,19.5923,33.748
2019-05-19 03-04-57,368,19.5053,33.7907
2019-05-19 03-04-59,368,19.5435,33.8174
2019-05-19 03-05-01,367,19.5297,33.8041
2019-05-19 03-05-03,368,19.4916,33.8174
2019-05-19 03-05-05,368,19.4748,33.7907
2019-05-19 03-05-07,367,19.5282,33.7907
2019-05-19 03-05-09,367,19.455,33.7747
2019-05-19 03-05-11,367,19.5435,33.7747
2019-05-19 03-05-15,367,19.5435,33.748
2019-05-19 03-05-17,368,19.5755,33.7053
2019-05-19 03-05-19,368,19.5923,33.748
2019-05-19 03-05-21,369,19.5938,33.748
2019-05-19 03-05-23,368,19.5419,33.7346
2019-05-19 03-05-25,369,19.5602,33.7053
2019-05-19 03-05-27,369,19.5572,33.6919
2019-05-19 03-05-31,369,19.5892,33.6786
2019-05-19 03-05-33,369,19.6075,33.6786
2019-05-19 03-05-35,369,19.5892,33.6225
2019-05-19 03-05-37,368,19.5877,33.6358
2019-05-19 03-05-39,368,19.6762,33.6625
2019-05-19 03-05-41,368,19.6793,33.6225
2019-05-19 03-05-43,368,19.693,33.6225
2019-05-19 03-05-45,368,19.6762,33.6492
2019-05-19 03-05-49,368,19.6762,33.6625
2019-05-19 03-05-51,368,19.6396,33.6625
2019-05-19 03-05-53,368,19.6396,33.6358
2019-05-19 03-05-55,368,19.5877,33.6492
2019-05-19 03-05-57,368,19.6945,33.6358
2019-05-19 03-05-59,368,19.6213,33.6358
2019-05-19 03-06-01,368,19.6945,33.6225
2019-05-19 03-06-03,368,19.6762,33.6065
2019-05-19 03-06-07,368,19.6381,33.5931
2019-05-19 03-06-09,367,19.6533,33.6225
2019-05-19 03-06-11,368,19.693,33.6065
2019-05-19 03-06-13,367,19.6747,33.5931
2019-05-19 03-06-15,367,19.7083,33.5798
2019-05-19 03-06-17,367,19.7083,33.5504
2019-05-19 03-06-19,367,19.7067,33.5504
2019-05-19 03-06-23,367,19.722,33.5664
2019-05-19 03-06-25,367,19.6899,33.5237
2019-05-19 03-06-27,367,19.7571,33.5237
2019-05-19 03-06-29,367,19.809,33.5103
2019-05-19 03-06-31,367,19.7205,33.5237
2019-05-19 03-06-33,367,19.7571,33.5237
2019-05-19 03-06-35,367,19.809,33.5237
2019-05-19 03-06-37,367,19.7906,33.5237
2019-05-19 03-06-41,366,19.7906,33.5504
2019-05-19 03-06-43,366,19.7754,33.5504
2019-05-19 03-06-45,366,19.7754,33.5237
2019-05-19 03-06-47,365,19.7388,33.5504
2019-05-19 03-06-49,366,19.7754,33.5504
2019-05-19 03-06-51,366,19.7937,33.5237
2019-05-19 03-06-53,366,19.7388,33.537
2019-05-19 03-06-55,366,19.8303,33.5237
2019-05-19 03-06-59,366,19.7723,33.537
2019-05-19 03-07-01,366,19.7571,33.5237
2019-05-19 03-07-03,366,19.7571,33.537
2019-05-19 03-07-05,366,19.809,33.5103
2019-05-19 03-07-07,366,19.7571,33.537
2019-05-19 03-07-09,366,19.809,33.5103
2019-05-19 03-07-11,366,19.7906,33.4943
2019-05-19 03-07-15,366,19.8273,33.481
2019-05-19 03-07-17,366,19.8593,33.4676
2019-05-19 03-07-19,366,19.841,33.4516
2019-05-19 03-07-21,366,19.841,33.4676
2019-05-19 03-07-23,366,19.8257,33.4676
2019-05-19 03-07-25,366,19.7708,33.4249
2019-05-19 03-07-27,366,19.8578,33.4676
2019-05-19 03-07-29,366,19.8257,33.4382
2019-05-19 03-07-33,366,19.7861,33.4676
2019-05-19 03-07-35,366,19.8044,33.4676
2019-05-19 03-07-37,366,19.7891,33.4516
2019-05-19 03-07-39,366,19.8044,33.4943
2019-05-19 03-07-41,365,19.8074,33.4943
2019-05-19 03-07-43,365,19.8273,33.481
2019-05-19 03-07-45,365,19.8257,33.4943
2019-05-19 03-07-47,365,19.8074,33.481
2019-05-19 03-07-51,365,19.8044,33.4943
2019-05-19 03-07-53,365,19.8074,33.537
2019-05-19 03-07-55,365,19.7906,33.5237
2019-05-19 03-07-57,364,19.7571,33.5664
2019-05-19 03-07-59,364,19.7403,33.5504
2019-05-19 03-08-01,364,19.7754,33.5664
2019-05-19 03-08-03,364,19.6899,33.5664
2019-05-19 03-08-07,364,19.6899,33.537
2019-05-19 03-08-09,364,19.7067,33.537
2019-05-19 03-08-11,365,19.7906,33.5237
2019-05-19 03-08-13,365,19.722,33.5664
2019-05-19 03-08-15,365,19.7586,33.5664
2019-05-19 03-08-17,365,19.7586,33.5504
2019-05-19 03-08-19,365,19.7067,33.5931
2019-05-19 03-08-21,365,19.7433,33.6065
2019-05-19 03-08-25,365,19.693,33.6065
2019-05-19 03-08-27,364,19.6533,33.6225
2019-05-19 03-08-29,365,19.693,33.6065
2019-05-19 03-08-31,365,19.6381,33.6225
2019-05-19 03-08-33,365,19.6213,33.6225
2019-05-19 03-08-35,365,19.6564,33.6225
2019-05-19 03-08-37,366,19.6381,33.6358
2019-05-19 03-08-39,366,19.6213,33.6225
2019-05-19 03-08-43,367,19.6381,33.6225
2019-05-19 03-08-45,367,19.603,33.6358
2019-05-19 03-08-47,367,19.6564,33.6225
2019-05-19 03-08-49,367,19.7113,33.6225
2019-05-19 03-08-51,367,19.5694,33.6065
2019-05-19 03-08-53,367,19.6533,33.5664
2019-05-19 03-08-55,368,19.6899,33.5798
2019-05-19 03-08-57,368,19.7083,33.5664
2019-05-19 03-09-01,368,19.7067,33.5664
2019-05-19 03-09-03,368,19.725,33.5664
2019-05-19 03-09-05,368,19.7067,33.5664
2019-05-19 03-09-07,368,19.6716,33.5664
2019-05-19 03-09-09,368,19.725,33.5664
2019-05-19 03-09-11,368,19.7586,33.5798
2019-05-19 03-09-13,368,19.7083,33.5798
2019-05-19 03-09-17,368,19.725,33.5504
2019-05-19 03-09-19,367,19.6518,33.5664
2019-05-19 03-09-21,367,19.6518,33.5931
2019-05-19 03-09-23,367,19.7083,33.5798
2019-05-19 03-09-25,367,19.725,33.6065
2019-05-19 03-09-28,367,19.6747,33.5798
2019-05-19 03-09-30,367,19.6198,33.6065
2019-05-19 03-09-32,367,19.693,33.6225
2019-05-19 03-09-36,367,19.6762,33.6358
2019-05-19 03-09-38,367,19.6762,33.6492
2019-05-19 03-09-40,367,19.6579,33.6786
2019-05-19 03-09-42,367,19.6075,33.7053
2019-05-19 03-09-44,367,19.574,33.6919
2019-05-19 03-09-46,367,19.5389,33.7186
2019-05-19 03-09-48,368,19.5389,33.7186
2019-05-19 03-09-50,368,19.6259,33.6786
2019-05-19 03-09-54,368,19.5206,33.6919
2019-05-19 03-09-56,368,19.5389,33.6919
2019-05-19 03-09-58,368,19.574,33.6492
2019-05-19 03-10-00,368,19.606,33.6625
2019-05-19 03-10-02,369,19.5709,33.6358
2019-05-19 03-10-04,369,19.606,33.6225
2019-05-19 03-10-06,369,19.6762,33.6225
2019-05-19 03-10-10,369,19.7113,33.6065
2019-05-19 03-10-12,369,19.6533,33.6358
2019-05-19 03-10-14,369,19.7449,33.5931
2019-05-19 03-10-16,369,19.7083,33.6065
2019-05-19 03-10-18,370,19.693,33.6358
2019-05-19 03-10-20,369,19.6945,33.6358
2019-05-19 03-10-22,369,19.6762,33.6492
2019-05-19 03-10-24,370,19.6396,33.6492
2019-05-19 03-10-28,370,19.6396,33.6625
2019-05-19 03-10-30,370,19.5557,33.6492
2019-05-19 03-10-32,370,19.606,33.6625
2019-05-19 03-10-34,370,19.6243,33.6625
2019-05-19 03-10-36,371,19.6243,33.6492
2019-05-19 03-10-38,371,19.5877,33.6492
2019-05-19 03-10-40,371,19.6579,33.6225
2019-05-19 03-10-42,371,19.6381,33.6358
2019-05-19 03-10-46,372,19.6564,33.6225
2019-05-19 03-10-48,372,19.7632,33.6225
2019-05-19 03-10-50,372,19.693,33.5798
2019-05-19 03-10-52,372,19.6899,33.5664
2019-05-19 03-10-54,372,19.7067,33.5798
2019-05-19 03-10-56,371,19.7586,33.5504
2019-05-19 03-10-58,371,19.7403,33.5798
2019-05-19 03-11-00,370,19.812,33.5504
2019-05-19 03-11-04,370,19.7067,33.5798
2019-05-19 03-11-06,370,19.7433,33.5664
2019-05-19 03-11-08,369,19.7403,33.5931
2019-05-19 03-11-10,369,19.7433,33.5798
2019-05-19 03-11-12,369,19.7586,33.5798
2019-05-19 03-11-14,369,19.6899,33.5504
2019-05-19 03-11-16,369,19.7067,33.5664
2019-05-19 03-11-20,369,19.7403,33.537
2019-05-19 03-11-22,369,19.8303,33.5237
2019-05-19 03-11-24,369,19.7906,33.5237
2019-05-19 03-11-26,369,19.7723,33.537
2019-05-19 03-11-28,369,19.809,33.5931
2019-05-19 03-11-30,369,19.7952,33.5664
2019-05-19 03-11-32,369,19.7586,33.5798
2019-05-19 03-11-34,369,19.725,33.5798
2019-05-19 03-11-38,369,19.6899,33.5931
2019-05-19 03-11-40,369,19.6747,33.5798
2019-05-19 03-11-42,368,19.635,33.6065
2019-05-19 03-11-44,369,19.6533,33.5931
2019-05-19 03-11-46,368,19.6381,33.5798
2019-05-19 03-11-48,369,19.6747,33.5798
2019-05-19 03-11-50,369,19.7586,33.5931
2019-05-19 03-11-52,369,19.6899,33.5504
2019-05-19 03-11-56,369,19.7067,33.5664
2019-05-19 03-11-58,369,19.7403,33.5504
2019-05-19 03-12-00,369,19.722,33.5504
2019-05-19 03-12-02,369,19.6884,33.5664
2019-05-19 03-12-04,369,19.7067,33.5504
2019-05-19 03-12-06,369,19.6884,33.537
2019-05-19 03-12-08,369,19.7067,33.537
2019-05-19 03-12-10,370,19.7067,33.5103
2019-05-19 03-12-14,369,19.7388,33.5103
2019-05-19 03-12-16,370,19.7388,33.5237
2019-05-19 03-12-18,369,19.7906,33.537
2019-05-19 03-12-20,369,19.6884,33.5504
2019-05-19 03-12-22,369,19.6716,33.5664
2019-05-19 03-12-24,368,19.725,33.5798
2019-05-19 03-12-26,369,19.7083,33.5664
2019-05-19 03-12-30,368,19.6716,33.5931
2019-05-19 03-12-32,368,19.7266,33.6225
2019-05-19 03-12-34,368,19.7113,33.6358
2019-05-19 03-12-36,368,19.6762,33.6358
2019-05-19 03-12-38,368,19.7113,33.6786
2019-05-19 03-12-40,367,19.6075,33.7053
2019-05-19 03-12-42,367,19.5572,33.6625
2019-05-19 03-12-44,367,19.5374,33.6786
2019-05-19 03-12-48,367,19.5206,33.6625
2019-05-19 03-12-50,368,19.5892,33.6625
2019-05-19 03-12-52,368,19.6579,33.6492
2019-05-19 03-12-54,368,19.606,33.6065
2019-05-19 03-12-56,368,19.6381,33.5931
2019-05-19 03-12-58,369,19.6747,33.5504
2019-05-19 03-13-00,369,19.6518,33.5664
2019-05-19 03-13-02,369,19.6899,33.5504
2019-05-19 03-13-06,370,19.6518,33.5664
2019-05-19 03-13-08,370,19.6899,33.5664
2019-05-19 03-13-10,370,19.6899,33.5664
2019-05-19 03-13-12,370,19.635,33.5931
2019-05-19 03-13-14,369,19.6014,33.6065
2019-05-19 03-13-16,369,19.6747,33.6225
2019-05-19 03-13-18,369,19.6564,33.6358
2019-05-19 03-13-20,369,19.6762,33.6065
2019-05-19 03-13-24,369,19.6747,33.6225
2019-05-19 03-13-26,369,19.693,33.6225
2019-05-19 03-13-28,369,19.6213,33.6625
2019-05-19 03-13-30,369,19.5892,33.6625
2019-05-19 03-13-32,369,19.606,33.7346
2019-05-19 03-13-34,369,19.6106,33.748
2019-05-19 03-13-36,369,19.5602,33.7346
2019-05-19 03-13-40,369,19.5053,33.7614
2019-05-19 03-13-42,369,19.4702,33.7747
2019-05-19 03-13-44,369,19.5435,33.7747
2019-05-19 03-13-46,369,19.4885,33.7747
2019-05-19 03-13-48,369,19.4885,33.748
2019-05-19 03-13-50,369,19.4702,33.7747
2019-05-19 03-13-52,369,19.5251,33.7346
2019-05-19 03-13-54,369,19.5419,33.7346
2019-05-19 03-13-58,369,19.5236,33.7186
2019-05-19 03-14-00,369,19.4839,33.7346
2019-05-19 03-14-02,369,19.4687,33.7346
2019-05-19 03-14-04,369,19.5053,33.6919
2019-05-19 03-14-06,370,19.5389,33.7053
2019-05-19 03-14-08,370,19.5389,33.6919
2019-05-19 03-14-10,370,19.5557,33.6625
2019-05-19 03-14-12,370,19.5557,33.6625
2019-05-19 03-14-16,370,19.606,33.6492
2019-05-19 03-14-18,370,19.6762,33.6492
2019-05-19 03-14-20,370,19.6945,33.6065
2019-05-19 03-14-22,371,19.7083,33.5931
2019-05-19 03-14-24,370,19.6747,33.6225
2019-05-19 03-14-26,370,19.7449,33.6625
2019-05-19 03-14-28,370,19.6793,33.6625
2019-05-19 03-14-30,369,19.6793,33.7053
2019-05-19 03-14-34,369,19.6609,33.6919
2019-05-19 03-14-37,369,19.6259,33.7053
2019-05-19 03-14-39,369,19.6259,33.7053
2019-05-19 03-14-41,369,19.6259,33.6919
2019-05-19 03-14-43,369,19.574,33.7053
2019-05-19 03-14-45,370,19.6609,33.6786
2019-05-19 03-14-47,370,19.6075,33.6786
2019-05-19 03-14-51,370,19.6243,33.6492
2019-05-19 03-14-53,370,19.6396,33.6625
2019-05-19 03-14-55,370,19.6945,33.6786
2019-05-19 03-14-57,370,19.6579,33.6625
2019-05-19 03-14-59,370,19.6579,33.6492
2019-05-19 03-15-01,369,19.6213,33.6919
2019-05-19 03-15-03,368,19.5557,33.6786
2019-05-19 03-15-05,369,19.5206,33.7186
2019-05-19 03-15-09,368,19.5923,33.7186
2019-05-19 03-15-11,368,19.4839,33.748
2019-05-19 03-15-13,368,19.487,33.7614
2019-05-19 03-15-15,368,19.4702,33.7907
2019-05-19 03-15-17,368,19.4199,33.7614
2019-05-19 03-15-19,368,19.5251,33.8041
2019-05-19 03-15-21,369,19.4565,33.7747
2019-05-19 03-15-23,369,19.4702,33.7747
2019-05-19 03-15-27,370,19.455,33.748
2019-05-19 03-15-29,370,19.4,33.7614
2019-05-19 03-15-31,370,19.4366,33.7747
2019-05-19 03-15-33,370,19.4885,33.748
2019-05-19 03-15-35,370,19.487,33.748
2019-05-19 03-15-37,370,19.487,33.748
2019-05-19 03-15-39,370,19.487,33.7614
2019-05-19 03-15-41,370,19.5053,33.748
2019-05-19 03-15-45,370,19.5251,33.7346
2019-05-19 03-15-47,370,19.4519,33.7186
2019-05-19 03-15-49,370,19.5572,33.7053
2019-05-19 03-15-51,370,19.5572,33.7186
2019-05-19 03-15-53,370,19.5023,33.7346
2019-05-19 03-15-55,370,19.5419,33.7186
2019-05-19 03-15-57,370,19.4839,33.7186
2019-05-19 03-16-01,370,19.5236,33.7186
2019-05-19 03-16-03,370,19.4336,33.7053
2019-05-19 03-16-05,370,19.5572,33.7186
2019-05-19 03-16-07,370,19.5755,33.7053
2019-05-19 03-16-09,371,19.5236,33.6919
2019-05-19 03-16-11,371,19.5206,33.6786
2019-05-19 03-16-13,371,19.5557,33.6786
2019-05-19 03-16-15,371,19.5709,33.6625
2019-05-19 03-16-19,371,19.5892,33.6492
2019-05-19 03-16-21,371,19.5374,33.6625
2019-05-19 03-16-23,371,19.5892,33.6786
2019-05-19 03-16-25,371,19.5374,33.6625
2019-05-19 03-16-27,371,19.5709,33.6786
2019-05-19 03-16-29,371,19.5557,33.6786
2019-05-19 03-16-31,371,19.5374,33.6919
2019-05-19 03-16-33,371,19.5206,33.7186
2019-05-19 03-16-37,370,19.4687,33.7346
2019-05-19 03-16-39,370,19.5053,33.748
2019-05-19 03-16-41,370,19.4702,33.7907
2019-05-19 03-16-43,370,19.4199,33.748
2019-05-19 03-16-45,371,19.4702,33.7614
2019-05-19 03-16-47,371,19.4702,33.7186
2019-05-19 03-16-49,372,19.5023,33.6786
2019-05-19 03-16-53,372,19.5374,33.6786
2019-05-19 03-16-55,373,19.6075,33.6625
2019-05-19 03-16-57,373,19.6396,33.6786
2019-05-19 03-16-59,373,19.6579,33.6786
2019-05-19 03-17-01,372,19.6426,33.6919
2019-05-19 03-17-03,372,19.5206,33.7053
2019-05-19 03-17-05,372,19.5236,33.748
2019-05-19 03-17-07,371,19.5053,33.7747
2019-05-19 03-17-11,372,19.5068,33.7614
2019-05-19 03-17-13,372,19.5251,33.7346
2019-05-19 03-17-15,372,19.4687,33.7186
2019-05-19 03-17-17,372,19.5236,33.7186
2019-05-19 03-17-19,372,19.5389,33.7346
2019-05-19 03-17-21,372,19.487,33.7053
2019-05-19 03-17-23,372,19.6075,33.7614
2019-05-19 03-17-25,373,19.5053,33.7747
2019-05-19 03-17-29,373,19.5251,33.8041
2019-05-19 03-17-31,373,19.4733,33.8495
2019-05-19 03-17-33,373,19.3878,33.8628
2019-05-19 03-17-35,373,19.4061,33.8495
2019-05-19 03-17-37,373,19.4061,33.9055
2019-05-19 03-17-39,373,19.3375,33.8895
2019-05-19 03-17-41,373,19.3542,33.8895
2019-05-19 03-17-45,372,19.4275,33.8762
2019-05-19 03-17-47,373,19.4092,33.8762
2019-05-19 03-17-49,373,19.4092,33.9055
2019-05-19 03-17-51,373,19.3924,33.9055
2019-05-19 03-17-53,373,19.3726,33.9189
2019-05-19 03-17-55,373,19.3222,33.9323
2019-05-19 03-17-57,373,19.2871,33.9483
2019-05-19 03-17-59,374,19.3054,33.9323
2019-05-19 03-18-03,374,19.2871,33.9055
2019-05-19 03-18-05,373,19.3192,33.8895
2019-05-19 03-18-07,373,19.3542,33.8762
2019-05-19 03-18-09,374,19.3192,33.8895
2019-05-19 03-18-11,374,19.3008,33.8762
2019-05-19 03-18-13,374,19.4092,33.8628
2019-05-19 03-18-15,374,19.3695,33.8495
2019-05-19 03-18-17,374,19.3878,33.8308
2019-05-19 03-18-21,374,19.4061,33.8041
2019-05-19 03-18-23,374,19.4046,33.8308
2019-05-19 03-18-25,374,19.3512,33.8041
2019-05-19 03-18-27,374,19.4046,33.8174
2019-05-19 03-18-29,374,19.4229,33.8308
2019-05-19 03-18-31,374,19.4565,33.8174
2019-05-19 03-18-33,374,19.3878,33.8628
2019-05-19 03-18-35,373,19.3909,33.8628
2019-05-19 03-18-39,373,19.3359,33.8628
2019-05-19 03-18-41,373,19.3008,33.8895
2019-05-19 03-18-43,373,19.3726,33.9055
2019-05-19 03-18-45,373,19.3726,33.9055
2019-05-19 03-18-47,373,19.3726,33.8762
2019-05-19 03-18-49,373,19.3695,33.8628
2019-05-19 03-18-51,373,19.3512,33.8895
2019-05-19 03-18-55,373,19.3008,33.8895
2019-05-19 03-18-57,373,19.3726,33.8762
2019-05-19 03-18-59,373,19.3542,33.8308
2019-05-19 03-19-01,373,19.3878,33.8308
2019-05-19 03-19-03,373,19.3146,33.8495
2019-05-19 03-19-05,373,19.4061,33.8308
2019-05-19 03-19-07,373,19.4229,33.7907
2019-05-19 03-19-09,372,19.3649,33.8174
2019-05-19 03-19-13,373,19.4382,33.8174
2019-05-19 03-19-15,373,19.4229,33.8041
2019-05-19 03-19-17,373,19.3649,33.8174
2019-05-19 03-19-19,373,19.4748,33.8174
2019-05-19 03-19-21,373,19.4382,33.8308
2019-05-19 03-19-23,373,19.4412,33.8628
2019-05-19 03-19-25,372,19.4427,33.8628
2019-05-19 03-19-27,372,19.4061,33.8495
2019-05-19 03-19-31,372,19.3878,33.8174
2019-05-19 03-19-33,372,19.4046,33.8041
2019-05-19 03-19-35,372,19.4382,33.8041
2019-05-19 03-19-37,372,19.4382,33.7907
2019-05-19 03-19-39,371,19.4046,33.748
2019-05-19 03-19-41,371,19.487,33.7614
2019-05-19 03-19-44,371,19.4885,33.7747
2019-05-19 03-19-48,372,19.4702,33.748
2019-05-19 03-19-50,372,19.487,33.7614
2019-05-19 03-19-52,371,19.5053,33.7346
2019-05-19 03-19-54,371,19.5053,33.7747
2019-05-19 03-19-56,370,19.455,33.7907
2019-05-19 03-19-58,370,19.455,33.8174
2019-05-19 03-20-00,370,19.4565,33.8174
2019-05-19 03-20-02,370,19.4229,33.8174
2019-05-19 03-20-06,370,19.368,33.8174
2019-05-19 03-20-08,370,19.4565,33.8174
2019-05-19 03-20-10,370,19.3497,33.8308
2019-05-19 03-20-12,370,19.4229,33.8041
2019-05-19 03-20-14,370,19.4199,33.8174
2019-05-19 03-20-16,371,19.368,33.8041
2019-05-19 03-20-18,371,19.4565,33.7747
2019-05-19 03-20-20,371,19.455,33.7747
2019-05-19 03-20-24,371,19.455,33.7614
2019-05-19 03-20-26,371,19.4183,33.7614
2019-05-19 03-20-28,371,19.455,33.748
2019-05-19 03-20-30,370,19.487,33.748
2019-05-19 03-20-32,370,19.5251,33.7186
2019-05-19 03-20-34,371,19.5389,33.7053
2019-05-19 03-20-36,370,19.5023,33.7186
2019-05-19 03-20-40,371,19.5236,33.7053
2019-05-19 03-20-42,371,19.574,33.6919
2019-05-19 03-20-44,370,19.574,33.7053
2019-05-19 03-20-46,370,19.5923,33.6625
2019-05-19 03-20-48,370,19.6396,33.6358
2019-05-19 03-20-50,370,19.606,33.6625
2019-05-19 03-20-52,370,19.7128,33.6358
2019-05-19 03-20-54,370,19.606,33.6225
2019-05-19 03-20-58,370,19.6213,33.6225
2019-05-19 03-21-00,370,19.6213,33.6065
2019-05-19 03-21-02,370,19.7266,33.6065
2019-05-19 03-21-04,369,19.6533,33.5931
2019-05-19 03-21-06,370,19.6533,33.5931
2019-05-19 03-21-08,370,19.7083,33.5931
2019-05-19 03-21-10,369,19.6533,33.5931
2019-05-19 03-21-12,369,19.6747,33.5798
2019-05-19 03-21-16,369,19.6014,33.6065
2019-05-19 03-21-18,369,19.7266,33.6225
2019-05-19 03-21-20,368,19.6564,33.6065
2019-05-19 03-21-22,368,19.693,33.6225
2019-05-19 03-21-24,368,19.7449,33.6225
2019-05-19 03-21-26,368,19.6564,33.6065
2019-05-19 03-21-28,368,19.6747,33.6225
2019-05-19 03-21-30,368,19.6762,33.6065
2019-05-19 03-21-34,368,19.6747,33.6065
2019-05-19 03-21-36,367,19.7083,33.6492
2019-05-19 03-21-38,367,19.6762,33.6492
2019-05-19 03-21-40,367,19.6579,33.6786
2019-05-19 03-21-42,367,19.5892,33.6919
2019-05-19 03-21-44,366,19.5389,33.7053
2019-05-19 03-21-46,366,19.5236,33.6919
2019-05-19 03-21-50,366,19.574,33.7186
2019-05-19 03-21-52,366,19.5923,33.7053
2019-05-19 03-21-54,366,19.574,33.7346
2019-05-19 03-21-56,366,19.5938,33.7346
2019-05-19 03-21-58,366,19.6106,33.7907
2019-05-19 03-22-00,366,19.5282,33.7907
2019-05-19 03-22-02,366,19.5435,33.8041
2019-05-19 03-22-04,366,19.4733,33.8174
2019-05-19 03-22-08,366,19.4046,33.8041
2019-05-19 03-22-10,366,19.4046,33.8174
2019-05-19 03-22-12,366,19.4748,33.8041
2019-05-19 03-22-14,366,19.4565,33.7907
2019-05-19 03-22-16,366,19.4199,33.8041
2019-05-19 03-22-18,366,19.4382,33.7614
2019-05-19 03-22-20,367,19.4183,33.7907
2019-05-19 03-22-22,366,19.3863,33.8308
2019-05-19 03-22-26,366,19.4412,33.8174
2019-05-19 03-22-28,366,19.4046,33.8041
2019-05-19 03-22-30,366,19.4046,33.8041
2019-05-19 03-22-32,366,19.4382,33.8041
2019-05-19 03-22-34,366,19.4199,33.7907
2019-05-19 03-22-36,366,19.455,33.7747
2019-05-19 03-22-38,366,19.455,33.7747
2019-05-19 03-22-40,366,19.4702,33.7614
2019-05-19 03-22-44,366,19.4885,33.7346
2019-05-19 03-22-46,366,19.4336,33.748
2019-05-19 03-22-48,366,19.5419,33.748
2019-05-19 03-22-50,366,19.5053,33.7614
2019-05-19 03-22-52,366,19.4885,33.748
2019-05-19 03-22-54,366,19.487,33.748
2019-05-19 03-22-56,365,19.5251,33.7346
2019-05-19 03-23-00,366,19.5602,33.7053
2019-05-19 03-23-02,366,19.5923,33.7186
2019-05-19 03-23-04,367,19.5755,33.7186
2019-05-19 03-23-06,367,19.5572,33.6786
2019-05-19 03-23-08,367,19.5557,33.6919
2019-05-19 03-23-10,367,19.5892,33.6625
2019-05-19 03-23-12,367,19.5007,33.6492
2019-05-19 03-23-14,367,19.5526,33.6492
2019-05-19 03-23-18,366,19.606,33.6492
2019-05-19 03-23-20,367,19.6213,33.6225
2019-05-19 03-23-22,367,19.6381,33.6358
2019-05-19 03-23-24,367,19.5877,33.6625
2019-05-19 03-23-26,366,19.5007,33.7053
2019-05-19 03-23-28,366,19.5236,33.7346
2019-05-19 03-23-30,366,19.4336,33.7907
2019-05-19 03-23-32,366,19.455,33.8041
2019-05-19 03-23-36,367,19.4733,33.7747
2019-05-19 03-23-38,367,19.4702,33.8041
2019-05-19 03-23-40,367,19.4199,33.7614
2019-05-19 03-23-42,366,19.4183,33.7614
2019-05-19 03-23-44,366,19.5435,33.7907
2019-05-19 03-23-46,367,19.5068,33.7907
2019-05-19 03-23-48,367,19.4733,33.8041
2019-05-19 03-23-52,367,19.4565,33.8041
2019-05-19 03-23-54,367,19.4199,33.7907
2019-05-19 03-23-56,367,19.4382,33.8041
2019-05-19 03-23-58,368,19.4565,33.7907
2019-05-19 03-24-00,367,19.4382,33.7614
2019-05-19 03-24-02,368,19.4366,33.7747
2019-05-19 03-24-04,368,19.4199,33.7614
2019-05-19 03-24-06,368,19.5251,33.748
2019-05-19 03-24-10,368,19.5251,33.7346
2019-05-19 03-24-12,368,19.5755,33.748
2019-05-19 03-24-14,368,19.5419,33.7346
2019-05-19 03-24-16,368,19.5236,33.748
2019-05-19 03-24-18,368,19.5053,33.7346
2019-05-19 03-24-20,368,19.487,33.7614
2019-05-19 03-24-22,368,19.4183,33.7747
2019-05-19 03-24-24,368,19.4702,33.748
2019-05-19 03-24-28,369,19.5251,33.748
2019-05-19 03-24-30,369,19.4519,33.7346
2019-05-19 03-24-32,369,19.4687,33.7053
2019-05-19 03-24-34,369,19.4504,33.7186
2019-05-19 03-24-36,370,19.5755,33.7053
2019-05-19 03-24-38,369,19.5023,33.6786
2019-05-19 03-24-40,369,19.5892,33.6786
2019-05-19 03-24-42,369,19.5892,33.6786
2019-05-19 03-24-46,370,19.5007,33.6625
2019-05-19 03-24-48,370,19.519,33.6625
2019-05-19 03-24-50,370,19.5557,33.6358
2019-05-19 03-24-53,370,19.5694,33.6358
2019-05-19 03-24-55,370,19.606,33.6225
2019-05-19 03-24-57,370,19.5877,33.6492
2019-05-19 03-24-59,370,19.6396,33.6358
2019-05-19 03-25-03,370,19.5877,33.6225
2019-05-19 03-25-05,370,19.603,33.6065
2019-05-19 03-25-07,370,19.603,33.5931
2019-05-19 03-25-09,370,19.6381,33.6065
2019-05-19 03-25-11,370,19.6533,33.5931
2019-05-19 03-25-13,370,19.6381,33.5664
2019-05-19 03-25-15,370,19.6518,33.5664
2019-05-19 03-25-17,371,19.6899,33.5504
2019-05-19 03-25-21,370,19.6518,33.537
2019-05-19 03-25-23,371,19.6884,33.537
2019-05-19 03-25-25,371,19.7754,33.5237
2019-05-19 03-25-27,370,19.7388,33.5237
2019-05-19 03-25-29,370,19.7388,33.4943
2019-05-19 03-25-31,370,19.7723,33.5103
2019-05-19 03-25-33,371,19.7906,33.4943
2019-05-19 03-25-35,371,19.7723,33.5103
2019-05-19 03-25-39,371,19.7571,33.4943
2019-05-19 03-25-41,371,19.754,33.481
2019-05-19 03-25-43,371,19.754,33.4943
2019-05-19 03-25-45,371,19.8074,33.4676
2019-05-19 03-25-47,371,19.7891,33.481
2019-05-19 03-25-49,371,19.754,33.4676
2019-05-19 03-25-51,370,19.7708,33.4676
2019-05-19 03-25-53,370,19.8044,33.4382
2019-05-19 03-25-57,370,19.8029,33.4382
2019-05-19 03-25-59,370,19.8761,33.4382
2019-05-19 03-26-01,371,19.8914,33.4382
2019-05-19 03-26-03,371,19.8761,33.4249
2019-05-19 03-26-05,371,19.8395,33.4676
2019-05-19 03-26-07,371,19.8776,33.4516
2019-05-19 03-26-09,371,19.8593,33.4249
2019-05-19 03-26-13,371,19.8227,33.4516
2019-05-19 03-26-15,371,19.841,33.4516
2019-05-19 03-26-17,370,19.8044,33.4382
2019-05-19 03-26-19,370,19.7861,33.4516
2019-05-19 03-26-21,369,19.8593,33.4516
2019-05-19 03-26-23,369,19.8044,33.4676
2019-05-19 03-26-25,369,19.8257,33.4382
2019-05-19 03-26-27,369,19.841,33.4249
2019-05-19 03-26-31,369,19.8395,33.4382
2019-05-19 03-26-33,369,19.841,33.3955
2019-05-19 03-26-35,370,19.8212,33.3955
2019-05-19 03-26-37,369,19.8898,33.4115
2019-05-19 03-26-39,370,19.8914,33.3795
2019-05-19 03-26-41,370,19.9051,33.3955
2019-05-19 03-26-43,370,19.9234,33.4249
2019-05-19 03-26-45,370,19.8914,33.3795
2019-05-19 03-26-49,370,19.8547,33.3795
2019-05-19 03-26-51,370,19.9234,33.3795
2019-05-19 03-26-53,370,19.9051,33.3661
2019-05-19 03-26-55,370,19.9051,33.3528
2019-05-19 03-26-57,370,19.96,33.3528
2019-05-19 03-26-59,370,19.8868,33.3528
2019-05-19 03-27-01,370,19.96,33.3368
2019-05-19 03-27-03,370,19.9768,33.3368
2019-05-19 03-27-07,370,19.9768,33.3234
2019-05-19 03-27-09,371,19.9738,33.3528
2019-05-19 03-27-11,370,20.0104,33.3528
2019-05-19 03-27-13,370,19.96,33.3528
2019-05-19 03-27-15,370,19.9768,33.3528
2019-05-19 03-27-17,370,19.9768,33.3528
2019-05-19 03-27-19,370,19.96,33.3528
2019-05-19 03-27-23,370,19.96,33.3528
2019-05-19 03-27-25,371,19.9051,33.3368
2019-05-19 03-27-27,371,20.0104,33.3661
2019-05-19 03-27-29,370,19.9402,33.3528
2019-05-19 03-27-31,370,19.96,33.3661
2019-05-19 03-27-33,370,19.9051,33.3528
2019-05-19 03-27-35,370,19.9402,33.3795
2019-05-19 03-27-37,370,19.8715,33.3795
2019-05-19 03-27-41,371,19.9234,33.3955
2019-05-19 03-27-43,371,19.873,33.3528
2019-05-19 03-27-45,371,19.8349,33.3528
2019-05-19 03-27-47,372,19.9051,33.3661
2019-05-19 03-27-49,372,19.8898,33.3528
2019-05-19 03-27-51,372,19.9219,33.3528
2019-05-19 03-27-53,373,19.9051,33.3661
2019-05-19 03-27-55,373,19.9051,33.3661
2019-05-19 03-27-59,373,19.8181,33.3528
2019-05-19 03-28-01,373,19.8532,33.3795
2019-05-19 03-28-03,373,19.8898,33.3661
2019-05-19 03-28-05,372,19.9234,33.3661
2019-05-19 03-28-07,373,19.8364,33.3368
2019-05-19 03-28-09,373,19.8685,33.3795
2019-05-19 03-28-11,373,19.8715,33.3795
2019-05-19 03-28-15,373,19.8715,33.3661
2019-05-19 03-28-17,374,19.8898,33.3955
2019-05-19 03-28-19,373,19.873,33.3955
2019-05-19 03-28-21,374,19.8898,33.3795
2019-05-19 03-28-23,374,19.8715,33.3528
2019-05-19 03-28-25,374,19.8532,33.3795
2019-05-19 03-28-27,375,19.8715,33.3528
2019-05-19 03-28-29,375,19.9051,33.3795
2019-05-19 03-28-33,375,19.8715,33.3528
2019-05-19 03-28-35,375,19.9219,33.3661
2019-05-19 03-28-37,375,19.8715,33.3368
2019-05-19 03-28-39,375,19.9036,33.3528
2019-05-19 03-28-41,375,19.9219,33.3528
2019-05-19 03-28-43,375,19.8715,33.3661
2019-05-19 03-28-45,375,19.9234,33.3368
2019-05-19 03-28-47,375,19.9036,33.3368
2019-05-19 03-28-51,375,19.9036,33.3528
2019-05-19 03-28-53,375,19.9951,33.3368
2019-05-19 03-28-55,375,19.9585,33.3234
2019-05-19 03-28-57,374,19.8853,33.3661
2019-05-19 03-28-59,375,19.9783,33.3528
2019-05-19 03-29-01,375,19.9219,33.3368
2019-05-19 03-29-03,375,19.9036,33.3528
2019-05-19 03-29-07,375,19.96,33.3528
2019-05-19 03-29-09,375,19.8868,33.3661
2019-05-19 03-29-11,374,19.8715,33.3368
2019-05-19 03-29-13,374,19.9036,33.3528
2019-05-19 03-29-15,375,19.9051,33.3368
2019-05-19 03-29-17,374,19.9371,33.3528
2019-05-19 03-29-19,374,19.8868,33.3661
2019-05-19 03-29-21,375,19.8715,33.3795
2019-05-19 03-29-25,374,19.8898,33.3661
2019-05-19 03-29-27,373,19.9783,33.3661
2019-05-19 03-29-29,374,19.9051,33.3528
2019-05-19 03-29-31,373,19.9051,33.3795
2019-05-19 03-29-33,373,19.9051,33.3661
2019-05-19 03-29-35,373,19.9051,33.3955
2019-05-19 03-29-37,371,19.9417,33.3528
2019-05-19 03-29-41,370,19.9219,33.3795
2019-05-19 03-29-43,369,19.9051,33.3795
2019-05-19 03-29-45,370,19.8898,33.3955
2019-05-19 03-29-47,371,19.9783,33.4115
2019-05-19 03-29-49,371,19.9081,33.3795
2019-05-19 03-29-51,371,19.9234,33.3661
2019-05-19 03-29-53,371,19.8898,33.3795
2019-05-19 03-29-56,371,19.9783,33.3795
2019-05-19 03-30-00,371,19.9417,33.3661
2019-05-19 03-30-02,371,19.9402,33.3661
2019-05-19 03-30-04,371,19.9402,33.3528
2019-05-19 03-30-06,371,19.9951,33.3661
2019-05-19 03-30-08,372,19.9234,33.3661
2019-05-19 03-30-10,372,19.8898,33.3661
2019-05-19 03-30-12,371,19.9051,33.3955
2019-05-19 03-30-14,371,19.8547,33.4115
2019-05-19 03-30-18,371,19.9081,33.3955
2019-05-19 03-30-20,370,19.8898,33.3955
2019-05-19 03-30-22,370,19.9081,33.3795
2019-05-19 03-30-24,371,19.9234,33.3795
2019-05-19 03-30-26,371,19.9417,33.3528
2019-05-19 03-30-28,372,19.9219,33.3528
2019-05-19 03-30-30,372,19.9219,33.3368
2019-05-19 03-30-32,373,19.9371,33.3661
2019-05-19 03-30-36,374,19.8715,33.3528
2019-05-19 03-30-38,375,19.9219,33.3661
2019-05-19 03-30-40,375,19.8715,33.3661
2019-05-19 03-30-42,375,19.9234,33.3795
2019-05-19 03-30-44,374,19.8898,33.3955
2019-05-19 03-30-46,374,19.8898,33.3955
2019-05-19 03-30-48,374,19.9081,33.3661
2019-05-19 03-30-52,374,19.9234,33.3795
2019-05-19 03-30-54,374,19.8547,33.3661
2019-05-19 03-30-56,375,19.9051,33.3795
2019-05-19 03-30-58,375,19.9234,33.3795
2019-05-19 03-31-00,375,19.9051,33.3795
2019-05-19 03-31-02,375,19.9417,33.3234
2019-05-19 03-31-04,375,19.9188,33.3368
2019-05-19 03-31-06,376,19.9585,33.3368
2019-05-19 03-31-10,376,19.9371,33.3101
2019-05-19 03-31-12,376,19.9371,33.3234
2019-05-19 03-31-14,376,19.9585,33.2967
2019-05-19 03-31-16,376,19.9738,33.3234
2019-05-19 03-31-18,376,19.9585,33.3234
2019-05-19 03-31-20,377,19.9738,33.2967
2019-05-19 03-31-22,377,19.9356,33.2967
2019-05-19 03-31-24,377,20.0241,33.2967
2019-05-19 03-31-28,377,20.0241,33.2967
2019-05-19 03-31-30,377,19.9738,33.3101
2019-05-19 03-31-32,376,19.9585,33.2967
2019-05-19 03-31-34,375,19.9738,33.3234
2019-05-19 03-31-36,375,19.9371,33.3234
2019-05-19 03-31-38,374,19.9036,33.3234
2019-05-19 03-31-40,374,19.9036,33.3368
2019-05-19 03-31-42,374,19.9371,33.3368
2019-05-19 03-31-46,374,19.9036,33.3368
2019-05-19 03-31-48,374,19.9585,33.3528
2019-05-19 03-31-50,374,19.96,33.3528
2019-05-19 03-31-52,374,19.9768,33.3528
2019-05-19 03-31-54,373,19.96,33.3955
2019-05-19 03-31-56,373,19.9783,33.4115
2019-05-19 03-31-58,373,19.9265,33.4249
2019-05-19 03-32-02,374,19.9265,33.4115
2019-05-19 03-32-04,373,19.8578,33.4249
2019-05-19 03-32-06,373,19.7845,33.4249
2019-05-19 03-32-08,373,19.8547,33.3955
2019-05-19 03-32-10,373,19.8898,33.3955
2019-05-19 03-32-12,373,19.8532,33.3528
2019-05-19 03-32-14,374,19.8547,33.3795
2019-05-19 03-32-16,374,19.9036,33.3368
2019-05-19 03-32-20,374,19.8868,33.3528
2019-05-19 03-32-22,374,19.9234,33.3661
2019-05-19 03-32-24,374,19.9051,33.3661
2019-05-19 03-32-26,374,19.9402,33.3528
2019-05-19 03-32-28,374,19.96,33.3528
2019-05-19 03-32-30,373,19.9402,33.3528
2019-05-19 03-32-32,373,19.9219,33.3528
2019-05-19 03-32-34,373,19.9234,33.3661
2019-05-19 03-32-38,374,19.9234,33.3661
2019-05-19 03-32-40,373,19.9234,33.3795
2019-05-19 03-32-42,373,19.9051,33.3661
2019-05-19 03-32-44,373,19.9234,33.3661
2019-05-19 03-32-46,372,19.9631,33.3955
2019-05-19 03-32-48,373,19.9783,33.3795
2019-05-19 03-32-50,373,19.9265,33.4115
2019-05-19 03-32-54,373,19.9081,33.3955
2019-05-19 03-32-56,373,19.8578,33.4382
2019-05-19 03-32-58,373,19.8395,33.4249
2019-05-19 03-33-00,373,19.8593,33.4516
2019-05-19 03-33-02,373,19.7861,33.4382
2019-05-19 03-33-04,373,19.8044,33.481
2019-05-19 03-33-06,373,19.8273,33.4943
2019-05-19 03-33-08,373,19.8044,33.4676
2019-05-19 03-33-12,373,19.7388,33.4943
2019-05-19 03-33-14,373,19.7891,33.4943
2019-05-19 03-33-16,374,19.8227,33.4382
2019-05-19 03-33-18,374,19.8578,33.4115
2019-05-19 03-33-20,374,19.8578,33.4115
2019-05-19 03-33-22,375,19.8898,33.3955
2019-05-19 03-33-24,375,19.873,33.4115
2019-05-19 03-33-26,374,19.8578,33.4115
2019-05-19 03-33-30,375,19.873,33.4115
2019-05-19 03-33-32,375,19.9051,33.3795
2019-05-19 03-33-34,375,19.873,33.3955
2019-05-19 03-33-36,375,19.9081,33.3955
2019-05-19 03-33-38,375,19.9051,33.3661
2019-05-19 03-33-40,374,19.9417,33.3795
2019-05-19 03-33-42,374,19.8898,33.3661
2019-05-19 03-33-46,375,19.8547,33.3795
2019-05-19 03-33-48,374,19.8715,33.3795
2019-05-19 03-33-50,374,19.8898,33.3795
2019-05-19 03-33-52,374,19.8547,33.3795
2019-05-19 03-33-54,374,19.9051,33.3795
2019-05-19 03-33-56,374,19.8715,33.3795
2019-05-19 03-33-58,374,19.8166,33.3368
2019-05-19 03-34-00,374,19.8715,33.3661
2019-05-19 03-34-04,373,19.8715,33.3795
2019-05-19 03-34-06,373,19.9051,33.3661
2019-05-19 03-34-08,373,19.9417,33.3955
2019-05-19 03-34-10,372,19.8212,33.3955
2019-05-19 03-34-12,372,19.9097,33.4249
2019-05-19 03-34-14,372,19.8761,33.4382
2019-05-19 03-34-16,373,19.7708,33.4516
2019-05-19 03-34-20,373,19.7861,33.4382
2019-05-19 03-34-22,373,19.841,33.4516
2019-05-19 03-34-24,373,19.8761,33.4516
2019-05-19 03-34-26,373,19.8776,33.4676
2019-05-19 03-34-28,373,19.841,33.4516
2019-05-19 03-34-30,373,19.841,33.4382
2019-05-19 03-34-32,373,19.8273,33.4943
2019-05-19 03-34-34,373,19.7708,33.4676
2019-05-19 03-34-38,373,19.7891,33.4943
2019-05-19 03-34-40,373,19.7906,33.5103
2019-05-19 03-34-42,372,19.7754,33.537
2019-05-19 03-34-44,372,19.7723,33.5103
2019-05-19 03-34-46,372,19.7723,33.5237
2019-05-19 03-34-48,372,19.722,33.5237
2019-05-19 03-34-50,372,19.7723,33.5103
2019-05-19 03-34-52,372,19.7571,33.5103
2019-05-19 03-34-56,372,19.7571,33.5237
2019-05-19 03-34-58,372,19.7708,33.481
2019-05-19 03-35-01,372,19.7708,33.481
2019-05-19 03-35-03,372,19.8257,33.481
2019-05-19 03-35-05,372,19.8074,33.4943
2019-05-19 03-35-07,372,19.754,33.481
2019-05-19 03-35-09,372,19.7891,33.4676
2019-05-19 03-35-11,373,19.7861,33.4516
2019-05-19 03-35-15,373,19.8227,33.4516
2019-05-19 03-35-17,373,19.8761,33.4382
2019-05-19 03-35-19,373,19.8029,33.4382
2019-05-19 03-35-21,373,19.873,33.4115
2019-05-19 03-35-23,373,19.873,33.3955
2019-05-19 03-35-25,374,19.9631,33.4115
2019-05-19 03-35-27,374,19.9417,33.3955
2019-05-19 03-35-31,373,19.9417,33.3955
2019-05-19 03-35-33,373,19.8715,33.3795
2019-05-19 03-35-35,374,19.8898,33.3661
2019-05-19 03-35-37,373,19.8715,33.3661
2019-05-19 03-35-39,374,19.9417,33.3795
2019-05-19 03-35-41,373,19.9402,33.3661
2019-05-19 03-35-43,373,19.96,33.3661
2019-05-19 03-35-45,373,19.9036,33.3368
2019-05-19 03-35-49,373,19.9402,33.3528
2019-05-19 03-35-51,373,19.9219,33.3528
2019-05-19 03-35-53,373,19.9051,33.3528
2019-05-19 03-35-55,372,19.8868,33.3528
2019-05-19 03-35-57,372,19.9585,33.3234
2019-05-19 03-35-59,371,19.96,33.3661
2019-05-19 03-36-01,371,19.9188,33.3234
2019-05-19 03-36-03,371,19.9051,33.3661
2019-05-19 03-36-07,371,19.9585,33.3368
2019-05-19 03-36-09,371,19.9951,33.3661
2019-05-19 03-36-11,370,19.873,33.3955
2019-05-19 03-36-13,370,19.9234,33.3795
2019-05-19 03-36-15,370,19.873,33.3955
2019-05-19 03-36-17,369,19.8395,33.4115
2019-05-19 03-36-19,369,19.9081,33.3955
2019-05-19 03-36-21,369,19.9081,33.4115
2019-05-19 03-36-25,370,19.9081,33.4115
2019-05-19 03-36-27,370,19.9081,33.4115
2019-05-19 03-36-29,370,19.9234,33.3955
2019-05-19 03-36-31,370,19.873,33.3955
2019-05-19 03-36-33,371,19.9234,33.3661
2019-05-19 03-36-35,372,19.8898,33.3661
2019-05-19 03-36-37,372,19.96,33.3661
2019-05-19 03-36-39,372,19.9219,33.3528
2019-05-19 03-36-43,372,19.9051,33.3661
2019-05-19 03-36-45,372,19.9234,33.3661
2019-05-19 03-36-47,372,19.9051,33.3795
2019-05-19 03-36-49,371,19.9051,33.3661
2019-05-19 03-36-51,371,19.9402,33.3661
2019-05-19 03-36-53,372,19.9051,33.3661
2019-05-19 03-36-55,372,19.8212,33.3795
2019-05-19 03-36-59,372,19.873,33.4115
2019-05-19 03-37-01,371,19.8578,33.4249
2019-05-19 03-37-03,371,19.7861,33.4382
2019-05-19 03-37-05,371,19.8029,33.4382
2019-05-19 03-37-07,371,19.8044,33.4676
2019-05-19 03-37-09,371,19.873,33.4115
2019-05-19 03-37-11,372,19.841,33.4382
2019-05-19 03-37-13,372,19.8395,33.4249
2019-05-19 03-37-17,372,19.8029,33.4249
2019-05-19 03-37-19,372,19.8395,33.4249
2019-05-19 03-37-21,372,19.8029,33.4382
2019-05-19 03-37-23,373,19.7678,33.4382
2019-05-19 03-37-25,372,19.8212,33.4115
2019-05-19 03-37-27,372,19.8395,33.3955
2019-05-19 03-37-29,372,19.7845,33.4249
2019-05-19 03-37-31,373,19.8029,33.4115
2019-05-19 03-37-35,373,19.8578,33.4115
2019-05-19 03-37-37,373,19.8898,33.3955
2019-05-19 03-37-39,373,19.8898,33.3795
2019-05-19 03-37-41,374,19.9234,33.3661
2019-05-19 03-37-43,374,19.8898,33.3795
2019-05-19 03-37-45,374,19.9234,33.3955
2019-05-19 03-37-47,374,19.8898,33.3795
2019-05-19 03-37-51,374,19.9234,33.3955
2019-05-19 03-37-53,373,19.8395,33.4249
2019-05-19 03-37-55,373,19.8761,33.4382
2019-05-19 03-37-57,373,19.7891,33.481
2019-05-19 03-37-59,373,19.7708,33.4676
2019-05-19 03-38-01,373,19.754,33.481
2019-05-19 03-38-03,373,19.7891,33.481
2019-05-19 03-38-05,373,19.8044,33.4516
2019-05-19 03-38-09,373,19.8227,33.4516
2019-05-19 03-38-11,374,19.7861,33.4516
2019-05-19 03-38-13,374,19.8227,33.4516
2019-05-19 03-38-15,374,19.8227,33.4516
2019-05-19 03-38-17,374,19.7861,33.4382
2019-05-19 03-38-19,374,19.7861,33.4516
2019-05-19 03-38-21,373,19.7678,33.4382
2019-05-19 03-38-23,374,19.7678,33.4382
2019-05-19 03-38-27,374,19.841,33.4676
2019-05-19 03-38-29,374,19.8593,33.4676
2019-05-19 03-38-31,374,19.841,33.4516
2019-05-19 03-38-33,374,19.7708,33.4676
2019-05-19 03-38-35,373,19.8044,33.481
2019-05-19 03-38-37,373,19.7388,33.5103
2019-05-19 03-38-39,372,19.7754,33.537
2019-05-19 03-38-43,372,19.7723,33.5237
2019-05-19 03-38-45,372,19.7388,33.5237
2019-05-19 03-38-47,372,19.7205,33.4943
2019-05-19 03-38-49,372,19.7708,33.4676
2019-05-19 03-38-51,373,19.841,33.4516
2019-05-19 03-38-53,374,19.8044,33.4516
2019-05-19 03-38-55,373,19.8029,33.4382
2019-05-19 03-38-57,373,19.8257,33.481
2019-05-19 03-39-01,373,19.8257,33.4676
2019-05-19 03-39-03,373,19.8761,33.4516
2019-05-19 03-39-05,373,19.754,33.4943
2019-05-19 03-39-07,373,19.754,33.4943
2019-05-19 03-39-09,372,19.7906,33.5103
2019-05-19 03-39-11,372,19.7388,33.5237
2019-05-19 03-39-13,372,19.7388,33.5237
2019-05-19 03-39-15,372,19.7586,33.5504
2019-05-19 03-39-19,372,19.7021,33.4943
2019-05-19 03-39-21,372,19.7571,33.5103
2019-05-19 03-39-23,371,19.7357,33.481
2019-05-19 03-39-25,372,19.7205,33.4943
2019-05-19 03-39-27,371,19.7723,33.5237
2019-05-19 03-39-29,371,19.7586,33.5504
2019-05-19 03-39-31,371,19.7403,33.5664
2019-05-19 03-39-33,371,19.7083,33.5931
2019-05-19 03-39-37,371,19.6564,33.6358
2019-05-19 03-39-39,371,19.6747,33.5931
2019-05-19 03-39-41,372,19.6381,33.5931
2019-05-19 03-39-43,372,19.6747,33.5931
2019-05-19 03-39-45,372,19.6899,33.5798
2019-05-19 03-39-47,372,19.693,33.6065
2019-05-19 03-39-49,372,19.6014,33.5931
2019-05-19 03-39-53,372,19.6899,33.5931
2019-05-19 03-39-55,373,19.6899,33.5664
2019-05-19 03-39-57,373,19.6716,33.5664
2019-05-19 03-39-59,373,19.722,33.5504
2019-05-19 03-40-01,372,19.6701,33.537
2019-05-19 03-40-03,373,19.7067,33.5664
2019-05-19 03-40-05,373,19.7067,33.537
2019-05-19 03-40-07,372,19.7067,33.5504
2019-05-19 03-40-11,373,19.722,33.5504
2019-05-19 03-40-13,373,19.722,33.5237
2019-05-19 03-40-15,373,19.7937,33.5504
2019-05-19 03-40-18,373,19.7021,33.481
2019-05-19 03-40-20,373,19.754,33.4943
2019-05-19 03-40-22,373,19.7906,33.5103
2019-05-19 03-40-24,373,19.7388,33.5103
2019-05-19 03-40-26,373,19.8273,33.5103
2019-05-19 03-40-30,373,19.7891,33.481
2019-05-19 03-40-32,373,19.8044,33.4676
2019-05-19 03-40-34,374,19.8441,33.4943
2019-05-19 03-40-36,374,19.7891,33.4943
2019-05-19 03-40-38,374,19.7891,33.4676
2019-05-19 03-40-40,374,19.7891,33.481
2019-05-19 03-40-42,374,19.8044,33.4516
2019-05-19 03-40-44,374,19.8776,33.4676
2019-05-19 03-40-48,374,19.8257,33.481
2019-05-19 03-40-50,374,19.8227,33.4382
2019-05-19 03-40-52,373,19.8593,33.4676
2019-05-19 03-40-54,373,19.841,33.4676
2019-05-19 03-40-56,373,19.7891,33.4943
2019-05-19 03-40-58,373,19.7937,33.5504
2019-05-19 03-41-00,372,19.7723,33.5237
2019-05-19 03-41-04,373,19.7769,33.5664
2019-05-19 03-41-06,372,19.6899,33.5931
2019-05-19 03-41-08,373,19.693,33.6065
2019-05-19 03-41-10,373,19.6762,33.6492
2019-05-19 03-41-12,372,19.574,33.6919
2019-05-19 03-41-14,373,19.6259,33.7053
2019-05-19 03-41-16,373,19.5572,33.7053
2019-05-19 03-41-18,373,19.487,33.7346
2019-05-19 03-41-22,373,19.5938,33.7346
2019-05-19 03-41-24,372,19.5755,33.7186
2019-05-19 03-41-26,372,19.5572,33.7053
2019-05-19 03-41-28,372,19.5709,33.6786
2019-05-19 03-41-30,373,19.6259,33.6919
2019-05-19 03-41-32,373,19.5709,33.6786
2019-05-19 03-41-34,373,19.5892,33.6625
2019-05-19 03-41-36,373,19.5892,33.6625
2019-05-19 03-41-40,373,19.5877,33.6358
2019-05-19 03-41-42,373,19.606,33.6492
2019-05-19 03-41-44,373,19.6198,33.6065
2019-05-19 03-41-46,373,19.6762,33.6225
2019-05-19 03-41-48,373,19.6213,33.6225
2019-05-19 03-41-50,372,19.6198,33.6065
2019-05-19 03-41-52,373,19.6213,33.6225
2019-05-19 03-41-54,373,19.6762,33.6358
2019-05-19 03-41-58,372,19.6533,33.6065
2019-05-19 03-42-00,372,19.6564,33.6358
2019-05-19 03-42-02,372,19.6762,33.6492
2019-05-19 03-42-04,372,19.6259,33.6919
2019-05-19 03-42-06,372,19.5602,33.7346
2019-05-19 03-42-08,372,19.5435,33.7747
2019-05-19 03-42-10,372,19.5465,33.8041
2019-05-19 03-42-14,372,19.5282,33.7907
2019-05-19 03-42-16,372,19.5068,33.7907
2019-05-19 03-42-18,373,19.4382,33.7907
2019-05-19 03-42-20,373,19.455,33.7907
2019-05-19 03-42-22,373,19.4702,33.7747
2019-05-19 03-42-24,373,19.4702,33.748
2019-05-19 03-42-26,374,19.4336,33.7346
2019-05-19 03-42-28,374,19.4687,33.7053
2019-05-19 03-42-32,374,19.5389,33.6919
2019-05-19 03-42-34,375,19.519,33.6625
2019-05-19 03-42-36,375,19.5892,33.6625
2019-05-19 03-42-38,375,19.6259,33.6919
2019-05-19 03-42-40,375,19.5892,33.6786
2019-05-19 03-42-42,374,19.5389,33.7053
2019-05-19 03-42-44,374,19.5007,33.6919
2019-05-19 03-42-46,374,19.5602,33.7614
2019-05-19 03-42-50,374,19.4733,33.7907
2019-05-19 03-42-52,374,19.4061,33.8495
2019-05-19 03-42-54,374,19.4061,33.8308
2019-05-19 03-42-56,375,19.4382,33.8041
2019-05-19 03-42-58,374,19.455,33.7747
2019-05-19 03-43-00,375,19.4565,33.8174
2019-05-19 03-43-02,375,19.4916,33.8041
2019-05-19 03-43-06,375,19.4733,33.8041
2019-05-19 03-43-08,375,19.4565,33.8308
2019-05-19 03-43-10,375,19.5282,33.8041
2019-05-19 03-43-12,375,19.4382,33.8041
2019-05-19 03-43-14,375,19.5251,33.7614
2019-05-19 03-43-16,376,19.4885,33.7614
2019-05-19 03-43-18,376,19.487,33.748
2019-05-19 03-43-20,376,19.487,33.7346
2019-05-19 03-43-24,376,19.5023,33.7186
2019-05-19 03-43-26,375,19.5206,33.6919
2019-05-19 03-43-28,375,19.574,33.6919
2019-05-19 03-43-30,375,19.574,33.7053
2019-05-19 03-43-32,375,19.6075,33.7053
2019-05-19 03-43-34,375,19.6121,33.748
2019-05-19 03-43-36,375,19.5602,33.7614
2019-05-19 03-43-38,375,19.5618,33.8041
2019-05-19 03-43-42,375,19.5114,33.8495
2019-05-19 03-43-44,375,19.5114,33.8495
2019-05-19 03-43-46,375,19.4748,33.8308
2019-05-19 03-43-48,375,19.4382,33.8174
2019-05-19 03-43-50,375,19.4412,33.8308
2019-05-19 03-43-52,375,19.4565,33.8174
2019-05-19 03-43-54,375,19.4595,33.8495
2019-05-19 03-43-56,376,19.4412,33.8308
2019-05-19 03-44-00,376,19.4916,33.8174
2019-05-19 03-44-02,375,19.4565,33.8308
2019-05-19 03-44-04,376,19.4412,33.8495
2019-05-19 03-44-06,376,19.4412,33.8495
2019-05-19 03-44-08,376,19.548,33.8495
2019-05-19 03-44-10,377,19.3878,33.8495
2019-05-19 03-44-12,377,19.4412,33.8495
2019-05-19 03-44-16,377,19.4412,33.8308
2019-05-19 03-44-18,377,19.4565,33.8308
2019-05-19 03-44-20,377,19.5282,33.8041
2019-05-19 03-44-22,377,19.4565,33.8174
2019-05-19 03-44-24,377,19.4748,33.8308
2019-05-19 03-44-26,377,19.4412,33.8308
2019-05-19 03-44-28,376,19.4244,33.8495
2019-05-19 03-44-30,376,19.4458,33.9055
2019-05-19 03-44-34,376,19.3192,33.9055
2019-05-19 03-44-36,375,19.3542,33.8895
2019-05-19 03-44-38,376,19.3726,33.9055
2019-05-19 03-44-40,376,19.3726,33.8895
2019-05-19 03-44-42,376,19.3359,33.8762
2019-05-19 03-44-44,376,19.3878,33.8495
2019-05-19 03-44-46,377,19.3878,33.8495
2019-05-19 03-44-48,377,19.4046,33.8174
2019-05-19 03-44-52,377,19.4229,33.8308
2019-05-19 03-44-54,377,19.4229,33.8308
2019-05-19 03-44-56,377,19.4733,33.8041
2019-05-19 03-44-58,377,19.4229,33.8174
2019-05-19 03-45-00,377,19.4046,33.7907
2019-05-19 03-45-02,377,19.4199,33.8041
2019-05-19 03-45-04,377,19.455,33.7614
2019-05-19 03-45-08,377,19.4519,33.748
2019-05-19 03-45-10,376,19.5572,33.7186
2019-05-19 03-45-12,377,19.5206,33.6919
2019-05-19 03-45-14,376,19.5557,33.6625
2019-05-19 03-45-16,377,19.5389,33.6919
2019-05-19 03-45-18,376,19.5557,33.6625
2019-05-19 03-45-20,375,19.5694,33.6358
2019-05-19 03-45-22,375,19.606,33.6625
2019-05-19 03-45-26,375,19.606,33.6625
2019-05-19 03-45-29,375,19.606,33.6492
2019-05-19 03-45-31,374,19.5557,33.6786
2019-05-19 03-45-33,374,19.6243,33.6625
2019-05-19 03-45-35,374,19.6075,33.6786
2019-05-19 03-45-37,374,19.5709,33.6625
2019-05-19 03-45-39,374,19.5709,33.6786
2019-05-19 03-45-41,373,19.5892,33.6786
2019-05-19 03-45-45,372,19.574,33.7053
2019-05-19 03-45-47,372,19.5923,33.7186
2019-05-19 03-45-49,373,19.5023,33.7186
2019-05-19 03-45-51,373,19.5053,33.748
2019-05-19 03-45-53,373,19.5282,33.7907
2019-05-19 03-45-55,372,19.5068,33.7907
2019-05-19 03-45-57,373,19.5099,33.8308
2019-05-19 03-45-59,372,19.4382,33.8041
2019-05-19 03-46-03,372,19.4565,33.8174
2019-05-19 03-46-05,372,19.4382,33.8174
2019-05-19 03-46-07,372,19.4748,33.8174
2019-05-19 03-46-09,373,19.4733,33.8041
2019-05-19 03-46-11,373,19.4916,33.8308
2019-05-19 03-46-13,373,19.4748,33.8495
2019-05-19 03-46-15,372,19.4748,33.8495
2019-05-19 03-46-19,372,19.4427,33.8895
2019-05-19 03-46-21,372,19.4595,33.8762
2019-05-19 03-46-23,372,19.4092,33.8762
2019-05-19 03-46-25,372,19.4107,33.9055
2019-05-19 03-46-27,372,19.3741,33.9483
2019-05-19 03-46-29,372,19.31,34.0177
2019-05-19 03-46-31,372,19.2764,34.0444
2019-05-19 03-46-33,372,19.2444,34.0738
2019-05-19 03-46-37,372,19.2764,34.0444
2019-05-19 03-46-39,373,19.2215,34.0311
2019-05-19 03-46-41,373,19.1666,33.9883
2019-05-19 03-46-43,373,19.2581,34.0043
2019-05-19 03-46-45,373,19.2551,33.9616
2019-05-19 03-46-47,374,19.2902,33.9616
2019-05-19 03-46-49,373,19.2688,33.9323
2019-05-19 03-46-51,373,19.2139,33.9189
2019-05-19 03-46-55,374,19.3542,33.8762
2019-05-19 03-46-57,374,19.3359,33.8762
2019-05-19 03-46-59,374,19.3695,33.8495
2019-05-19 03-47-01,375,19.4382,33.8041
2019-05-19 03-47-03,375,19.4046,33.7907
2019-05-19 03-47-05,375,19.455,33.7614
2019-05-19 03-47-07,375,19.4702,33.7747
2019-05-19 03-47-11,375,19.487,33.748
2019-05-19 03-47-13,375,19.4687,33.7346
2019-05-19 03-47-15,374,19.5023,33.7053
2019-05-19 03-47-17,374,19.5709,33.6786
2019-05-19 03-47-19,374,19.5206,33.6919
2019-05-19 03-47-21,373,19.5374,33.6625
2019-05-19 03-47-23,373,19.5709,33.6625
2019-05-19 03-47-25,373,19.5526,33.6492
2019-05-19 03-47-29,373,19.606,33.6625
2019-05-19 03-47-31,373,19.6243,33.6625
2019-05-19 03-47-33,373,19.6396,33.6492
2019-05-19 03-47-35,373,19.6381,33.6225
2019-05-19 03-47-37,373,19.5663,33.5931
2019-05-19 03-47-39,373,19.6396,33.6358
2019-05-19 03-47-41,373,19.606,33.6625
2019-05-19 03-47-43,373,19.5557,33.6625
2019-05-19 03-47-47,372,19.519,33.6625
2019-05-19 03-47-49,371,19.574,33.7053
2019-05-19 03-47-51,371,19.5755,33.7186
2019-05-19 03-47-53,370,19.5572,33.7186
2019-05-19 03-47-55,370,19.574,33.7053
2019-05-19 03-47-57,370,19.5572,33.7053
2019-05-19 03-47-59,369,19.5053,33.7346
2019-05-19 03-48-03,369,19.5236,33.7186
2019-05-19 03-48-05,370,19.5023,33.7053
2019-05-19 03-48-07,370,19.5251,33.7614
2019-05-19 03-48-09,370,19.5435,33.7747
2019-05-19 03-48-11,370,19.4702,33.7614
2019-05-19 03-48-13,370,19.5053,33.7346
2019-05-19 03-48-15,370,19.487,33.748
2019-05-19 03-48-17,370,19.4702,33.748
2019-05-19 03-48-21,370,19.4702,33.7614
2019-05-19 03-48-23,371,19.5251,33.7747
2019-05-19 03-48-25,371,19.4885,33.7747
2019-05-19 03-48-27,372,19.3863,33.7747
2019-05-19 03-48-29,372,19.3878,33.8174
2019-05-19 03-48-31,372,19.3878,33.8495
2019-05-19 03-48-33,372,19.4229,33.8308
2019-05-19 03-48-35,372,19.3695,33.8628
2019-05-19 03-48-39,373,19.3512,33.8308
2019-05-19 03-48-41,373,19.3512,33.8308
2019-05-19 03-48-43,373,19.4046,33.8174
2019-05-19 03-48-45,373,19.3497,33.8174
2019-05-19 03-48-47,373,19.4748,33.8308
2019-05-19 03-48-49,373,19.3649,33.7907
2019-05-19 03-48-51,373,19.4366,33.7747
2019-05-19 03-48-55,374,19.4702,33.7614
2019-05-19 03-48-57,373,19.4702,33.7747
2019-05-19 03-48-59,373,19.4885,33.7614
2019-05-19 03-49-01,373,19.4183,33.7614
2019-05-19 03-49-03,374,19.487,33.7346
2019-05-19 03-49-05,374,19.5023,33.7186
2019-05-19 03-49-07,373,19.4687,33.7053
2019-05-19 03-49-09,373,19.5023,33.7053
2019-05-19 03-49-13,373,19.5206,33.6919
2019-05-19 03-49-15,373,19.5236,33.7186
2019-05-19 03-49-17,373,19.5389,33.6919
2019-05-19 03-49-19,373,19.5206,33.6919
2019-05-19 03-49-21,373,19.6075,33.6919
2019-05-19 03-49-23,374,19.574,33.6919
2019-05-19 03-49-25,373,19.6259,33.6919
2019-05-19 03-49-27,373,19.5892,33.6625
2019-05-19 03-49-31,373,19.5709,33.6786
2019-05-19 03-49-33,373,19.5709,33.6625
2019-05-19 03-49-35,373,19.5374,33.6492
2019-05-19 03-49-37,373,19.5526,33.6358
2019-05-19 03-49-39,373,19.6213,33.6225
2019-05-19 03-49-41,373,19.6381,33.6065
2019-05-19 03-49-43,373,19.6213,33.6225
2019-05-19 03-49-47,372,19.5877,33.6358
2019-05-19 03-49-49,372,19.6381,33.6225
2019-05-19 03-49-51,372,19.603,33.6065
2019-05-19 03-49-53,372,19.5877,33.6225
2019-05-19 03-49-55,372,19.6381,33.6225
2019-05-19 03-49-57,372,19.6381,33.6065
2019-05-19 03-49-59,372,19.6381,33.6225
2019-05-19 03-50-01,372,19.7113,33.6225
2019-05-19 03-50-05,372,19.635,33.5798
2019-05-19 03-50-07,372,19.6518,33.5664
2019-05-19 03-50-09,373,19.6533,33.5798
2019-05-19 03-50-11,373,19.6518,33.537
2019-05-19 03-50-13,372,19.7433,33.5798
2019-05-19 03-50-15,372,19.6899,33.5664
2019-05-19 03-50-17,372,19.693,33.6065
2019-05-19 03-50-19,372,19.6899,33.5664
2019-05-19 03-50-23,372,19.6899,33.5664
2019-05-19 03-50-25,372,19.6716,33.5664
2019-05-19 03-50-27,372,19.635,33.5798
2019-05-19 03-50-29,372,19.5877,33.6225
2019-05-19 03-50-31,371,19.6381,33.5931
2019-05-19 03-50-33,372,19.6533,33.6065
2019-05-19 03-50-35,372,19.693,33.6225
2019-05-19 03-50-39,372,19.6899,33.5931
2019-05-19 03-50-41,371,19.6198,33.5931
2019-05-19 03-50-43,371,19.6213,33.6225
2019-05-19 03-50-45,371,19.606,33.6625
2019-05-19 03-50-47,370,19.5892,33.6786
2019-05-19 03-50-49,371,19.5557,33.6919
2019-05-19 03-50-52,371,19.5053,33.7614
2019-05-19 03-50-54,371,19.5282,33.7907
2019-05-19 03-50-58,371,19.4565,33.8174
2019-05-19 03-51-00,371,19.3695,33.8628
2019-05-19 03-51-02,371,19.3909,33.8628
2019-05-19 03-51-04,371,19.3542,33.8895
2019-05-19 03-51-06,371,19.3405,33.9323
2019-05-19 03-51-08,371,19.2871,33.9323
2019-05-19 03-51-10,372,19.2719,33.9616
2019-05-19 03-51-12,372,19.3237,33.9483
2019-05-19 03-51-16,372,19.3237,33.9616
2019-05-19 03-51-18,373,19.2535,33.9323
2019-05-19 03-51-20,372,19.3054,33.9483
2019-05-19 03-51-22,373,19.3375,33.9189
2019-05-19 03-51-24,373,19.3039,33.9189
2019-05-19 03-51-26,373,19.3222,33.9323
2019-05-19 03-51-28,373,19.3237,33.9483
2019-05-19 03-51-30,374,19.3222,33.9189
2019-05-19 03-51-34,374,19.3085,33.9883
2019-05-19 03-51-36,374,19.2719,33.975
2019-05-19 03-51-38,374,19.2398,33.9883
2019-05-19 03-51-40,374,19.2413,34.0177
2019-05-19 03-51-42,374,19.2032,34.0311
2019-05-19 03-51-44,374,19.2215,34.0444
2019-05-19 03-51-46,375,19.1895,34.0604
2019-05-19 03-51-50,376,19.1727,34.1005
2019-05-19 03-51-52,376,19.1391,34.0871
2019-05-19 03-51-54,376,19.1391,34.0871
2019-05-19 03-51-56,376,19.1895,34.0738
2019-05-19 03-51-58,376,19.1727,34.1005
2019-05-19 03-52-00,376,19.1544,34.0738
2019-05-19 03-52-02,376,19.1574,34.1005
2019-05-19 03-52-04,377,19.1391,34.1005
2019-05-19 03-52-08,376,19.0887,34.1299
2019-05-19 03-52-10,376,19.1391,34.1165
2019-05-19 03-52-12,376,19.0857,34.0871
2019-05-19 03-52-14,377,19.0491,34.1005
2019-05-19 03-52-16,377,19.1208,34.1005
2019-05-19 03-52-18,377,19.1711,34.0738
2019-05-19 03-52-20,378,19.1864,34.0444
2019-05-19 03-52-22,378,19.1681,34.0177
2019-05-19 03-52-26,378,19.1849,34.0043
2019-05-19 03-52-28,378,19.2001,33.9883
2019-05-19 03-52-30,377,19.2368,33.975
2019-05-19 03-52-32,377,19.2551,33.9616
2019-05-19 03-52-34,377,19.2535,33.9483
2019-05-19 03-52-36,377,19.3054,33.9323
2019-05-19 03-52-38,377,19.2856,33.8895
2019-05-19 03-52-42,377,19.3192,33.8895
2019-05-19 03-52-44,377,19.3695,33.8762
2019-05-19 03-52-46,376,19.3512,33.8495
2019-05-19 03-52-48,376,19.4229,33.8174
2019-05-19 03-52-50,376,19.4366,33.7747
2019-05-19 03-52-52,376,19.5068,33.7747
2019-05-19 03-52-54,376,19.5023,33.7053
2019-05-19 03-52-56,375,19.4839,33.7186
2019-05-19 03-53-00,375,19.5419,33.7346
2019-05-19 03-53-02,375,19.5419,33.7346
2019-05-19 03-53-04,374,19.5602,33.7614
2019-05-19 03-53-06,373,19.5435,33.7907
2019-05-19 03-53-08,373,19.4412,33.8495
2019-05-19 03-53-10,372,19.4092,33.8762
2019-05-19 03-53-12,372,19.3726,33.9055
2019-05-19 03-53-14,373,19.3726,33.9189
2019-05-19 03-53-18,373,19.3924,33.9189
2019-05-19 03-53-20,373,19.4092,33.8895
2019-05-19 03-53-22,373,19.3726,33.8895
2019-05-19 03-53-24,373,19.3542,33.8762
2019-05-19 03-53-26,374,19.3176,33.8628
2019-05-19 03-53-28,374,19.3512,33.8495
2019-05-19 03-53-30,374,19.3909,33.8628
2019-05-19 03-53-32,374,19.4061,33.8495
2019-05-19 03-53-36,374,19.4427,33.8628
2019-05-19 03-53-38,374,19.4412,33.8308
2019-05-19 03-53-40,374,19.3878,33.8308
2019-05-19 03-53-42,374,19.4061,33.8308
2019-05-19 03-53-44,373,19.4229,33.8174
2019-05-19 03-53-46,374,19.4199,33.8041
2019-05-19 03-53-48,374,19.4046,33.8041
2019-05-19 03-53-52,374,19.4199,33.7907
2019-05-19 03-53-54,375,19.4702,33.7747
2019-05-19 03-53-56,375,19.4183,33.7614
2019-05-19 03-53-58,375,19.455,33.7614
2019-05-19 03-54-00,374,19.4183,33.748
2019-05-19 03-54-02,374,19.455,33.7614
2019-05-19 03-54-04,374,19.4702,33.7614
2019-05-19 03-54-06,373,19.4702,33.7614
2019-05-19 03-54-10,373,19.5435,33.7614
2019-05-19 03-54-12,373,19.5251,33.7614
2019-05-19 03-54-14,373,19.5419,33.7346
2019-05-19 03-54-16,373,19.5755,33.7346
2019-05-19 03-54-18,372,19.5572,33.7186
2019-05-19 03-54-20,372,19.5892,33.6919
2019-05-19 03-54-22,372,19.5709,33.6786
2019-05-19 03-54-24,372,19.5892,33.6786
2019-05-19 03-54-28,372,19.5892,33.6786
2019-05-19 03-54-30,371,19.5892,33.6786
2019-05-19 03-54-32,371,19.6426,33.6919
2019-05-19 03-54-34,371,19.5892,33.6919
2019-05-19 03-54-36,371,19.5374,33.6625
2019-05-19 03-54-38,371,19.5877,33.6492
2019-05-19 03-54-40,371,19.5709,33.6786
2019-05-19 03-54-44,371,19.606,33.6492
2019-05-19 03-54-46,371,19.5892,33.6625
2019-05-19 03-54-48,371,19.5709,33.6786
2019-05-19 03-54-50,371,19.5557,33.6919
2019-05-19 03-54-52,371,19.6426,33.6919
2019-05-19 03-54-54,370,19.6075,33.6919
2019-05-19 03-54-56,371,19.519,33.6625
2019-05-19 03-54-58,370,19.5557,33.6786
2019-05-19 03-55-02,370,19.5572,33.7053
2019-05-19 03-55-04,369,19.5419,33.748
2019-05-19 03-55-06,369,19.5282,33.8041
2019-05-19 03-55-08,369,19.4748,33.8495
2019-05-19 03-55-10,369,19.3512,33.8628
2019-05-19 03-55-12,369,19.4107,33.9189
2019-05-19 03-55-14,369,19.3222,33.9189
2019-05-19 03-55-16,369,19.3039,33.9189
2019-05-19 03-55-20,369,19.3375,33.9055
2019-05-19 03-55-22,369,19.3192,33.8762
2019-05-19 03-55-24,369,19.3192,33.9055
2019-05-19 03-55-26,369,19.3375,33.8895
2019-05-19 03-55-28,370,19.3512,33.8628
2019-05-19 03-55-30,370,19.3192,33.8762
2019-05-19 03-55-32,370,19.3695,33.8495
2019-05-19 03-55-36,371,19.3924,33.8895
2019-05-19 03-55-38,371,19.3878,33.8495
2019-05-19 03-55-40,371,19.4061,33.8308
2019-05-19 03-55-42,371,19.4229,33.8308
2019-05-19 03-55-44,371,19.4748,33.8174
2019-05-19 03-55-46,370,19.4565,33.8041
2019-05-19 03-55-48,371,19.4061,33.8308
2019-05-19 03-55-50,371,19.4244,33.8495
2019-05-19 03-55-54,371,19.4061,33.8308
2019-05-19 03-55-56,371,19.368,33.8308
2019-05-19 03-55-58,372,19.3497,33.8174
2019-05-19 03-56-00,372,19.3512,33.8495
2019-05-19 03-56-03,372,19.3878,33.8308
2019-05-19 03-56-05,372,19.3649,33.8041
2019-05-19 03-56-07,371,19.4733,33.7907
2019-05-19 03-56-09,371,19.4199,33.7907
2019-05-19 03-56-13,371,19.4565,33.8174
2019-05-19 03-56-15,371,19.4061,33.8308
2019-05-19 03-56-17,371,19.3909,33.8628
2019-05-19 03-56-19,371,19.3726,33.8895
2019-05-19 03-56-21,371,19.3542,33.8895
2019-05-19 03-56-23,371,19.3359,33.8628
2019-05-19 03-56-25,372,19.3909,33.8762
2019-05-19 03-56-29,372,19.3497,33.8174
2019-05-19 03-56-31,372,19.3497,33.8174
2019-05-19 03-56-33,373,19.4229,33.8174
2019-05-19 03-56-35,373,19.3878,33.8174
2019-05-19 03-56-37,373,19.4412,33.8308
2019-05-19 03-56-39,373,19.4595,33.8495
2019-05-19 03-56-41,373,19.4565,33.8041
2019-05-19 03-56-43,373,19.4565,33.8041
2019-05-19 03-56-47,374,19.455,33.7907
2019-05-19 03-56-49,374,19.4733,33.8041
2019-05-19 03-56-51,374,19.4229,33.8308
2019-05-19 03-56-53,373,19.3878,33.8495
2019-05-19 03-56-55,373,19.4244,33.8762
2019-05-19 03-56-57,373,19.3909,33.8762
2019-05-19 03-56-59,373,19.3039,33.9055
2019-05-19 03-57-01,374,19.3558,33.9055
2019-05-19 03-57-05,374,19.3192,33.9055
2019-05-19 03-57-07,374,19.3008,33.8895
2019-05-19 03-57-09,374,19.3359,33.8762
2019-05-19 03-57-11,374,19.3008,33.8762
2019-05-19 03-57-13,374,19.3359,33.8628
2019-05-19 03-57-15,375,19.3909,33.8628
2019-05-19 03-57-17,374,19.4092,33.8895
2019-05-19 03-57-21,375,19.3726,33.9055
2019-05-19 03-57-23,375,19.3542,33.8895
2019-05-19 03-57-25,376,19.4107,33.9055
2019-05-19 03-57-27,376,19.3192,33.8762
2019-05-19 03-57-29,376,19.3192,33.8762
2019-05-19 03-57-31,376,19.3924,33.8895
2019-05-19 03-57-33,376,19.3222,33.9189
2019-05-19 03-57-35,376,19.2535,33.9483
2019-05-19 03-57-39,376,19.2871,33.9323
2019-05-19 03-57-41,376,19.2871,33.9323
2019-05-19 03-57-43,377,19.3542,33.8895
2019-05-19 03-57-45,377,19.3695,33.8762
2019-05-19 03-57-47,377,19.3878,33.8495
2019-05-19 03-57-49,377,19.4061,33.8308
2019-05-19 03-57-51,377,19.4565,33.8308
2019-05-19 03-57-53,377,19.4565,33.8041
2019-05-19 03-57-57,377,19.4183,33.7614
2019-05-19 03-57-59,377,19.4885,33.7747
2019-05-19 03-58-01,377,19.4366,33.7747
2019-05-19 03-58-03,377,19.5435,33.7747
2019-05-19 03-58-05,376,19.4885,33.7614
2019-05-19 03-58-07,376,19.487,33.748
2019-05-19 03-58-09,376,19.5419,33.7346
2019-05-19 03-58-13,375,19.5572,33.7186
2019-05-19 03-58-15,375,19.5892,33.6919
2019-05-19 03-58-17,375,19.5389,33.6919
2019-05-19 03-58-19,375,19.574,33.6919
2019-05-19 03-58-21,375,19.5755,33.7346
2019-05-19 03-58-23,375,19.5923,33.7186
2019-05-19 03-58-25,375,19.487,33.7346
2019-05-19 03-58-27,375,19.5251,33.7614
2019-05-19 03-58-31,375,19.4885,33.7614
2019-05-19 03-58-33,375,19.5251,33.7614
2019-05-19 03-58-35,375,19.5251,33.7614
2019-05-19 03-58-37,375,19.4885,33.7907
2019-05-19 03-58-39,376,19.455,33.7907
2019-05-19 03-58-41,376,19.455,33.7747
2019-05-19 03-58-43,375,19.5068,33.7747
2019-05-19 03-58-45,375,19.455,33.7747
2019-05-19 03-58-49,375,19.4885,33.7747
2019-05-19 03-58-51,375,19.455,33.7747
2019-05-19 03-58-53,375,19.455,33.7747
2019-05-19 03-58-55,375,19.5053,33.748
2019-05-19 03-58-57,375,19.4687,33.7346
2019-05-19 03-58-59,375,19.5053,33.748
2019-05-19 03-59-01,375,19.5023,33.7186
2019-05-19 03-59-05,375,19.5389,33.6919
2019-05-19 03-59-07,375,19.5374,33.6492
2019-05-19 03-59-09,375,19.6213,33.6225
2019-05-19 03-59-11,376,19.6762,33.6225
2019-05-19 03-59-13,376,19.6579,33.6492
2019-05-19 03-59-15,376,19.6213,33.6358
2019-05-19 03-59-17,375,19.6381,33.6065
2019-05-19 03-59-19,375,19.6198,33.5798
2019-05-19 03-59-23,375,19.635,33.5798
2019-05-19 03-59-25,374,19.6899,33.5798
2019-05-19 03-59-27,375,19.6716,33.5664
2019-05-19 03-59-29,374,19.725,33.5664
2019-05-19 03-59-31,375,19.7067,33.5504
2019-05-19 03-59-33,375,19.7754,33.5504
2019-05-19 03-59-35,375,19.722,33.5504
2019-05-19 03-59-37,374,19.6518,33.5504
2019-05-19 03-59-41,374,19.7067,33.5504
2019-05-19 03-59-43,374,19.725,33.5664
2019-05-19 03-59-45,374,19.6899,33.5664
2019-05-19 03-59-47,373,19.6899,33.5798
2019-05-19 03-59-49,374,19.6899,33.5931
2019-05-19 03-59-51,373,19.635,33.5798
2019-05-19 03-59-53,373,19.6396,33.6492
2019-05-19 03-59-57,373,19.606,33.6625
2019-05-19 03-59-59,372,19.5389,33.7053
2019-05-19 04-00-01,373,19.5755,33.7186
2019-05-19 04-00-03,373,19.5236,33.7053
2019-05-19 04-00-05,373,19.4687,33.7346
2019-05-19 04-00-07,373,19.4687,33.7346
2019-05-19 04-00-09,373,19.4702,33.748
2019-05-19 04-00-11,374,19.5419,33.748
2019-05-19 04-00-15,374,19.4702,33.7614
2019-05-19 04-00-17,374,19.4885,33.7614
2019-05-19 04-00-19,375,19.455,33.7614
2019-05-19 04-00-21,375,19.4885,33.7614
2019-05-19 04-00-23,375,19.487,33.748
2019-05-19 04-00-25,376,19.5419,33.7346
2019-05-19 04-00-27,376,19.5251,33.748
2019-05-19 04-00-29,376,19.5053,33.7346
2019-05-19 04-00-33,376,19.5389,33.7053
2019-05-19 04-00-35,376,19.5236,33.7186
2019-05-19 04-00-37,376,19.5755,33.7186
2019-05-19 04-00-39,376,19.5389,33.7053
2019-05-19 04-00-41,376,19.5572,33.7186
2019-05-19 04-00-43,376,19.5389,33.7186
2019-05-19 04-00-45,376,19.5389,33.7186
2019-05-19 04-00-49,376,19.5572,33.7186
2019-05-19 04-00-51,375,19.5236,33.7346
2019-05-19 04-00-53,375,19.5755,33.7346
2019-05-19 04-00-55,375,19.5435,33.7614
2019-05-19 04-00-57,375,19.455,33.7614
2019-05-19 04-00-59,376,19.5068,33.7907
2019-05-19 04-01-01,375,19.5282,33.8041
2019-05-19 04-01-03,376,19.4733,33.7907
2019-05-19 04-01-07,376,19.4229,33.8308
2019-05-19 04-01-09,376,19.4595,33.8628
2019-05-19 04-01-11,375,19.3909,33.8628
2019-05-19 04-01-13,375,19.4061,33.8308
2019-05-19 04-01-15,375,19.4061,33.8628
2019-05-19 04-01-17,375,19.3359,33.8762
2019-05-19 04-01-19,376,19.4595,33.8762
2019-05-19 04-01-22,376,19.3542,33.8762
2019-05-19 04-01-26,376,19.3375,33.9055
2019-05-19 04-01-28,376,19.3741,33.9323
2019-05-19 04-01-30,376,19.3054,33.9483
2019-05-19 04-01-32,376,19.3054,33.9483
2019-05-19 04-01-34,376,19.2902,33.975
2019-05-19 04-01-36,377,19.2368,33.9483
2019-05-19 04-01-38,377,19.2535,33.9483
2019-05-19 04-01-40,377,19.2734,33.9883
2019-05-19 04-01-44,378,19.2551,33.975
2019-05-19 04-01-46,378,19.2535,33.9323
2019-05-19 04-01-48,379,19.2688,33.9189
2019-05-19 04-01-50,378,19.3405,33.9323
2019-05-19 04-01-52,378,19.3054,33.9323
2019-05-19 04-01-54,378,19.3405,33.9483
2019-05-19 04-01-56,378,19.3237,33.975
2019-05-19 04-01-58,378,19.2719,33.975
2019-05-19 04-02-02,377,19.3085,33.975
2019-05-19 04-02-04,377,19.3054,33.9616
2019-05-19 04-02-06,377,19.2719,33.975
2019-05-19 04-02-08,377,19.3054,33.9616
2019-05-19 04-02-10,377,19.2719,33.9616
2019-05-19 04-02-12,377,19.2368,33.9483
2019-05-19 04-02-14,378,19.2551,33.9616
2019-05-19 04-02-18,377,19.2734,34.0043
2019-05-19 04-02-20,377,19.2902,33.975
2019-05-19 04-02-22,377,19.2551,33.9883
2019-05-19 04-02-24,377,19.2581,34.0043
2019-05-19 04-02-26,377,19.2398,34.0043
2019-05-19 04-02-28,377,19.2917,33.9883
2019-05-19 04-02-30,378,19.2551,33.9616
2019-05-19 04-02-32,378,19.2169,33.9483
2019-05-19 04-02-36,378,19.2169,33.9616
2019-05-19 04-02-38,378,19.3085,33.975
2019-05-19 04-02-40,378,19.2871,33.9483
2019-05-19 04-02-42,378,19.2719,33.9616
2019-05-19 04-02-44,379,19.2871,33.9483
2019-05-19 04-02-46,378,19.2688,33.9189
2019-05-19 04-02-48,378,19.2535,33.9323
2019-05-19 04-02-50,378,19.2688,33.9055
2019-05-19 04-02-54,378,19.3375,33.9189
2019-05-19 04-02-56,378,19.3375,33.9055
2019-05-19 04-02-58,378,19.3375,33.9055
2019-05-19 04-03-00,378,19.3909,33.8762
2019-05-19 04-03-02,378,19.3359,33.8762
2019-05-19 04-03-04,378,19.3542,33.8762
2019-05-19 04-03-06,377,19.3695,33.8762
2019-05-19 04-03-10,377,19.3726,33.9055
2019-05-19 04-03-12,377,19.3542,33.8762
2019-05-19 04-03-14,376,19.3558,33.9055
2019-05-19 04-03-16,375,19.3192,33.9055
2019-05-19 04-03-18,376,19.3222,33.9189
2019-05-19 04-03-20,376,19.2856,33.8895
2019-05-19 04-03-22,376,19.3405,33.9323
2019-05-19 04-03-24,376,19.3039,33.9189
2019-05-19 04-03-28,376,19.3085,33.9883
2019-05-19 04-03-30,377,19.2581,34.0177
2019-05-19 04-03-32,377,19.1864,34.0311
2019-05-19 04-03-34,377,19.1864,34.0311
2019-05-19 04-03-36,377,19.2581,34.0177
2019-05-19 04-03-38,376,19.2001,33.9883
2019-05-19 04-03-40,376,19.2719,33.975
2019-05-19 04-03-42,377,19.2032,34.0043
2019-05-19 04-03-46,376,19.2581,34.0177
2019-05-19 04-03-48,376,19.2215,34.0311
2019-05-19 04-03-50,377,19.1727,34.0871
2019-05-19 04-03-52,376,19.1574,34.1165
2019-05-19 04-03-54,376,19.1574,34.1299
2019-05-19 04-03-56,376,19.0887,34.1299
2019-05-19 04-03-58,376,19.1071,34.1432
2019-05-19 04-04-02,376,19.1071,34.1566
2019-05-19 04-04-04,376,19.0903,34.1566
2019-05-19 04-04-06,376,19.017,34.1432
2019-05-19 04-04-08,376,19.0704,34.1566
2019-05-19 04-04-10,376,19.0521,34.1432
2019-05-19 04-04-12,376,19.0521,34.1566
2019-05-19 04-04-14,376,19.0384,34.1859
2019-05-19 04-04-16,377,19.0536,34.1993
2019-05-19 04-04-20,377,19.0536,34.1993
2019-05-19 04-04-22,377,19.072,34.1993
2019-05-19 04-04-24,377,18.9697,34.2287
2019-05-19 04-04-26,377,19.0079,34.2847
2019-05-19 04-04-28,377,18.9026,34.2981
2019-05-19 04-04-30,377,18.956,34.2847
2019-05-19 04-04-32,377,18.9575,34.2981
2019-05-19 04-04-34,378,19.0063,34.242
2019-05-19 04-04-38,378,19.0063,34.2554
2019-05-19 04-04-40,378,18.9697,34.2126
2019-05-19 04-04-42,378,19.0033,34.2287
2019-05-19 04-04-44,378,19.0033,34.2126
2019-05-19 04-04-46,378,19.072,34.1993
2019-05-19 04-04-48,377,19.0018,34.1859
2019-05-19 04-04-50,377,19.0521,34.1432
2019-05-19 04-04-54,377,19.0903,34.1566
2019-05-19 04-04-56,378,19.1071,34.1432
2019-05-19 04-04-58,377,19.1391,34.1165
2019-05-19 04-05-00,377,19.1391,34.1165
2019-05-19 04-05-02,377,19.1208,34.1005
2019-05-19 04-05-04,377,19.2093,34.1299
2019-05-19 04-05-06,377,19.1757,34.1165
2019-05-19 04-05-08,377,19.1757,34.1432
2019-05-19 04-05-12,377,19.0903,34.1566
2019-05-19 04-05-14,376,19.1254,34.1432
2019-05-19 04-05-16,377,19.0887,34.1432
2019-05-19 04-05-18,377,19.1223,34.1299
2019-05-19 04-05-20,377,19.1589,34.1432
2019-05-19 04-05-22,377,19.1254,34.1726
2019-05-19 04-05-24,377,19.0704,34.1726
2019-05-19 04-05-26,377,19.0536,34.1726
2019-05-19 04-05-30,377,19.0704,34.1566
2019-05-19 04-05-32,377,19.1071,34.1299
2019-05-19 04-05-34,377,19.017,34.1566
2019-05-19 04-05-36,378,19.017,34.1566
2019-05-19 04-05-38,378,19.104,34.1005
2019-05-19 04-05-40,378,19.0521,34.1432
2019-05-19 04-05-42,378,19.1071,34.1432
2019-05-19 04-05-46,378,19.104,34.1005
2019-05-19 04-05-48,377,19.1071,34.1299
2019-05-19 04-05-50,377,19.104,34.1005
2019-05-19 04-05-52,378,19.1391,34.1005
2019-05-19 04-05-54,377,19.1574,34.1005
2019-05-19 04-05-56,377,19.1208,34.0871
2019-05-19 04-05-58,377,19.0857,34.0871
2019-05-19 04-06-00,377,19.0659,34.0871
2019-05-19 04-06-04,377,19.0857,34.0871
2019-05-19 04-06-06,377,19.1895,34.0871
2019-05-19 04-06-08,377,19.1711,34.0604
2019-05-19 04-06-10,377,19.1681,34.0311
2019-05-19 04-06-12,378,19.2001,33.9883
2019-05-19 04-06-14,378,19.2001,33.975
2019-05-19 04-06-16,378,19.2871,33.9483
2019-05-19 04-06-18,378,19.2719,33.9483
2019-05-19 04-06-22,378,19.2505,33.9055
2019-05-19 04-06-24,377,19.3954,33.9323
2019-05-19 04-06-27,377,19.3375,33.8895
2019-05-19 04-06-29,377,19.3924,33.8895
2019-05-19 04-06-31,377,19.3695,33.8762
2019-05-19 04-06-33,377,19.3924,33.8895
2019-05-19 04-06-35,376,19.3176,33.8628
2019-05-19 04-06-37,376,19.3008,33.8628
2019-05-19 04-06-41,376,19.3695,33.8628
2019-05-19 04-06-43,376,19.3359,33.8495
2019-05-19 04-06-45,375,19.368,33.8308
2019-05-19 04-06-47,375,19.4382,33.7907
2019-05-19 04-06-49,375,19.3878,33.8174
2019-05-19 04-06-51,375,19.3695,33.8628
2019-05-19 04-06-53,374,19.3558,33.9055
2019-05-19 04-06-57,374,19.3558,33.9189
2019-05-19 04-06-59,374,19.3085,33.9883
2019-05-19 04-07-01,374,19.2764,34.0311
2019-05-19 04-07-03,374,19.3451,34.0177
2019-05-19 04-07-05,374,19.2764,34.0311
2019-05-19 04-07-07,374,19.2551,33.9883
2019-05-19 04-07-09,374,19.3237,33.975
2019-05-19 04-07-11,374,19.3085,33.975
2019-05-19 04-07-15,374,19.2917,33.9883
2019-05-19 04-07-17,374,19.2215,34.0177
2019-05-19 04-07-19,374,19.2398,34.0043
2019-05-19 04-07-21,375,19.2001,33.9883
2019-05-19 04-07-23,375,19.1864,34.0311
2019-05-19 04-07-25,375,19.1864,34.0444
2019-05-19 04-07-27,374,19.223,34.0604
2019-05-19 04-07-29,374,19.1727,34.0871
2019-05-19 04-07-33,374,19.1727,34.1005
2019-05-19 04-07-35,374,19.1208,34.0871
2019-05-19 04-07-37,375,19.1681,34.0311
2019-05-19 04-07-39,375,19.2032,34.0177
2019-05-19 04-07-41,374,19.2184,34.0043
2019-05-19 04-07-43,374,19.2551,33.9616
2019-05-19 04-07-45,374,19.2535,33.9323
2019-05-19 04-07-47,374,19.3054,33.9323
2019-05-19 04-07-51,374,19.3192,33.8895
2019-05-19 04-07-53,374,19.3039,33.9189
2019-05-19 04-07-55,374,19.3039,33.9055
2019-05-19 04-07-57,373,19.3192,33.9055
2019-05-19 04-07-59,373,19.3359,33.8762
2019-05-19 04-08-01,373,19.3176,33.8495
2019-05-19 04-08-03,374,19.3695,33.8495
2019-05-19 04-08-07,374,19.3878,33.8174
2019-05-19 04-08-09,374,19.4412,33.8308
2019-05-19 04-08-11,373,19.4046,33.7907
2019-05-19 04-08-13,373,19.3146,33.8174
2019-05-19 04-08-15,373,19.3329,33.8308
2019-05-19 04-08-17,372,19.4061,33.8495
2019-05-19 04-08-19,372,19.3329,33.8308
2019-05-19 04-08-21,372,19.3878,33.8495
2019-05-19 04-08-25,372,19.4229,33.8308
2019-05-19 04-08-27,372,19.4244,33.8762
2019-05-19 04-08-29,372,19.4244,33.8762
2019-05-19 04-08-31,372,19.368,33.8308
2019-05-19 04-08-33,372,19.3878,33.8495
2019-05-19 04-08-35,372,19.4046,33.8174
2019-05-19 04-08-37,372,19.4748,33.8174
2019-05-19 04-08-39,372,19.4565,33.8041
2019-05-19 04-08-43,372,19.4199,33.7747
2019-05-19 04-08-45,372,19.5053,33.7346
2019-05-19 04-08-47,372,19.5053,33.7346
2019-05-19 04-08-49,372,19.5236,33.7186
2019-05-19 04-08-51,372,19.5389,33.6919
2019-05-19 04-08-53,372,19.5892,33.6786
2019-05-19 04-08-55,371,19.5389,33.7053
2019-05-19 04-08-59,371,19.5374,33.6786
2019-05-19 04-09-01,371,19.5389,33.6919
2019-05-19 04-09-03,371,19.5236,33.7053
2019-05-19 04-09-05,371,19.487,33.7346
2019-05-19 04-09-07,371,19.5938,33.7346
2019-05-19 04-09-09,371,19.5419,33.7346
2019-05-19 04-09-11,370,19.5572,33.7186
2019-05-19 04-09-13,370,19.5251,33.7614
2019-05-19 04-09-17,369,19.5053,33.7614
2019-05-19 04-09-19,369,19.4382,33.8174
2019-05-19 04-09-21,368,19.4382,33.8041
2019-05-19 04-09-23,369,19.3878,33.8308
2019-05-19 04-09-25,369,19.4382,33.8041
2019-05-19 04-09-27,370,19.4046,33.8174
2019-05-19 04-09-29,370,19.4382,33.8041
2019-05-19 04-09-31,370,19.4382,33.8174
2019-05-19 04-09-35,370,19.4061,33.8308
2019-05-19 04-09-37,370,19.3878,33.8308
2019-05-19 04-09-39,370,19.3512,33.8495
2019-05-19 04-09-41,370,19.3375,33.9055
2019-05-19 04-09-43,370,19.2871,33.9323
2019-05-19 04-09-45,370,19.2535,33.9483
2019-05-19 04-09-47,370,19.2535,33.9323
2019-05-19 04-09-51,370,19.2871,33.9189
2019-05-19 04-09-53,370,19.3192,33.9055
2019-05-19 04-09-55,370,19.3008,33.8762
2019-05-19 04-09-57,370,19.2825,33.8628
2019-05-19 04-09-59,370,19.3878,33.8495
2019-05-19 04-10-01,371,19.4244,33.8495
2019-05-19 04-10-03,371,19.4046,33.8174
2019-05-19 04-10-05,371,19.4412,33.8308
2019-05-19 04-10-09,371,19.4199,33.8041
2019-05-19 04-10-11,371,19.4382,33.8174
2019-05-19 04-10-13,371,19.4061,33.8308
2019-05-19 04-10-15,371,19.4061,33.8308
2019-05-19 04-10-17,371,19.3512,33.8495
2019-05-19 04-10-19,371,19.3542,33.8762
2019-05-19 04-10-21,371,19.3008,33.8895
2019-05-19 04-10-23,371,19.3192,33.9055
2019-05-19 04-10-27,371,19.2505,33.9055
2019-05-19 04-10-29,371,19.3008,33.8895
2019-05-19 04-10-31,371,19.3192,33.8762
2019-05-19 04-10-33,371,19.2825,33.8762
2019-05-19 04-10-35,371,19.3512,33.8628
2019-05-19 04-10-37,371,19.3176,33.8495
2019-05-19 04-10-39,371,19.4061,33.8308
2019-05-19 04-10-41,371,19.4229,33.8174
2019-05-19 04-10-45,371,19.4061,33.8495
2019-05-19 04-10-47,371,19.4046,33.8041
2019-05-19 04-10-49,371,19.368,33.8308
2019-05-19 04-10-51,370,19.3359,33.8495
2019-05-19 04-10-53,370,19.3359,33.8628
2019-05-19 04-10-55,370,19.3542,33.8762
2019-05-19 04-10-57,371,19.3192,33.8762
2019-05-19 04-11-01,371,19.3008,33.8895
2019-05-19 04-11-03,372,19.2871,33.9323
2019-05-19 04-11-05,372,19.2688,33.9323
2019-05-19 04-11-07,371,19.2871,33.9323
2019-05-19 04-11-09,371,19.3054,33.9483
2019-05-19 04-11-11,371,19.3237,33.9616
2019-05-19 04-11-13,371,19.2352,33.9323
2019-05-19 04-11-15,372,19.3085,33.975
2019-05-19 04-11-19,372,19.2902,33.9616
2019-05-19 04-11-21,372,19.2352,33.9323
2019-05-19 04-11-23,372,19.2551,33.9883
2019-05-19 04-11-25,372,19.2001,33.975
2019-05-19 04-11-27,372,19.2169,33.975
2019-05-19 04-11-29,372,19.1528,34.0311
2019-05-19 04-11-31,372,19.223,34.0604
2019-05-19 04-11-33,372,19.2093,34.1299
2019-05-19 04-11-38,372,19.1406,34.1566
2019-05-19 04-11-40,372,19.1254,34.1566
2019-05-19 04-11-42,372,19.1406,34.1432
2019-05-19 04-11-44,372,19.0674,34.1165
2019-05-19 04-11-46,372,19.1544,34.0738
2019-05-19 04-11-48,372,19.136,34.0604
2019-05-19 04-11-50,373,19.1711,34.0604
2019-05-19 04-11-54,372,19.1864,34.0311
2019-05-19 04-11-56,372,19.2215,34.0177
2019-05-19 04-11-58,372,19.1895,34.0604
2019-05-19 04-12-00,372,19.1681,34.0311
2019-05-19 04-12-02,372,19.2734,34.0043
2019-05-19 04-12-04,371,19.2184,34.0043
2019-05-19 04-12-06,371,19.2368,33.9616
2019-05-19 04-12-08,371,19.2551,33.9616
2019-05-19 04-12-12,371,19.2551,33.975
2019-05-19 04-12-14,371,19.2535,33.9483
2019-05-19 04-12-16,370,19.3222,33.9323
2019-05-19 04-12-18,370,19.3726,33.9189
2019-05-19 04-12-20,370,19.3588,33.975
2019-05-19 04-12-22,370,19.2917,34.0043
2019-05-19 04-12-24,370,19.278,34.0738
2019-05-19 04-12-26,370,19.2093,34.1165
2019-05-19 04-12-30,370,19.1406,34.1432
2019-05-19 04-12-32,370,19.1254,34.1432
2019-05-19 04-12-34,369,19.1071,34.1299
2019-05-19 04-12-36,370,19.1071,34.1299
2019-05-19 04-12-38,370,19.1208,34.1005
2019-05-19 04-12-40,370,19.1574,34.1005
2019-05-19 04-12-42,370,19.0842,34.0604
2019-05-19 04-12-46,370,19.1177,34.0444
2019-05-19 04-12-48,370,19.1864,34.0444
2019-05-19 04-12-50,370,19.1681,34.0177
2019-05-19 04-12-52,370,19.2032,34.0177
2019-05-19 04-12-54,369,19.1666,33.9883
2019-05-19 04-12-56,370,19.2368,33.975
2019-05-19 04-12-58,369,19.2719,33.9616
2019-05-19 04-13-00,370,19.3405,33.9483
2019-05-19 04-13-04,370,19.2871,33.9189
2019-05-19 04-13-06,370,19.3039,33.9055
2019-05-19 04-13-08,370,19.2871,33.9323
2019-05-19 04-13-10,369,19.2688,33.9323
2019-05-19 04-13-12,369,19.2719,33.9616
2019-05-19 04-13-14,369,19.3085,34.0043
2019-05-19 04-13-16,369,19.2047,34.0444
2019-05-19 04-13-18,368,19.2047,34.0604
2019-05-19 04-13-22,369,19.0659,34.0738
2019-05-19 04-13-24,369,19.1208,34.1005
2019-05-19 04-13-26,369,19.0857,34.1005
2019-05-19 04-13-28,369,19.1727,34.0871
2019-05-19 04-13-30,369,19.136,34.0604
2019-05-19 04-13-32,370,19.1574,34.1005
2019-05-19 04-13-34,370,19.1895,34.0604
2019-05-19 04-13-38,370,19.1544,34.0738
2019-05-19 04-13-40,370,19.1711,34.0444
2019-05-19 04-13-42,371,19.2032,34.0177
2019-05-19 04-13-44,371,19.1849,34.0043
2019-05-19 04-13-46,370,19.2398,34.0043
2019-05-19 04-13-48,370,19.2413,34.0177
2019-05-19 04-13-50,370,19.1818,33.975
2019-05-19 04-13-52,370,19.2184,33.9883
2019-05-19 04-13-56,370,19.2184,34.0043
2019-05-19 04-13-58,370,19.2551,33.9883
2019-05-19 04-14-00,370,19.2184,33.9883
2019-05-19 04-14-02,370,19.2032,34.0177
2019-05-19 04-14-04,370,19.1681,34.0177
2019-05-19 04-14-06,370,19.1864,34.0177
2019-05-19 04-14-08,370,19.2032,34.0177
2019-05-19 04-14-10,369,19.1498,34.0177
2019-05-19 04-14-14,370,19.1681,34.0043
2019-05-19 04-14-16,370,19.1681,34.0043
2019-05-19 04-14-18,370,19.2398,33.9883
2019-05-19 04-14-20,370,19.1849,33.9883
2019-05-19 04-14-22,370,19.2368,33.975
2019-05-19 04-14-24,370,19.3237,33.9483
2019-05-19 04-14-26,370,19.2551,33.9616
2019-05-19 04-14-28,370,19.3085,33.975
2019-05-19 04-14-32,370,19.2719,33.9483
2019-05-19 04-14-34,370,19.2902,33.9616
2019-05-19 04-14-36,370,19.3054,33.9323
2019-05-19 04-14-38,370,19.3054,33.9483
2019-05-19 04-14-40,370,19.2871,33.9189
2019-05-19 04-14-42,370,19.3039,33.9189
2019-05-19 04-14-44,370,19.2688,33.9055
2019-05-19 04-14-48,369,19.2871,33.9189
2019-05-19 04-14-50,369,19.3375,33.9055
2019-05-19 04-14-52,368,19.3039,33.9189
2019-05-19 04-14-54,368,19.3039,33.9189
2019-05-19 04-14-56,368,19.3054,33.9323
2019-05-19 04-14-58,368,19.2535,33.9323
2019-05-19 04-15-00,368,19.2719,33.9616
2019-05-19 04-15-02,368,19.2551,33.9616
2019-05-19 04-15-06,368,19.2169,33.9616
2019-05-19 04-15-08,368,19.2551,33.9616
2019-05-19 04-15-10,368,19.2734,33.9883
2019-05-19 04-15-12,368,19.2169,33.9616
2019-05-19 04-15-14,367,19.2169,33.9616
2019-05-19 04-15-16,367,19.2169,33.9483
2019-05-19 04-15-18,367,19.2871,33.9323
2019-05-19 04-15-20,367,19.2871,33.9323
2019-05-19 04-15-24,368,19.3558,33.9055
2019-05-19 04-15-26,368,19.3359,33.8762
2019-05-19 04-15-28,368,19.3878,33.8308
2019-05-19 04-15-30,367,19.3878,33.8174
2019-05-19 04-15-32,367,19.3878,33.8308
2019-05-19 04-15-34,367,19.4199,33.8041
2019-05-19 04-15-36,367,19.4382,33.8041
2019-05-19 04-15-40,367,19.4199,33.7747
2019-05-19 04-15-42,367,19.4702,33.7747
2019-05-19 04-15-44,367,19.4199,33.7907
2019-05-19 04-15-46,367,19.4733,33.7907
2019-05-19 04-15-48,367,19.4366,33.7747
2019-05-19 04-15-50,367,19.4733,33.7907
2019-05-19 04-15-52,367,19.4183,33.748
2019-05-19 04-15-54,366,19.5053,33.7614
2019-05-19 04-15-58,367,19.4916,33.8041
2019-05-19 04-16-00,367,19.4183,33.7614
2019-05-19 04-16-02,367,19.4199,33.7747
2019-05-19 04-16-04,367,19.4885,33.7747
2019-05-19 04-16-06,367,19.5282,33.8041
2019-05-19 04-16-08,367,19.5419,33.748
2019-05-19 04-16-10,367,19.487,33.748
2019-05-19 04-16-14,367,19.5053,33.7346
2019-05-19 04-16-16,367,19.5251,33.748
2019-05-19 04-16-18,367,19.5419,33.748
2019-05-19 04-16-20,367,19.4885,33.7747
2019-05-19 04-16-22,367,19.5251,33.748
2019-05-19 04-16-24,367,19.4702,33.7747
2019-05-19 04-16-26,367,19.4382,33.7907
2019-05-19 04-16-28,367,19.4885,33.7907
2019-05-19 04-16-32,367,19.4199,33.7907
2019-05-19 04-16-34,367,19.4366,33.7747
2019-05-19 04-16-36,367,19.4046,33.7907
2019-05-19 04-16-38,367,19.4183,33.7614
2019-05-19 04-16-40,366,19.487,33.748
2019-05-19 04-16-42,366,19.5053,33.748
2019-05-19 04-16-44,367,19.487,33.7346
2019-05-19 04-16-46,367,19.5236,33.7346
2019-05-19 04-16-50,367,19.5419,33.7346
2019-05-19 04-16-53,367,19.4687,33.7346
2019-05-19 04-16-55,367,19.4366,33.7614
2019-05-19 04-16-57,366,19.5053,33.7614
2019-05-19 04-16-59,366,19.4702,33.7747
2019-05-19 04-17-01,366,19.4199,33.7747
2019-05-19 04-17-03,367,19.4366,33.7747
2019-05-19 04-17-05,366,19.4061,33.8308
2019-05-19 04-17-09,366,19.4382,33.8174
2019-05-19 04-17-11,366,19.3695,33.8495
2019-05-19 04-17-13,367,19.368,33.8174
2019-05-19 04-17-15,367,19.3512,33.8628
2019-05-19 04-17-17,367,19.4244,33.8628
2019-05-19 04-17-19,368,19.4229,33.8308
2019-05-19 04-17-21,368,19.4199,33.8041
2019-05-19 04-17-25,367,19.4199,33.7907
2019-05-19 04-17-27,368,19.4046,33.8041
2019-05-19 04-17-29,368,19.4382,33.8041
2019-05-19 04-17-31,367,19.5435,33.7747
2019-05-19 04-17-33,367,19.4702,33.748
2019-05-19 04-17-35,367,19.487,33.748
2019-05-19 04-17-37,368,19.4504,33.7186
2019-05-19 04-17-39,368,19.5023,33.7186
2019-05-19 04-17-43,367,19.5709,33.6786
2019-05-19 04-17-45,367,19.5892,33.6625
2019-05-19 04-17-47,367,19.5374,33.6492
2019-05-19 04-17-49,367,19.6213,33.6225
2019-05-19 04-17-51,367,19.6198,33.6065
2019-05-19 04-17-53,367,19.5877,33.6225
2019-05-19 04-17-55,367,19.6762,33.6225
2019-05-19 04-17-57,367,19.6762,33.6358
2019-05-19 04-18-01,366,19.6243,33.6625
2019-05-19 04-18-03,366,19.6213,33.6358
2019-05-19 04-18-05,366,19.5526,33.6358
2019-05-19 04-18-07,367,19.606,33.6492
2019-05-19 04-18-09,367,19.6396,33.6358
2019-05-19 04-18-11,367,19.6014,33.5931
2019-05-19 04-18-13,367,19.6899,33.5931
2019-05-19 04-18-17,367,19.6198,33.6065
2019-05-19 04-18-19,367,19.6533,33.6065
2019-05-19 04-18-21,366,19.6533,33.5931
2019-05-19 04-18-23,366,19.6762,33.6225
2019-05-19 04-18-25,366,19.6213,33.6225
2019-05-19 04-18-27,366,19.6243,33.6786
2019-05-19 04-18-29,366,19.6259,33.6919
2019-05-19 04-18-31,366,19.6075,33.6786
2019-05-19 04-18-35,366,19.6075,33.6919
2019-05-19 04-18-37,366,19.5892,33.6919
2019-05-19 04-18-39,366,19.6426,33.6786
2019-05-19 04-18-41,366,19.6075,33.6919
2019-05-19 04-18-43,366,19.5938,33.7346
2019-05-19 04-18-45,366,19.5251,33.748
2019-05-19 04-18-47,366,19.5435,33.7747
2019-05-19 04-18-49,366,19.5068,33.8041
2019-05-19 04-18-53,366,19.5435,33.7907
2019-05-19 04-18-55,367,19.4366,33.7747
2019-05-19 04-18-57,367,19.4702,33.7747
2019-05-19 04-18-59,367,19.5251,33.7614
2019-05-19 04-19-01,367,19.5068,33.7747
2019-05-19 04-19-03,367,19.5251,33.7614
2019-05-19 04-19-05,367,19.4519,33.7346
2019-05-19 04-19-09,367,19.5602,33.7346
2019-05-19 04-19-11,367,19.5755,33.7346
2019-05-19 04-19-13,367,19.5923,33.7186
2019-05-19 04-19-15,367,19.5419,33.748
2019-05-19 04-19-17,367,19.4885,33.7614
2019-05-19 04-19-19,367,19.4519,33.748
2019-05-19 04-19-21,367,19.4885,33.7614
2019-05-19 04-19-23,367,19.5236,33.7346
2019-05-19 04-19-27,367,19.5602,33.7346
2019-05-19 04-19-29,367,19.5251,33.748
2019-05-19 04-19-31,367,19.4519,33.748
2019-05-19 04-19-33,367,19.5251,33.7614
2019-05-19 04-19-35,367,19.4565,33.8041
2019-05-19 04-19-37,367,19.4885,33.7614
2019-05-19 04-19-39,367,19.4702,33.7614
2019-05-19 04-19-41,367,19.487,33.748
2019-05-19 04-19-45,367,19.4366,33.7614
2019-05-19 04-19-47,367,19.5419,33.7346
2019-05-19 04-19-49,366,19.4519,33.748
2019-05-19 04-19-51,366,19.4702,33.7614
2019-05-19 04-19-53,365,19.4519,33.7346
2019-05-19 04-19-55,365,19.4702,33.7614
2019-05-19 04-19-57,365,19.4183,33.748
2019-05-19 04-20-01,365,19.4687,33.7346
2019-05-19 04-20-03,365,19.5068,33.7747
2019-05-19 04-20-05,365,19.4229,33.8174
2019-05-19 04-20-07,366,19.4733,33.7907
2019-05-19 04-20-09,365,19.4382,33.8174
2019-05-19 04-20-11,366,19.4382,33.8174
2019-05-19 04-20-13,366,19.4199,33.7907
2019-05-19 04-20-15,366,19.4885,33.7907
2019-05-19 04-20-19,366,19.4382,33.7907
2019-05-19 04-20-21,366,19.4733,33.8041
2019-05-19 04-20-23,366,19.455,33.7747
2019-05-19 04-20-25,366,19.4382,33.7907
2019-05-19 04-20-27,366,19.487,33.748
2019-05-19 04-20-29,366,19.5236,33.7346
2019-05-19 04-20-31,367,19.5572,33.7053
2019-05-19 04-20-33,367,19.5557,33.6919
2019-05-19 04-20-37,368,19.6075,33.6919
2019-05-19 04-20-39,368,19.5892,33.6786
2019-05-19 04-20-41,368,19.5877,33.6492
2019-05-19 04-20-43,368,19.6396,33.6492
2019-05-19 04-20-45,368,19.6213,33.6358
2019-05-19 04-20-47,368,19.6381,33.6225
2019-05-19 04-20-49,368,19.6381,33.5931
2019-05-19 04-20-53,368,19.6518,33.5664
2019-05-19 04-20-55,368,19.6716,33.5504
2019-05-19 04-20-57,368,19.7067,33.5504
2019-05-19 04-20-59,368,19.6335,33.537
2019-05-19 04-21-01,368,19.7067,33.537
2019-05-19 04-21-03,368,19.6884,33.537
2019-05-19 04-21-05,368,19.6884,33.537
2019-05-19 04-21-07,368,19.722,33.537
2019-05-19 04-21-11,368,19.7067,33.537
2019-05-19 04-21-13,368,19.722,33.537
2019-05-19 04-21-15,367,19.6854,33.5103
2019-05-19 04-21-17,367,19.7403,33.5504
2019-05-19 04-21-19,367,19.7403,33.5504
2019-05-19 04-21-21,367,19.7571,33.5103
2019-05-19 04-21-23,367,19.7906,33.5103
2019-05-19 04-21-25,366,19.722,33.5237
2019-05-19 04-21-29,366,19.7571,33.537
2019-05-19 04-21-31,365,19.722,33.537
2019-05-19 04-21-33,365,19.6884,33.5237
2019-05-19 04-21-35,365,19.7067,33.537
2019-05-19 04-21-37,365,19.6884,33.537
2019-05-19 04-21-39,365,19.6884,33.5237
2019-05-19 04-21-41,365,19.7754,33.537
2019-05-19 04-21-45,366,19.7388,33.5103
2019-05-19 04-21-47,366,19.722,33.537
2019-05-19 04-21-49,366,19.7571,33.5237
2019-05-19 04-21-51,366,19.7067,33.537
2019-05-19 04-21-53,366,19.722,33.537
2019-05-19 04-21-55,366,19.7571,33.537
2019-05-19 04-21-57,366,19.7388,33.5103
2019-05-19 04-21-59,367,19.7388,33.5237
2019-05-19 04-22-03,367,19.8074,33.5103
2019-05-19 04-22-05,367,19.7906,33.5103
2019-05-19 04-22-07,367,19.7403,33.537
2019-05-19 04-22-09,366,19.7586,33.5664
2019-05-19 04-22-11,366,19.7113,33.6358
2019-05-19 04-22-13,367,19.6762,33.6492
2019-05-19 04-22-15,367,19.5892,33.6625
2019-05-19 04-22-17,367,19.5892,33.6625
2019-05-19 04-22-22,367,19.5557,33.6625
2019-05-19 04-22-24,366,19.574,33.7053
2019-05-19 04-22-26,366,19.5572,33.7186
2019-05-19 04-22-28,367,19.5251,33.748
2019-05-19 04-22-30,367,19.5602,33.7346
2019-05-19 04-22-32,366,19.5389,33.7186
2019-05-19 04-22-34,367,19.5023,33.7053
2019-05-19 04-22-38,368,19.5236,33.7186
2019-05-19 04-22-40,368,19.5236,33.7186
2019-05-19 04-22-42,368,19.5023,33.7186
2019-05-19 04-22-44,368,19.5236,33.7346
2019-05-19 04-22-46,368,19.5236,33.7053
2019-05-19 04-22-48,368,19.487,33.7346
2019-05-19 04-22-50,368,19.5053,33.7614
2019-05-19 04-22-52,368,19.487,33.748
2019-05-19 04-22-56,368,19.4183,33.7614
2019-05-19 04-22-58,368,19.4366,33.7747
2019-05-19 04-23-00,368,19.4733,33.7907
2019-05-19 04-23-02,369,19.4199,33.7907
2019-05-19 04-23-04,369,19.4183,33.7614
2019-05-19 04-23-06,369,19.3832,33.748
2019-05-19 04-23-08,369,19.4199,33.7747
2019-05-19 04-23-10,369,19.4183,33.748
2019-05-19 04-23-14,370,19.4183,33.7614
2019-05-19 04-23-16,369,19.4504,33.7186
2019-05-19 04-23-18,369,19.5236,33.7186
2019-05-19 04-23-20,369,19.5023,33.7053
2019-05-19 04-23-22,370,19.5389,33.7053
2019-05-19 04-23-24,370,19.5374,33.6625
2019-05-19 04-23-26,369,19.5374,33.6625
2019-05-19 04-23-28,369,19.519,33.6358
2019-05-19 04-23-32,369,19.5709,33.6492
2019-05-19 04-23-34,369,19.519,33.6625
2019-05-19 04-23-36,368,19.5526,33.6492
2019-05-19 04-23-38,369,19.5557,33.6786
2019-05-19 04-23-40,368,19.5709,33.6492
2019-05-19 04-23-42,368,19.5877,33.6492
2019-05-19 04-23-44,368,19.5877,33.6358
2019-05-19 04-23-48,369,19.6198,33.6065
2019-05-19 04-23-50,368,19.603,33.6225
2019-05-19 04-23-52,368,19.6213,33.6358
2019-05-19 04-23-54,368,19.606,33.6625
2019-05-19 04-23-56,368,19.5923,33.7053
2019-05-19 04-23-58,368,19.5236,33.7346
2019-05-19 04-24-00,369,19.4702,33.748
2019-05-19 04-24-02,368,19.5419,33.7346
2019-05-19 04-24-06,368,19.4702,33.748
2019-05-19 04-24-08,369,19.5251,33.7747
2019-05-19 04-24-10,369,19.4366,33.748
2019-05-19 04-24-12,369,19.5068,33.7747
2019-05-19 04-24-14,369,19.5419,33.7346
2019-05-19 04-24-16,369,19.4687,33.7186
2019-05-19 04-24-18,369,19.4839,33.7186
2019-05-19 04-24-20,369,19.4839,33.7186
2019-05-19 04-24-24,370,19.5236,33.7053
2019-05-19 04-24-26,370,19.5053,33.7346
2019-05-19 04-24-28,370,19.5389,33.7186
2019-05-19 04-24-30,370,19.5053,33.748
2019-05-19 04-24-32,371,19.4336,33.7186
2019-05-19 04-24-34,371,19.5251,33.7614
2019-05-19 04-24-36,370,19.4885,33.7747
2019-05-19 04-24-38,370,19.4748,33.8174
2019-05-19 04-24-42,371,19.4229,33.8308
2019-05-19 04-24-44,371,19.4061,33.8308
2019-05-19 04-24-46,371,19.3878,33.8308
2019-05-19 04-24-48,371,19.4046,33.8174
2019-05-19 04-24-50,371,19.4565,33.8174
2019-05-19 04-24-52,371,19.3878,33.8308
2019-05-19 04-24-54,371,19.4199,33.8041
2019-05-19 04-24-58,371,19.4199,33.8041
2019-05-19 04-25-00,371,19.4366,33.7614
2019-05-19 04-25-02,371,19.4519,33.7346
2019-05-19 04-25-04,371,19.4519,33.7346
2019-05-19 04-25-06,371,19.487,33.7346
2019-05-19 04-25-08,372,19.5053,33.748
2019-05-19 04-25-10,371,19.5236,33.7346
2019-05-19 04-25-12,371,19.487,33.748
2019-05-19 04-25-16,371,19.4839,33.7186
2019-05-19 04-25-18,371,19.4321,33.7053
2019-05-19 04-25-20,371,19.4504,33.6919
2019-05-19 04-25-22,371,19.5236,33.7053
2019-05-19 04-25-24,372,19.5053,33.7346
2019-05-19 04-25-26,371,19.5206,33.6786
2019-05-19 04-25-28,371,19.5572,33.7053
2019-05-19 04-25-30,372,19.519,33.6625
2019-05-19 04-25-34,372,19.5557,33.6919
2019-05-19 04-25-36,371,19.5389,33.6919
2019-05-19 04-25-38,371,19.5419,33.748
2019-05-19 04-25-40,371,19.5053,33.7614
2019-05-19 04-25-42,371,19.5236,33.7186
2019-05-19 04-25-44,372,19.5023,33.7053
2019-05-19 04-25-46,372,19.5557,33.6786
2019-05-19 04-25-50,372,19.5236,33.7053
2019-05-19 04-25-52,373,19.5389,33.7053
2019-05-19 04-25-54,372,19.5023,33.7053
2019-05-19 04-25-56,372,19.5389,33.6919
2019-05-19 04-25-58,372,19.5206,33.6919
2019-05-19 04-26-00,373,19.5053,33.748
2019-05-19 04-26-02,372,19.5053,33.7614
2019-05-19 04-26-04,372,19.5053,33.748
2019-05-19 04-26-08,372,19.4687,33.7346
2019-05-19 04-26-10,372,19.4504,33.7053
2019-05-19 04-26-12,372,19.4519,33.748
2019-05-19 04-26-14,372,19.4702,33.7614
2019-05-19 04-26-16,372,19.5053,33.7346
2019-05-19 04-26-18,372,19.487,33.7346
2019-05-19 04-26-20,372,19.5053,33.7614
2019-05-19 04-26-22,372,19.487,33.7346
2019-05-19 04-26-26,373,19.4839,33.7186
2019-05-19 04-26-28,373,19.4839,33.7053
2019-05-19 04-26-30,373,19.5023,33.7053
2019-05-19 04-26-32,373,19.487,33.7346
2019-05-19 04-26-34,372,19.4839,33.7053
2019-05-19 04-26-36,372,19.4519,33.7346
2019-05-19 04-26-38,372,19.5053,33.7614
2019-05-19 04-26-42,371,19.4199,33.7747
2019-05-19 04-26-44,371,19.4565,33.8174
2019-05-19 04-26-46,371,19.4565,33.8308
2019-05-19 04-26-48,371,19.4412,33.8308
2019-05-19 04-26-50,372,19.3878,33.8174
2019-05-19 04-26-52,372,19.3649,33.8041
2019-05-19 04-26-54,372,19.4199,33.8041
2019-05-19 04-26-56,372,19.4885,33.7614
2019-05-19 04-27-00,372,19.5419,33.748
2019-05-19 04-27-02,372,19.4687,33.7346
2019-05-19 04-27-04,372,19.5053,33.7346
2019-05-19 04-27-06,372,19.5389,33.7186
2019-05-19 04-27-08,371,19.487,33.748
2019-05-19 04-27-10,371,19.5251,33.748
2019-05-19 04-27-12,371,19.4366,33.748
2019-05-19 04-27-14,371,19.4366,33.748
2019-05-19 04-27-18,372,19.4687,33.7346
2019-05-19 04-27-20,372,19.4702,33.748
2019-05-19 04-27-22,372,19.4885,33.7747
2019-05-19 04-27-24,372,19.5068,33.7907
2019-05-19 04-27-26,372,19.5251,33.7747
2019-05-19 04-27-28,372,19.5053,33.748
2019-05-19 04-27-31,373,19.5236,33.7346
2019-05-19 04-27-33,373,19.5023,33.7186
2019-05-19 04-27-37,373,19.5389,33.7053
2019-05-19 04-27-39,373,19.5557,33.6786
2019-05-19 04-27-41,373,19.5572,33.7186
2019-05-19 04-27-43,372,19.4687,33.7186
2019-05-19 04-27-45,372,19.5602,33.7346
2019-05-19 04-27-47,372,19.4687,33.7346
2019-05-19 04-27-49,372,19.5602,33.7346
2019-05-19 04-27-53,372,19.5389,33.7186
2019-05-19 04-27-55,372,19.5007,33.6919
2019-05-19 04-27-57,372,19.5572,33.7053
2019-05-19 04-27-59,372,19.5389,33.6919
2019-05-19 04-28-01,372,19.5709,33.6625
2019-05-19 04-28-03,372,19.5923,33.7053
2019-05-19 04-28-05,372,19.5938,33.748
2019-05-19 04-28-07,372,19.4687,33.7346
2019-05-19 04-28-11,372,19.487,33.748
2019-05-19 04-28-13,372,19.487,33.748
2019-05-19 04-28-15,372,19.4687,33.7346
2019-05-19 04-28-17,372,19.5023,33.7053
2019-05-19 04-28-19,373,19.4839,33.7053
2019-05-19 04-28-21,372,19.4687,33.7053
2019-05-19 04-28-23,372,19.5389,33.6919
2019-05-19 04-28-25,372,19.5557,33.6625
2019-05-19 04-28-29,372,19.5709,33.6625
2019-05-19 04-28-31,372,19.5877,33.6492
2019-05-19 04-28-33,372,19.5328,33.6065
2019-05-19 04-28-35,372,19.6213,33.6358
2019-05-19 04-28-37,372,19.5511,33.6225
2019-05-19 04-28-39,372,19.6747,33.5931
2019-05-19 04-28-41,371,19.6533,33.5931
2019-05-19 04-28-43,372,19.5663,33.5931
2019-05-19 04-28-47,372,19.635,33.5664
2019-05-19 04-28-49,371,19.6533,33.5931
2019-05-19 04-28-51,371,19.6381,33.5931
2019-05-19 04-28-53,370,19.6243,33.6786
2019-05-19 04-28-55,370,19.6075,33.6786
2019-05-19 04-28-57,370,19.6106,33.7186
2019-05-19 04-28-59,370,19.5435,33.7907
2019-05-19 04-29-03,370,19.4916,33.8174
2019-05-19 04-29-05,370,19.4458,33.9189
2019-05-19 04-29-07,369,19.3237,33.9616
2019-05-19 04-29-09,370,19.2734,33.9883
2019-05-19 04-29-11,370,19.2001,33.975
2019-05-19 04-29-13,371,19.2001,33.9616
2019-05-19 04-29-15,371,19.2398,33.9883
2019-05-19 04-29-17,371,19.3085,33.975
2019-05-19 04-29-21,371,19.2719,33.975
2019-05-19 04-29-23,372,19.3237,33.9483
2019-05-19 04-29-25,372,19.2871,33.9189
2019-05-19 04-29-27,372,19.3375,33.8895
2019-05-19 04-29-29,373,19.3512,33.8495
2019-05-19 04-29-31,373,19.4061,33.8308
2019-05-19 04-29-33,374,19.4595,33.8495
2019-05-19 04-29-35,374,19.4229,33.8308
2019-05-19 04-29-39,374,19.3878,33.8495
2019-05-19 04-29-41,374,19.3695,33.8628
2019-05-19 04-29-43,374,19.4061,33.8308
2019-05-19 04-29-45,375,19.4061,33.8308
2019-05-19 04-29-47,375,19.455,33.7907
2019-05-19 04-29-49,375,19.4733,33.8041
2019-05-19 04-29-51,375,19.4565,33.8174
2019-05-19 04-29-53,374,19.4885,33.7747
2019-05-19 04-29-57,374,19.4733,33.7907
2019-05-19 04-29-59,374,19.455,33.7747
2019-05-19 04-30-01,374,19.5068,33.7747
2019-05-19 04-30-03,373,19.4733,33.8041
2019-05-19 04-30-05,374,19.4916,33.8174
2019-05-19 04-30-07,374,19.4733,33.8041
2019-05-19 04-30-09,374,19.4199,33.7907
2019-05-19 04-30-13,374,19.4702,33.7614
2019-05-19 04-30-15,374,19.4687,33.7186
2019-05-19 04-30-17,374,19.5236,33.7186
2019-05-19 04-30-19,374,19.5007,33.6786
2019-05-19 04-30-21,374,19.5557,33.6919
2019-05-19 04-30-23,373,19.5877,33.6492
2019-05-19 04-30-25,374,19.606,33.6358
2019-05-19 04-30-27,374,19.6533,33.6065
2019-05-19 04-30-31,373,19.5847,33.6065
2019-05-19 04-30-33,373,19.5694,33.6225
2019-05-19 04-30-35,373,19.6213,33.6225
2019-05-19 04-30-37,372,19.5877,33.6225
2019-05-19 04-30-39,372,19.606,33.6358
2019-05-19 04-30-41,372,19.5877,33.6358
2019-05-19 04-30-43,372,19.606,33.6358
2019-05-19 04-30-45,372,19.6381,33.6065
2019-05-19 04-30-49,372,19.6014,33.5798
2019-05-19 04-30-51,371,19.7067,33.5664
2019-05-19 04-30-53,371,19.635,33.5798
2019-05-19 04-30-55,370,19.6198,33.5931
2019-05-19 04-30-57,370,19.6533,33.5931
2019-05-19 04-30-59,370,19.6747,33.5798
2019-05-19 04-31-01,370,19.635,33.5798
2019-05-19 04-31-05,370,19.6747,33.5798
2019-05-19 04-31-07,369,19.6198,33.5931
2019-05-19 04-31-09,369,19.6579,33.6492
2019-05-19 04-31-11,369,19.5892,33.6786
2019-05-19 04-31-13,369,19.5892,33.6919
2019-05-19 04-31-15,368,19.5572,33.7186
2019-05-19 04-31-17,368,19.4519,33.7346
2019-05-19 04-31-19,368,19.5251,33.748
2019-05-19 04-31-23,368,19.4519,33.748
2019-05-19 04-31-25,368,19.4702,33.7747
2019-05-19 04-31-27,368,19.455,33.7907
2019-05-19 04-31-29,368,19.4382,33.8041
2019-05-19 04-31-31,368,19.4885,33.7907
2019-05-19 04-31-33,369,19.4382,33.8174
2019-05-19 04-31-35,369,19.4565,33.8308
2019-05-19 04-31-37,369,19.368,33.8308
2019-05-19 04-31-41,369,19.4244,33.8495
2019-05-19 04-31-43,368,19.3695,33.8628
2019-05-19 04-31-45,368,19.3359,33.8762
2019-05-19 04-31-47,368,19.2825,33.8762
2019-05-19 04-31-49,369,19.3878,33.8495
2019-05-19 04-31-51,369,19.3512,33.8308
2019-05-19 04-31-53,369,19.3359,33.8495
2019-05-19 04-31-55,369,19.3146,33.8308
2019-05-19 04-31-59,369,19.3512,33.8628
2019-05-19 04-32-01,369,19.3695,33.8495
2019-05-19 04-32-03,369,19.4046,33.8174
2019-05-19 04-32-05,369,19.4199,33.7907
2019-05-19 04-32-07,369,19.4046,33.7907
2019-05-19 04-32-09,370,19.4366,33.7614
2019-05-19 04-32-11,370,19.4702,33.7614
2019-05-19 04-32-15,370,19.455,33.7614
2019-05-19 04-32-17,370,19.4366,33.7747
2019-05-19 04-32-19,370,19.4382,33.7907
2019-05-19 04-32-21,370,19.455,33.7614
2019-05-19 04-32-23,370,19.4366,33.748
2019-05-19 04-32-25,369,19.4336,33.7346
2019-05-19 04-32-27,369,19.4321,33.7053
2019-05-19 04-32-29,369,19.4504,33.7186
2019-05-19 04-32-33,369,19.5236,33.7053
2019-05-19 04-32-35,369,19.5572,33.7053
2019-05-19 04-32-37,369,19.4885,33.7747
2019-05-19 04-32-39,369,19.5053,33.7614
2019-05-19 04-32-41,369,19.4565,33.8041
2019-05-19 04-32-43,369,19.4702,33.7747
2019-05-19 04-32-46,369,19.4382,33.7907
2019-05-19 04-32-48,369,19.4046,33.7907
2019-05-19 04-32-52,369,19.4733,33.8041
2019-05-19 04-32-54,369,19.455,33.7907
2019-05-19 04-32-56,369,19.3863,33.8041
2019-05-19 04-32-58,369,19.4382,33.7907
2019-05-19 04-33-00,369,19.4199,33.7747
2019-05-19 04-33-02,369,19.4199,33.7907
2019-05-19 04-33-04,368,19.4382,33.7907
2019-05-19 04-33-08,369,19.4382,33.8041
2019-05-19 04-33-10,368,19.4382,33.7907
2019-05-19 04-33-12,368,19.4702,33.748
2019-05-19 04-33-14,369,19.5435,33.7747
2019-05-19 04-33-16,369,19.4885,33.7747
2019-05-19 04-33-18,369,19.5053,33.7346
2019-05-19 04-33-20,369,19.5053,33.7614
2019-05-19 04-33-22,369,19.4885,33.7614
2019-05-19 04-33-26,369,19.4366,33.748
2019-05-19 04-33-28,369,19.4382,33.7907
2019-05-19 04-33-30,368,19.4702,33.7747
2019-05-19 04-33-32,368,19.5435,33.7614
2019-05-19 04-33-34,368,19.4366,33.7747
2019-05-19 04-33-36,368,19.4366,33.7747
2019-05-19 04-33-38,368,19.5236,33.7346
2019-05-19 04-33-40,368,19.5053,33.748
2019-05-19 04-33-44,368,19.5236,33.7346
2019-05-19 04-33-46,368,19.5389,33.7186
2019-05-19 04-33-48,369,19.5572,33.7053
2019-05-19 04-33-50,369,19.5236,33.7053
2019-05-19 04-33-52,369,19.5557,33.6919
2019-05-19 04-33-54,369,19.5007,33.6786
2019-05-19 04-33-56,369,19.5374,33.6786
2019-05-19 04-33-58,368,19.5557,33.6786
2019-05-19 04-34-02,368,19.5557,33.6625
2019-05-19 04-34-04,368,19.5557,33.6786
2019-05-19 04-34-06,368,19.5343,33.6358
2019-05-19 04-34-08,367,19.5709,33.6625
2019-05-19 04-34-10,367,19.5374,33.6492
2019-05-19 04-34-12,367,19.5526,33.6492
2019-05-19 04-34-14,367,19.5007,33.6625
2019-05-19 04-34-18,367,19.5374,33.6786
2019-05-19 04-34-20,367,19.5709,33.6786
2019-05-19 04-34-22,367,19.5892,33.6786
2019-05-19 04-34-24,367,19.5374,33.6786
2019-05-19 04-34-26,367,19.5709,33.6786
2019-05-19 04-34-28,367,19.5557,33.6625
2019-05-19 04-34-30,367,19.606,33.6625
2019-05-19 04-34-32,368,19.606,33.6625
2019-05-19 04-34-36,368,19.5877,33.6492
2019-05-19 04-34-38,368,19.5877,33.6358
2019-05-19 04-34-40,368,19.5709,33.6625
2019-05-19 04-34-42,368,19.5892,33.6625
2019-05-19 04-34-44,368,19.6579,33.6625
2019-05-19 04-34-46,368,19.5374,33.6625
2019-05-19 04-34-48,368,19.574,33.7053
2019-05-19 04-34-52,368,19.5389,33.7186
2019-05-19 04-34-54,367,19.5419,33.748
2019-05-19 04-34-56,367,19.5053,33.748
2019-05-19 04-34-58,368,19.4748,33.8308
2019-05-19 04-35-00,367,19.3695,33.8628
2019-05-19 04-35-02,367,19.4092,33.8895
2019-05-19 04-35-04,367,19.3405,33.9616
2019-05-19 04-35-06,368,19.2719,33.975
2019-05-19 04-35-10,367,19.2215,34.0311
2019-05-19 04-35-12,368,19.2032,34.0177
2019-05-19 04-35-14,368,19.1681,34.0177
2019-05-19 04-35-16,369,19.2169,33.975
2019-05-19 04-35-18,369,19.2719,33.9616
2019-05-19 04-35-20,369,19.3405,33.9323
2019-05-19 04-35-22,370,19.2856,33.9055
2019-05-19 04-35-24,369,19.3008,33.8762
2019-05-19 04-35-28,370,19.3726,33.9055
2019-05-19 04-35-30,370,19.2856,33.9055
2019-05-19 04-35-32,369,19.2871,33.9189
2019-05-19 04-35-34,369,19.2856,33.9055
2019-05-19 04-35-36,369,19.3039,33.9055
2019-05-19 04-35-38,369,19.3176,33.8628
2019-05-19 04-35-40,369,19.3008,33.8762
2019-05-19 04-35-42,368,19.3176,33.8495
2019-05-19 04-35-46,368,19.3008,33.8895
2019-05-19 04-35-48,368,19.3558,33.9055
2019-05-19 04-35-50,368,19.3542,33.8895
2019-05-19 04-35-52,368,19.3726,33.9189
2019-05-19 04-35-54,369,19.2856,33.9055
2019-05-19 04-35-56,369,19.3542,33.8762
2019-05-19 04-35-58,369,19.3192,33.9055
2019-05-19 04-36-02,369,19.3726,33.9055
2019-05-19 04-36-04,369,19.3192,33.8762
2019-05-19 04-36-06,369,19.3924,33.8895
2019-05-19 04-36-08,369,19.2993,33.8495
2019-05-19 04-36-10,369,19.3924,33.8895
2019-05-19 04-36-12,369,19.3909,33.8762
2019-05-19 04-36-14,369,19.3695,33.8495
2019-05-19 04-36-16,370,19.3497,33.8174
2019-05-19 04-36-20,370,19.3512,33.8495
2019-05-19 04-36-22,369,19.3695,33.8628
2019-05-19 04-36-24,369,19.3192,33.8762
2019-05-19 04-36-26,369,19.2856,33.9055
2019-05-19 04-36-28,369,19.3558,33.9189
2019-05-19 04-36-30,369,19.3558,33.9323
2019-05-19 04-36-32,369,19.2856,33.9055
2019-05-19 04-36-36,369,19.3039,33.9189
2019-05-19 04-36-38,369,19.3008,33.8895
2019-05-19 04-36-40,370,19.2871,33.9189
2019-05-19 04-36-42,370,19.2856,33.8895
2019-05-19 04-36-44,370,19.3192,33.8895
2019-05-19 04-36-46,370,19.3695,33.8495
2019-05-19 04-36-48,370,19.368,33.8308
2019-05-19 04-36-50,371,19.3359,33.8628
2019-05-19 04-36-54,371,19.3008,33.8762
2019-05-19 04-36-56,371,19.2993,33.8495
2019-05-19 04-36-58,371,19.3008,33.8762
2019-05-19 04-37-00,371,19.3375,33.8895
2019-05-19 04-37-02,371,19.3512,33.8495
2019-05-19 04-37-04,371,19.3359,33.8495
2019-05-19 04-37-06,371,19.368,33.8308
2019-05-19 04-37-08,370,19.4061,33.8308
2019-05-19 04-37-12,370,19.4199,33.8041
2019-05-19 04-37-14,370,19.4199,33.7907
2019-05-19 04-37-16,371,19.455,33.7747
2019-05-19 04-37-18,371,19.455,33.7907
2019-05-19 04-37-20,371,19.4183,33.7614
2019-05-19 04-37-22,371,19.4366,33.7747
2019-05-19 04-37-24,371,19.4519,33.748
2019-05-19 04-37-28,371,19.5236,33.7346
2019-05-19 04-37-30,371,19.4504,33.7186
2019-05-19 04-37-32,371,19.5053,33.748
2019-05-19 04-37-34,370,19.4702,33.7747
2019-05-19 04-37-36,370,19.4366,33.7614
2019-05-19 04-37-38,370,19.4748,33.8174
2019-05-19 04-37-40,370,19.4183,33.7614
2019-05-19 04-37-42,370,19.4199,33.7907
2019-05-19 04-37-46,370,19.4199,33.7747
2019-05-19 04-37-48,370,19.3634,33.7614
2019-05-19 04-37-50,370,19.4733,33.8041
2019-05-19 04-37-52,370,19.4595,33.8495
2019-05-19 04-37-54,370,19.4061,33.8495
2019-05-19 04-37-56,370,19.3375,33.9055
2019-05-19 04-37-58,370,19.2719,33.9483
2019-05-19 04-38-00,371,19.2734,33.9883
2019-05-19 04-38-04,370,19.3268,34.0177
2019-05-19 04-38-06,371,19.2413,34.0311
2019-05-19 04-38-08,371,19.1528,34.0444
2019-05-19 04-38-10,371,19.1727,34.0871
2019-05-19 04-38-12,372,19.191,34.1165
2019-05-19 04-38-14,372,19.1574,34.1165
2019-05-19 04-38-16,374,19.0887,34.1165
2019-05-19 04-38-19,373,19.0887,34.1299
2019-05-19 04-38-23,374,19.0857,34.1005
2019-05-19 04-38-25,375,19.0308,34.0738
2019-05-19 04-38-27,374,19.0659,34.0871
2019-05-19 04-38-29,373,19.136,34.0604
2019-05-19 04-38-31,373,19.1025,34.0604
2019-05-19 04-38-33,372,19.136,34.0738
2019-05-19 04-38-35,373,19.1025,34.0604
2019-05-19 04-38-39,373,19.1177,34.0444
2019-05-19 04-38-41,373,19.0994,34.0444
2019-05-19 04-38-43,373,19.1498,34.0177
2019-05-19 04-38-45,372,19.1528,34.0311
2019-05-19 04-38-47,372,19.1528,34.0604
2019-05-19 04-38-49,371,19.0857,34.0871
2019-05-19 04-38-51,371,19.0491,34.1005
2019-05-19 04-38-53,370,19.0887,34.1432
2019-05-19 04-38-57,370,19.0903,34.1566
2019-05-19 04-38-59,370,19.072,34.2126
2019-05-19 04-39-01,371,19.0216,34.2287
2019-05-19 04-39-03,371,19.0216,34.242
2019-05-19 04-39-05,371,19.0033,34.2287
2019-05-19 04-39-07,372,18.9713,34.2554
2019-05-19 04-39-09,373,18.9713,34.242
2019-05-19 04-39-11,373,18.9377,34.242
2019-05-19 04-39-15,373,18.988,34.2287
2019-05-19 04-39-17,373,19.0536,34.1993
2019-05-19 04-39-19,374,19.0353,34.1726
2019-05-19 04-39-21,374,19.0384,34.1859
2019-05-19 04-39-23,374,19.0536,34.1726
2019-05-19 04-39-25,373,19.1086,34.1859
2019-05-19 04-39-27,373,18.985,34.1993
2019-05-19 04-39-29,373,19.0216,34.2126
2019-05-19 04-39-33,373,18.988,34.2287
2019-05-19 04-39-35,373,18.9713,34.2554
2019-05-19 04-39-37,373,19.0063,34.2554
2019-05-19 04-39-39,373,18.9743,34.2981
2019-05-19 04-39-41,373,18.9575,34.2981
2019-05-19 04-39-43,373,18.9575,34.3141
2019-05-19 04-39-45,373,18.9026,34.2981
2019-05-19 04-39-49,374,18.8843,34.2981
2019-05-19 04-39-51,374,18.9163,34.2687
2019-05-19 04-39-53,375,18.8797,34.242
2019-05-19 04-39-55,374,18.988,34.242
2019-05-19 04-39-57,374,19.0033,34.1993
2019-05-19 04-39-59,374,19.0399,34.242
2019-05-19 04-40-01,374,19.0033,34.2126
2019-05-19 04-40-03,373,18.988,34.2287
2019-05-19 04-40-07,373,19.0033,34.1993
2019-05-19 04-40-09,373,18.9697,34.2287
2019-05-19 04-40-11,373,18.9331,34.1993
2019-05-19 04-40-13,374,18.9346,34.2287
2019-05-19 04-40-15,374,19.0201,34.1726
2019-05-19 04-40-17,374,19.0338,34.1432
2019-05-19 04-40-19,374,19.0491,34.1165
2019-05-19 04-40-21,374,19.0308,34.1005
2019-05-19 04-40-25,374,19.1177,34.0444
2019-05-19 04-40-27,374,19.1177,34.0444
2019-05-19 04-40-29,374,19.1177,34.0311
2019-05-19 04-40-31,374,19.1864,34.0311
2019-05-19 04-40-33,373,19.2047,34.0444
2019-05-19 04-40-35,372,19.0842,34.0604
2019-05-19 04-40-37,371,19.1528,34.0604
2019-05-19 04-40-39,372,19.1391,34.1165
2019-05-19 04-40-43,371,19.0308,34.0871
2019-05-19 04-40-45,371,19.1391,34.1005
2019-05-19 04-40-47,371,19.0887,34.1165
2019-05-19 04-40-49,370,19.0887,34.1299
2019-05-19 04-40-51,370,19.0659,34.0871
2019-05-19 04-40-53,370,19.1025,34.0871
2019-05-19 04-40-55,370,19.0491,34.1165
2019-05-19 04-40-59,370,19.0659,34.0738
2019-05-19 04-41-01,370,19.0857,34.0738
2019-05-19 04-41-03,370,19.0292,34.0444
2019-05-19 04-41-05,369,19.1177,34.0311
2019-05-19 04-41-07,369,19.0842,34.0604
2019-05-19 04-41-09,369,19.1864,34.0311
2019-05-19 04-41-11,369,19.1498,34.0177
2019-05-19 04-41-13,369,19.2032,34.0177
2019-05-19 04-41-17,370,19.1345,34.0177
2019-05-19 04-41-19,370,19.1864,34.0311
2019-05-19 04-41-21,370,19.223,34.0738
2019-05-19 04-41-23,369,19.1727,34.1005
2019-05-19 04-41-25,369,19.1757,34.1432
2019-05-19 04-41-27,368,19.0704,34.1726
2019-05-19 04-41-29,368,19.0948,34.2287
2019-05-19 04-41-31,368,19.0262,34.2847
2019-05-19 04-41-35,369,19.0109,34.3435
2019-05-19 04-41-37,370,18.924,34.3568
2019-05-19 04-41-39,370,18.8873,34.3568
2019-05-19 04-41-41,370,18.8736,34.3862
2019-05-19 04-41-43,370,18.8736,34.3862
2019-05-19 04-41-45,371,18.837,34.3862
2019-05-19 04-41-47,372,18.8202,34.3996
2019-05-19 04-41-51,373,18.8187,34.3435
2019-05-19 04-41-53,373,18.9026,34.3301
2019-05-19 04-41-55,373,18.8187,34.3568
2019-05-19 04-41-57,373,18.869,34.3301
2019-05-19 04-41-59,374,18.9026,34.2981
2019-05-19 04-42-01,374,18.9194,34.2981
2019-05-19 04-42-03,374,18.9011,34.2687
2019-05-19 04-42-05,374,18.9529,34.2554
2019-05-19 04-42-09,374,18.9713,34.2687
2019-05-19 04-42-11,374,18.9163,34.2687
2019-05-19 04-42-13,374,18.9529,34.2554
2019-05-19 04-42-15,374,18.898,34.2554
2019-05-19 04-42-17,374,18.8828,34.2554
2019-05-19 04-42-19,374,18.9346,34.2287
2019-05-19 04-42-21,374,18.9529,34.2287
2019-05-19 04-42-23,374,19.0384,34.2126
2019-05-19 04-42-27,374,18.9514,34.1993
2019-05-19 04-42-29,374,19.0399,34.2287
2019-05-19 04-42-31,375,18.9697,34.2126
2019-05-19 04-42-33,374,18.9529,34.2287
2019-05-19 04-42-35,374,18.988,34.2287
2019-05-19 04-42-37,374,18.9697,34.1993
2019-05-19 04-42-39,373,18.9697,34.2287
2019-05-19 04-42-43,373,18.9514,34.1859
2019-05-19 04-42-45,373,19.0033,34.1993
2019-05-19 04-42-47,373,18.9301,34.1566
2019-05-19 04-42-49,372,19.0018,34.1726
2019-05-19 04-42-51,372,19.0201,34.1859
2019-05-19 04-42-53,371,19.0033,34.2126
2019-05-19 04-42-55,371,18.9697,34.2126
2019-05-19 04-42-57,371,19.0399,34.242
2019-05-19 04-43-01,371,18.9713,34.2687
2019-05-19 04-43-03,371,18.9529,34.242
2019-05-19 04-43-05,371,18.9713,34.2554
2019-05-19 04-43-07,372,18.9529,34.2287
2019-05-19 04-43-09,372,18.9377,34.242
2019-05-19 04-43-11,371,19.0216,34.2126
2019-05-19 04-43-13,372,19.0567,34.2287
2019-05-19 04-43-15,372,19.0063,34.2554
2019-05-19 04-43-19,371,18.9713,34.2687
2019-05-19 04-43-21,372,18.9529,34.242
2019-05-19 04-43-23,372,19.0247,34.2554
2019-05-19 04-43-25,372,18.9713,34.2687
2019-05-19 04-43-28,372,18.9743,34.2847
2019-05-19 04-43-30,372,18.8828,34.2687
2019-05-19 04-43-32,372,18.9713,34.2687
2019-05-19 04-43-36,372,19.0033,34.2287
2019-05-19 04-43-38,372,18.9514,34.2126
2019-05-19 04-43-40,373,18.9697,34.2287
2019-05-19 04-43-42,372,18.9514,34.2126
2019-05-19 04-43-44,372,18.9713,34.242
2019-05-19 04-43-46,372,19.0033,34.2287
2019-05-19 04-43-48,372,18.985,34.2126
2019-05-19 04-43-50,372,19.0033,34.2287
2019-05-19 04-43-54,371,19.0033,34.2126
2019-05-19 04-43-56,372,19.072,34.1993
2019-05-19 04-43-58,372,19.0033,34.1993
2019-05-19 04-44-00,372,19.0536,34.1726
2019-05-19 04-44-02,372,19.0536,34.1726
2019-05-19 04-44-04,372,19.0887,34.1165
2019-05-19 04-44-06,372,19.0857,34.0738
2019-05-19 04-44-08,372,19.1177,34.0604
2019-05-19 04-44-12,372,19.1345,34.0177
2019-05-19 04-44-14,372,19.2032,34.0043
2019-05-19 04-44-16,372,19.2169,33.975
2019-05-19 04-44-18,372,19.2169,33.975
2019-05-19 04-44-20,372,19.2902,33.9616
2019-05-19 04-44-22,372,19.2871,33.9323
2019-05-19 04-44-24,372,19.3222,33.9189
2019-05-19 04-44-26,372,19.2856,33.8895
2019-05-19 04-44-30,372,19.3222,33.9189
2019-05-19 04-44-32,372,19.2719,33.9483
2019-05-19 04-44-34,372,19.2139,33.9323
2019-05-19 04-44-36,371,19.2871,33.9483
2019-05-19 04-44-38,372,19.3192,33.9055
2019-05-19 04-44-40,372,19.3192,33.8762
2019-05-19 04-44-42,372,19.3695,33.8762
2019-05-19 04-44-46,372,19.3176,33.8628
2019-05-19 04-44-48,372,19.3695,33.8628
2019-05-19 04-44-50,372,19.4229,33.8174
2019-05-19 04-44-52,372,19.4046,33.8174
2019-05-19 04-44-54,372,19.4229,33.8308
2019-05-19 04-44-56,372,19.4199,33.8041
2019-05-19 04-44-58,371,19.4199,33.8041
2019-05-19 04-45-00,371,19.4046,33.8041
2019-05-19 04-45-04,370,19.4565,33.8041
2019-05-19 04-45-06,370,19.4199,33.7907
2019-05-19 04-45-08,370,19.4565,33.8041
2019-05-19 04-45-10,370,19.4412,33.8308
2019-05-19 04-45-12,370,19.3878,33.8174
2019-05-19 04-45-14,370,19.3176,33.8495
2019-05-19 04-45-16,370,19.3359,33.8628
2019-05-19 04-45-18,370,19.3176,33.8628
2019-05-19 04-45-22,370,19.3329,33.8308
2019-05-19 04-45-24,370,19.3878,33.8495
2019-05-19 04-45-26,370,19.4229,33.8308
2019-05-19 04-45-28,370,19.3512,33.8628
2019-05-19 04-45-30,370,19.368,33.8308
2019-05-19 04-45-32,370,19.3695,33.8495
2019-05-19 04-45-34,370,19.3512,33.8495
2019-05-19 04-45-38,370,19.3878,33.8174
2019-05-19 04-45-40,370,19.3878,33.8308
2019-05-19 04-45-42,371,19.3878,33.8308
2019-05-19 04-45-44,371,19.4733,33.7907
2019-05-19 04-45-46,371,19.4366,33.7747
2019-05-19 04-45-48,371,19.4199,33.7747
2019-05-19 04-45-50,371,19.4382,33.8174
2019-05-19 04-45-52,370,19.4061,33.8628
2019-05-19 04-45-56,370,19.3558,33.9189
2019-05-19 04-45-58,370,19.3741,33.9323
2019-05-19 04-46-00,370,19.3237,33.9616
2019-05-19 04-46-02,369,19.3054,33.9483
2019-05-19 04-46-04,370,19.3405,33.9616
2019-05-19 04-46-06,370,19.2169,33.975
2019-05-19 04-46-08,370,19.2184,34.0043
2019-05-19 04-46-10,370,19.2764,34.0177
2019-05-19 04-46-14,370,19.2184,34.0043
2019-05-19 04-46-16,369,19.2368,33.975
2019-05-19 04-46-18,370,19.2902,33.9616
2019-05-19 04-46-20,370,19.2535,33.9323
2019-05-19 04-46-22,370,19.2688,33.9189
2019-05-19 04-46-24,370,19.1986,33.9483
2019-05-19 04-46-26,370,19.2902,33.9616
2019-05-19 04-46-30,370,19.2368,33.975
2019-05-19 04-46-32,371,19.2398,33.9883
2019-05-19 04-46-34,371,19.2413,34.0177
2019-05-19 04-46-36,370,19.2215,34.0311
2019-05-19 04-46-38,371,19.2261,34.0871
2019-05-19 04-46-40,370,19.2276,34.1299
2019-05-19 04-46-42,371,19.1589,34.1432
2019-05-19 04-46-44,371,19.0384,34.1993
2019-05-19 04-46-48,372,19.0582,34.242
2019-05-19 04-46-50,372,18.9713,34.2554
2019-05-19 04-46-52,372,18.9377,34.2687
2019-05-19 04-46-54,373,18.956,34.2687
2019-05-19 04-46-56,373,18.9011,34.2847
2019-05-19 04-46-58,373,18.9011,34.2847
2019-05-19 04-47-00,373,18.9392,34.2981
2019-05-19 04-47-02,374,18.9026,34.3141
2019-05-19 04-47-06,374,18.9163,34.2687
2019-05-19 04-47-08,375,18.9194,34.2981
2019-05-19 04-47-10,375,18.866,34.2981
2019-05-19 04-47-12,374,18.9194,34.2847
2019-05-19 04-47-14,374,18.898,34.2554
2019-05-19 04-47-16,374,18.9529,34.2287
2019-05-19 04-47-18,375,18.988,34.2287
2019-05-19 04-47-22,375,18.9651,34.1566
2019-05-19 04-47-24,375,18.9835,34.1432
2019-05-19 04-47-26,375,19.0491,34.1165
2019-05-19 04-47-28,375,19.0659,34.0738
2019-05-19 04-47-30,375,19.1177,34.0604
2019-05-19 04-47-32,374,19.1345,34.0444
2019-05-19 04-47-34,374,19.1345,34.0177
2019-05-19 04-47-36,374,19.2398,34.0043
2019-05-19 04-47-40,374,19.1849,33.9883
2019-05-19 04-47-42,373,19.2032,34.0043
2019-05-19 04-47-44,373,19.2169,33.975
2019-05-19 04-47-46,373,19.2368,33.975
2019-05-19 04-47-48,373,19.2169,33.9616
2019-05-19 04-47-50,373,19.2551,33.9883
2019-05-19 04-47-52,373,19.2535,33.9483
2019-05-19 04-47-54,373,19.2368,33.9483
2019-05-19 04-47-58,372,19.2169,33.9616
2019-05-19 04-48-00,372,19.2169,33.975
2019-05-19 04-48-02,372,19.2215,34.0177
2019-05-19 04-48-04,372,19.1864,34.0311
2019-05-19 04-48-06,372,19.1208,34.0871
2019-05-19 04-48-08,372,19.1025,34.0871
2019-05-19 04-48-10,372,19.1544,34.0871
2019-05-19 04-48-14,372,19.136,34.0738
2019-05-19 04-48-16,373,19.1711,34.0604
2019-05-19 04-48-18,373,19.223,34.0604
2019-05-19 04-48-20,373,19.2032,34.0311
2019-05-19 04-48-22,373,19.2215,34.0177
2019-05-19 04-48-24,373,19.2032,34.0311
2019-05-19 04-48-26,373,19.1864,34.0444
2019-05-19 04-48-28,373,19.223,34.0738
2019-05-19 04-48-33,373,19.1589,34.1432
2019-05-19 04-48-35,372,19.0704,34.1726
2019-05-19 04-48-37,372,19.0353,34.1566
2019-05-19 04-48-39,372,19.0903,34.1566
2019-05-19 04-48-41,373,19.0704,34.1566
2019-05-19 04-48-43,373,19.104,34.1165
2019-05-19 04-48-45,373,19.104,34.1165
2019-05-19 04-48-47,373,19.1223,34.1165
2019-05-19 04-48-51,373,19.104,34.1005
2019-05-19 04-48-53,373,19.1208,34.1005
2019-05-19 04-48-55,373,19.1574,34.1299
2019-05-19 04-48-57,373,19.0659,34.1005
2019-05-19 04-48-59,373,19.104,34.1165
2019-05-19 04-49-01,373,19.0674,34.1165
2019-05-19 04-49-03,373,19.1223,34.1299
2019-05-19 04-49-05,373,19.1406,34.1299
2019-05-19 04-49-09,373,19.0338,34.1432
2019-05-19 04-49-11,373,19.0338,34.1299
2019-05-19 04-49-13,373,19.0674,34.1299
2019-05-19 04-49-15,373,19.0659,34.0738
2019-05-19 04-49-17,373,19.1681,34.0311
2019-05-19 04-49-19,373,19.1864,34.0177
2019-05-19 04-49-21,374,19.1849,33.9883
2019-05-19 04-49-25,374,19.2535,33.9323
2019-05-19 04-49-27,374,19.249,33.8762
2019-05-19 04-49-29,374,19.2673,33.8762
2019-05-19 04-49-31,374,19.3726,33.8895
2019-05-19 04-49-33,373,19.3359,33.8762
2019-05-19 04-49-35,372,19.2856,33.8895
2019-05-19 04-49-37,372,19.2856,33.8895
2019-05-19 04-49-39,372,19.3176,33.8628
2019-05-19 04-49-43,371,19.2856,33.8895
2019-05-19 04-49-45,371,19.3512,33.8495
2019-05-19 04-49-47,371,19.3695,33.8628
2019-05-19 04-49-49,371,19.3329,33.8308
2019-05-19 04-49-51,371,19.4046,33.8174
2019-05-19 04-49-53,371,19.4199,33.7907
2019-05-19 04-49-55,371,19.3649,33.7907
2019-05-19 04-49-57,370,19.4199,33.8041
2019-05-19 04-50-01,370,19.3649,33.8041
2019-05-19 04-50-03,371,19.4382,33.7907
2019-05-19 04-50-05,370,19.4199,33.7747
2019-05-19 04-50-07,370,19.4519,33.748
2019-05-19 04-50-09,370,19.5053,33.7614
2019-05-19 04-50-11,370,19.4336,33.7346
2019-05-19 04-50-13,370,19.4519,33.7346
2019-05-19 04-50-17,370,19.4504,33.7053
2019-05-19 04-50-19,370,19.5236,33.7186
2019-05-19 04-50-21,371,19.5007,33.6919
2019-05-19 04-50-23,371,19.4839,33.6919
2019-05-19 04-50-25,370,19.5206,33.6786
2019-05-19 04-50-27,370,19.5892,33.6919
2019-05-19 04-50-29,369,19.5007,33.6919
2019-05-19 04-50-31,369,19.4839,33.6919
2019-05-19 04-50-35,369,19.487,33.7346
2019-05-19 04-50-37,368,19.4839,33.7186
2019-05-19 04-50-39,368,19.4885,33.7614
2019-05-19 04-50-41,368,19.4687,33.7346
2019-05-19 04-50-43,368,19.4519,33.748
2019-05-19 04-50-45,368,19.5419,33.7346
2019-05-19 04-50-47,368,19.5053,33.748
2019-05-19 04-50-49,368,19.5251,33.7747
2019-05-19 04-50-53,368,19.4016,33.7747
2019-05-19 04-50-55,368,19.455,33.7747
2019-05-19 04-50-57,368,19.4199,33.8041
2019-05-19 04-50-59,368,19.2993,33.8174
2019-05-19 04-51-01,367,19.3878,33.8174
2019-05-19 04-51-03,368,19.4199,33.7747
2019-05-19 04-51-05,368,19.3466,33.7747
2019-05-19 04-51-07,368,19.3832,33.748
2019-05-19 04-51-11,368,19.4702,33.7614
2019-05-19 04-51-13,368,19.4687,33.7346
2019-05-19 04-51-15,368,19.4519,33.7346
2019-05-19 04-51-17,369,19.5419,33.7346
2019-05-19 04-51-19,369,19.5251,33.748
2019-05-19 04-51-21,368,19.455,33.7747
2019-05-19 04-51-23,368,19.4565,33.8041
2019-05-19 04-51-27,368,19.4061,33.8308
2019-05-19 04-51-29,368,19.4092,33.8762
2019-05-19 04-51-31,368,19.3375,33.8895
2019-05-19 04-51-33,368,19.3054,33.9323
2019-05-19 04-51-35,369,19.3054,33.9323
2019-05-19 04-51-37,369,19.2871,33.9323
2019-05-19 04-51-39,370,19.3054,33.9323
2019-05-19 04-51-41,370,19.2505,33.9055
2019-05-19 04-51-45,371,19.3008,33.8628
2019-05-19 04-51-47,371,19.368,33.8308
2019-05-19 04-51-49,372,19.368,33.8308
2019-05-19 04-51-51,372,19.4199,33.8041
2019-05-19 04-51-53,372,19.4199,33.8041
2019-05-19 04-51-55,372,19.3878,33.8174
2019-05-19 04-51-57,372,19.368,33.8174
2019-05-19 04-51-59,371,19.3146,33.8041
2019-05-19 04-52-03,371,19.4061,33.8495
2019-05-19 04-52-05,371,19.4229,33.8308
2019-05-19 04-52-07,371,19.4427,33.8762
2019-05-19 04-52-09,371,19.3192,33.8762
2019-05-19 04-52-11,371,19.3558,33.9189
2019-05-19 04-52-13,370,19.3375,33.9055
2019-05-19 04-52-15,371,19.2719,33.9483
2019-05-19 04-52-19,371,19.2902,33.9616
2019-05-19 04-52-21,371,19.3237,33.975
2019-05-19 04-52-23,371,19.2184,34.0043
2019-05-19 04-52-25,371,19.2413,34.0311
2019-05-19 04-52-27,371,19.2215,34.0444
2019-05-19 04-52-29,372,19.1895,34.0604
2019-05-19 04-52-31,372,19.1895,34.0871
2019-05-19 04-52-33,372,19.136,34.0604
2019-05-19 04-52-37,372,19.223,34.0604
2019-05-19 04-52-39,372,19.1711,34.0444
2019-05-19 04-52-41,373,19.1711,34.0444
2019-05-19 04-52-43,373,19.2047,34.0444
2019-05-19 04-52-45,373,19.1666,33.9883
2019-05-19 04-52-47,374,19.1818,33.9483
2019-05-19 04-52-49,374,19.2368,33.9616
2019-05-19 04-52-51,374,19.3237,33.9483
2019-05-19 04-52-55,373,19.3222,33.9189
2019-05-19 04-52-57,374,19.3405,33.9323
2019-05-19 04-52-59,374,19.3558,33.9323
2019-05-19 04-53-01,374,19.3726,33.9189
2019-05-19 04-53-03,374,19.2535,33.9323
2019-05-19 04-53-05,374,19.2871,33.9483
2019-05-19 04-53-07,373,19.2871,33.9323
2019-05-19 04-53-11,373,19.2535,33.9323
2019-05-19 04-53-13,373,19.2719,33.9616
2019-05-19 04-53-15,372,19.2719,33.9483
2019-05-19 04-53-17,372,19.2169,33.9483
2019-05-19 04-53-19,372,19.2368,33.9483
2019-05-19 04-53-21,372,19.3054,33.9483
2019-05-19 04-53-23,372,19.2719,33.975
2019-05-19 04-53-25,371,19.2551,33.975
2019-05-19 04-53-30,372,19.2551,33.9616
2019-05-19 04-53-32,371,19.2719,33.9616
2019-05-19 04-53-34,372,19.2902,33.9616
2019-05-19 04-53-36,372,19.2368,33.975
2019-05-19 04-53-38,372,19.2581,34.0043
2019-05-19 04-53-40,371,19.1849,34.0043
2019-05-19 04-53-42,371,19.1849,34.0043
2019-05-19 04-53-44,370,19.1849,33.9883
2019-05-19 04-53-48,371,19.2032,34.0177
2019-05-19 04-53-50,371,19.1345,34.0311
2019-05-19 04-53-52,371,19.1681,34.0311
2019-05-19 04-53-54,371,19.2215,34.0311
2019-05-19 04-53-56,371,19.1498,34.0043
2019-05-19 04-53-58,371,19.1864,34.0444
2019-05-19 04-54-00,371,19.2032,34.0043
2019-05-19 04-54-04,371,19.2001,33.9883
2019-05-19 04-54-06,371,19.1818,33.9616
2019-05-19 04-54-08,371,19.2535,33.9483
2019-05-19 04-54-10,372,19.2535,33.9483
2019-05-19 04-54-12,371,19.2688,33.9189
2019-05-19 04-54-14,372,19.2856,33.9055
2019-05-19 04-54-16,372,19.3008,33.8762
2019-05-19 04-54-18,371,19.3008,33.8762
2019-05-19 04-54-22,372,19.3695,33.8628
2019-05-19 04-54-24,372,19.3375,33.8895
2019-05-19 04-54-26,371,19.3192,33.9055
2019-05-19 04-54-28,371,19.3192,33.9055
2019-05-19 04-54-30,371,19.2688,33.9189
2019-05-19 04-54-32,371,19.2856,33.9055
2019-05-19 04-54-34,370,19.2505,33.9055
2019-05-19 04-54-36,370,19.2871,33.9189
2019-05-19 04-54-40,370,19.2688,33.9323
2019-05-19 04-54-42,370,19.3222,33.9189
2019-05-19 04-54-44,369,19.3192,33.9055
2019-05-19 04-54-46,369,19.3039,33.9055
2019-05-19 04-54-48,370,19.3039,33.9189
2019-05-19 04-54-50,370,19.2688,33.9055
2019-05-19 04-54-52,370,19.2688,33.9189
2019-05-19 04-54-56,370,19.3192,33.8895
2019-05-19 04-54-58,370,19.3008,33.8895
2019-05-19 04-55-00,370,19.2673,33.8762
2019-05-19 04-55-02,370,19.3359,33.8495
2019-05-19 04-55-04,370,19.3359,33.8628
2019-05-19 04-55-06,370,19.3695,33.8628
2019-05-19 04-55-08,370,19.3375,33.9055
2019-05-19 04-55-10,370,19.3039,33.9189
2019-05-19 04-55-14,370,19.3054,33.9323
2019-05-19 04-55-16,370,19.2535,33.9483
2019-05-19 04-55-18,370,19.3085,33.975
2019-05-19 04-55-20,370,19.2139,33.9323
2019-05-19 04-55-22,370,19.3054,33.9323
2019-05-19 04-55-24,370,19.2871,33.9189
2019-05-19 04-55-26,371,19.3192,33.9055
2019-05-19 04-55-28,371,19.3192,33.8895
2019-05-19 04-55-32,371,19.3405,33.9323
2019-05-19 04-55-34,371,19.3726,33.9189
2019-05-19 04-55-36,370,19.3054,33.9323
2019-05-19 04-55-38,371,19.3588,33.9483
2019-05-19 04-55-40,370,19.2871,33.9483
2019-05-19 04-55-42,370,19.3237,33.9616
2019-05-19 04-55-44,370,19.2688,33.9323
2019-05-19 04-55-48,370,19.3054,33.9483
2019-05-19 04-55-50,370,19.2871,33.9323
2019-05-19 04-55-52,370,19.2505,33.9189
2019-05-19 04-55-54,370,19.2871,33.9189
2019-05-19 04-55-56,370,19.3726,33.9055
2019-05-19 04-55-58,370,19.3375,33.9189
2019-05-19 04-56-00,370,19.3222,33.9323
2019-05-19 04-56-02,370,19.2871,33.9323
2019-05-19 04-56-06,370,19.3237,33.9483
2019-05-19 04-56-08,370,19.2902,33.975
2019-05-19 04-56-10,370,19.2551,33.975
2019-05-19 04-56-12,370,19.1498,34.0177
2019-05-19 04-56-14,370,19.1681,34.0043
2019-05-19 04-56-16,370,19.2413,34.0311
2019-05-19 04-56-18,369,19.1895,34.0604
2019-05-19 04-56-20,370,19.1391,34.0871
2019-05-19 04-56-24,370,19.1574,34.1005
2019-05-19 04-56-26,370,19.0887,34.1299
2019-05-19 04-56-28,370,19.104,34.1165
2019-05-19 04-56-30,370,19.1071,34.1299
2019-05-19 04-56-32,371,19.0857,34.1005
2019-05-19 04-56-34,370,19.1574,34.1005
2019-05-19 04-56-36,371,19.0857,34.1005
2019-05-19 04-56-40,371,19.1223,34.1165
2019-05-19 04-56-42,371,19.1025,34.0871
2019-05-19 04-56-44,371,19.104,34.1005
2019-05-19 04-56-46,370,19.1208,34.1005
2019-05-19 04-56-48,370,19.1071,34.1299
2019-05-19 04-56-50,370,19.1071,34.1432
2019-05-19 04-56-52,370,19.1254,34.1432
2019-05-19 04-56-54,371,19.1208,34.1005
2019-05-19 04-56-58,371,19.0659,34.0871
2019-05-19 04-57-00,371,19.0659,34.1005
2019-05-19 04-57-02,371,19.1208,34.1005
2019-05-19 04-57-04,371,19.1574,34.1005
2019-05-19 04-57-06,371,19.1574,34.1005
2019-05-19 04-57-08,371,19.1574,34.1005
2019-05-19 04-57-10,371,19.1254,34.1432
2019-05-19 04-57-12,370,19.0521,34.1432
2019-05-19 04-57-16,370,19.0521,34.1566
2019-05-19 04-57-18,370,19.0521,34.1566
2019-05-19 04-57-20,370,19.0353,34.1566
2019-05-19 04-57-22,370,19.0704,34.1726
2019-05-19 04-57-24,370,19.0704,34.1566
2019-05-19 04-57-26,370,19.0155,34.1299
2019-05-19 04-57-28,370,19.0353,34.1566
2019-05-19 04-57-32,370,19.0704,34.1432
2019-05-19 04-57-34,370,19.0704,34.1432
2019-05-19 04-57-36,370,19.0857,34.1005
2019-05-19 04-57-38,370,19.104,34.1165
2019-05-19 04-57-40,370,19.1208,34.1005
2019-05-19 04-57-42,370,19.104,34.1165
2019-05-19 04-57-44,369,19.1208,34.1005
2019-05-19 04-57-46,370,19.1025,34.0604
2019-05-19 04-57-50,369,19.1177,34.0604
2019-05-19 04-57-52,370,19.1208,34.0738
2019-05-19 04-57-54,370,19.1025,34.0871
2019-05-19 04-57-56,370,19.1025,34.0871
2019-05-19 04-57-58,369,19.1391,34.1005
2019-05-19 04-58-00,369,19.0857,34.0871
2019-05-19 04-58-02,369,19.104,34.1005
2019-05-19 04-58-04,368,19.0353,34.1566
2019-05-19 04-58-08,368,19.0353,34.1726
2019-05-19 04-58-10,369,19.0384,34.2126
2019-05-19 04-58-12,369,19.0018,34.1859
2019-05-19 04-58-14,369,18.9331,34.1993
2019-05-19 04-58-16,369,19.0018,34.1726
2019-05-19 04-58-18,370,18.9514,34.1993
2019-05-19 04-58-20,370,18.985,34.1993
2019-05-19 04-58-24,370,18.9529,34.2554
2019-05-19 04-58-26,369,18.9377,34.242
2019-05-19 04-58-28,369,18.9713,34.2687
2019-05-19 04-58-30,369,18.9926,34.2981
2019-05-19 04-58-32,369,18.956,34.2847
2019-05-19 04-58-34,370,18.9011,34.2687
2019-05-19 04-58-36,370,18.9011,34.2847
2019-05-19 04-58-38,371,19.0216,34.2287
2019-05-19 04-58-42,371,18.9697,34.2126
2019-05-19 04-58-44,371,18.9697,34.2287
2019-05-19 04-58-46,372,19.0384,34.2126
2019-05-19 04-58-48,372,19.0033,34.1993
2019-05-19 04-58-50,372,18.985,34.1859
2019-05-19 04-58-52,373,19.0201,34.1859
2019-05-19 04-58-54,373,18.9484,34.1726
2019-05-19 04-58-57,372,18.985,34.1859
2019-05-19 04-59-01,372,19.0536,34.1726
2019-05-19 04-59-03,372,19.0521,34.1566
2019-05-19 04-59-05,373,19.0033,34.2126
2019-05-19 04-59-07,372,19.0033,34.1993
2019-05-19 04-59-09,372,19.0033,34.2126
2019-05-19 04-59-11,372,18.985,34.1993
2019-05-19 04-59-13,372,19.017,34.1566
2019-05-19 04-59-17,372,19.0384,34.1859
2019-05-19 04-59-19,372,19.0201,34.1726
2019-05-19 04-59-21,372,19.0399,34.2287
2019-05-19 04-59-23,371,18.9529,34.2554
2019-05-19 04-59-25,371,19.0079,34.2687
2019-05-19 04-59-27,371,18.8843,34.2847
2019-05-19 04-59-29,371,18.9011,34.2687
2019-05-19 04-59-31,371,18.9011,34.2687
2019-05-19 04-59-35,371,18.9163,34.2554
2019-05-19 04-59-37,371,18.898,34.2287
2019-05-19 04-59-39,370,18.985,34.1993
2019-05-19 04-59-41,370,18.9987,34.1432
2019-05-19 04-59-43,371,19.0353,34.1566
2019-05-19 04-59-45,371,19.0704,34.1726
2019-05-19 04-59-47,371,19.017,34.1566
2019-05-19 04-59-49,370,19.0521,34.1566
2019-05-19 04-59-53,369,19.0521,34.1566
2019-05-19 04-59-55,369,18.9987,34.1432
2019-05-19 04-59-57,369,18.9987,34.1165
2019-05-19 04-59-59,369,19.1025,34.0871
2019-05-19 05-00-01,370,19.0109,34.0444
2019-05-19 05-00-03,370,19.1025,34.0604
2019-05-19 05-00-05,369,19.136,34.0604
2019-05-19 05-00-07,369,19.0857,34.0738
2019-05-19 05-00-11,369,19.0842,34.0604
2019-05-19 05-00-13,369,19.0994,34.0311
2019-05-19 05-00-15,369,19.0994,34.0444
2019-05-19 05-00-17,369,19.1162,34.0177
2019-05-19 05-00-19,368,19.1849,33.9883
2019-05-19 05-00-21,368,19.2001,33.975
2019-05-19 05-00-23,368,19.2169,33.9616
2019-05-19 05-00-27,368,19.2688,33.9055
2019-05-19 05-00-29,368,19.3039,33.9189
2019-05-19 05-00-31,368,19.3726,33.8895
2019-05-19 05-00-33,368,19.3192,33.8762
2019-05-19 05-00-35,368,19.3192,33.8895
2019-05-19 05-00-37,367,19.3695,33.8628
2019-05-19 05-00-39,367,19.3542,33.8895
2019-05-19 05-00-41,367,19.3542,33.8762
2019-05-19 05-00-45,367,19.3695,33.8628
2019-05-19 05-00-47,368,19.3176,33.8628
2019-05-19 05-00-49,368,19.3878,33.8308
2019-05-19 05-00-51,368,19.3878,33.8308
2019-05-19 05-00-53,368,19.3863,33.8041
2019-05-19 05-00-55,368,19.4366,33.7614
2019-05-19 05-00-57,368,19.455,33.7614
2019-05-19 05-00-59,368,19.4366,33.748
2019-05-19 05-01-03,368,19.5419,33.7346
2019-05-19 05-01-05,368,19.4839,33.7186
2019-05-19 05-01-07,368,19.4885,33.7614
2019-05-19 05-01-09,368,19.4366,33.7747
2019-05-19 05-01-11,367,19.4702,33.7747
2019-05-19 05-01-13,367,19.4382,33.8041
2019-05-19 05-01-15,366,19.3878,33.8174
2019-05-19 05-01-19,366,19.3863,33.8041
2019-05-19 05-01-21,366,19.3695,33.8495
2019-05-19 05-01-23,365,19.3695,33.8762
2019-05-19 05-01-25,365,19.3222,33.9323
2019-05-19 05-01-27,366,19.2719,33.9616
2019-05-19 05-01-29,365,19.2917,33.9883
2019-05-19 05-01-31,366,19.1345,34.0311
2019-05-19 05-01-33,366,19.1711,34.0738
2019-05-19 05-01-37,366,19.0857,34.0871
2019-05-19 05-01-39,367,19.194,34.1299
2019-05-19 05-01-41,367,19.1574,34.1165
2019-05-19 05-01-43,367,19.0521,34.1566
2019-05-19 05-01-45,367,19.1086,34.1726
2019-05-19 05-01-47,367,19.0018,34.1859
2019-05-19 05-01-49,368,19.0567,34.2126
2019-05-19 05-01-51,368,19.0582,34.242
2019-05-19 05-01-55,369,18.9514,34.2126
2019-05-19 05-01-57,369,18.9514,34.2126
2019-05-19 05-01-59,369,18.985,34.2126
2019-05-19 05-02-01,369,19.0033,34.2287
2019-05-19 05-02-03,370,18.988,34.2287
2019-05-19 05-02-05,370,18.988,34.242
2019-05-19 05-02-07,370,19.0079,34.2847
2019-05-19 05-02-11,371,18.9194,34.2847
2019-05-19 05-02-13,371,19.0079,34.2847
2019-05-19 05-02-15,371,18.8843,34.2847
2019-05-19 05-02-17,371,18.956,34.2847
2019-05-19 05-02-19,371,18.9575,34.2981
2019-05-19 05-02-21,371,18.9392,34.2847
2019-05-19 05-02-23,371,18.9926,34.3141
2019-05-19 05-02-25,371,19.0109,34.3301
2019-05-19 05-02-29,371,18.9423,34.3435
2019-05-19 05-02-31,371,18.8873,34.3568
2019-05-19 05-02-33,371,18.8522,34.3301
2019-05-19 05-02-35,371,18.8339,34.3301
2019-05-19 05-02-37,371,18.9056,34.3435
2019-05-19 05-02-39,371,18.8522,34.3435
2019-05-19 05-02-41,371,18.782,34.3568
2019-05-19 05-02-43,371,18.8705,34.3435
2019-05-19 05-02-47,371,18.8843,34.2981
2019-05-19 05-02-49,371,18.9026,34.2981
2019-05-19 05-02-51,371,18.9026,34.3141
2019-05-19 05-02-53,370,18.869,34.3301
2019-05-19 05-02-55,370,18.8705,34.3568
2019-05-19 05-02-57,370,18.8705,34.3435
2019-05-19 05-02-59,370,18.869,34.3301
2019-05-19 05-03-03,370,18.9194,34.2847
2019-05-19 05-03-05,370,18.9377,34.2554
2019-05-19 05-03-07,371,18.9529,34.2287
2019-05-19 05-03-09,371,19.0033,34.2287
2019-05-19 05-03-11,371,18.9697,34.2126
2019-05-19 05-03-13,371,19.0033,34.1993
2019-05-19 05-03-15,371,18.9697,34.1993
2019-05-19 05-03-17,370,19.0353,34.1726
2019-05-19 05-03-21,371,19.0018,34.1859
2019-05-19 05-03-23,370,19.0018,34.1859
2019-05-19 05-03-25,370,18.9514,34.1859
2019-05-19 05-03-27,369,19.0201,34.1993
2019-05-19 05-03-29,369,19.0033,34.2126
2019-05-19 05-03-31,369,19.0033,34.2126
2019-05-19 05-03-33,369,18.988,34.2287
2019-05-19 05-03-37,368,19.0201,34.1993
2019-05-19 05-03-39,367,19.0384,34.1859
2019-05-19 05-03-41,367,19.0704,34.1726
2019-05-19 05-03-43,367,19.0384,34.1859
2019-05-19 05-03-45,367,18.985,34.1993
2019-05-19 05-03-47,367,19.0201,34.1726
2019-05-19 05-03-49,367,19.0384,34.1859
2019-05-19 05-03-51,367,19.0155,34.1299
2019-05-19 05-03-55,367,19.0338,34.1432
2019-05-19 05-03-57,367,19.0521,34.1299
2019-05-19 05-03-59,367,19.0018,34.1566
2019-05-19 05-04-01,367,19.0536,34.1859
2019-05-19 05-04-03,367,18.985,34.1993
2019-05-19 05-04-05,367,19.0033,34.2287
2019-05-19 05-04-07,367,18.9713,34.2687
2019-05-19 05-04-10,367,18.9529,34.2554
2019-05-19 05-04-14,367,18.9163,34.2554
2019-05-19 05-04-16,368,18.9163,34.2687
2019-05-19 05-04-18,367,18.9713,34.2687
2019-05-19 05-04-20,368,18.9529,34.2554
2019-05-19 05-04-22,368,18.9529,34.242
2019-05-19 05-04-24,368,18.9697,34.2287
2019-05-19 05-04-26,368,18.9529,34.2287
2019-05-19 05-04-28,368,19.0201,34.1993
2019-05-19 05-04-32,367,19.0521,34.1432
2019-05-19 05-04-34,368,19.0338,34.1299
2019-05-19 05-04-36,368,19.0521,34.1432
2019-05-19 05-04-38,368,19.0674,34.1299
2019-05-19 05-04-40,368,19.0338,34.1432
2019-05-19 05-04-42,368,19.0521,34.1299
2019-05-19 05-04-44,368,19.1254,34.1432
2019-05-19 05-04-48,368,19.0521,34.1299
2019-05-19 05-04-50,368,19.0338,34.1432
2019-05-19 05-04-52,367,18.9651,34.1566
2019-05-19 05-04-54,367,19.0338,34.1432
2019-05-19 05-04-56,367,18.9987,34.1432
2019-05-19 05-04-58,367,19.0155,34.1165
2019-05-19 05-05-00,367,19.0155,34.1299
2019-05-19 05-05-02,367,19.0338,34.1299
2019-05-19 05-05-06,367,19.104,34.1165
2019-05-19 05-05-08,367,19.0674,34.1165
2019-05-19 05-05-10,367,19.0491,34.1165
2019-05-19 05-05-12,367,19.0521,34.1299
2019-05-19 05-05-14,368,19.1208,34.0738
2019-05-19 05-05-16,368,19.1025,34.0738
2019-05-19 05-05-18,368,19.1681,34.0311
2019-05-19 05-05-20,368,19.2032,34.0311
2019-05-19 05-05-24,368,19.2032,34.0311
2019-05-19 05-05-26,368,19.2032,34.0043
2019-05-19 05-05-28,368,19.2368,33.975
2019-05-19 05-05-30,368,19.2001,33.975
2019-05-19 05-05-32,367,19.2368,33.9616
2019-05-19 05-05-34,367,19.1818,33.9616
2019-05-19 05-05-36,367,19.2352,33.9323
2019-05-19 05-05-38,366,19.2169,33.9483
2019-05-19 05-05-42,367,19.3039,33.9189
2019-05-19 05-05-44,366,19.2856,33.8895
2019-05-19 05-05-46,366,19.3039,33.9055
2019-05-19 05-05-48,366,19.3558,33.9189
2019-05-19 05-05-50,366,19.3222,33.9323
2019-05-19 05-05-52,366,19.2551,33.9883
2019-05-19 05-05-54,366,19.2215,34.0311
2019-05-19 05-05-58,366,19.1864,34.0444
2019-05-19 05-06-00,366,19.1727,34.0871
2019-05-19 05-06-02,366,19.1727,34.0871
2019-05-19 05-06-04,366,19.104,34.1165
2019-05-19 05-06-06,366,19.1757,34.1165
2019-05-19 05-06-08,366,19.0704,34.1432
2019-05-19 05-06-10,367,19.1223,34.1299
2019-05-19 05-06-12,367,19.1589,34.1566
2019-05-19 05-06-16,367,19.1254,34.1726
2019-05-19 05-06-18,366,19.1269,34.1993
2019-05-19 05-06-20,367,18.985,34.2126
2019-05-19 05-06-22,367,18.9163,34.242
2019-05-19 05-06-24,368,18.9529,34.242
2019-05-19 05-06-26,368,18.985,34.2126
2019-05-19 05-06-28,368,19.0018,34.1726
2019-05-19 05-06-30,368,19.017,34.1566
2019-05-19 05-06-34,369,19.0353,34.1566
2019-05-19 05-06-36,369,19.0704,34.1432
2019-05-19 05-06-38,369,19.0536,34.1726
2019-05-19 05-06-40,369,19.0704,34.1726
2019-05-19 05-06-42,369,19.0536,34.1726
2019-05-19 05-06-44,369,19.0353,34.1726
2019-05-19 05-06-46,369,19.1086,34.1726
2019-05-19 05-06-50,369,19.0018,34.1726
2019-05-19 05-06-52,369,19.017,34.1566
2019-05-19 05-06-54,369,19.0018,34.1726
2019-05-19 05-06-56,369,19.0201,34.1726
2019-05-19 05-06-58,370,19.0536,34.1726
2019-05-19 05-07-00,370,19.0018,34.1859
2019-05-19 05-07-02,370,18.988,34.2287
2019-05-19 05-07-04,370,18.9529,34.2287
2019-05-19 05-07-08,369,18.9163,34.242
2019-05-19 05-07-10,369,18.9392,34.2981
2019-05-19 05-07-12,370,18.9423,34.3301
2019-05-19 05-07-14,370,18.869,34.3301
2019-05-19 05-07-16,371,18.8705,34.3435
2019-05-19 05-07-18,372,18.8843,34.2981
2019-05-19 05-07-20,372,18.898,34.2554
2019-05-19 05-07-22,373,19.0033,34.2287
2019-05-19 05-07-26,374,18.988,34.2287
2019-05-19 05-07-28,375,19.0353,34.1726
2019-05-19 05-07-30,375,19.0521,34.1566
2019-05-19 05-07-32,374,19.0704,34.1432
2019-05-19 05-07-34,373,19.0521,34.1566
2019-05-19 05-07-36,373,19.0338,34.1432
2019-05-19 05-07-38,371,19.0018,34.1566
2019-05-19 05-07-42,371,19.0353,34.1566
2019-05-19 05-07-44,371,19.0674,34.1299
2019-05-19 05-07-46,370,18.9987,34.1299
2019-05-19 05-07-48,370,19.0659,34.0871
2019-05-19 05-07-50,371,19.0857,34.1005
2019-05-19 05-07-52,370,19.0659,34.1005
2019-05-19 05-07-54,370,19.0475,34.0871
2019-05-19 05-07-56,370,19.1025,34.0738
2019-05-19 05-08-00,369,19.1544,34.0871
2019-05-19 05-08-02,368,19.1727,34.1005
2019-05-19 05-08-04,367,19.1574,34.1165
2019-05-19 05-08-06,367,19.104,34.1165
2019-05-19 05-08-08,367,19.1208,34.0871
2019-05-19 05-08-10,366,19.0857,34.0871
2019-05-19 05-08-12,367,19.0842,34.0604
2019-05-19 05-08-14,366,19.0857,34.0738
2019-05-19 05-08-18,366,19.1177,34.0604
2019-05-19 05-08-20,366,19.1864,34.0444
2019-05-19 05-08-22,367,19.1208,34.0871
2019-05-19 05-08-24,366,19.1025,34.0738
2019-05-19 05-08-26,366,19.1025,34.0738
2019-05-19 05-08-28,366,19.0491,34.1005
2019-05-19 05-08-30,364,19.0887,34.1165
2019-05-19 05-08-34,365,19.0704,34.1726
2019-05-19 05-08-36,365,19.0536,34.1726
2019-05-19 05-08-38,365,19.0933,34.1993
2019-05-19 05-08-40,365,19.0399,34.2287
2019-05-19 05-08-42,365,18.985,34.2126
2019-05-19 05-08-44,365,18.9697,34.2126
2019-05-19 05-08-46,365,18.8965,34.2126
2019-05-19 05-08-48,366,18.9667,34.1726
2019-05-19 05-08-52,366,18.9651,34.1566
2019-05-19 05-08-54,367,18.9835,34.1726
2019-05-19 05-08-56,368,19.0338,34.1432
2019-05-19 05-08-58,368,19.0521,34.1432
2019-05-19 05-09-00,369,19.104,34.1165
2019-05-19 05-09-02,369,19.0857,34.0738
2019-05-19 05-09-04,368,19.0659,34.0738
2019-05-19 05-09-06,369,19.136,34.0738
2019-05-19 05-09-10,369,19.0994,34.0444
2019-05-19 05-09-12,368,19.1528,34.0311
2019-05-19 05-09-14,369,19.1849,34.0043
2019-05-19 05-09-16,369,19.1681,34.0177
2019-05-19 05-09-18,368,19.1849,33.9883
2019-05-19 05-09-20,368,19.2184,33.9883
2019-05-19 05-09-23,368,19.1666,33.975
2019-05-19 05-09-27,368,19.1666,33.975
2019-05-19 05-09-29,368,19.1818,33.975
2019-05-19 05-09-31,368,19.1483,33.975
2019-05-19 05-09-33,368,19.1666,33.975
2019-05-19 05-09-35,367,19.2169,33.9616
2019-05-19 05-09-37,367,19.2352,33.9323
2019-05-19 05-09-39,367,19.2169,33.9483
2019-05-19 05-09-41,368,19.2871,33.9483
2019-05-19 05-09-45,367,19.2871,33.9323
2019-05-19 05-09-47,367,19.2688,33.9055
2019-05-19 05-09-49,367,19.2856,33.8895
2019-05-19 05-09-51,367,19.3375,33.9189
2019-05-19 05-09-53,367,19.2673,33.8762
2019-05-19 05-09-55,367,19.3192,33.9055
2019-05-19 05-09-57,366,19.2856,33.8895
2019-05-19 05-09-59,366,19.2673,33.8895
2019-05-19 05-10-03,366,19.3039,33.9055
2019-05-19 05-10-05,366,19.3008,33.8762
2019-05-19 05-10-07,366,19.2993,33.8495
2019-05-19 05-10-09,367,19.3359,33.8495
2019-05-19 05-10-11,367,19.3146,33.8174
2019-05-19 05-10-13,368,19.3329,33.8174
2019-05-19 05-10-15,368,19.278,33.7907
2019-05-19 05-10-19,367,19.3329,33.8174
2019-05-19 05-10-21,367,19.368,33.8308
2019-05-19 05-10-23,367,19.3359,33.8628
2019-05-19 05-10-25,366,19.3359,33.8762
2019-05-19 05-10-27,365,19.3008,33.8895
2019-05-19 05-10-29,366,19.3375,33.9055
2019-05-19 05-10-31,365,19.2535,33.9323
2019-05-19 05-10-33,365,19.3008,33.8895
2019-05-19 05-10-37,365,19.2856,33.9055
2019-05-19 05-10-39,364,19.3039,33.9055
2019-05-19 05-10-41,365,19.3726,33.8895
2019-05-19 05-10-43,365,19.3375,33.8895
2019-05-19 05-10-45,365,19.3375,33.8895
2019-05-19 05-10-47,366,19.3192,33.8895
2019-05-19 05-10-49,366,19.3176,33.8628
2019-05-19 05-10-51,366,19.3008,33.8762
2019-05-19 05-10-55,366,19.3039,33.9055
2019-05-19 05-10-57,367,19.3375,33.9055
2019-05-19 05-10-59,367,19.2856,33.9055
2019-05-19 05-11-01,366,19.3008,33.8895
2019-05-19 05-11-03,366,19.3039,33.9055
2019-05-19 05-11-05,365,19.3192,33.8895
2019-05-19 05-11-07,365,19.3008,33.8895
2019-05-19 05-11-11,366,19.3039,33.9189
2019-05-19 05-11-13,366,19.2856,33.9055
2019-05-19 05-11-15,366,19.2673,33.8628
2019-05-19 05-11-17,366,19.3222,33.9189
2019-05-19 05-11-19,367,19.2825,33.8762
2019-05-19 05-11-21,366,19.3726,33.9055
2019-05-19 05-11-23,367,19.2856,33.8895
2019-05-19 05-11-25,367,19.3192,33.8762
2019-05-19 05-11-29,367,19.3375,33.9189
2019-05-19 05-11-31,367,19.3039,33.9055
2019-05-19 05-11-33,367,19.2902,33.9616
2019-05-19 05-11-35,367,19.3237,33.9483
2019-05-19 05-11-37,367,19.2169,33.9483
2019-05-19 05-11-39,368,19.2139,33.9323
2019-05-19 05-11-41,368,19.2719,33.9483
2019-05-19 05-11-43,368,19.2352,33.9323
2019-05-19 05-11-47,368,19.2368,33.9483
2019-05-19 05-11-49,367,19.2368,33.9616
2019-05-19 05-11-51,367,19.2871,33.9483
2019-05-19 05-11-53,367,19.2139,33.9323
2019-05-19 05-11-55,367,19.3222,33.9189
2019-05-19 05-11-57,368,19.2352,33.9189
2019-05-19 05-11-59,368,19.3222,33.9189
2019-05-19 05-12-03,368,19.2856,33.9055
2019-05-19 05-12-05,368,19.3008,33.8895
2019-05-19 05-12-07,367,19.249,33.8762
2019-05-19 05-12-09,368,19.2825,33.8762
2019-05-19 05-12-11,367,19.368,33.8308
2019-05-19 05-12-13,367,19.368,33.8174
2019-05-19 05-12-15,367,19.4199,33.7907
2019-05-19 05-12-17,367,19.4046,33.8041
2019-05-19 05-12-21,367,19.4229,33.8174
2019-05-19 05-12-23,366,19.4199,33.7907
2019-05-19 05-12-25,366,19.4046,33.8174
2019-05-19 05-12-27,366,19.4046,33.8174
2019-05-19 05-12-29,366,19.4016,33.7747
2019-05-19 05-12-31,366,19.4199,33.7747
2019-05-19 05-12-33,366,19.4016,33.7614
2019-05-19 05-12-35,367,19.3649,33.7747
2019-05-19 05-12-39,367,19.455,33.7907
2019-05-19 05-12-41,366,19.4382,33.8174
2019-05-19 05-12-43,366,19.4061,33.8308
2019-05-19 05-12-45,366,19.3695,33.8762
2019-05-19 05-12-47,366,19.2871,33.9189
2019-05-19 05-12-49,366,19.2352,33.9323
2019-05-19 05-12-51,366,19.2535,33.9323
2019-05-19 05-12-55,366,19.2551,33.9616
2019-05-19 05-12-57,366,19.2505,33.9189
2019-05-19 05-12-59,366,19.2719,33.9483
2019-05-19 05-13-01,366,19.2139,33.9189
2019-05-19 05-13-03,366,19.2352,33.9055
2019-05-19 05-13-05,367,19.2307,33.8628
2019-05-19 05-13-07,367,19.3192,33.8762
2019-05-19 05-13-09,367,19.3176,33.8495
2019-05-19 05-13-13,367,19.368,33.8308
2019-05-19 05-13-15,367,19.3497,33.8174
2019-05-19 05-13-17,367,19.3649,33.8041
2019-05-19 05-13-19,367,19.3649,33.7907
2019-05-19 05-13-21,367,19.455,33.7747
2019-05-19 05-13-23,367,19.4366,33.7614
2019-05-19 05-13-25,367,19.4016,33.7747
2019-05-19 05-13-27,367,19.4199,33.7747
2019-05-19 05-13-31,367,19.4366,33.7747
2019-05-19 05-13-33,367,19.4199,33.7907
2019-05-19 05-13-35,367,19.455,33.7747
2019-05-19 05-13-37,367,19.4336,33.7346
2019-05-19 05-13-39,367,19.4839,33.7053
2019-05-19 05-13-41,368,19.4839,33.7186
2019-05-19 05-13-43,368,19.4336,33.7186
2019-05-19 05-13-47,368,19.5023,33.7186
2019-05-19 05-13-49,368,19.5389,33.7186
2019-05-19 05-13-51,368,19.4687,33.7346
2019-05-19 05-13-53,368,19.4504,33.7186
2019-05-19 05-13-55,367,19.4839,33.7186
2019-05-19 05-13-57,368,19.5602,33.748
2019-05-19 05-13-59,367,19.4702,33.748
2019-05-19 05-14-01,367,19.4702,33.7747
2019-05-19 05-14-05,368,19.455,33.7907
2019-05-19 05-14-07,368,19.4702,33.7747
2019-05-19 05-14-09,368,19.4183,33.7614
2019-05-19 05-14-11,368,19.4382,33.8174
2019-05-19 05-14-13,368,19.4199,33.7907
2019-05-19 05-14-15,369,19.4199,33.7907
2019-05-19 05-14-17,369,19.4199,33.8041
2019-05-19 05-14-19,369,19.4366,33.7614
2019-05-19 05-14-23,370,19.4702,33.748
2019-05-19 05-14-25,370,19.4687,33.7346
2019-05-19 05-14-27,370,19.4687,33.7053
2019-05-19 05-14-29,370,19.5572,33.7053
2019-05-19 05-14-31,370,19.4839,33.6919
2019-05-19 05-14-33,369,19.5206,33.6786
2019-05-19 05-14-35,369,19.5236,33.7186
2019-05-19 05-14-39,369,19.4504,33.7186
2019-05-19 05-14-41,369,19.455,33.7747
2019-05-19 05-14-43,369,19.455,33.7747
2019-05-19 05-14-45,369,19.4183,33.748
2019-05-19 05-14-47,369,19.4366,33.7747
2019-05-19 05-14-49,369,19.4183,33.7614
2019-05-19 05-14-51,369,19.5251,33.7614
2019-05-19 05-14-53,369,19.455,33.7747
2019-05-19 05-14-57,369,19.3878,33.8308
2019-05-19 05-14-59,369,19.3695,33.8628
2019-05-19 05-15-01,369,19.3192,33.8895
2019-05-19 05-15-03,369,19.3405,33.9323
2019-05-19 05-15-06,369,19.2719,33.975
2019-05-19 05-15-08,369,19.2169,33.975
2019-05-19 05-15-10,369,19.2047,34.0444
2019-05-19 05-15-12,369,19.2032,34.0311
2019-05-19 05-15-16,369,19.2413,34.0177
2019-05-19 05-15-18,369,19.2184,34.0043
2019-05-19 05-15-20,369,19.2001,33.9883
2019-05-19 05-15-22,369,19.2368,33.9483
2019-05-19 05-15-24,369,19.2169,33.9616
2019-05-19 05-15-26,369,19.2001,33.975
2019-05-19 05-15-28,370,19.2368,33.975
2019-05-19 05-15-32,370,19.2551,33.975
2019-05-19 05-15-34,370,19.2368,33.9483
2019-05-19 05-15-36,370,19.2139,33.9323
2019-05-19 05-15-38,370,19.2688,33.9055
2019-05-19 05-15-40,370,19.2688,33.9055
2019-05-19 05-15-42,370,19.3192,33.8895
2019-05-19 05-15-44,370,19.2673,33.8762
2019-05-19 05-15-46,370,19.3039,33.9055
2019-05-19 05-15-50,370,19.3176,33.8628
2019-05-19 05-15-52,370,19.3375,33.8895
2019-05-19 05-15-54,370,19.3008,33.8762
2019-05-19 05-15-56,370,19.2871,33.9323
2019-05-19 05-15-58,370,19.2902,33.9616
2019-05-19 05-16-00,370,19.3085,33.9883
2019-05-19 05-16-02,370,19.2917,33.9883
2019-05-19 05-16-04,369,19.2184,34.0043
2019-05-19 05-16-08,369,19.2413,34.0444
2019-05-19 05-16-10,369,19.1864,34.0177
2019-05-19 05-16-12,368,19.1711,34.0604
2019-05-19 05-16-14,368,19.136,34.0738
2019-05-19 05-16-16,369,19.1391,34.0871
2019-05-19 05-16-18,369,19.1025,34.0738
2019-05-19 05-16-20,368,19.1177,34.0604
2019-05-19 05-16-24,369,19.1345,34.0444
2019-05-19 05-16-26,369,19.1177,34.0444
2019-05-19 05-16-28,369,19.1025,34.0604
2019-05-19 05-16-30,368,19.1177,34.0604
2019-05-19 05-16-32,368,19.1498,34.0177
2019-05-19 05-16-34,369,19.1864,34.0177
2019-05-19 05-16-36,369,19.1681,34.0043
2019-05-19 05-16-38,369,19.1635,33.9616
2019-05-19 05-16-42,370,19.2719,33.975
2019-05-19 05-16-44,369,19.2535,33.9323
2019-05-19 05-16-46,370,19.2001,33.9616
2019-05-19 05-16-48,369,19.2139,33.9323
2019-05-19 05-16-50,369,19.2505,33.9189
2019-05-19 05-16-52,369,19.3054,33.9323
2019-05-19 05-16-54,369,19.3039,33.9055
2019-05-19 05-16-56,369,19.3192,33.9055
2019-05-19 05-17-00,369,19.3542,33.8895
2019-05-19 05-17-02,369,19.3192,33.8895
2019-05-19 05-17-04,369,19.3359,33.8495
2019-05-19 05-17-06,369,19.3695,33.8495
2019-05-19 05-17-08,369,19.3146,33.8041
2019-05-19 05-17-10,369,19.4382,33.8041
2019-05-19 05-17-12,369,19.4199,33.7907
2019-05-19 05-17-16,369,19.487,33.748
2019-05-19 05-17-18,368,19.5236,33.7346
2019-05-19 05-17-20,368,19.5419,33.7346
2019-05-19 05-17-22,367,19.4885,33.7747
2019-05-19 05-17-24,367,19.4183,33.7614
2019-05-19 05-17-26,367,19.3497,33.7907
2019-05-19 05-17-28,367,19.3878,33.8308
2019-05-19 05-17-30,367,19.3512,33.8628
2019-05-19 05-17-34,366,19.3008,33.8762
2019-05-19 05-17-36,366,19.2825,33.8762
2019-05-19 05-17-38,366,19.3512,33.8628
2019-05-19 05-17-40,366,19.3512,33.8495
2019-05-19 05-17-42,367,19.3497,33.8174
2019-05-19 05-17-44,368,19.3314,33.8041
2019-05-19 05-17-46,368,19.3314,33.8041
2019-05-19 05-17-48,368,19.3649,33.7907
2019-05-19 05-17-52,369,19.3832,33.7614
2019-05-19 05-17-54,369,19.4519,33.7346
2019-05-19 05-17-56,370,19.4687,33.7346
2019-05-19 05-17-58,369,19.4839,33.6919
2019-05-19 05-18-00,369,19.5374,33.6786
2019-05-19 05-18-02,369,19.5206,33.6786
2019-05-19 05-18-04,369,19.5374,33.6786
2019-05-19 05-18-08,369,19.4656,33.6786
2019-05-19 05-18-10,369,19.5389,33.7186
2019-05-19 05-18-12,368,19.4702,33.748
2019-05-19 05-18-14,368,19.4382,33.7907
2019-05-19 05-18-16,368,19.4748,33.8174
2019-05-19 05-18-18,368,19.3192,33.8895
2019-05-19 05-18-20,368,19.3222,33.9323
2019-05-19 05-18-22,368,19.3054,33.9616
2019-05-19 05-18-26,368,19.2368,33.9483
2019-05-19 05-18-28,368,19.2001,33.9616
2019-05-19 05-18-30,369,19.2368,33.975
2019-05-19 05-18-32,370,19.2368,33.9483
2019-05-19 05-18-34,370,19.2871,33.9323
2019-05-19 05-18-36,371,19.2688,33.9189
2019-05-19 05-18-38,370,19.1589,33.8895
2019-05-19 05-18-42,370,19.2688,33.9055
2019-05-19 05-18-44,370,19.3008,33.8895
2019-05-19 05-18-46,371,19.2673,33.8895
2019-05-19 05-18-48,372,19.2871,33.9189
2019-05-19 05-18-50,372,19.3008,33.8895
2019-05-19 05-18-52,372,19.3039,33.9189
2019-05-19 05-18-54,372,19.3375,33.9189
2019-05-19 05-18-56,372,19.2871,33.9483
2019-05-19 05-19-00,372,19.2871,33.9323
2019-05-19 05-19-02,373,19.2688,33.9323
2019-05-19 05-19-04,372,19.1803,33.9323
2019-05-19 05-19-06,372,19.2368,33.9483
2019-05-19 05-19-08,372,19.2688,33.9323
2019-05-19 05-19-10,372,19.2856,33.8895
2019-05-19 05-19-12,372,19.3542,33.8762
2019-05-19 05-19-14,373,19.2673,33.8628
2019-05-19 05-19-18,373,19.3329,33.8308
2019-05-19 05-19-20,373,19.368,33.8308
2019-05-19 05-19-22,372,19.4244,33.8495
2019-05-19 05-19-24,372,19.3878,33.8174
2019-05-19 05-19-26,372,19.3512,33.8308
2019-05-19 05-19-28,372,19.4229,33.8174
2019-05-19 05-19-30,372,19.4046,33.8041
2019-05-19 05-19-34,372,19.4382,33.8174
2019-05-19 05-19-36,372,19.4229,33.8308
2019-05-19 05-19-38,371,19.3878,33.8174
2019-05-19 05-19-40,372,19.3878,33.8495
2019-05-19 05-19-42,371,19.3176,33.8495
2019-05-19 05-19-44,371,19.3192,33.8762
2019-05-19 05-19-46,370,19.2673,33.8762
2019-05-19 05-19-48,370,19.3375,33.9055
2019-05-19 05-19-52,371,19.3695,33.8495
2019-05-19 05-19-54,371,19.3192,33.8762
2019-05-19 05-19-56,371,19.368,33.8308
2019-05-19 05-19-58,371,19.4061,33.8308
2019-05-19 05-20-00,371,19.4382,33.8174
2019-05-19 05-20-02,371,19.3863,33.8041
2019-05-19 05-20-04,371,19.3497,33.7907
2019-05-19 05-20-06,371,19.4199,33.7907
2019-05-19 05-20-10,371,19.4244,33.8495
2019-05-19 05-20-12,371,19.3878,33.8495
2019-05-19 05-20-14,371,19.3512,33.8628
2019-05-19 05-20-16,370,19.3695,33.8762
2019-05-19 05-20-18,370,19.3878,33.8495
2019-05-19 05-20-20,370,19.4427,33.8762
2019-05-19 05-20-22,369,19.3375,33.9055
2019-05-19 05-20-26,369,19.3192,33.8895
2019-05-19 05-20-28,370,19.3558,33.9323
2019-05-19 05-20-30,370,19.2856,33.9055
2019-05-19 05-20-32,370,19.2535,33.9323
2019-05-19 05-20-34,371,19.3039,33.9055
2019-05-19 05-20-36,371,19.2368,33.9483
2019-05-19 05-20-38,371,19.2871,33.9323
2019-05-19 05-20-40,371,19.2688,33.9189
2019-05-19 05-20-45,371,19.3192,33.9055
2019-05-19 05-20-47,372,19.3375,33.8895
2019-05-19 05-20-49,372,19.2856,33.8895
2019-05-19 05-20-51,372,19.3176,33.8628
2019-05-19 05-20-53,372,19.3192,33.8895
2019-05-19 05-20-55,372,19.3909,33.8628
2019-05-19 05-20-57,372,19.3878,33.8495
2019-05-19 05-20-59,373,19.3878,33.8308
2019-05-19 05-21-03,372,19.4061,33.8495
2019-05-19 05-21-05,373,19.4199,33.8041
2019-05-19 05-21-07,373,19.3497,33.8174
2019-05-19 05-21-09,372,19.368,33.8174
2019-05-19 05-21-11,372,19.368,33.8174
2019-05-19 05-21-13,372,19.3497,33.8041
2019-05-19 05-21-15,372,19.3863,33.7907
2019-05-19 05-21-19,372,19.4366,33.7614
2019-05-19 05-21-21,372,19.3649,33.7747
2019-05-19 05-21-23,372,19.3649,33.8041
2019-05-19 05-21-25,373,19.3863,33.7747
2019-05-19 05-21-27,373,19.487,33.748
2019-05-19 05-21-29,372,19.5023,33.7186
2019-05-19 05-21-31,372,19.4839,33.7186
2019-05-19 05-21-33,372,19.5389,33.7053
2019-05-19 05-21-37,372,19.5023,33.7186
2019-05-19 05-21-39,371,19.5053,33.7614
2019-05-19 05-21-41,371,19.4733,33.7907
2019-05-19 05-21-43,371,19.455,33.7907
2019-05-19 05-21-45,371,19.368,33.8308
2019-05-19 05-21-47,372,19.3512,33.8495
2019-05-19 05-21-49,372,19.3695,33.8628
2019-05-19 05-21-51,372,19.368,33.8308
2019-05-19 05-21-55,373,19.3497,33.8041
2019-05-19 05-21-57,373,19.3497,33.8174
2019-05-19 05-21-59,374,19.4382,33.8174
2019-05-19 05-22-01,374,19.4199,33.7907
2019-05-19 05-22-03,374,19.3649,33.7907
2019-05-19 05-22-05,373,19.3497,33.7907
2019-05-19 05-22-07,373,19.3497,33.8174
2019-05-19 05-22-09,373,19.3878,33.8495
2019-05-19 05-22-13,373,19.4244,33.8628
2019-05-19 05-22-15,372,19.3359,33.8495
2019-05-19 05-22-17,372,19.4412,33.8495
2019-05-19 05-22-19,373,19.4046,33.8174
2019-05-19 05-22-21,373,19.3329,33.8308
2019-05-19 05-22-23,372,19.3878,33.8174
2019-05-19 05-22-25,373,19.4382,33.8041
2019-05-19 05-22-29,372,19.4046,33.8041
2019-05-19 05-22-31,372,19.455,33.7747
2019-05-19 05-22-33,372,19.4016,33.7614
2019-05-19 05-22-35,373,19.4702,33.7614
2019-05-19 05-22-37,373,19.4702,33.748
2019-05-19 05-22-39,373,19.4687,33.7053
2019-05-19 05-22-41,373,19.4839,33.6919
2019-05-19 05-22-43,373,19.5236,33.7186
2019-05-19 05-22-47,373,19.4687,33.7053
2019-05-19 05-22-49,372,19.4839,33.6919
2019-05-19 05-22-51,372,19.4687,33.7053
2019-05-19 05-22-53,372,19.5023,33.7053
2019-05-19 05-22-55,372,19.4839,33.7053
2019-05-19 05-22-57,371,19.4336,33.7346
2019-05-19 05-22-59,371,19.5053,33.748
2019-05-19 05-23-01,371,19.4504,33.7186
2019-05-19 05-23-05,371,19.4839,33.7186
2019-05-19 05-23-07,371,19.5206,33.6919
2019-05-19 05-23-09,372,19.4687,33.7053
2019-05-19 05-23-11,372,19.5389,33.7186
2019-05-19 05-23-13,372,19.5557,33.6919
2019-05-19 05-23-15,372,19.5389,33.7053
2019-05-19 05-23-17,372,19.5236,33.7053
2019-05-19 05-23-21,372,19.4702,33.748
2019-05-19 05-23-23,373,19.4702,33.748
2019-05-19 05-23-25,373,19.455,33.7747
2019-05-19 05-23-27,373,19.3863,33.7747
2019-05-19 05-23-29,373,19.4199,33.7747
2019-05-19 05-23-31,372,19.4199,33.7907
2019-05-19 05-23-33,372,19.455,33.7747
2019-05-19 05-23-35,372,19.4702,33.7747
2019-05-19 05-23-39,372,19.4016,33.7747
2019-05-19 05-23-41,372,19.4366,33.7747
2019-05-19 05-23-43,372,19.4366,33.7747
2019-05-19 05-23-45,372,19.4183,33.748
2019-05-19 05-23-47,372,19.4336,33.7346
2019-05-19 05-23-49,372,19.4839,33.6919
2019-05-19 05-23-51,372,19.4656,33.6919
2019-05-19 05-23-53,372,19.5389,33.6919
2019-05-19 05-23-57,372,19.5236,33.7053
2019-05-19 05-23-59,372,19.5053,33.748
2019-05-19 05-24-01,372,19.5251,33.7614
2019-05-19 05-24-03,372,19.4748,33.8174
2019-05-19 05-24-05,372,19.4962,33.9055
2019-05-19 05-24-07,372,19.3741,33.9323
2019-05-19 05-24-09,372,19.3237,33.975
2019-05-19 05-24-13,372,19.2734,33.9883
2019-05-19 05-24-15,373,19.2215,34.0311
2019-05-19 05-24-17,373,19.2047,34.0444
2019-05-19 05-24-19,373,19.1711,34.0604
2019-05-19 05-24-21,373,19.2215,34.0444
2019-05-19 05-24-23,373,19.1864,34.0444
2019-05-19 05-24-25,373,19.1849,34.0043
2019-05-19 05-24-27,374,19.1864,34.0311
2019-05-19 05-24-31,374,19.2032,34.0043
2019-05-19 05-24-33,374,19.2398,34.0043
2019-05-19 05-24-35,374,19.1818,33.975
2019-05-19 05-24-37,374,19.2688,33.9323
2019-05-19 05-24-39,374,19.2688,33.9323
2019-05-19 05-24-41,374,19.2352,33.9323
2019-05-19 05-24-43,374,19.2551,33.975
2019-05-19 05-24-45,374,19.2398,33.9883
2019-05-19 05-24-49,374,19.2184,34.0043
2019-05-19 05-24-51,374,19.2413,34.0177
2019-05-19 05-24-53,374,19.2032,34.0043
2019-05-19 05-24-55,374,19.2719,33.9616
2019-05-19 05-24-57,374,19.3222,33.9323
2019-05-19 05-24-59,374,19.2505,33.8895
2019-05-19 05-25-01,373,19.3192,33.8895
2019-05-19 05-25-05,373,19.3222,33.9189
2019-05-19 05-25-07,373,19.2871,33.9323
2019-05-19 05-25-09,373,19.3192,33.8895
2019-05-19 05-25-11,373,19.2642,33.8495
2019-05-19 05-25-13,373,19.2825,33.8495
2019-05-19 05-25-15,373,19.2993,33.8174
2019-05-19 05-25-17,373,19.281,33.8308
2019-05-19 05-25-19,373,19.3146,33.8308
2019-05-19 05-25-23,372,19.3329,33.8308
2019-05-19 05-25-25,371,19.3497,33.8174
2019-05-19 05-25-27,371,19.368,33.8308
2019-05-19 05-25-29,370,19.3359,33.8495
2019-05-19 05-25-31,370,19.3497,33.8041
2019-05-19 05-25-33,370,19.3863,33.7907
2019-05-19 05-25-35,370,19.4046,33.7907
2019-05-19 05-25-37,370,19.3497,33.7907
2019-05-19 05-25-41,370,19.455,33.7907
2019-05-19 05-25-43,369,19.455,33.7747
2019-05-19 05-25-45,369,19.4702,33.7614
2019-05-19 05-25-47,368,19.4519,33.7346
2019-05-19 05-25-50,368,19.4687,33.7346
2019-05-19 05-25-52,368,19.4839,33.7186
2019-05-19 05-25-54,368,19.4702,33.7747
2019-05-19 05-25-58,368,19.5755,33.748
2019-05-19 05-26-00,368,19.5786,33.7907
2019-05-19 05-26-02,368,19.4702,33.7614
2019-05-19 05-26-04,368,19.455,33.7907
2019-05-19 05-26-06,368,19.4916,33.8041
2019-05-19 05-26-08,368,19.4748,33.8174
2019-05-19 05-26-10,367,19.4382,33.8041
2019-05-19 05-26-12,367,19.4382,33.8041
2019-05-19 05-26-16,367,19.4244,33.8495
2019-05-19 05-26-18,367,19.4229,33.8174
2019-05-19 05-26-20,366,19.4046,33.8041
2019-05-19 05-26-22,366,19.3314,33.8041
2019-05-19 05-26-24,367,19.4046,33.8041
2019-05-19 05-26-26,367,19.3863,33.8041
2019-05-19 05-26-28,367,19.3863,33.8041
2019-05-19 05-26-30,368,19.3878,33.8174
2019-05-19 05-26-34,368,19.4382,33.7907
2019-05-19 05-26-36,368,19.4733,33.8041
2019-05-19 05-26-38,368,19.368,33.8174
2019-05-19 05-26-40,368,19.3878,33.8174
2019-05-19 05-26-42,367,19.3497,33.8041
2019-05-19 05-26-44,367,19.4046,33.7907
2019-05-19 05-26-46,367,19.3649,33.8041
2019-05-19 05-26-50,367,19.3863,33.8041
2019-05-19 05-26-52,366,19.4733,33.8041
2019-05-19 05-26-54,366,19.4412,33.8495
2019-05-19 05-26-56,366,19.3359,33.8762
2019-05-19 05-26-58,365,19.3542,33.8895
2019-05-19 05-27-00,365,19.2551,33.9616
2019-05-19 05-27-02,365,19.2551,33.9883
2019-05-19 05-27-04,365,19.1864,34.0444
2019-05-19 05-27-08,366,19.1574,34.1165
2019-05-19 05-27-10,366,19.0887,34.1299
2019-05-19 05-27-12,367,19.0933,34.1859
2019-05-19 05-27-14,367,19.0704,34.1566
2019-05-19 05-27-16,367,19.0704,34.1566
2019-05-19 05-27-18,368,19.0018,34.1726
2019-05-19 05-27-20,368,19.0201,34.1859
2019-05-19 05-27-22,368,18.9667,34.1859
2019-05-19 05-27-26,368,19.0018,34.1859
2019-05-19 05-27-28,368,18.9667,34.1859
2019-05-19 05-27-30,368,19.0033,34.1993
2019-05-19 05-27-32,369,19.0033,34.1993
2019-05-19 05-27-34,369,18.9514,34.2126
2019-05-19 05-27-36,369,18.9697,34.1993
2019-05-19 05-27-38,369,18.9697,34.2287
2019-05-19 05-27-42,369,18.9697,34.2126
2019-05-19 05-27-44,370,18.9514,34.1993
2019-05-19 05-27-46,369,18.9331,34.1859
2019-05-19 05-27-48,369,18.9102,34.1566
2019-05-19 05-27-50,369,18.9835,34.1726
2019-05-19 05-27-52,370,19.0018,34.1726
2019-05-19 05-27-54,369,19.0018,34.1566
2019-05-19 05-27-56,369,19.017,34.1432
2019-05-19 05-28-00,369,19.1071,34.1299
2019-05-19 05-28-02,369,19.0475,34.0738
2019-05-19 05-28-04,369,19.0659,34.0738
2019-05-19 05-28-06,369,19.1177,34.0604
2019-05-19 05-28-08,369,19.1208,34.0738
2019-05-19 05-28-10,369,19.1528,34.0311
2019-05-19 05-28-12,369,19.1345,34.0177
2019-05-19 05-28-14,369,19.1864,34.0444
2019-05-19 05-28-18,369,19.1681,34.0043
2019-05-19 05-28-20,369,19.1681,34.0177
2019-05-19 05-28-22,369,19.1818,33.975
2019-05-19 05-28-24,369,19.2184,33.9883
2019-05-19 05-28-26,368,19.2184,34.0043
2019-05-19 05-28-28,368,19.2001,33.9883
2019-05-19 05-28-30,368,19.2032,34.0177
2019-05-19 05-28-32,368,19.1864,34.0444
2019-05-19 05-28-36,368,19.1864,34.0311
2019-05-19 05-28-38,367,19.1711,34.0444
2019-05-19 05-28-40,367,19.1681,34.0311
2019-05-19 05-28-42,367,19.1711,34.0444
2019-05-19 05-28-44,367,19.136,34.0604
2019-05-19 05-28-46,367,19.1528,34.0604
2019-05-19 05-28-48,366,19.1544,34.0871
2019-05-19 05-28-52,366,19.1574,34.1005
2019-05-19 05-28-54,366,19.0659,34.1005
2019-05-19 05-28-56,366,19.104,34.1165
2019-05-19 05-28-58,366,19.0674,34.1299
2019-05-19 05-29-00,365,19.0903,34.1566
2019-05-19 05-29-02,365,19.0353,34.1566
2019-05-19 05-29-04,366,19.0521,34.1566
2019-05-19 05-29-06,366,19.0536,34.1726
2019-05-19 05-29-10,366,19.0536,34.1726
2019-05-19 05-29-12,366,19.0704,34.1432
2019-05-19 05-29-14,366,18.9835,34.1566
2019-05-19 05-29-16,366,19.0903,34.1726
2019-05-19 05-29-18,367,19.0536,34.1859
2019-05-19 05-29-20,366,19.0536,34.1993
2019-05-19 05-29-22,367,18.9514,34.2126
2019-05-19 05-29-24,367,18.985,34.1993
2019-05-19 05-29-28,367,18.985,34.1859
2019-05-19 05-29-30,367,19.0033,34.1993
2019-05-19 05-29-32,367,19.0903,34.1726
2019-05-19 05-29-34,367,19.0201,34.1859
2019-05-19 05-29-36,366,19.0201,34.1726
2019-05-19 05-29-38,366,19.0201,34.1726
2019-05-19 05-29-40,365,19.0201,34.1859
2019-05-19 05-29-42,366,19.017,34.1432
2019-05-19 05-29-46,366,19.0521,34.1299
2019-05-19 05-29-48,366,19.0674,34.1299
2019-05-19 05-29-50,366,19.1406,34.1299
2019-05-19 05-29-52,366,19.1223,34.1165
2019-05-19 05-29-54,365,19.0659,34.1005
2019-05-19 05-29-56,365,19.1406,34.1299
2019-05-19 05-29-58,365,19.0887,34.1165
2019-05-19 05-30-02,364,19.0887,34.1165
2019-05-19 05-30-04,364,19.104,34.1005
2019-05-19 05-30-06,364,19.104,34.1165
2019-05-19 05-30-08,364,19.1391,34.1005
2019-05-19 05-30-10,364,19.1208,34.1005
2019-05-19 05-30-12,364,19.1071,34.1299
2019-05-19 05-30-14,364,19.1223,34.1165
2019-05-19 05-30-16,364,19.0659,34.0871
2019-05-19 05-30-20,363,19.0659,34.0871
2019-05-19 05-30-22,363,19.0475,34.0604
2019-05-19 05-30-24,364,19.1345,34.0444
2019-05-19 05-30-26,363,19.1177,34.0444
2019-05-19 05-30-28,363,19.0811,34.0311
2019-05-19 05-30-30,364,19.1528,34.0444
2019-05-19 05-30-32,363,19.1345,34.0311
2019-05-19 05-30-34,363,19.1849,34.0043
2019-05-19 05-30-38,363,19.1498,34.0177
2019-05-19 05-30-40,363,19.1849,34.0043
2019-05-19 05-30-42,364,19.2032,34.0311
2019-05-19 05-30-44,363,19.1849,34.0043
2019-05-19 05-30-46,364,19.2032,34.0043
2019-05-19 05-30-48,364,19.1864,34.0311
2019-05-19 05-30-50,363,19.2032,34.0177
2019-05-19 05-30-52,364,19.1483,33.975
2019-05-19 05-30-56,364,19.2398,33.9883
2019-05-19 05-30-58,364,19.2169,33.9483
2019-05-19 05-31-01,363,19.1956,33.9189
2019-05-19 05-31-03,364,19.2352,33.9323
2019-05-19 05-31-05,363,19.3039,33.9055
2019-05-19 05-31-07,363,19.2856,33.8895
2019-05-19 05-31-09,364,19.2673,33.8895
2019-05-19 05-31-13,364,19.3192,33.8762
2019-05-19 05-31-15,363,19.2673,33.8628
2019-05-19 05-31-17,363,19.3359,33.8628
2019-05-19 05-31-19,364,19.3192,33.9055
2019-05-19 05-31-21,363,19.2856,33.8895
2019-05-19 05-31-23,363,19.3222,33.9189
2019-05-19 05-31-25,363,19.2352,33.9189
2019-05-19 05-31-27,363,19.2505,33.9189
2019-05-19 05-31-31,363,19.2352,33.9055
2019-05-19 05-31-33,364,19.2856,33.9055
2019-05-19 05-31-35,363,19.2856,33.8895
2019-05-19 05-31-37,363,19.3359,33.8628
2019-05-19 05-31-39,364,19.3359,33.8628
2019-05-19 05-31-41,364,19.3375,33.8895
2019-05-19 05-31-43,363,19.3558,33.9055
2019-05-19 05-31-45,363,19.3054,33.9323
2019-05-19 05-31-49,363,19.3008,33.8895
2019-05-19 05-31-51,364,19.2856,33.9055
2019-05-19 05-31-53,363,19.3008,33.8762
2019-05-19 05-31-55,363,19.3375,33.8895
2019-05-19 05-31-57,364,19.4061,33.8628
2019-05-19 05-31-59,364,19.4061,33.8495
2019-05-19 05-32-01,364,19.3878,33.8495
2019-05-19 05-32-03,364,19.3497,33.8174
2019-05-19 05-32-07,364,19.368,33.8308
2019-05-19 05-32-09,364,19.3359,33.8762
2019-05-19 05-32-11,364,19.3237,33.9616
2019-05-19 05-32-13,364,19.2734,33.9883
2019-05-19 05-32-15,364,19.2581,34.0177
2019-05-19 05-32-17,364,19.2581,34.0177
2019-05-19 05-32-19,365,19.2734,33.9883
2019-05-19 05-32-23,365,19.2551,33.9616
2019-05-19 05-32-25,365,19.2551,33.9616
2019-05-19 05-32-27,366,19.2719,33.9483
2019-05-19 05-32-29,366,19.2535,33.9483
2019-05-19 05-32-31,366,19.2169,33.9483
2019-05-19 05-32-33,366,19.1818,33.975
2019-05-19 05-32-35,365,19.2001,33.9883
2019-05-19 05-32-37,365,19.2581,34.0043
2019-05-19 05-32-41,366,19.2032,34.0043
2019-05-19 05-32-43,366,19.1849,34.0043
2019-05-19 05-32-45,366,19.1681,34.0043
2019-05-19 05-32-47,366,19.2184,34.0043
2019-05-19 05-32-49,366,19.1498,34.0177
2019-05-19 05-32-51,367,19.2032,34.0043
2019-05-19 05-32-53,367,19.1818,33.975
2019-05-19 05-32-55,367,19.2001,33.9616
2019-05-19 05-32-59,367,19.1818,33.975
2019-05-19 05-33-01,367,19.2551,33.9883
2019-05-19 05-33-03,367,19.2184,34.0043
2019-05-19 05-33-05,367,19.2032,34.0043
2019-05-19 05-33-07,367,19.2917,34.0177
2019-05-19 05-33-09,367,19.1528,34.0311
2019-05-19 05-33-11,367,19.1345,34.0444
2019-05-19 05-33-15,367,19.1208,34.0871
2019-05-19 05-33-17,367,19.0659,34.0738
2019-05-19 05-33-19,367,19.1544,34.0871
2019-05-19 05-33-21,367,19.104,34.1165
2019-05-19 05-33-23,367,19.0887,34.1165
2019-05-19 05-33-25,367,19.0491,34.1165
2019-05-19 05-33-27,367,19.0887,34.1165
2019-05-19 05-33-29,367,19.0659,34.1005
2019-05-19 05-33-33,367,19.104,34.1005
2019-05-19 05-33-35,368,19.1391,34.1005
2019-05-19 05-33-37,368,19.0475,34.0738
2019-05-19 05-33-39,368,19.1177,34.0604
2019-05-19 05-33-41,367,19.1345,34.0311
2019-05-19 05-33-43,367,19.0628,34.0604
2019-05-19 05-33-45,367,19.104,34.1005
2019-05-19 05-33-47,367,19.1223,34.1299
2019-05-19 05-33-51,367,19.1406,34.1299
2019-05-19 05-33-53,367,19.1071,34.1566
2019-05-19 05-33-55,368,19.1071,34.1566
2019-05-19 05-33-57,367,19.0201,34.1859
2019-05-19 05-33-59,367,19.0353,34.1726
2019-05-19 05-34-01,367,19.0948,34.2287
2019-05-19 05-34-03,367,19.0201,34.1993
2019-05-19 05-34-05,367,19.0201,34.1859
2019-05-19 05-34-09,368,19.0201,34.1993
2019-05-19 05-34-11,368,19.0216,34.2126
2019-05-19 05-34-13,367,18.9713,34.242
2019-05-19 05-34-15,368,19.0063,34.2554
2019-05-19 05-34-17,368,18.9529,34.2287
2019-05-19 05-34-19,368,18.9713,34.242
2019-05-19 05-34-21,369,18.9713,34.242
2019-05-19 05-34-25,369,18.9529,34.242
2019-05-19 05-34-27,369,18.9529,34.242
2019-05-19 05-34-29,369,18.988,34.242
2019-05-19 05-34-31,369,19.0247,34.2554
2019-05-19 05-34-33,369,18.9896,34.2554
2019-05-19 05-34-35,369,18.9011,34.2847
2019-05-19 05-34-37,369,18.9743,34.2981
2019-05-19 05-34-39,369,18.8843,34.2981
2019-05-19 05-34-43,369,18.9026,34.3141
2019-05-19 05-34-45,369,18.9026,34.3141
2019-05-19 05-34-47,368,18.8873,34.3301
2019-05-19 05-34-49,369,18.8705,34.3568
2019-05-19 05-34-51,368,18.8553,34.3702
2019-05-19 05-34-53,369,18.8187,34.3435
2019-05-19 05-34-55,369,18.7973,34.3141
2019-05-19 05-34-57,369,18.8522,34.3301
2019-05-19 05-35-01,369,18.8873,34.3301
2019-05-19 05-35-03,369,18.7775,34.2981
2019-05-19 05-35-05,369,18.8141,34.2687
2019-05-19 05-35-07,369,18.9026,34.2981
2019-05-19 05-35-09,369,18.9163,34.2687
2019-05-19 05-35-11,369,18.9011,34.2847
2019-05-19 05-35-13,369,18.9713,34.2687
2019-05-19 05-35-15,369,18.9575,34.2981
2019-05-19 05-35-19,369,18.9011,34.2687
2019-05-19 05-35-21,369,18.8843,34.2847
2019-05-19 05-35-23,369,18.866,34.2981
2019-05-19 05-35-25,369,18.9026,34.3141
2019-05-19 05-35-27,369,18.9011,34.2687
2019-05-19 05-35-29,368,18.9163,34.2687
2019-05-19 05-35-31,368,18.9011,34.2687
2019-05-19 05-35-35,368,18.9529,34.242
2019-05-19 05-35-37,368,18.9697,34.2287
2019-05-19 05-35-39,368,18.9514,34.1993
2019-05-19 05-35-41,368,19.0018,34.1859
2019-05-19 05-35-43,368,18.985,34.2126
2019-05-19 05-35-45,368,18.988,34.2287
2019-05-19 05-35-47,367,19.0033,34.2287
2019-05-19 05-35-49,367,18.9346,34.2126
2019-05-19 05-35-53,367,18.985,34.2126
2019-05-19 05-35-55,367,18.9484,34.1566
2019-05-19 05-35-57,367,18.985,34.1859
2019-05-19 05-35-59,367,19.0201,34.1859
2019-05-19 05-36-01,367,19.0384,34.1993
2019-05-19 05-36-03,366,18.985,34.1993
2019-05-19 05-36-05,366,19.0018,34.1859
2019-05-19 05-36-07,366,19.0384,34.1859
2019-05-19 05-36-11,367,19.0201,34.1726
2019-05-19 05-36-13,367,19.0887,34.1432
2019-05-19 05-36-15,366,19.0521,34.1432
2019-05-19 05-36-17,367,19.0704,34.1726
2019-05-19 05-36-19,366,19.0536,34.1726
2019-05-19 05-36-21,366,19.0674,34.1165
2019-05-19 05-36-23,367,19.0674,34.1299
2019-05-19 05-36-25,367,19.0155,34.1005
2019-05-19 05-36-29,366,19.0491,34.1165
2019-05-19 05-36-31,366,19.0659,34.1005
2019-05-19 05-36-33,366,19.1574,34.1005
2019-05-19 05-36-35,366,19.1025,34.0738
2019-05-19 05-36-38,365,19.1025,34.0871
2019-05-19 05-36-40,365,19.1208,34.0738
2019-05-19 05-36-42,365,19.0857,34.0738
2019-05-19 05-36-44,365,19.0811,34.0311
2019-05-19 05-36-48,365,19.1711,34.0444
2019-05-19 05-36-50,365,19.2215,34.0444
2019-05-19 05-36-52,365,19.1681,34.0177
2019-05-19 05-36-54,365,19.2001,33.9883
2019-05-19 05-36-56,365,19.1818,33.975
2019-05-19 05-36-58,364,19.1483,33.975
2019-05-19 05-37-00,365,19.1818,33.9616
2019-05-19 05-37-04,364,19.2535,33.9483
2019-05-19 05-37-06,364,19.2368,33.9483
2019-05-19 05-37-08,364,19.2169,33.9483
2019-05-19 05-37-10,364,19.2169,33.975
2019-05-19 05-37-12,363,19.2169,33.975
2019-05-19 05-37-14,363,19.2169,33.975
2019-05-19 05-37-16,363,19.1986,33.9483
2019-05-19 05-37-18,363,19.2368,33.975
2019-05-19 05-37-22,362,19.2551,33.975
2019-05-19 05-37-24,363,19.2001,33.975
2019-05-19 05-37-26,363,19.1818,33.975
2019-05-19 05-37-28,363,19.2001,33.975
2019-05-19 05-37-30,363,19.1849,34.0043
2019-05-19 05-37-32,363,19.1864,34.0311
2019-05-19 05-37-34,362,19.1711,34.0604
2019-05-19 05-37-36,363,19.1391,34.0871
2019-05-19 05-37-40,363,19.1391,34.1005
2019-05-19 05-37-42,363,19.1208,34.0738
2019-05-19 05-37-44,363,19.0994,34.0444
2019-05-19 05-37-46,363,19.136,34.0604
2019-05-19 05-37-48,364,19.2581,34.0177
2019-05-19 05-37-50,363,19.1849,34.0043
2019-05-19 05-37-52,363,19.1864,34.0177
2019-05-19 05-37-54,363,19.1864,34.0177
2019-05-19 05-37-58,363,19.1528,34.0311
2019-05-19 05-38-00,363,19.1345,34.0444
2019-05-19 05-38-02,363,19.1162,34.0177
2019-05-19 05-38-04,363,19.1681,34.0311
2019-05-19 05-38-06,364,19.1528,34.0311
2019-05-19 05-38-08,364,19.1681,34.0043
2019-05-19 05-38-10,365,19.1849,34.0043
2019-05-19 05-38-12,365,19.2169,33.9616
2019-05-19 05-38-16,365,19.1986,33.9483
2019-05-19 05-38-18,365,19.2902,33.9616
2019-05-19 05-38-20,366,19.2535,33.9483
2019-05-19 05-38-22,366,19.2368,33.9616
2019-05-19 05-38-24,366,19.2352,33.9323
2019-05-19 05-38-26,366,19.1986,33.9483
2019-05-19 05-38-28,366,19.2535,33.9323
2019-05-19 05-38-32,365,19.2368,33.975
2019-05-19 05-38-34,365,19.1818,33.9616
2019-05-19 05-38-36,365,19.2581,34.0043
2019-05-19 05-38-38,365,19.1345,34.0177
2019-05-19 05-38-40,365,19.1711,34.0604
2019-05-19 05-38-42,365,19.1711,34.0604
2019-05-19 05-38-44,365,19.1223,34.1165
2019-05-19 05-38-46,366,19.0857,34.0738
2019-05-19 05-38-50,366,19.0475,34.0604
2019-05-19 05-38-52,365,19.0842,34.0604
2019-05-19 05-38-54,365,19.1025,34.0604
2019-05-19 05-38-56,365,19.0857,34.0871
2019-05-19 05-38-58,366,19.104,34.1005
2019-05-19 05-39-00,366,19.104,34.1005
2019-05-19 05-39-02,366,19.0994,34.0444
2019-05-19 05-39-04,366,19.1345,34.0311
2019-05-19 05-39-08,366,19.1498,34.0177
2019-05-19 05-39-10,366,19.1681,34.0311
2019-05-19 05-39-12,367,19.1498,34.0177
2019-05-19 05-39-14,366,19.1498,34.0177
2019-05-19 05-39-16,367,19.1528,34.0311
2019-05-19 05-39-18,367,19.2032,34.0177
2019-05-19 05-39-20,366,19.1345,34.0177
2019-05-19 05-39-22,366,19.1864,34.0311
2019-05-19 05-39-26,366,19.0811,34.0311
2019-05-19 05-39-28,366,19.1345,34.0444
2019-05-19 05-39-30,366,19.1727,34.0871
2019-05-19 05-39-32,366,19.0491,34.1165
2019-05-19 05-39-34,366,19.0887,34.1299
2019-05-19 05-39-36,366,19.0887,34.1299
2019-05-19 05-39-38,366,19.0491,34.1165
2019-05-19 05-39-42,366,19.017,34.1432
2019-05-19 05-39-44,366,19.104,34.1165
2019-05-19 05-39-46,366,19.0491,34.1005
2019-05-19 05-39-48,366,19.0659,34.0871
2019-05-19 05-39-50,367,19.0475,34.0871
2019-05-19 05-39-52,367,19.1025,34.0738
2019-05-19 05-39-54,367,19.1208,34.0738
2019-05-19 05-39-56,368,19.1177,34.0444
2019-05-19 05-40-00,368,19.2001,33.9883
2019-05-19 05-40-02,368,19.1666,33.975
2019-05-19 05-40-04,368,19.1315,33.9883
2019-05-19 05-40-06,368,19.2581,34.0043
2019-05-19 05-40-08,367,19.1666,33.9883
2019-05-19 05-40-10,367,19.1498,34.0043
2019-05-19 05-40-12,367,19.1681,34.0177
2019-05-19 05-40-14,367,19.2169,33.975
2019-05-19 05-40-18,367,19.2184,33.9883
2019-05-19 05-40-20,367,19.2398,34.0043
2019-05-19 05-40-22,368,19.1498,33.9883
2019-05-19 05-40-24,368,19.1849,33.9883
2019-05-19 05-40-26,368,19.1849,33.9883
2019-05-19 05-40-28,368,19.2184,33.9883
2019-05-19 05-40-30,368,19.2169,33.975
2019-05-19 05-40-32,368,19.2551,33.9616
2019-05-19 05-40-36,368,19.2368,33.9483
2019-05-19 05-40-38,368,19.2368,33.9616
2019-05-19 05-40-40,367,19.2001,33.9883
2019-05-19 05-40-42,367,19.2001,33.975
2019-05-19 05-40-44,368,19.2001,33.975
2019-05-19 05-40-46,368,19.1818,33.9483
2019-05-19 05-40-48,368,19.2535,33.9483
2019-05-19 05-40-50,367,19.2368,33.9616
2019-05-19 05-40-54,368,19.2169,33.9483
2019-05-19 05-40-56,367,19.2535,33.9483
2019-05-19 05-40-58,367,19.2551,33.9616
2019-05-19 05-41-00,367,19.2352,33.9323
2019-05-19 05-41-02,367,19.2535,33.9323
2019-05-19 05-41-04,367,19.2505,33.8895
2019-05-19 05-41-06,367,19.3039,33.9055
2019-05-19 05-41-10,368,19.3359,33.8628
2019-05-19 05-41-12,368,19.3512,33.8308
2019-05-19 05-41-14,368,19.3329,33.8174
2019-05-19 05-41-16,368,19.3497,33.8174
2019-05-19 05-41-18,368,19.3497,33.8041
2019-05-19 05-41-20,368,19.3649,33.8041
2019-05-19 05-41-22,368,19.4565,33.8041
2019-05-19 05-41-24,368,19.4885,33.7614
2019-05-19 05-41-28,368,19.455,33.7747
2019-05-19 05-41-30,368,19.4366,33.7747
2019-05-19 05-41-33,368,19.4519,33.748
2019-05-19 05-41-35,368,19.455,33.7747
2019-05-19 05-41-37,369,19.455,33.7614
2019-05-19 05-41-39,369,19.4519,33.7346
2019-05-19 05-41-41,369,19.4366,33.7747
2019-05-19 05-41-43,369,19.4916,33.8174
2019-05-19 05-41-47,368,19.4061,33.8495
2019-05-19 05-41-49,368,19.4092,33.8895
2019-05-19 05-41-51,368,19.2902,33.9616
2019-05-19 05-41-53,368,19.2764,34.0177
2019-05-19 05-41-55,367,19.2184,34.0043
2019-05-19 05-41-57,368,19.1711,34.0738
2019-05-19 05-41-59,367,19.1223,34.1165
2019-05-19 05-42-01,368,19.0903,34.1566
2019-05-19 05-42-05,368,19.072,34.1859
2019-05-19 05-42-07,367,19.072,34.2126
2019-05-19 05-42-09,367,19.0033,34.2126
2019-05-19 05-42-11,368,18.988,34.242
2019-05-19 05-42-13,368,18.9194,34.2847
2019-05-19 05-42-15,369,18.869,34.3301
2019-05-19 05-42-17,369,18.8507,34.3141
2019-05-19 05-42-19,370,18.869,34.3301
2019-05-19 05-42-23,370,18.8339,34.3141
2019-05-19 05-42-25,371,18.8843,34.2981
2019-05-19 05-42-27,372,18.9194,34.2847
2019-05-19 05-42-29,372,18.866,34.2847
2019-05-19 05-42-31,373,18.866,34.2687
2019-05-19 05-42-33,373,18.9148,34.2126
2019-05-19 05-42-35,373,18.8965,34.1859
2019-05-19 05-42-39,373,19.0018,34.1566
2019-05-19 05-42-41,374,19.0201,34.1859
2019-05-19 05-42-43,374,18.9987,34.1432
2019-05-19 05-42-45,374,19.0903,34.1726
2019-05-19 05-42-47,374,19.0018,34.1726
2019-05-19 05-42-49,374,18.9667,34.1726
2019-05-19 05-42-51,374,19.0704,34.1566
2019-05-19 05-42-53,374,19.0353,34.1566
2019-05-19 05-42-57,374,19.0674,34.1299
2019-05-19 05-42-59,373,19.0338,34.1432
2019-05-19 05-43-01,373,19.0491,34.1005
2019-05-19 05-43-03,373,19.0857,34.1005
2019-05-19 05-43-05,373,19.1208,34.0738
2019-05-19 05-43-07,373,19.1025,34.0604
2019-05-19 05-43-09,374,19.1528,34.0444
2019-05-19 05-43-11,374,19.1345,34.0177
2019-05-19 05-43-15,373,19.1315,34.0043
2019-05-19 05-43-17,373,19.1177,34.0444
2019-05-19 05-43-19,373,19.1864,34.0177
2019-05-19 05-43-21,372,19.1681,34.0177
2019-05-19 05-43-23,372,19.1315,34.0043
2019-05-19 05-43-25,372,19.1681,34.0177
2019-05-19 05-43-27,372,19.1177,34.0604
2019-05-19 05-43-29,372,19.1177,34.0444
2019-05-19 05-43-33,372,19.1345,34.0177
2019-05-19 05-43-35,371,19.1681,34.0177
2019-05-19 05-43-37,371,19.1849,34.0043
2019-05-19 05-43-39,370,19.1849,33.9883
2019-05-19 05-43-41,370,19.1666,33.975
2019-05-19 05-43-43,370,19.2169,33.9483
2019-05-19 05-43-45,370,19.3054,33.9483
2019-05-19 05-43-49,370,19.2535,33.9323
2019-05-19 05-43-51,370,19.2001,33.975
2019-05-19 05-43-53,369,19.2001,33.9616
2019-05-19 05-43-55,368,19.2551,33.975
2019-05-19 05-43-57,368,19.1849,33.9883
2019-05-19 05-43-59,368,19.1528,34.0311
2019-05-19 05-44-01,368,19.1711,34.0738
2019-05-19 05-44-03,368,19.1208,34.0871
2019-05-19 05-44-07,368,19.1025,34.0738
2019-05-19 05-44-09,367,19.1025,34.0738
2019-05-19 05-44-11,367,19.1544,34.0871
2019-05-19 05-44-13,367,19.0857,34.1005
2019-05-19 05-44-15,367,19.0704,34.1432
2019-05-19 05-44-17,367,19.0384,34.1859
2019-05-19 05-44-19,367,18.9697,34.1993
2019-05-19 05-44-21,367,19.0063,34.2554
2019-05-19 05-44-25,367,19.0216,34.242
2019-05-19 05-44-27,367,18.9896,34.2847
2019-05-19 05-44-29,367,18.9392,34.2981
2019-05-19 05-44-31,367,18.9423,34.3568
2019-05-19 05-44-33,368,18.837,34.3702
2019-05-19 05-44-35,368,18.8736,34.3996
2019-05-19 05-44-37,369,18.8019,34.3702
2019-05-19 05-44-39,371,18.782,34.3702
2019-05-19 05-44-43,372,18.8339,34.3301
2019-05-19 05-44-45,373,18.8156,34.3301
2019-05-19 05-44-47,373,18.8477,34.2687
2019-05-19 05-44-49,375,18.988,34.2287
2019-05-19 05-44-51,374,18.985,34.1993
2019-05-19 05-44-53,372,18.9514,34.1993
2019-05-19 05-44-55,371,18.9514,34.2126
2019-05-19 05-44-59,371,19.0063,34.242
2019-05-19 05-45-01,371,18.9163,34.2687
2019-05-19 05-45-03,370,18.9377,34.2554
2019-05-19 05-45-05,370,18.9392,34.2847
2019-05-19 05-45-07,368,18.9377,34.2687
2019-05-19 05-45-09,369,18.9163,34.2687
2019-05-19 05-45-11,369,18.9713,34.2554
2019-05-19 05-45-13,369,18.9163,34.2687
2019-05-19 05-45-17,369,18.956,34.2847
2019-05-19 05-45-19,369,18.8843,34.3141
2019-05-19 05-45-21,370,18.8522,34.3435
2019-05-19 05-45-23,369,18.837,34.3702
2019-05-19 05-45-25,369,18.782,34.3862
2019-05-19 05-45-27,369,18.8049,34.3996
2019-05-19 05-45-29,370,18.8568,34.4129
2019-05-19 05-45-31,369,18.782,34.3862
2019-05-19 05-45-35,369,18.8705,34.3702
2019-05-19 05-45-37,369,18.8004,34.3435
2019-05-19 05-45-39,369,18.869,34.3301
2019-05-19 05-45-41,369,18.8339,34.3141
2019-05-19 05-45-43,368,18.866,34.2847
2019-05-19 05-45-45,369,18.8156,34.2981
2019-05-19 05-45-47,369,18.8828,34.2687
2019-05-19 05-45-51,369,18.8644,34.2287
2019-05-19 05-45-53,369,18.8477,34.2554
2019-05-19 05-45-55,369,18.9163,34.242
2019-05-19 05-45-57,370,18.9529,34.2554
2019-05-19 05-45-59,370,18.9346,34.2287
2019-05-19 05-46-01,370,18.9713,34.2687
2019-05-19 05-46-03,369,18.898,34.242
2019-05-19 05-46-05,369,18.9713,34.2554
2019-05-19 05-46-09,369,18.9377,34.2554
2019-05-19 05-46-11,368,18.9392,34.2847
2019-05-19 05-46-13,368,18.9026,34.2981
2019-05-19 05-46-15,368,18.9194,34.2981
2019-05-19 05-46-17,368,18.9423,34.3301
2019-05-19 05-46-19,368,18.9194,34.2981
2019-05-19 05-46-21,368,18.8873,34.3435
2019-05-19 05-46-23,368,18.8339,34.3435
2019-05-19 05-46-27,368,18.8553,34.3702
2019-05-19 05-46-29,368,18.8202,34.3862
2019-05-19 05-46-31,368,18.7836,34.3996
2019-05-19 05-46-33,369,18.7836,34.4263
2019-05-19 05-46-36,369,18.7683,34.4129
2019-05-19 05-46-38,369,18.8049,34.4129
2019-05-19 05-46-40,369,18.7653,34.3996
2019-05-19 05-46-42,369,18.7653,34.3996
2019-05-19 05-46-46,369,18.7836,34.4263
2019-05-19 05-46-48,369,18.75,34.4263
2019-05-19 05-46-50,369,18.8049,34.4129
2019-05-19 05-46-52,369,18.7332,34.4263
2019-05-19 05-46-54,369,18.7683,34.4423
2019-05-19 05-46-56,369,18.7515,34.4423
2019-05-19 05-46-58,369,18.7866,34.4423
2019-05-19 05-47-02,370,18.7515,34.469
2019-05-19 05-47-04,370,18.7515,34.469
2019-05-19 05-47-06,370,18.7363,34.4823
2019-05-19 05-47-08,370,18.7363,34.4556
2019-05-19 05-47-10,370,18.6676,34.469
2019-05-19 05-47-12,370,18.7515,34.4423
2019-05-19 05-47-14,371,18.7332,34.4263
2019-05-19 05-47-16,371,18.7683,34.4263
2019-05-19 05-47-20,371,18.7317,34.4129
2019-05-19 05-47-22,372,18.8019,34.3862
2019-05-19 05-47-24,372,18.7836,34.3996
2019-05-19 05-47-26,371,18.8019,34.3702
2019-05-19 05-47-28,371,18.8049,34.4129
2019-05-19 05-47-30,370,18.782,34.3862
2019-05-19 05-47-32,369,18.8232,34.4129
2019-05-19 05-47-34,369,18.7515,34.4423
2019-05-19 05-47-38,369,18.7836,34.4129
2019-05-19 05-47-40,369,18.7515,34.4423
2019-05-19 05-47-42,369,18.75,34.3996
2019-05-19 05-47-44,368,18.75,34.3996
2019-05-19 05-47-46,369,18.7469,34.3702
2019-05-19 05-47-48,368,18.7637,34.3702
2019-05-19 05-47-50,368,18.782,34.3568
2019-05-19 05-47-52,368,18.7653,34.3996
2019-05-19 05-47-56,367,18.8553,34.3702
2019-05-19 05-47-58,367,18.837,34.3862
2019-05-19 05-48-00,367,18.8187,34.3568
2019-05-19 05-48-02,367,18.7637,34.3435
2019-05-19 05-48-04,367,18.7637,34.3435
2019-05-19 05-48-06,367,18.8187,34.3435
2019-05-19 05-48-08,367,18.8004,34.3435
2019-05-19 05-48-10,367,18.869,34.3301
2019-05-19 05-48-14,367,18.837,34.3568
2019-05-19 05-48-16,368,18.8522,34.3435
2019-05-19 05-48-18,368,18.869,34.3301
2019-05-19 05-48-20,367,18.8522,34.3568
2019-05-19 05-48-22,367,18.8339,34.3435
2019-05-19 05-48-24,366,18.8339,34.3435
2019-05-19 05-48-26,366,18.8339,34.3435
2019-05-19 05-48-30,366,18.8889,34.3702
2019-05-19 05-48-32,366,18.8187,34.3568
2019-05-19 05-48-34,366,18.837,34.3862
2019-05-19 05-48-36,366,18.8065,34.4423
2019-05-19 05-48-38,366,18.7683,34.4423
2019-05-19 05-48-40,366,18.718,34.469
2019-05-19 05-48-42,366,18.7698,34.4823
2019-05-19 05-48-44,366,18.7195,34.4823
2019-05-19 05-48-48,366,18.7546,34.4823
2019-05-19 05-48-50,366,18.7042,34.5117
2019-05-19 05-48-52,366,18.7225,34.5384
2019-05-19 05-48-54,367,18.7225,34.5251
2019-05-19 05-48-56,367,18.6874,34.5544
2019-05-19 05-48-58,368,18.6325,34.5384
2019-05-19 05-49-00,368,18.6874,34.5544
2019-05-19 05-49-02,369,18.5303,34.5544
2019-05-19 05-49-06,369,18.6142,34.5251
2019-05-19 05-49-08,369,18.6325,34.5384
2019-05-19 05-49-10,370,18.6508,34.5251
2019-05-19 05-49-12,370,18.7378,34.4984
2019-05-19 05-49-14,369,18.6676,34.4823
2019-05-19 05-49-16,370,18.7012,34.469
2019-05-19 05-49-18,369,18.6996,34.4556
2019-05-19 05-49-20,369,18.6829,34.4556
2019-05-19 05-49-24,368,18.6859,34.5117
2019-05-19 05-49-26,368,18.7057,34.5384
2019-05-19 05-49-28,368,18.6554,34.5678
2019-05-19 05-49-30,368,18.6356,34.5811
2019-05-19 05-49-32,368,18.5638,34.5678
2019-05-19 05-49-34,368,18.6905,34.5811
2019-05-19 05-49-36,369,18.6172,34.5544
2019-05-19 05-49-40,369,18.6874,34.5251
2019-05-19 05-49-42,369,18.718,34.4556
2019-05-19 05-49-44,369,18.6829,34.469
2019-05-19 05-49-46,369,18.6829,34.469
2019-05-19 05-49-48,369,18.7012,34.469
2019-05-19 05-49-50,369,18.7012,34.469
2019-05-19 05-49-52,369,18.7546,34.4823
2019-05-19 05-49-54,368,18.6829,34.4823
2019-05-19 05-49-58,369,18.7012,34.4823
2019-05-19 05-50-00,368,18.7195,34.5117
2019-05-19 05-50-02,368,18.6859,34.4984
2019-05-19 05-50-04,368,18.6874,34.5384
2019-05-19 05-50-06,367,18.6722,34.5811
2019-05-19 05-50-08,368,18.6584,34.6105
2019-05-19 05-50-10,368,18.5867,34.6372
2019-05-19 05-50-12,368,18.5532,34.6666
2019-05-19 05-50-16,368,18.5715,34.6666
2019-05-19 05-50-18,369,18.5028,34.6933
2019-05-19 05-50-20,369,18.5532,34.6666
2019-05-19 05-50-22,369,18.5181,34.6799
2019-05-19 05-50-24,370,18.5165,34.6239
2019-05-19 05-50-26,370,18.5349,34.6372
2019-05-19 05-50-28,370,18.5822,34.5811
2019-05-19 05-50-32,370,18.6554,34.5811
2019-05-19 05-50-34,370,18.6172,34.5544
2019-05-19 05-50-36,371,18.6539,34.5384
2019-05-19 05-50-38,370,18.7012,34.4984
2019-05-19 05-50-40,370,18.6859,34.4984
2019-05-19 05-50-42,370,18.7012,34.4984
2019-05-19 05-50-44,370,18.7698,34.4823
2019-05-19 05-50-46,369,18.6859,34.5117
2019-05-19 05-50-50,369,18.7225,34.5544
2019-05-19 05-50-52,369,18.6539,34.5544
2019-05-19 05-50-54,369,18.6554,34.5811
2019-05-19 05-50-56,370,18.6584,34.6105
2019-05-19 05-50-58,370,18.5867,34.6372
2019-05-19 05-51-00,370,18.5867,34.6666
2019-05-19 05-51-02,370,18.5547,34.6799
2019-05-19 05-51-04,370,18.5394,34.7093
2019-05-19 05-51-08,370,18.5043,34.7227
2019-05-19 05-51-10,369,18.5028,34.6933
2019-05-19 05-51-12,370,18.5043,34.7227
2019-05-19 05-51-14,370,18.486,34.7494
2019-05-19 05-51-16,370,18.4341,34.7494
2019-05-19 05-51-18,370,18.4708,34.7681
2019-05-19 05-51-20,371,18.4357,34.7681
2019-05-19 05-51-22,371,18.4357,34.7681
2019-05-19 05-51-26,371,18.399,34.7681
2019-05-19 05-51-28,371,18.3838,34.7681
2019-05-19 05-51-30,371,18.3838,34.7681
2019-05-19 05-51-32,372,18.399,34.7494
2019-05-19 05-51-34,372,18.4128,34.7093
2019-05-19 05-51-36,373,18.4341,34.736
2019-05-19 05-51-38,373,18.4494,34.7227
2019-05-19 05-51-40,374,18.4341,34.736
2019-05-19 05-51-44,374,18.5043,34.7227
2019-05-19 05-51-47,374,18.4631,34.6666
2019-05-19 05-51-49,373,18.5684,34.6372
2019-05-19 05-51-51,373,18.5669,34.6105
2019-05-19 05-51-53,373,18.5455,34.5384
2019-05-19 05-51-55,373,18.6325,34.5251
2019-05-19 05-51-57,373,18.6508,34.4984
2019-05-19 05-52-01,372,18.7012,34.4984
2019-05-19 05-52-03,372,18.7042,34.5117
2019-05-19 05-52-05,372,18.6859,34.5117
2019-05-19 05-52-07,372,18.6142,34.5251
2019-05-19 05-52-09,371,18.6691,34.5117
2019-05-19 05-52-11,371,18.6829,34.4823
2019-05-19 05-52-13,371,18.7195,34.4823
2019-05-19 05-52-15,370,18.718,34.469
2019-05-19 05-52-19,370,18.718,34.469
2019-05-19 05-52-21,369,18.6859,34.4984
2019-05-19 05-52-23,369,18.6829,34.469
2019-05-19 05-52-25,369,18.6813,34.4423
2019-05-19 05-52-27,369,18.718,34.4423
2019-05-19 05-52-29,368,18.75,34.4263
2019-05-19 05-52-31,367,18.7317,34.4129
2019-05-19 05-52-33,368,18.8049,34.3996
2019-05-19 05-52-37,368,18.7836,34.4129
2019-05-19 05-52-39,367,18.8049,34.4263
2019-05-19 05-52-41,367,18.7653,34.3996
2019-05-19 05-52-43,366,18.7866,34.4423
2019-05-19 05-52-45,366,18.7363,34.469
2019-05-19 05-52-47,366,18.7698,34.469
2019-05-19 05-52-49,365,18.7012,34.4823
2019-05-19 05-52-51,365,18.6829,34.4823
2019-05-19 05-52-55,365,18.7378,34.5117
2019-05-19 05-52-57,365,18.7195,34.5117
2019-05-19 05-52-59,365,18.7561,34.5384
2019-05-19 05-53-01,365,18.6325,34.5544
2019-05-19 05-53-03,366,18.5822,34.5544
2019-05-19 05-53-05,367,18.5959,34.5251
2019-05-19 05-53-07,367,18.6142,34.5251
2019-05-19 05-53-09,367,18.6493,34.469
2019-05-19 05-53-13,368,18.6676,34.469
2019-05-19 05-53-15,368,18.7149,34.4263
2019-05-19 05-53-17,367,18.7866,34.4423
2019-05-19 05-53-19,368,18.7332,34.4423
2019-05-19 05-53-21,368,18.75,34.4129
2019-05-19 05-53-23,368,18.7653,34.3996
2019-05-19 05-53-25,368,18.7469,34.3862
2019-05-19 05-53-29,367,18.7637,34.3702
2019-05-19 05-53-31,367,18.8705,34.3568
2019-05-19 05-53-33,367,18.866,34.2981
2019-05-19 05-53-35,367,18.8828,34.2687
2019-05-19 05-53-37,367,18.898,34.242
2019-05-19 05-53-39,366,18.898,34.242
2019-05-19 05-53-41,367,18.9697,34.1993
2019-05-19 05-53-43,367,18.9331,34.1859
2019-05-19 05-53-47,367,18.9667,34.1859
2019-05-19 05-53-49,366,19.0216,34.2126
2019-05-19 05-53-51,366,18.9377,34.242
2019-05-19 05-53-53,366,18.9392,34.2981
2019-05-19 05-53-55,366,18.9056,34.3568
2019-05-19 05-53-57,365,18.8889,34.3702
2019-05-19 05-53-59,365,18.837,34.3702
2019-05-19 05-54-01,365,18.8049,34.4129
2019-05-19 05-54-05,365,18.7515,34.469
2019-05-19 05-54-07,366,18.7881,34.4984
2019-05-19 05-54-09,365,18.7012,34.4984
2019-05-19 05-54-11,365,18.6142,34.5117
2019-05-19 05-54-13,365,18.6172,34.5678
2019-05-19 05-54-15,366,18.6554,34.5811
2019-05-19 05-54-17,366,18.5852,34.5945
2019-05-19 05-54-19,366,18.6188,34.6239
2019-05-19 05-54-23,367,18.5684,34.6372
2019-05-19 05-54-25,367,18.5715,34.6532
2019-05-19 05-54-27,368,18.4814,34.6799
2019-05-19 05-54-29,368,18.5211,34.6933
2019-05-19 05-54-31,368,18.5028,34.6933
2019-05-19 05-54-33,369,18.5394,34.7227
2019-05-19 05-54-35,369,18.4677,34.7227
2019-05-19 05-54-39,369,18.4677,34.736
2019-05-19 05-54-41,370,18.5043,34.7227
2019-05-19 05-54-43,370,18.4677,34.7227
2019-05-19 05-54-45,370,18.4479,34.6799
2019-05-19 05-54-47,369,18.5028,34.6799
2019-05-19 05-54-49,370,18.5364,34.6799
2019-05-19 05-54-51,369,18.5364,34.6799
2019-05-19 05-54-53,370,18.4845,34.7093
2019-05-19 05-54-57,369,18.4448,34.6532
2019-05-19 05-54-59,370,18.4982,34.6239
2019-05-19 05-55-01,370,18.5852,34.5945
2019-05-19 05-55-03,369,18.5486,34.5811
2019-05-19 05-55-05,369,18.6172,34.5811
2019-05-19 05-55-07,369,18.5822,34.5544
2019-05-19 05-55-09,369,18.6722,34.5811
2019-05-19 05-55-11,369,18.5822,34.5678
2019-05-19 05-55-15,369,18.6905,34.5678
2019-05-19 05-55-17,369,18.6554,34.5811
2019-05-19 05-55-19,369,18.6554,34.5945
2019-05-19 05-55-21,368,18.6188,34.5945
2019-05-19 05-55-23,368,18.5852,34.6105
2019-05-19 05-55-25,368,18.6035,34.6239
2019-05-19 05-55-27,368,18.5867,34.6532
2019-05-19 05-55-31,368,18.5165,34.6372
2019-05-19 05-55-33,368,18.5532,34.6372
2019-05-19 05-55-35,368,18.5715,34.6799
2019-05-19 05-55-37,369,18.4814,34.6799
2019-05-19 05-55-39,369,18.4998,34.6532
2019-05-19 05-55-41,369,18.5532,34.6532
2019-05-19 05-55-43,369,18.5181,34.6532
2019-05-19 05-55-45,370,18.5165,34.6372
2019-05-19 05-55-49,370,18.5165,34.6239
2019-05-19 05-55-51,370,18.5501,34.6239
2019-05-19 05-55-53,370,18.6035,34.6105
2019-05-19 05-55-55,371,18.5989,34.5384
2019-05-19 05-55-57,371,18.544,34.5117
2019-05-19 05-55-59,371,18.7042,34.5117
2019-05-19 05-56-01,372,18.7012,34.4984
2019-05-19 05-56-03,371,18.6646,34.4556
2019-05-19 05-56-07,372,18.7515,34.4423
2019-05-19 05-56-09,371,18.6813,34.4423
2019-05-19 05-56-11,371,18.7317,34.3996
2019-05-19 05-56-13,371,18.782,34.3862
2019-05-19 05-56-15,371,18.7653,34.3862
2019-05-19 05-56-17,371,18.8187,34.3435
2019-05-19 05-56-19,371,18.8004,34.3435
2019-05-19 05-56-21,371,18.8339,34.3435
2019-05-19 05-56-25,371,18.8522,34.3301
2019-05-19 05-56-27,370,18.8843,34.3141
2019-05-19 05-56-29,371,18.8843,34.3141
2019-05-19 05-56-31,370,18.8019,34.3568
2019-05-19 05-56-33,370,18.8522,34.3568
2019-05-19 05-56-35,369,18.779,34.3435
2019-05-19 05-56-37,369,18.837,34.3702
2019-05-19 05-56-41,369,18.7637,34.3702
2019-05-19 05-56-43,369,18.8553,34.3702
2019-05-19 05-56-45,369,18.8339,34.3435
2019-05-19 05-56-47,369,18.8019,34.3568
2019-05-19 05-56-50,369,18.837,34.3702
2019-05-19 05-56-52,369,18.837,34.3862
2019-05-19 05-56-54,369,18.7653,34.3996
2019-05-19 05-56-56,370,18.7698,34.4556
2019-05-19 05-57-00,369,18.7515,34.4556
2019-05-19 05-57-02,369,18.7363,34.4823
2019-05-19 05-57-04,369,18.7042,34.5117
2019-05-19 05-57-06,369,18.7408,34.5384
2019-05-19 05-57-08,370,18.6325,34.5251
2019-05-19 05-57-10,370,18.6859,34.4984
2019-05-19 05-57-12,370,18.6493,34.4823
2019-05-19 05-57-14,370,18.6493,34.4823
2019-05-19 05-57-18,371,18.7012,34.4823
2019-05-19 05-57-20,371,18.6813,34.4423
2019-05-19 05-57-22,370,18.7149,34.4129
2019-05-19 05-57-24,370,18.8187,34.3568
2019-05-19 05-57-26,369,18.8187,34.3435
2019-05-19 05-57-28,369,18.8522,34.3301
2019-05-19 05-57-30,369,18.8705,34.3435
2019-05-19 05-57-32,368,18.869,34.3301
2019-05-19 05-57-36,368,18.837,34.3568
2019-05-19 05-57-38,368,18.837,34.3702
2019-05-19 05-57-40,367,18.837,34.3862
2019-05-19 05-57-42,367,18.7637,34.3702
2019-05-19 05-57-44,367,18.837,34.3862
2019-05-19 05-57-46,367,18.7836,34.4129
2019-05-19 05-57-48,367,18.7332,34.4263
2019-05-19 05-57-52,367,18.7836,34.4263
2019-05-19 05-57-54,367,18.718,34.4423
2019-05-19 05-57-56,367,18.7698,34.4556
2019-05-19 05-57-58,367,18.7546,34.4984
2019-05-19 05-58-00,367,18.6676,34.469
2019-05-19 05-58-02,367,18.7363,34.469
2019-05-19 05-58-04,368,18.7836,34.4263
2019-05-19 05-58-06,368,18.7134,34.3996
2019-05-19 05-58-10,368,18.782,34.3568
2019-05-19 05-58-12,369,18.7637,34.3435
2019-05-19 05-58-14,368,18.869,34.3301
2019-05-19 05-58-16,368,18.8187,34.3435
2019-05-19 05-58-18,368,18.8339,34.3435
2019-05-19 05-58-20,367,18.8736,34.3862
2019-05-19 05-58-22,367,18.7836,34.4263
2019-05-19 05-58-24,367,18.8065,34.4423
2019-05-19 05-58-28,366,18.718,34.4556
2019-05-19 05-58-30,366,18.7012,34.4823
2019-05-19 05-58-32,366,18.7225,34.5251
2019-05-19 05-58-34,366,18.6691,34.5117
2019-05-19 05-58-36,366,18.6539,34.5544
2019-05-19 05-58-38,367,18.6554,34.5678
2019-05-19 05-58-40,367,18.6325,34.5384
2019-05-19 05-58-42,367,18.5989,34.5678
2019-05-19 05-58-46,368,18.6172,34.5544
2019-05-19 05-58-48,367,18.5822,34.5811
2019-05-19 05-58-50,367,18.6188,34.5945
2019-05-19 05-58-52,367,18.6035,34.6372
2019-05-19 05-58-54,367,18.5532,34.6666
2019-05-19 05-58-56,367,18.5028,34.6799
2019-05-19 05-58-58,367,18.4814,34.6799
2019-05-19 05-59-02,367,18.4662,34.7093
2019-05-19 05-59-04,368,18.4311,34.7227
2019-05-19 05-59-06,368,18.4708,34.7681
2019-05-19 05-59-08,368,18.4525,34.7494
2019-05-19 05-59-10,368,18.4525,34.7814
2019-05-19 05-59-12,368,18.4708,34.7681
2019-05-19 05-59-14,368,18.4174,34.7681
2019-05-19 05-59-16,368,18.4311,34.7093
2019-05-19 05-59-20,368,18.5043,34.7227
2019-05-19 05-59-22,368,18.4662,34.6933
2019-05-19 05-59-24,368,18.5028,34.6799
2019-05-19 05-59-26,368,18.5501,34.6239
2019-05-19 05-59-28,368,18.5349,34.6239
2019-05-19 05-59-30,368,18.6005,34.5945
2019-05-19 05-59-32,368,18.5852,34.6105
2019-05-19 05-59-34,367,18.5501,34.6105
2019-05-19 05-59-38,367,18.5852,34.6105
2019-05-19 05-59-40,367,18.5852,34.6105
2019-05-19 05-59-42,366,18.5852,34.6105
2019-05-19 05-59-44,366,18.5852,34.5945
2019-05-19 05-59-46,366,18.5669,34.5945
2019-05-19 05-59-48,366,18.6005,34.5811
2019-05-19 05-59-50,366,18.6172,34.5544
2019-05-19 05-59-54,366,18.5822,34.5811
2019-05-19 05-59-56,366,18.5852,34.5945
2019-05-19 05-59-58,366,18.5669,34.5945
2019-05-19 06-00-00,366,18.5486,34.5678
2019-05-19 06-00-02,366,18.5989,34.5678
2019-05-19 06-00-04,366,18.5959,34.5251
2019-05-19 06-00-06,366,18.6539,34.5384
2019-05-19 06-00-08,366,18.6325,34.5251
2019-05-19 06-00-12,366,18.631,34.5117
2019-05-19 06-00-14,366,18.6676,34.4823
2019-05-19 06-00-16,366,18.6829,34.469
2019-05-19 06-00-18,365,18.7363,34.4556
2019-05-19 06-00-20,364,18.7515,34.4556
2019-05-19 06-00-22,364,18.7515,34.469
2019-05-19 06-00-24,364,18.7012,34.4823
2019-05-19 06-00-26,365,18.7042,34.5117
2019-05-19 06-00-30,365,18.6539,34.5544
2019-05-19 06-00-32,365,18.6325,34.5384
2019-05-19 06-00-34,365,18.6691,34.5384
2019-05-19 06-00-36,365,18.6142,34.5251
2019-05-19 06-00-38,365,18.6691,34.5117
2019-05-19 06-00-40,365,18.6829,34.469
2019-05-19 06-00-42,365,18.718,34.469
2019-05-19 06-00-46,365,18.6646,34.4556
2019-05-19 06-00-48,365,18.6829,34.4556
2019-05-19 06-00-50,364,18.7332,34.4423
2019-05-19 06-00-52,364,18.7515,34.469
2019-05-19 06-00-54,364,18.7012,34.4984
2019-05-19 06-00-56,364,18.7012,34.469
2019-05-19 06-00-58,364,18.6829,34.4823
2019-05-19 06-01-00,365,18.7012,34.4823
2019-05-19 06-01-04,365,18.6279,34.4556
2019-05-19 06-01-06,365,18.6996,34.4263
2019-05-19 06-01-08,365,18.7149,34.4129
2019-05-19 06-01-10,365,18.6966,34.3862
2019-05-19 06-01-12,365,18.7836,34.3996
2019-05-19 06-01-14,365,18.7637,34.3702
2019-05-19 06-01-16,365,18.8019,34.3568
2019-05-19 06-01-20,365,18.779,34.3435
2019-05-19 06-01-22,365,18.8522,34.3568
2019-05-19 06-01-24,365,18.782,34.3568
2019-05-19 06-01-26,365,18.8736,34.3862
2019-05-19 06-01-28,365,18.7836,34.3996
2019-05-19 06-01-30,364,18.7363,34.469
2019-05-19 06-01-32,364,18.7698,34.4823
2019-05-19 06-01-34,364,18.6859,34.4984
2019-05-19 06-01-38,364,18.7378,34.5117
2019-05-19 06-01-40,364,18.6874,34.5384
2019-05-19 06-01-42,364,18.6554,34.5678
2019-05-19 06-01-44,364,18.6737,34.6105
2019-05-19 06-01-46,364,18.6218,34.6372
2019-05-19 06-01-49,365,18.605,34.6666
2019-05-19 06-01-51,365,18.5181,34.6532
2019-05-19 06-01-53,365,18.5364,34.6666
2019-05-19 06-01-57,365,18.4479,34.6933
2019-05-19 06-01-59,366,18.5364,34.6666
2019-05-19 06-02-01,366,18.5364,34.6799
2019-05-19 06-02-03,366,18.4814,34.6933
2019-05-19 06-02-05,366,18.4814,34.6799
2019-05-19 06-02-07,367,18.5394,34.7093
2019-05-19 06-02-09,366,18.5028,34.6933
2019-05-19 06-02-11,367,18.4494,34.736
2019-05-19 06-02-15,367,18.4662,34.7093
2019-05-19 06-02-17,368,18.4814,34.6933
2019-05-19 06-02-19,368,18.5715,34.6666
2019-05-19 06-02-21,368,18.5349,34.6532
2019-05-19 06-02-23,368,18.4982,34.6239
2019-05-19 06-02-25,368,18.6035,34.6239
2019-05-19 06-02-27,368,18.5867,34.6372
2019-05-19 06-02-31,368,18.5028,34.6799
2019-05-19 06-02-33,367,18.5577,34.7227
2019-05-19 06-02-35,368,18.4845,34.7227
2019-05-19 06-02-37,368,18.4677,34.7494
2019-05-19 06-02-39,368,18.4357,34.7814
2019-05-19 06-02-41,368,18.3838,34.7814
2019-05-19 06-02-43,368,18.3838,34.7948
2019-05-19 06-02-45,368,18.4204,34.7948
2019-05-19 06-02-49,369,18.4021,34.8081
2019-05-19 06-02-51,369,18.4204,34.8241
2019-05-19 06-02-53,369,18.4036,34.8375
2019-05-19 06-02-55,369,18.3701,34.8375
2019-05-19 06-02-57,369,18.3716,34.8642
2019-05-19 06-02-59,369,18.3853,34.8241
2019-05-19 06-03-01,369,18.4204,34.8241
2019-05-19 06-03-03,369,18.4525,34.7814
2019-05-19 06-03-07,369,18.4158,34.7494
2019-05-19 06-03-09,369,18.4662,34.7093
2019-05-19 06-03-11,369,18.4631,34.6666
2019-05-19 06-03-13,369,18.5532,34.6372
2019-05-19 06-03-15,368,18.5669,34.5811
2019-05-19 06-03-17,369,18.5455,34.5544
2019-05-19 06-03-19,368,18.6508,34.5251
2019-05-19 06-03-23,368,18.631,34.4984
2019-05-19 06-03-25,368,18.7042,34.5251
2019-05-19 06-03-27,367,18.6508,34.4984
2019-05-19 06-03-29,366,18.6646,34.4556
2019-05-19 06-03-31,366,18.6676,34.469
2019-05-19 06-03-33,366,18.6996,34.4556
2019-05-19 06-03-35,365,18.7012,34.469
2019-05-19 06-03-37,365,18.7515,34.4556
2019-05-19 06-03-41,364,18.6996,34.4263
2019-05-19 06-03-43,364,18.718,34.4423
2019-05-19 06-03-45,364,18.7866,34.4423
2019-05-19 06-03-47,364,18.6829,34.4556
2019-05-19 06-03-49,363,18.7363,34.4823
2019-05-19 06-03-51,363,18.7012,34.4823
2019-05-19 06-03-53,363,18.6829,34.4823
2019-05-19 06-03-55,363,18.7378,34.4984
2019-05-19 06-03-59,363,18.7195,34.4984
2019-05-19 06-04-01,362,18.7012,34.4823
2019-05-19 06-04-03,362,18.6996,34.4556
2019-05-19 06-04-05,362,18.7363,34.469
2019-05-19 06-04-07,362,18.718,34.4556
2019-05-19 06-04-09,362,18.6829,34.4556
2019-05-19 06-04-11,362,18.6829,34.4823
2019-05-19 06-04-13,362,18.6829,34.469
2019-05-19 06-04-17,362,18.6829,34.469
2019-05-19 06-04-19,362,18.6462,34.4423
2019-05-19 06-04-21,362,18.6462,34.4423
2019-05-19 06-04-23,362,18.718,34.4556
2019-05-19 06-04-25,361,18.6646,34.4423
2019-05-19 06-04-27,361,18.6493,34.469
2019-05-19 06-04-29,362,18.6127,34.4823
2019-05-19 06-04-33,362,18.718,34.4556
2019-05-19 06-04-35,362,18.75,34.4263
2019-05-19 06-04-37,362,18.7149,34.4263
2019-05-19 06-04-39,363,18.7134,34.3996
2019-05-19 06-04-41,363,18.7653,34.3862
2019-05-19 06-04-43,364,18.7653,34.3996
2019-05-19 06-04-45,363,18.7653,34.3996
2019-05-19 06-04-47,363,18.7683,34.4263
2019-05-19 06-04-51,363,18.75,34.4263
2019-05-19 06-04-53,363,18.7683,34.4423
2019-05-19 06-04-55,363,18.7683,34.4129
2019-05-19 06-04-57,363,18.7332,34.4263
2019-05-19 06-04-59,363,18.8019,34.3862
2019-05-19 06-05-01,363,18.8019,34.3568
2019-05-19 06-05-03,363,18.779,34.3301
2019-05-19 06-05-05,362,18.8339,34.3141
2019-05-19 06-05-09,362,18.8828,34.2687
2019-05-19 06-05-11,362,18.956,34.2687
2019-05-19 06-05-13,362,18.9377,34.2554
2019-05-19 06-05-15,362,18.9163,34.242
2019-05-19 06-05-17,362,18.9713,34.2554
2019-05-19 06-05-19,362,18.9529,34.2554
2019-05-19 06-05-21,362,18.9148,34.1993
2019-05-19 06-05-25,362,18.9346,34.2126
2019-05-19 06-05-27,362,18.9117,34.1859
2019-05-19 06-05-29,362,18.985,34.1859
2019-05-19 06-05-31,362,19.0018,34.1726
2019-05-19 06-05-33,362,19.0018,34.1566
2019-05-19 06-05-35,362,18.9987,34.1299
2019-05-19 06-05-37,362,18.9651,34.1432
2019-05-19 06-05-39,361,19.0521,34.1299
2019-05-19 06-05-43,361,19.0521,34.1299
2019-05-19 06-05-45,361,19.0659,34.1005
2019-05-19 06-05-47,361,19.0887,34.1165
2019-05-19 06-05-49,361,19.1025,34.0871
2019-05-19 06-05-51,361,19.136,34.0604
2019-05-19 06-05-53,361,19.0842,34.0444
2019-05-19 06-05-55,361,19.1528,34.0444
2019-05-19 06-05-59,360,19.1528,34.0444
2019-05-19 06-06-01,360,19.1345,34.0311
2019-05-19 06-06-03,359,19.1498,34.0177
2019-05-19 06-06-05,359,19.0994,34.0444
2019-05-19 06-06-07,359,19.1345,34.0311
2019-05-19 06-06-09,359,19.1345,34.0311
2019-05-19 06-06-11,359,19.1025,34.0604
2019-05-19 06-06-13,359,19.1162,34.0177
2019-05-19 06-06-17,359,19.1162,34.0177
2019-05-19 06-06-19,359,19.1162,34.0177
2019-05-19 06-06-21,359,19.1345,34.0177
2019-05-19 06-06-23,360,19.1528,34.0311
2019-05-19 06-06-25,359,19.1345,34.0177
2019-05-19 06-06-27,359,19.1528,34.0444
2019-05-19 06-06-29,359,19.2032,34.0043
2019-05-19 06-06-31,359,19.2001,33.9883
2019-05-19 06-06-35,359,19.2032,34.0311
2019-05-19 06-06-37,359,19.1849,34.0043
2019-05-19 06-06-39,360,19.1315,34.0043
2019-05-19 06-06-41,360,19.1528,34.0311
2019-05-19 06-06-43,360,19.1711,34.0444
2019-05-19 06-06-45,360,19.1528,34.0311
2019-05-19 06-06-47,360,19.1528,34.0311
2019-05-19 06-06-51,360,19.1528,34.0444
2019-05-19 06-06-53,359,19.1895,34.0871
2019-05-19 06-06-56,359,19.1254,34.1432
2019-05-19 06-06-58,360,19.0903,34.1726
2019-05-19 06-07-00,360,19.0216,34.2126
2019-05-19 06-07-02,360,18.988,34.2287
2019-05-19 06-07-04,360,18.9377,34.242
2019-05-19 06-07-06,361,18.9713,34.242
2019-05-19 06-07-10,361,18.9529,34.2287
2019-05-19 06-07-12,361,18.988,34.2287
2019-05-19 06-07-14,361,18.9346,34.2287
2019-05-19 06-07-16,362,18.9148,34.2126
2019-05-19 06-07-18,362,19.0018,34.1859
2019-05-19 06-07-20,362,19.0018,34.1859
2019-05-19 06-07-22,362,19.072,34.1859
2019-05-19 06-07-24,362,18.985,34.1859
2019-05-19 06-07-28,361,19.0216,34.2126
2019-05-19 06-07-30,361,19.0079,34.2687
2019-05-19 06-07-32,362,18.9392,34.3141
2019-05-19 06-07-34,362,18.9209,34.3301
2019-05-19 06-07-36,362,18.9056,34.3435
2019-05-19 06-07-38,363,18.924,34.3862
2019-05-19 06-07-40,362,18.8919,34.3996
2019-05-19 06-07-42,362,18.7653,34.3862
2019-05-19 06-07-46,363,18.8065,34.4423
2019-05-19 06-07-48,363,18.8248,34.469
2019-05-19 06-07-50,363,18.7515,34.4556
2019-05-19 06-07-52,364,18.718,34.469
2019-05-19 06-07-54,364,18.7698,34.4823
2019-05-19 06-07-56,364,18.7515,34.469
2019-05-19 06-07-58,365,18.7363,34.4823
2019-05-19 06-08-02,364,18.7378,34.4984
2019-05-19 06-08-04,365,18.6859,34.5117
2019-05-19 06-08-06,365,18.7012,34.4984
2019-05-19 06-08-08,365,18.7195,34.4984
2019-05-19 06-08-10,365,18.7515,34.469
2019-05-19 06-08-12,365,18.6996,34.4556
2019-05-19 06-08-14,364,18.718,34.4423
2019-05-19 06-08-16,364,18.75,34.3996
2019-05-19 06-08-20,364,18.8019,34.3568
2019-05-19 06-08-22,364,18.8522,34.3568
2019-05-19 06-08-24,364,18.779,34.3301
2019-05-19 06-08-26,363,18.7973,34.3141
2019-05-19 06-08-28,363,18.8507,34.2981
2019-05-19 06-08-30,363,18.8843,34.2847
2019-05-19 06-08-32,363,18.8324,34.2847
2019-05-19 06-08-34,363,18.8843,34.2981
2019-05-19 06-08-38,363,18.8843,34.2981
2019-05-19 06-08-40,362,18.866,34.2847
2019-05-19 06-08-42,362,18.8843,34.2981
2019-05-19 06-08-44,362,18.8705,34.3568
2019-05-19 06-08-46,362,18.8522,34.3435
2019-05-19 06-08-48,362,18.8522,34.3435
2019-05-19 06-08-50,362,18.866,34.2981
2019-05-19 06-08-52,362,18.8843,34.2847
2019-05-19 06-08-56,362,18.9194,34.2847
2019-05-19 06-08-58,361,18.8797,34.242
2019-05-19 06-09-00,361,18.9148,34.2287
2019-05-19 06-09-02,361,18.9163,34.2687
2019-05-19 06-09-04,361,18.9194,34.2981
2019-05-19 06-09-06,361,18.8843,34.2981
2019-05-19 06-09-08,360,18.9026,34.3301
2019-05-19 06-09-12,360,18.8873,34.3301
2019-05-19 06-09-14,360,18.8339,34.3435
2019-05-19 06-09-16,359,18.8187,34.3435
2019-05-19 06-09-18,359,18.8705,34.3435
2019-05-19 06-09-20,359,18.9056,34.3702
2019-05-19 06-09-22,360,18.8553,34.3996
2019-05-19 06-09-24,360,18.8049,34.4263
2019-05-19 06-09-26,360,18.7866,34.4423
2019-05-19 06-09-30,361,18.7363,34.4556
2019-05-19 06-09-32,361,18.7363,34.4823
2019-05-19 06-09-34,360,18.7012,34.4984
2019-05-19 06-09-36,361,18.6874,34.5251
2019-05-19 06-09-38,361,18.7241,34.5811
2019-05-19 06-09-40,361,18.6356,34.5945
2019-05-19 06-09-42,361,18.6584,34.6372
2019-05-19 06-09-44,361,18.5349,34.6372
2019-05-19 06-09-48,362,18.5501,34.6239
2019-05-19 06-09-50,362,18.5669,34.5945
2019-05-19 06-09-52,363,18.5852,34.6105
2019-05-19 06-09-54,363,18.6035,34.6105
2019-05-19 06-09-56,363,18.6356,34.5945
2019-05-19 06-09-58,363,18.6584,34.6105
2019-05-19 06-10-00,363,18.5867,34.6372
2019-05-19 06-10-04,363,18.5181,34.6666
2019-05-19 06-10-06,363,18.5349,34.6532
2019-05-19 06-10-08,364,18.5349,34.6532
2019-05-19 06-10-10,364,18.5165,34.6372
2019-05-19 06-10-12,365,18.5318,34.6105
2019-05-19 06-10-14,365,18.5638,34.5678
2019-05-19 06-10-16,365,18.5272,34.5117
2019-05-19 06-10-18,364,18.6127,34.4984
2019-05-19 06-10-22,365,18.6646,34.4556
2019-05-19 06-10-24,365,18.718,34.4423
2019-05-19 06-10-26,365,18.7836,34.3996
2019-05-19 06-10-28,365,18.782,34.3862
2019-05-19 06-10-30,364,18.8049,34.3996
2019-05-19 06-10-32,364,18.7836,34.3996
2019-05-19 06-10-34,364,18.8049,34.3996
2019-05-19 06-10-36,364,18.8049,34.3996
2019-05-19 06-10-40,363,18.8065,34.4556
2019-05-19 06-10-42,363,18.7836,34.4263
2019-05-19 06-10-44,364,18.7317,34.4129
2019-05-19 06-10-46,364,18.75,34.3996
2019-05-19 06-10-48,364,18.8019,34.3862
2019-05-19 06-10-50,364,18.8019,34.3568
2019-05-19 06-10-52,364,18.8004,34.3435
2019-05-19 06-10-56,364,18.8156,34.3141
2019-05-19 06-10-58,364,18.8507,34.2981
2019-05-19 06-11-00,363,18.9606,34.3435
2019-05-19 06-11-02,363,18.8019,34.3702
2019-05-19 06-11-04,363,18.8553,34.3862
2019-05-19 06-11-06,363,18.7653,34.3862
2019-05-19 06-11-08,363,18.837,34.3702
2019-05-19 06-11-10,363,18.7637,34.3568
2019-05-19 06-11-14,363,18.782,34.3568
2019-05-19 06-11-16,363,18.8202,34.3996
2019-05-19 06-11-18,363,18.782,34.3862
2019-05-19 06-11-20,363,18.8187,34.3702
2019-05-19 06-11-22,363,18.837,34.3568
2019-05-19 06-11-24,363,18.837,34.3568
2019-05-19 06-11-26,362,18.8187,34.3568
2019-05-19 06-11-28,362,18.8202,34.3996
2019-05-19 06-11-32,362,18.7836,34.4129
2019-05-19 06-11-34,362,18.8232,34.4129
2019-05-19 06-11-36,362,18.8049,34.4263
2019-05-19 06-11-38,363,18.7683,34.4129
2019-05-19 06-11-40,363,18.718,34.469
2019-05-19 06-11-42,363,18.7363,34.4556
2019-05-19 06-11-44,363,18.6996,34.4556
2019-05-19 06-11-46,364,18.718,34.4556
2019-05-19 06-11-50,364,18.7363,34.4823
2019-05-19 06-11-52,365,18.7698,34.469
2019-05-19 06-11-54,365,18.6996,34.4423
2019-05-19 06-11-56,366,18.7149,34.4263
2019-05-19 06-11-58,367,18.7836,34.4129
2019-05-19 06-12-00,366,18.8202,34.3862
2019-05-19 06-12-02,366,18.8019,34.3568
2019-05-19 06-12-06,366,18.8187,34.3568
2019-05-19 06-12-08,366,18.8843,34.2981
2019-05-19 06-12-10,367,18.8843,34.2847
2019-05-19 06-12-12,367,18.9377,34.2554
2019-05-19 06-12-14,367,18.9529,34.242
2019-05-19 06-12-16,366,18.9346,34.2287
2019-05-19 06-12-18,366,18.9529,34.2287
2019-05-19 06-12-20,365,18.985,34.2126
2019-05-19 06-12-24,365,19.0201,34.1993
2019-05-19 06-12-26,364,18.9697,34.1993
2019-05-19 06-12-28,364,18.9529,34.242
2019-05-19 06-12-31,363,18.9896,34.2554
2019-05-19 06-12-33,363,18.9758,34.3141
2019-05-19 06-12-35,363,18.9789,34.3568
2019-05-19 06-12-37,363,18.8385,34.3996
2019-05-19 06-12-39,363,18.8202,34.3862
2019-05-19 06-12-43,363,18.7836,34.3996
2019-05-19 06-12-45,363,18.75,34.3996
2019-05-19 06-12-47,363,18.8019,34.3862
2019-05-19 06-12-49,363,18.782,34.3702
2019-05-19 06-12-51,363,18.782,34.3702
2019-05-19 06-12-53,363,18.8019,34.3568
2019-05-19 06-12-55,363,18.8339,34.3435
2019-05-19 06-12-59,363,18.8522,34.3435
2019-05-19 06-13-01,363,18.8004,34.3301
2019-05-19 06-13-03,363,18.8705,34.3435
2019-05-19 06-13-05,363,18.8339,34.3435
2019-05-19 06-13-07,362,18.924,34.3568
2019-05-19 06-13-09,362,18.8553,34.3862
2019-05-19 06-13-11,362,18.7683,34.4129
2019-05-19 06-13-13,362,18.7683,34.4423
2019-05-19 06-13-17,362,18.7195,34.4823
2019-05-19 06-13-19,362,18.7546,34.4823
2019-05-19 06-13-21,362,18.7363,34.4823
2019-05-19 06-13-23,363,18.7515,34.469
2019-05-19 06-13-25,363,18.718,34.4423
2019-05-19 06-13-27,363,18.7683,34.4263
2019-05-19 06-13-29,363,18.7317,34.4129
2019-05-19 06-13-31,362,18.75,34.4129
2019-05-19 06-13-35,363,18.782,34.3862
2019-05-19 06-13-37,363,18.779,34.3435
2019-05-19 06-13-39,363,18.8339,34.3301
2019-05-19 06-13-41,363,18.779,34.3141
2019-05-19 06-13-43,363,18.869,34.3301
2019-05-19 06-13-45,363,18.866,34.2981
2019-05-19 06-13-47,363,18.866,34.2687
2019-05-19 06-13-51,363,18.9026,34.3141
2019-05-19 06-13-53,362,18.866,34.2981
2019-05-19 06-13-55,362,18.8843,34.3141
2019-05-19 06-13-57,363,18.8004,34.3435
2019-05-19 06-13-59,362,18.8187,34.3435
2019-05-19 06-14-01,362,18.8019,34.3702
2019-05-19 06-14-03,362,18.837,34.3702
2019-05-19 06-14-05,362,18.782,34.3862
2019-05-19 06-14-09,363,18.8339,34.3435
2019-05-19 06-14-11,363,18.8553,34.3862
2019-05-19 06-14-13,363,18.8019,34.3862
2019-05-19 06-14-15,363,18.7653,34.3996
2019-05-19 06-14-17,363,18.8049,34.3996
2019-05-19 06-14-19,364,18.7836,34.4263
2019-05-19 06-14-21,364,18.7866,34.4556
2019-05-19 06-14-23,364,18.7515,34.469
2019-05-19 06-14-27,364,18.6829,34.4556
2019-05-19 06-14-29,364,18.718,34.4423
2019-05-19 06-14-31,364,18.75,34.4129
2019-05-19 06-14-33,364,18.7653,34.3862
2019-05-19 06-14-35,365,18.7317,34.3862
2019-05-19 06-14-37,365,18.8019,34.3568
2019-05-19 06-14-39,365,18.8187,34.3702
2019-05-19 06-14-41,365,18.8019,34.3568
2019-05-19 06-14-45,365,18.8049,34.3996
2019-05-19 06-14-47,365,18.8232,34.4129
2019-05-19 06-14-49,365,18.7515,34.4423
2019-05-19 06-14-51,365,18.718,34.4556
2019-05-19 06-14-53,364,18.6829,34.4556
2019-05-19 06-14-55,365,18.7546,34.4984
2019-05-19 06-14-57,365,18.7195,34.4823
2019-05-19 06-15-01,365,18.631,34.4984
2019-05-19 06-15-03,366,18.6996,34.4556
2019-05-19 06-15-05,366,18.7195,34.4823
2019-05-19 06-15-07,366,18.718,34.469
2019-05-19 06-15-09,366,18.7012,34.4823
2019-05-19 06-15-11,366,18.7195,34.5117
2019-05-19 06-15-13,366,18.7042,34.5251
2019-05-19 06-15-15,366,18.6691,34.5384
2019-05-19 06-15-19,366,18.6874,34.5544
2019-05-19 06-15-21,366,18.6859,34.5117
2019-05-19 06-15-23,366,18.6829,34.4823
2019-05-19 06-15-25,367,18.6996,34.4423
2019-05-19 06-15-27,366,18.6996,34.4263
2019-05-19 06-15-29,367,18.7363,34.469
2019-05-19 06-15-31,367,18.7561,34.5117
2019-05-19 06-15-33,367,18.6874,34.5251
2019-05-19 06-15-37,367,18.6905,34.5678
2019-05-19 06-15-39,367,18.5684,34.6372
2019-05-19 06-15-41,367,18.5867,34.6532
2019-05-19 06-15-43,367,18.605,34.6532
2019-05-19 06-15-45,367,18.5715,34.6532
2019-05-19 06-15-47,368,18.5547,34.6799
2019-05-19 06-15-49,369,18.4814,34.6666
2019-05-19 06-15-53,368,18.4814,34.6799
2019-05-19 06-15-55,368,18.5349,34.6532
2019-05-19 06-15-57,369,18.4616,34.6372
2019-05-19 06-15-59,370,18.4998,34.6372
2019-05-19 06-16-01,370,18.5852,34.5945
2019-05-19 06-16-03,370,18.5486,34.5811
2019-05-19 06-16-05,371,18.5486,34.5811
2019-05-19 06-16-07,370,18.6325,34.5384
2019-05-19 06-16-11,370,18.5806,34.5251
2019-05-19 06-16-13,370,18.6676,34.4823
2019-05-19 06-16-15,370,18.6646,34.4423
2019-05-19 06-16-17,370,18.6813,34.4423
2019-05-19 06-16-19,370,18.7149,34.4129
2019-05-19 06-16-21,370,18.75,34.4263
2019-05-19 06-16-23,369,18.782,34.3862
2019-05-19 06-16-25,370,18.7637,34.3702
2019-05-19 06-16-29,369,18.782,34.3568
2019-05-19 06-16-31,369,18.8019,34.3568
2019-05-19 06-16-33,369,18.779,34.3301
2019-05-19 06-16-35,368,18.8156,34.3301
2019-05-19 06-16-37,367,18.8522,34.3435
2019-05-19 06-16-39,367,18.8705,34.3702
2019-05-19 06-16-41,367,18.8553,34.3702
2019-05-19 06-16-45,367,18.779,34.3435
2019-05-19 06-16-47,367,18.869,34.3301
2019-05-19 06-16-49,367,18.8705,34.3568
2019-05-19 06-16-51,367,18.8339,34.3435
2019-05-19 06-16-53,367,18.869,34.3301
2019-05-19 06-16-55,367,18.8705,34.3435
2019-05-19 06-16-57,366,18.8873,34.3301
2019-05-19 06-16-59,366,18.8705,34.3568
2019-05-19 06-17-03,366,18.8553,34.3702
2019-05-19 06-17-05,365,18.8187,34.3568
2019-05-19 06-17-07,366,18.8553,34.3702
2019-05-19 06-17-09,366,18.779,34.3435
2019-05-19 06-17-11,366,18.8004,34.3301
2019-05-19 06-17-13,367,18.8339,34.3141
2019-05-19 06-17-15,367,18.869,34.3141
2019-05-19 06-17-17,366,18.8644,34.2554
2019-05-19 06-17-21,367,18.9011,34.2687
2019-05-19 06-17-23,366,18.9377,34.242
2019-05-19 06-17-25,366,18.9896,34.2554
2019-05-19 06-17-27,366,18.9346,34.2126
2019-05-19 06-17-29,366,18.9377,34.2554
2019-05-19 06-17-31,366,18.9377,34.2554
2019-05-19 06-17-33,366,18.9026,34.2981
2019-05-19 06-17-37,366,18.9026,34.2981
2019-05-19 06-17-39,366,18.8873,34.3301
2019-05-19 06-17-41,366,18.8843,34.2981
2019-05-19 06-17-43,366,18.956,34.2847
2019-05-19 06-17-45,366,18.9377,34.2687
2019-05-19 06-17-47,366,18.9163,34.2687
2019-05-19 06-17-50,366,18.8965,34.2126
2019-05-19 06-17-52,366,18.9148,34.2287
2019-05-19 06-17-56,366,18.9697,34.2287
2019-05-19 06-17-58,365,18.9896,34.2687
2019-05-19 06-18-00,365,18.9743,34.2847
2019-05-19 06-18-02,365,18.8843,34.2981
2019-05-19 06-18-04,365,18.869,34.3301
2019-05-19 06-18-06,365,18.8736,34.3862
2019-05-19 06-18-08,365,18.8049,34.4263
2019-05-19 06-18-10,365,18.7546,34.4823
2019-05-19 06-18-14,366,18.7515,34.469
2019-05-19 06-18-16,366,18.7515,34.469
2019-05-19 06-18-18,366,18.7683,34.4263
2019-05-19 06-18-20,366,18.7149,34.4263
2019-05-19 06-18-22,366,18.75,34.4263
2019-05-19 06-18-24,367,18.718,34.4423
2019-05-19 06-18-26,367,18.7317,34.3996
2019-05-19 06-18-30,367,18.7637,34.3435
2019-05-19 06-18-32,366,18.782,34.3568
2019-05-19 06-18-34,367,18.782,34.3568
2019-05-19 06-18-36,367,18.782,34.3702
2019-05-19 06-18-38,367,18.7454,34.3435
2019-05-19 06-18-40,367,18.7637,34.3568
2019-05-19 06-18-42,367,18.8187,34.3435
2019-05-19 06-18-44,367,18.8522,34.3435
2019-05-19 06-18-48,368,18.8339,34.3301
2019-05-19 06-18-50,368,18.9026,34.2981
2019-05-19 06-18-52,368,18.9194,34.2981
2019-05-19 06-18-54,368,18.8797,34.242
2019-05-19 06-18-56,368,18.9514,34.1993
2019-05-19 06-18-58,368,18.9301,34.1566
2019-05-19 06-19-00,368,18.985,34.1859
2019-05-19 06-19-02,368,18.9514,34.1859
2019-05-19 06-19-06,368,18.9331,34.1859
2019-05-19 06-19-08,368,18.985,34.1993
2019-05-19 06-19-10,367,18.9331,34.1726
2019-05-19 06-19-12,367,19.0384,34.1993
2019-05-19 06-19-14,368,19.0201,34.1859
2019-05-19 06-19-16,368,19.0018,34.1726
2019-05-19 06-19-18,367,18.985,34.1859
2019-05-19 06-19-22,367,19.0201,34.1993
2019-05-19 06-19-24,368,18.985,34.1993
2019-05-19 06-19-26,367,19.0399,34.2287
2019-05-19 06-19-28,367,19.0399,34.242
2019-05-19 06-19-30,367,18.9713,34.2554
2019-05-19 06-19-32,367,18.9194,34.3141
2019-05-19 06-19-34,367,18.8522,34.3301
2019-05-19 06-19-36,367,18.9423,34.3435
2019-05-19 06-19-40,367,18.8522,34.3301
2019-05-19 06-19-42,367,18.8522,34.3301
2019-05-19 06-19-44,368,18.9026,34.2981
2019-05-19 06-19-46,367,18.8873,34.3301
2019-05-19 06-19-48,367,18.8705,34.3702
2019-05-19 06-19-50,368,18.8049,34.3996
2019-05-19 06-19-52,368,18.8232,34.4129
2019-05-19 06-19-54,368,18.75,34.4263
2019-05-19 06-19-58,368,18.7836,34.4129
2019-05-19 06-20-00,369,18.75,34.4129
2019-05-19 06-20-02,369,18.75,34.4129
2019-05-19 06-20-04,368,18.7515,34.4423
2019-05-19 06-20-06,368,18.718,34.469
2019-05-19 06-20-08,368,18.7378,34.4984
2019-05-19 06-20-10,369,18.6691,34.5117
2019-05-19 06-20-14,369,18.631,34.5117
2019-05-19 06-20-16,369,18.6691,34.5251
2019-05-19 06-20-18,369,18.7241,34.5678
2019-05-19 06-20-20,369,18.6005,34.5811
2019-05-19 06-20-22,369,18.6035,34.6372
2019-05-19 06-20-24,369,18.5898,34.6933
2019-05-19 06-20-26,369,18.5547,34.6933
2019-05-19 06-20-28,370,18.4814,34.6799
2019-05-19 06-20-32,370,18.5043,34.7093
2019-05-19 06-20-34,370,18.4494,34.7093
2019-05-19 06-20-36,370,18.5043,34.7227
2019-05-19 06-20-38,371,18.4662,34.7093
2019-05-19 06-20-40,371,18.5364,34.6933
2019-05-19 06-20-42,372,18.4631,34.6666
2019-05-19 06-20-44,371,18.5181,34.6666
2019-05-19 06-20-46,371,18.4448,34.6372
2019-05-19 06-20-50,371,18.5349,34.6532
2019-05-19 06-20-52,371,18.5364,34.6799
2019-05-19 06-20-54,371,18.5028,34.6933
2019-05-19 06-20-56,371,18.4814,34.6933
2019-05-19 06-20-58,371,18.4662,34.7093
2019-05-19 06-21-00,371,18.4677,34.7227
2019-05-19 06-21-02,371,18.5577,34.7227
2019-05-19 06-21-06,372,18.4677,34.736
2019-05-19 06-21-08,372,18.4158,34.7494
2019-05-19 06-21-10,372,18.4525,34.7814
2019-05-19 06-21-12,372,18.454,34.7948
2019-05-19 06-21-14,372,18.4158,34.7494
2019-05-19 06-21-16,372,18.4158,34.736
2019-05-19 06-21-18,372,18.5043,34.736
2019-05-19 06-21-20,372,18.4341,34.7494
2019-05-19 06-21-24,372,18.4357,34.7948
2019-05-19 06-21-26,372,18.4174,34.7814
2019-05-19 06-21-28,372,18.4204,34.8081
2019-05-19 06-21-30,372,18.4204,34.8241
2019-05-19 06-21-32,371,18.4525,34.7814
2019-05-19 06-21-34,371,18.399,34.7681
2019-05-19 06-21-36,371,18.4341,34.7494
2019-05-19 06-21-38,371,18.4021,34.7814
2019-05-19 06-21-42,371,18.4494,34.7227
2019-05-19 06-21-44,371,18.4662,34.7093
2019-05-19 06-21-46,371,18.4814,34.6933
2019-05-19 06-21-48,371,18.4799,34.6372
2019-05-19 06-21-50,371,18.5165,34.6239
2019-05-19 06-21-52,371,18.5349,34.6532
2019-05-19 06-21-54,371,18.5867,34.6372
2019-05-19 06-21-56,370,18.5181,34.6666
2019-05-19 06-22-00,370,18.5364,34.6666
2019-05-19 06-22-02,370,18.5211,34.7093
2019-05-19 06-22-04,370,18.4845,34.7093
2019-05-19 06-22-06,370,18.4845,34.7093
2019-05-19 06-22-08,370,18.4311,34.7227
2019-05-19 06-22-10,371,18.4494,34.7093
2019-05-19 06-22-12,371,18.4479,34.6933
2019-05-19 06-22-16,371,18.5028,34.6799
2019-05-19 06-22-18,371,18.5532,34.6666
2019-05-19 06-22-20,371,18.5669,34.6105
2019-05-19 06-22-22,371,18.5501,34.6105
2019-05-19 06-22-24,371,18.5852,34.5945
2019-05-19 06-22-26,371,18.5638,34.5678
2019-05-19 06-22-28,371,18.5989,34.5544
2019-05-19 06-22-30,371,18.5455,34.5384
2019-05-19 06-22-34,370,18.5959,34.5251
2019-05-19 06-22-36,370,18.6508,34.5251
2019-05-19 06-22-38,370,18.7012,34.4984
2019-05-19 06-22-40,369,18.6325,34.5251
2019-05-19 06-22-42,369,18.6676,34.4984
2019-05-19 06-22-44,369,18.6325,34.5251
2019-05-19 06-22-46,369,18.6325,34.5251
2019-05-19 06-22-48,369,18.6356,34.5678
2019-05-19 06-22-52,369,18.6172,34.5678
2019-05-19 06-22-54,369,18.5989,34.5544
2019-05-19 06-22-56,368,18.6356,34.5945
2019-05-19 06-22-58,369,18.6005,34.5811
2019-05-19 06-23-00,368,18.6035,34.6239
2019-05-19 06-23-02,368,18.5684,34.6239
2019-05-19 06-23-04,368,18.5532,34.6666
2019-05-19 06-23-08,368,18.5867,34.6372
2019-05-19 06-23-10,369,18.5715,34.6666
2019-05-19 06-23-12,369,18.5318,34.6105
2019-05-19 06-23-14,369,18.5669,34.5811
2019-05-19 06-23-16,369,18.5638,34.5384
2019-05-19 06-23-18,369,18.6325,34.5251
2019-05-19 06-23-20,369,18.6676,34.469
2019-05-19 06-23-22,369,18.6493,34.4556
2019-05-19 06-23-27,368,18.6996,34.4263
2019-05-19 06-23-29,368,18.7317,34.4129
2019-05-19 06-23-31,368,18.7317,34.3996
2019-05-19 06-23-33,368,18.782,34.3862
2019-05-19 06-23-35,368,18.782,34.3568
2019-05-19 06-23-37,368,18.8019,34.3702
2019-05-19 06-23-39,367,18.8522,34.3435
2019-05-19 06-23-41,367,18.8187,34.3702
2019-05-19 06-23-45,366,18.8522,34.3568
2019-05-19 06-23-47,367,18.8339,34.3435
2019-05-19 06-23-49,366,18.8187,34.3435
2019-05-19 06-23-51,366,18.866,34.2981
2019-05-19 06-23-53,366,18.8843,34.2981
2019-05-19 06-23-55,366,18.866,34.2687
2019-05-19 06-23-57,366,18.9377,34.2554
2019-05-19 06-23-59,366,18.9377,34.242
2019-05-19 06-24-03,366,18.9011,34.2687
2019-05-19 06-24-05,365,18.898,34.2554
2019-05-19 06-24-07,365,18.9896,34.2687
2019-05-19 06-24-09,365,18.9377,34.2554
2019-05-19 06-24-11,366,18.898,34.2554
2019-05-19 06-24-13,365,18.9514,34.2126
2019-05-19 06-24-15,365,18.9651,34.1432
2019-05-19 06-24-17,365,19.017,34.1566
2019-05-19 06-24-21,365,19.0338,34.1299
2019-05-19 06-24-23,365,19.0338,34.1299
2019-05-19 06-24-25,365,19.0338,34.1299
2019-05-19 06-24-27,365,19.0887,34.1165
2019-05-19 06-24-29,364,19.0491,34.1005
2019-05-19 06-24-31,364,19.0659,34.0871
2019-05-19 06-24-33,364,19.0308,34.1005
2019-05-19 06-24-35,364,19.0857,34.0871
2019-05-19 06-24-39,363,19.0857,34.0871
2019-05-19 06-24-41,363,19.0887,34.1299
2019-05-19 06-24-43,362,19.0384,34.1859
2019-05-19 06-24-45,362,19.0567,34.2126
2019-05-19 06-24-47,362,18.985,34.1859
2019-05-19 06-24-49,363,18.9697,34.2287
2019-05-19 06-24-51,363,18.9377,34.242
2019-05-19 06-24-55,364,18.9529,34.242
2019-05-19 06-24-57,364,18.9713,34.242
2019-05-19 06-24-59,364,18.9194,34.2981
2019-05-19 06-25-01,364,18.9011,34.2847
2019-05-19 06-25-03,364,18.9377,34.2687
2019-05-19 06-25-05,365,18.8644,34.2554
2019-05-19 06-25-07,366,18.8828,34.2687
2019-05-19 06-25-09,366,18.8828,34.2687
2019-05-19 06-25-13,366,18.9377,34.242
2019-05-19 06-25-15,367,18.9697,34.2126
2019-05-19 06-25-17,367,18.9697,34.1993
2019-05-19 06-25-19,367,18.9835,34.1566
2019-05-19 06-25-21,367,19.017,34.1432
2019-05-19 06-25-23,367,19.0659,34.1005
2019-05-19 06-25-25,367,19.0887,34.1165
2019-05-19 06-25-27,367,19.0887,34.1165
2019-05-19 06-25-31,367,19.0674,34.1165
2019-05-19 06-25-33,367,19.0536,34.1726
2019-05-19 06-25-35,366,19.072,34.1859
2019-05-19 06-25-37,366,19.0353,34.1726
2019-05-19 06-25-39,366,19.0216,34.2126
2019-05-19 06-25-41,366,19.0063,34.242
2019-05-19 06-25-43,366,18.988,34.2287
2019-05-19 06-25-45,366,18.9896,34.2554
2019-05-19 06-25-49,366,18.9163,34.2687
2019-05-19 06-25-51,366,18.9194,34.3141
2019-05-19 06-25-53,366,18.8705,34.3568
2019-05-19 06-25-55,366,18.8232,34.4263
2019-05-19 06-25-57,367,18.8065,34.4556
2019-05-19 06-25-59,367,18.7683,34.4423
2019-05-19 06-26-01,367,18.7515,34.4423
2019-05-19 06-26-03,367,18.7836,34.4263
2019-05-19 06-26-07,367,18.7866,34.4423
2019-05-19 06-26-09,367,18.7515,34.4423
2019-05-19 06-26-11,367,18.7683,34.4263
2019-05-19 06-26-13,367,18.7836,34.4129
2019-05-19 06-26-15,368,18.7866,34.4423
2019-05-19 06-26-17,368,18.7363,34.4556
2019-05-19 06-26-19,368,18.7363,34.4556
2019-05-19 06-26-21,367,18.7881,34.469
2019-05-19 06-26-25,368,18.7698,34.4823
2019-05-19 06-26-27,367,18.6279,34.4823
2019-05-19 06-26-29,367,18.6874,34.5251
2019-05-19 06-26-31,367,18.6691,34.5384
2019-05-19 06-26-33,367,18.6874,34.5544
2019-05-19 06-26-35,367,18.6356,34.5678
2019-05-19 06-26-37,367,18.6554,34.5811
2019-05-19 06-26-41,368,18.6554,34.5811
2019-05-19 06-26-43,368,18.5989,34.5544
2019-05-19 06-26-45,368,18.6356,34.5678
2019-05-19 06-26-47,368,18.6508,34.5251
2019-05-19 06-26-49,368,18.6554,34.5811
2019-05-19 06-26-51,368,18.6188,34.5945
2019-05-19 06-26-53,367,18.6737,34.5945
2019-05-19 06-26-55,367,18.6172,34.5678
2019-05-19 06-26-59,367,18.5989,34.5678
2019-05-19 06-27-01,368,18.5989,34.5544
2019-05-19 06-27-03,368,18.631,34.4984
2019-05-19 06-27-05,368,18.6676,34.4823
2019-05-19 06-27-07,368,18.7195,34.5117
2019-05-19 06-27-09,368,18.6859,34.4984
2019-05-19 06-27-11,367,18.7195,34.5117
2019-05-19 06-27-13,368,18.7042,34.5251
2019-05-19 06-27-17,368,18.6691,34.5251
2019-05-19 06-27-19,367,18.6691,34.5117
2019-05-19 06-27-21,367,18.6676,34.4984
2019-05-19 06-27-23,367,18.6493,34.4823
2019-05-19 06-27-25,367,18.7195,34.5117
2019-05-19 06-27-27,367,18.718,34.4556
2019-05-19 06-27-29,367,18.6813,34.4129
2019-05-19 06-27-31,366,18.6996,34.4556
2019-05-19 06-27-35,366,18.7363,34.4556
2019-05-19 06-27-39,366,18.7042,34.5251
2019-05-19 06-27-41,366,18.6539,34.5384
2019-05-19 06-27-43,366,18.6874,34.5384
2019-05-19 06-27-45,365,18.6172,34.5544
2019-05-19 06-27-47,365,18.6356,34.5945
2019-05-19 06-27-49,365,18.6371,34.6239
2019-05-19 06-27-53,365,18.5852,34.5945
2019-05-19 06-27-55,365,18.5669,34.5945
2019-05-19 06-27-57,366,18.6356,34.5678
2019-05-19 06-27-59,366,18.5989,34.5384
2019-05-19 06-28-01,366,18.6539,34.5544
2019-05-19 06-28-03,366,18.6859,34.5117
2019-05-19 06-28-05,366,18.6691,34.5384
2019-05-19 06-28-09,366,18.6691,34.5251
2019-05-19 06-28-11,366,18.6874,34.5251
2019-05-19 06-28-13,366,18.6508,34.5117
2019-05-19 06-28-15,366,18.6691,34.5384
2019-05-19 06-28-17,366,18.6691,34.5117
2019-05-19 06-28-19,366,18.6539,34.5544
2019-05-19 06-28-21,366,18.6874,34.5384
2019-05-19 06-28-23,366,18.5852,34.5945
2019-05-19 06-28-27,366,18.6371,34.6239
2019-05-19 06-28-29,366,18.5532,34.6372
2019-05-19 06-28-31,366,18.5364,34.6666
2019-05-19 06-28-33,366,18.5211,34.7093
2019-05-19 06-28-35,365,18.5043,34.7093
2019-05-19 06-28-38,365,18.5028,34.6933
2019-05-19 06-28-40,366,18.5349,34.6532
2019-05-19 06-28-42,366,18.5349,34.6239
2019-05-19 06-28-46,365,18.5486,34.5678
2019-05-19 06-28-48,365,18.5669,34.5811
2019-05-19 06-28-50,365,18.6005,34.5811
2019-05-19 06-28-52,365,18.5638,34.5678
2019-05-19 06-28-54,365,18.6142,34.5384
2019-05-19 06-28-56,365,18.6127,34.4984
2019-05-19 06-28-58,365,18.6691,34.5117
2019-05-19 06-29-00,365,18.7057,34.5384
2019-05-19 06-29-04,365,18.6508,34.5251
2019-05-19 06-29-06,365,18.6539,34.5384
2019-05-19 06-29-08,365,18.6722,34.5544
2019-05-19 06-29-10,365,18.6554,34.5678
2019-05-19 06-29-12,364,18.7088,34.5811
2019-05-19 06-29-14,364,18.6356,34.5945
2019-05-19 06-29-16,364,18.6371,34.6239
2019-05-19 06-29-18,364,18.6218,34.6372
2019-05-19 06-29-22,364,18.6188,34.6239
2019-05-19 06-29-24,364,18.5501,34.6239
2019-05-19 06-29-26,364,18.5501,34.6105
2019-05-19 06-29-28,364,18.5852,34.5945
2019-05-19 06-29-30,364,18.6005,34.5811
2019-05-19 06-29-32,364,18.6142,34.5251
2019-05-19 06-29-34,364,18.6493,34.4823
2019-05-19 06-29-38,364,18.6676,34.4823
2019-05-19 06-29-40,364,18.6676,34.4823
2019-05-19 06-29-42,364,18.6676,34.4984
2019-05-19 06-29-44,364,18.6874,34.5384
2019-05-19 06-29-46,364,18.6722,34.5544
2019-05-19 06-29-48,364,18.7057,34.5544
2019-05-19 06-29-50,364,18.6554,34.5678
2019-05-19 06-29-52,364,18.6874,34.5544
2019-05-19 06-29-56,364,18.6722,34.5544
2019-05-19 06-29-58,365,18.6325,34.5384
2019-05-19 06-30-00,365,18.6859,34.5117
2019-05-19 06-30-02,365,18.6493,34.4823
2019-05-19 06-30-04,364,18.6676,34.4984
2019-05-19 06-30-06,364,18.6859,34.4984
2019-05-19 06-30-08,364,18.6508,34.4984
2019-05-19 06-30-10,364,18.6508,34.4984
2019-05-19 06-30-14,363,18.6874,34.5251
2019-05-19 06-30-16,363,18.6508,34.4984
2019-05-19 06-30-18,364,18.6325,34.5251
2019-05-19 06-30-20,364,18.6539,34.5544
2019-05-19 06-30-22,363,18.6005,34.5811
2019-05-19 06-30-24,364,18.6035,34.6105
2019-05-19 06-30-26,364,18.5715,34.6532
2019-05-19 06-30-28,364,18.573,34.6933
2019-05-19 06-30-32,364,18.5349,34.6372
2019-05-19 06-30-34,364,18.5669,34.5945
2019-05-19 06-30-36,364,18.5669,34.5945
2019-05-19 06-30-38,364,18.5669,34.5945
2019-05-19 06-30-40,364,18.6005,34.5811
2019-05-19 06-30-42,364,18.6539,34.5384
2019-05-19 06-30-44,365,18.5623,34.4984
2019-05-19 06-30-48,366,18.6508,34.4984
2019-05-19 06-30-50,366,18.7042,34.5251
2019-05-19 06-30-52,366,18.6508,34.5117
2019-05-19 06-30-54,366,18.7195,34.5117
2019-05-19 06-30-56,366,18.6356,34.5945
2019-05-19 06-30-58,366,18.6188,34.6105
2019-05-19 06-31-00,366,18.6005,34.5945
2019-05-19 06-31-02,366,18.5852,34.5945
2019-05-19 06-31-06,366,18.6035,34.6105
2019-05-19 06-31-10,366,18.6035,34.6105
2019-05-19 06-31-12,366,18.5669,34.5945
2019-05-19 06-31-14,366,18.5684,34.6372
2019-05-19 06-31-16,367,18.5501,34.6105
2019-05-19 06-31-18,366,18.6005,34.5811
2019-05-19 06-31-20,366,18.6172,34.5678
2019-05-19 06-31-24,367,18.5822,34.5544
2019-05-19 06-31-26,366,18.6539,34.5384
2019-05-19 06-31-28,366,18.6356,34.5678
2019-05-19 06-31-30,366,18.5989,34.5544
2019-05-19 06-31-32,367,18.5822,34.5811
2019-05-19 06-31-34,367,18.6172,34.5811
2019-05-19 06-31-36,366,18.5822,34.5544
2019-05-19 06-31-38,366,18.5959,34.5117
2019-05-19 06-31-42,367,18.6859,34.5117
2019-05-19 06-31-44,366,18.6676,34.4984
2019-05-19 06-31-46,366,18.6676,34.4823
2019-05-19 06-31-48,366,18.6493,34.4556
2019-05-19 06-31-50,366,18.6676,34.4823
2019-05-19 06-31-52,366,18.6829,34.469
2019-05-19 06-31-54,366,18.718,34.4423
2019-05-19 06-31-58,366,18.6996,34.4263
2019-05-19 06-32-00,366,18.7149,34.4263
2019-05-19 06-32-02,366,18.6783,34.3996
2019-05-19 06-32-04,366,18.7469,34.3568
2019-05-19 06-32-06,366,18.7637,34.3435
2019-05-19 06-32-08,366,18.8156,34.3141
2019-05-19 06-32-10,366,18.8507,34.2981
2019-05-19 06-32-12,366,18.9011,34.2847
2019-05-19 06-32-16,366,18.9163,34.242
2019-05-19 06-32-18,365,18.8828,34.2554
2019-05-19 06-32-20,365,18.9346,34.2126
2019-05-19 06-32-22,365,18.9697,34.2126
2019-05-19 06-32-24,365,18.9697,34.1993
2019-05-19 06-32-26,365,18.9697,34.1993
2019-05-19 06-32-28,365,18.9377,34.242
2019-05-19 06-32-30,365,18.898,34.2554
2019-05-19 06-32-34,364,18.9514,34.2126
2019-05-19 06-32-36,364,18.9529,34.2287
2019-05-19 06-32-38,364,19.0216,34.2126
2019-05-19 06-32-40,363,18.985,34.1993
2019-05-19 06-32-42,364,19.0018,34.1726
2019-05-19 06-32-44,364,18.9514,34.1859
2019-05-19 06-32-46,364,18.985,34.1993
2019-05-19 06-32-50,363,18.988,34.242
2019-05-19 06-32-52,363,18.9194,34.2847
2019-05-19 06-32-54,364,18.956,34.2847
2019-05-19 06-32-56,364,18.8843,34.2847
2019-05-19 06-32-58,364,18.866,34.2847
2019-05-19 06-33-00,364,18.9011,34.2687
2019-05-19 06-33-02,364,18.9392,34.2847
2019-05-19 06-33-04,364,18.8141,34.2847
2019-05-19 06-33-08,364,18.8843,34.2981
2019-05-19 06-33-10,364,18.9011,34.2847
2019-05-19 06-33-12,364,18.956,34.2687
2019-05-19 06-33-14,364,18.9194,34.2847
2019-05-19 06-33-16,364,18.9194,34.3141
2019-05-19 06-33-18,363,18.8339,34.3301
2019-05-19 06-33-20,364,18.8553,34.3862
2019-05-19 06-33-22,365,18.8919,34.4129
2019-05-19 06-33-26,365,18.8599,34.4556
2019-05-19 06-33-28,364,18.7698,34.4823
2019-05-19 06-33-30,364,18.7881,34.4823
2019-05-19 06-33-32,364,18.7378,34.5251
2019-05-19 06-33-34,364,18.6859,34.5117
2019-05-19 06-33-36,365,18.6691,34.5117
2019-05-19 06-33-38,365,18.718,34.4556
2019-05-19 06-33-42,366,18.6996,34.4263
2019-05-19 06-33-44,365,18.7317,34.3996
2019-05-19 06-33-47,366,18.7653,34.3996
2019-05-19 06-33-49,365,18.8019,34.3702
2019-05-19 06-33-51,365,18.7607,34.3301
2019-05-19 06-33-53,365,18.8522,34.3301
2019-05-19 06-33-55,365,18.9026,34.3301
2019-05-19 06-33-57,364,18.7836,34.3996
2019-05-19 06-34-01,364,18.8049,34.4263
2019-05-19 06-34-03,364,18.7546,34.4823
2019-05-19 06-34-05,363,18.7378,34.5117
2019-05-19 06-34-07,363,18.7057,34.5678
2019-05-19 06-34-09,363,18.6539,34.5544
2019-05-19 06-34-11,365,18.6325,34.5384
2019-05-19 06-34-13,365,18.5623,34.5251
2019-05-19 06-34-15,365,18.6508,34.5251
2019-05-19 06-34-19,365,18.6508,34.5117
2019-05-19 06-34-21,365,18.5944,34.4823
2019-05-19 06-34-23,365,18.6676,34.469
2019-05-19 06-34-25,366,18.718,34.4556
2019-05-19 06-34-27,366,18.6829,34.469
2019-05-19 06-34-29,366,18.7698,34.4823
2019-05-19 06-34-31,366,18.7698,34.4556
2019-05-19 06-34-33,366,18.718,34.469
2019-05-19 06-34-37,366,18.7042,34.5117
2019-05-19 06-34-39,365,18.7195,34.4823
2019-05-19 06-34-41,365,18.7363,34.4823
2019-05-19 06-34-43,365,18.6859,34.5117
2019-05-19 06-34-45,365,18.6691,34.5117
2019-05-19 06-34-47,365,18.7012,34.4984
2019-05-19 06-34-49,365,18.7012,34.4823
2019-05-19 06-34-53,365,18.6829,34.4823
2019-05-19 06-34-55,365,18.6859,34.5117
2019-05-19 06-34-57,364,18.6676,34.4984
2019-05-19 06-34-59,364,18.6691,34.5384
2019-05-19 06-35-01,364,18.6691,34.5251
2019-05-19 06-35-03,363,18.6508,34.4984
2019-05-19 06-35-05,364,18.6676,34.469
2019-05-19 06-35-07,364,18.6646,34.4556
2019-05-19 06-35-11,364,18.718,34.4423
2019-05-19 06-35-13,364,18.6813,34.4263
2019-05-19 06-35-15,364,18.718,34.4423
2019-05-19 06-35-17,364,18.6783,34.3996
2019-05-19 06-35-19,364,18.7637,34.3702
2019-05-19 06-35-21,364,18.8019,34.3702
2019-05-19 06-35-23,363,18.8019,34.3568
2019-05-19 06-35-25,363,18.8202,34.3862
2019-05-19 06-35-29,363,18.8385,34.3996
2019-05-19 06-35-31,363,18.8049,34.3996
2019-05-19 06-35-33,362,18.7836,34.4129
2019-05-19 06-35-35,362,18.7317,34.3996
2019-05-19 06-35-37,361,18.7653,34.3996
2019-05-19 06-35-39,362,18.8232,34.4423
2019-05-19 06-35-41,362,18.7317,34.4129
2019-05-19 06-35-45,362,18.8232,34.4263
2019-05-19 06-35-47,362,18.8065,34.4423
2019-05-19 06-35-49,361,18.7698,34.469
2019-05-19 06-35-51,360,18.7012,34.4984
2019-05-19 06-35-53,360,18.6691,34.5384
2019-05-19 06-35-55,360,18.6005,34.5945
2019-05-19 06-35-57,360,18.6371,34.6105
2019-05-19 06-35-59,360,18.5684,34.6239
2019-05-19 06-36-03,360,18.5867,34.6372
2019-05-19 06-36-05,361,18.5867,34.6666
2019-05-19 06-36-07,362,18.5364,34.6666
2019-05-19 06-36-09,362,18.5715,34.6532
2019-05-19 06-36-11,363,18.5028,34.6666
2019-05-19 06-36-13,364,18.5349,34.6372
2019-05-19 06-36-15,364,18.5165,34.6372
2019-05-19 06-36-17,365,18.5501,34.6105
2019-05-19 06-36-21,365,18.5318,34.5811
2019-05-19 06-36-23,365,18.5852,34.6105
2019-05-19 06-36-25,365,18.5669,34.6105
2019-05-19 06-36-27,364,18.5349,34.6239
2019-05-19 06-36-29,365,18.6035,34.6105
2019-05-19 06-36-31,366,18.5532,34.6532
2019-05-19 06-36-33,365,18.5364,34.6666
2019-05-19 06-36-35,365,18.5364,34.6933
2019-05-19 06-36-39,365,18.5028,34.6933
2019-05-19 06-36-41,365,18.5547,34.6933
2019-05-19 06-36-43,364,18.5028,34.6933
2019-05-19 06-36-45,365,18.4311,34.6933
2019-05-19 06-36-47,365,18.4631,34.6532
2019-05-19 06-36-49,366,18.4998,34.6532
2019-05-19 06-36-51,366,18.5181,34.6666
2019-05-19 06-36-55,367,18.5684,34.6372
2019-05-19 06-36-57,366,18.5715,34.6532
2019-05-19 06-36-59,367,18.5501,34.6105
2019-05-19 06-37-01,366,18.5501,34.6105
2019-05-19 06-37-03,366,18.5638,34.5544
2019-05-19 06-37-05,366,18.6142,34.5251
2019-05-19 06-37-07,366,18.6874,34.5251
2019-05-19 06-37-09,366,18.6691,34.5117
2019-05-19 06-37-13,365,18.7042,34.5117
2019-05-19 06-37-15,365,18.7057,34.5384
2019-05-19 06-37-17,364,18.6508,34.5251
2019-05-19 06-37-19,364,18.5822,34.5678
2019-05-19 06-37-21,364,18.6356,34.5945
2019-05-19 06-37-23,364,18.5715,34.6532
2019-05-19 06-37-25,363,18.5898,34.6799
2019-05-19 06-37-27,363,18.5028,34.6933
2019-05-19 06-37-31,363,18.5074,34.7494
2019-05-19 06-37-33,363,18.5074,34.7681
2019-05-19 06-37-35,363,18.4723,34.8081
2019-05-19 06-37-37,363,18.4387,34.8241
2019-05-19 06-37-39,364,18.3701,34.8375
2019-05-19 06-37-41,364,18.3334,34.8508
2019-05-19 06-37-43,364,18.3884,34.8375
2019-05-19 06-37-47,364,18.4036,34.8241
2019-05-19 06-37-49,364,18.4036,34.8241
2019-05-19 06-37-51,365,18.3838,34.7948
2019-05-19 06-37-53,365,18.4021,34.7948
2019-05-19 06-37-55,365,18.4021,34.7814
2019-05-19 06-37-57,364,18.3655,34.7681
2019-05-19 06-37-59,364,18.4204,34.7948
2019-05-19 06-38-01,365,18.4174,34.7814
2019-05-19 06-38-05,365,18.3838,34.7681
2019-05-19 06-38-07,365,18.4311,34.7227
2019-05-19 06-38-09,365,18.5028,34.6933
2019-05-19 06-38-11,366,18.4631,34.6532
2019-05-19 06-38-13,366,18.5669,34.6105
2019-05-19 06-38-15,366,18.6005,34.5811
2019-05-19 06-38-17,365,18.5822,34.5811
2019-05-19 06-38-19,365,18.6172,34.5544
2019-05-19 06-38-23,365,18.6172,34.5678
2019-05-19 06-38-25,365,18.6172,34.5678
2019-05-19 06-38-27,365,18.6554,34.5678
2019-05-19 06-38-29,365,18.6172,34.5678
2019-05-19 06-38-31,365,18.5638,34.5384
2019-05-19 06-38-33,365,18.5822,34.5544
2019-05-19 06-38-35,364,18.6142,34.5384
2019-05-19 06-38-39,365,18.631,34.5117
2019-05-19 06-38-41,365,18.6676,34.4823
2019-05-19 06-38-43,364,18.6859,34.4984
2019-05-19 06-38-45,364,18.7012,34.4984
2019-05-19 06-38-47,365,18.6676,34.469
2019-05-19 06-38-49,365,18.6996,34.4263
2019-05-19 06-38-51,365,18.7149,34.4263
2019-05-19 06-38-53,365,18.75,34.3996
2019-05-19 06-38-57,365,18.7653,34.3862
2019-05-19 06-38-59,365,18.8019,34.3702
2019-05-19 06-39-01,364,18.8187,34.3435
2019-05-19 06-39-03,364,18.869,34.3141
2019-05-19 06-39-05,364,18.9575,34.3141
2019-05-19 06-39-07,364,18.8507,34.3141
2019-05-19 06-39-09,363,18.8156,34.3141
2019-05-19 06-39-11,363,18.8339,34.3141
2019-05-19 06-39-15,363,18.8156,34.3141
2019-05-19 06-39-17,363,18.9392,34.2981
2019-05-19 06-39-20,363,18.9026,34.3141
2019-05-19 06-39-22,363,18.9011,34.2847
2019-05-19 06-39-24,362,18.9026,34.2981
2019-05-19 06-39-26,362,18.9026,34.3141
2019-05-19 06-39-28,362,18.8705,34.3568
2019-05-19 06-39-32,362,18.8736,34.3996
2019-05-19 06-39-34,362,18.8065,34.469
2019-05-19 06-39-36,362,18.7729,34.4984
2019-05-19 06-39-38,363,18.7225,34.5384
2019-05-19 06-39-40,363,18.6554,34.5811
2019-05-19 06-39-42,363,18.6172,34.5811
2019-05-19 06-39-44,363,18.5669,34.5945
2019-05-19 06-39-46,364,18.6035,34.6239
2019-05-19 06-39-50,364,18.5715,34.6532
2019-05-19 06-39-52,365,18.5715,34.6799
2019-05-19 06-39-54,365,18.5028,34.6666
2019-05-19 06-39-56,366,18.5181,34.6799
2019-05-19 06-39-58,366,18.5364,34.6799
2019-05-19 06-40-00,366,18.5211,34.7093
2019-05-19 06-40-02,366,18.5211,34.7093
2019-05-19 06-40-04,367,18.4311,34.7093
2019-05-19 06-40-08,367,18.5211,34.7093
2019-05-19 06-40-10,368,18.4814,34.6933
2019-05-19 06-40-12,369,18.486,34.7494
2019-05-19 06-40-14,369,18.4341,34.736
2019-05-19 06-40-16,369,18.4708,34.7681
2019-05-19 06-40-18,369,18.4357,34.7681
2019-05-19 06-40-20,370,18.399,34.736
2019-05-19 06-40-22,371,18.4631,34.6799
2019-05-19 06-40-26,371,18.4998,34.6532
2019-05-19 06-40-28,371,18.4479,34.6666
2019-05-19 06-40-30,370,18.5349,34.6239
2019-05-19 06-40-32,370,18.5165,34.6105
2019-05-19 06-40-34,370,18.6005,34.5945
2019-05-19 06-40-36,370,18.5501,34.6239
2019-05-19 06-40-38,371,18.5501,34.6239
2019-05-19 06-40-42,370,18.5165,34.6372
2019-05-19 06-40-44,369,18.5684,34.6372
2019-05-19 06-40-46,369,18.5532,34.6532
2019-05-19 06-40-48,368,18.5532,34.6532
2019-05-19 06-40-50,367,18.5364,34.6799
2019-05-19 06-40-52,366,18.5181,34.6799
2019-05-19 06-40-54,366,18.5364,34.6799
2019-05-19 06-40-56,366,18.4662,34.7093
2019-05-19 06-41-00,367,18.5028,34.6933
2019-05-19 06-41-02,368,18.4311,34.7093
2019-05-19 06-41-04,368,18.5226,34.736
2019-05-19 06-41-06,368,18.4662,34.7093
2019-05-19 06-41-08,368,18.4494,34.7093
2019-05-19 06-41-10,368,18.5211,34.6933
2019-05-19 06-41-12,369,18.4814,34.6933
2019-05-19 06-41-14,369,18.5028,34.6799
2019-05-19 06-41-18,369,18.5043,34.7093
2019-05-19 06-41-20,369,18.4296,34.6799
2019-05-19 06-41-22,368,18.5028,34.6799
2019-05-19 06-41-24,368,18.4479,34.6799
2019-05-19 06-41-26,368,18.4494,34.7093
2019-05-19 06-41-28,368,18.4677,34.7227
2019-05-19 06-41-30,367,18.5043,34.736
2019-05-19 06-41-34,367,18.4357,34.7681
2019-05-19 06-41-36,367,18.4357,34.7681
2019-05-19 06-41-38,367,18.4525,34.7681
2019-05-19 06-41-40,366,18.4677,34.7494
2019-05-19 06-41-42,367,18.3807,34.7494
2019-05-19 06-41-44,367,18.3807,34.7494
2019-05-19 06-41-46,367,18.4311,34.6933
2019-05-19 06-41-48,367,18.4814,34.6799
2019-05-19 06-41-52,367,18.4799,34.6532
2019-05-19 06-41-54,367,18.5181,34.6532
2019-05-19 06-41-56,367,18.5867,34.6372
2019-05-19 06-41-58,367,18.4998,34.6372
2019-05-19 06-42-00,367,18.5318,34.6105
2019-05-19 06-42-02,367,18.5303,34.5678
2019-05-19 06-42-04,367,18.6172,34.5811
2019-05-19 06-42-06,367,18.6554,34.5945
2019-05-19 06-42-10,366,18.6356,34.5811
2019-05-19 06-42-12,366,18.5989,34.5544
2019-05-19 06-42-14,366,18.6691,34.5384
2019-05-19 06-42-16,366,18.631,34.5117
2019-05-19 06-42-18,365,18.631,34.5117
2019-05-19 06-42-20,364,18.6127,34.4984
2019-05-19 06-42-22,364,18.6691,34.5117
2019-05-19 06-42-26,361,18.6325,34.5384
2019-05-19 06-42-28,363,18.6325,34.5544
2019-05-19 06-42-30,364,18.6356,34.5678
2019-05-19 06-42-32,368,18.6722,34.5544
2019-05-19 06-42-34,365,18.6356,34.5811
2019-05-19 06-42-36,367,18.6325,34.5544
2019-05-19 06-42-38,364,18.6325,34.5384
2019-05-19 06-42-40,366,18.6142,34.5384
2019-05-19 06-42-44,366,18.6325,34.5384
2019-05-19 06-42-46,366,18.5959,34.5117
2019-05-19 06-42-48,365,18.6142,34.5251
2019-05-19 06-42-50,364,18.6691,34.5117
2019-05-19 06-42-52,362,18.6676,34.469
2019-05-19 06-42-54,363,18.6829,34.469
2019-05-19 06-42-56,362,18.6996,34.4423
2019-05-19 06-43-00,362,18.718,34.4556
2019-05-19 06-43-02,362,18.75,34.4263
2019-05-19 06-43-04,363,18.7836,34.4129
2019-05-19 06-43-06,363,18.7469,34.3862
2019-05-19 06-43-08,363,18.8202,34.3862
2019-05-19 06-43-10,363,18.7637,34.3702
2019-05-19 06-43-12,362,18.8736,34.3862
2019-05-19 06-43-14,362,18.8019,34.3702
2019-05-19 06-43-18,361,18.8049,34.3996
2019-05-19 06-43-20,361,18.8019,34.3862
2019-05-19 06-43-22,361,18.7332,34.4423
2019-05-19 06-43-24,361,18.7363,34.469
2019-05-19 06-43-26,361,18.7195,34.5117
2019-05-19 06-43-28,361,18.6874,34.5384
2019-05-19 06-43-30,361,18.6722,34.5678
2019-05-19 06-43-32,362,18.6737,34.5945
2019-05-19 06-43-36,362,18.6035,34.6239
2019-05-19 06-43-38,362,18.5684,34.6372
2019-05-19 06-43-40,363,18.5532,34.6666
2019-05-19 06-43-42,363,18.5898,34.6933
2019-05-19 06-43-44,364,18.5181,34.6799
2019-05-19 06-43-46,364,18.5364,34.6666
2019-05-19 06-43-48,365,18.5028,34.6666
2019-05-19 06-43-50,365,18.5181,34.6666
2019-05-19 06-43-54,365,18.5165,34.6372
2019-05-19 06-43-56,366,18.4998,34.6372
2019-05-19 06-43-58,366,18.5165,34.6239
2019-05-19 06-44-00,367,18.5318,34.5945
2019-05-19 06-44-02,367,18.5501,34.6105
2019-05-19 06-44-04,367,18.5486,34.5811
2019-05-19 06-44-06,367,18.5822,34.5811
2019-05-19 06-44-10,367,18.5822,34.5678
2019-05-19 06-44-12,366,18.6325,34.5251
2019-05-19 06-44-14,366,18.6325,34.5251
2019-05-19 06-44-16,366,18.6279,34.4823
2019-05-19 06-44-18,365,18.6508,34.5251
2019-05-19 06-44-20,364,18.6859,34.5117
2019-05-19 06-44-22,364,18.7195,34.5117
2019-05-19 06-44-24,364,18.6493,34.4823
2019-05-19 06-44-28,364,18.6493,34.469
2019-05-19 06-44-30,363,18.7363,34.4556
2019-05-19 06-44-32,364,18.663,34.4129
2019-05-19 06-44-34,364,18.7469,34.3862
2019-05-19 06-44-36,363,18.8004,34.3435
2019-05-19 06-44-38,364,18.7607,34.3301
2019-05-19 06-44-40,363,18.8156,34.3141
2019-05-19 06-44-42,362,18.8293,34.2687
2019-05-19 06-44-46,362,18.898,34.2554
2019-05-19 06-44-49,362,18.9377,34.2554
2019-05-19 06-44-51,361,18.9896,34.2554
2019-05-19 06-44-53,360,18.9713,34.242
2019-05-19 06-44-55,360,18.9346,34.2126
2019-05-19 06-44-57,360,18.9148,34.2287
2019-05-19 06-44-59,359,18.9377,34.242
2019-05-19 06-45-03,359,18.9377,34.242
2019-05-19 06-45-05,358,18.9194,34.2981
2019-05-19 06-45-07,358,18.8843,34.2981
2019-05-19 06-45-09,358,18.9194,34.2847
2019-05-19 06-45-11,358,18.9163,34.2687
2019-05-19 06-45-13,357,18.9377,34.242
2019-05-19 06-45-15,357,18.988,34.2287
2019-05-19 06-45-17,357,18.9529,34.242
2019-05-19 06-45-21,357,18.9529,34.2287
2019-05-19 06-45-23,358,18.9529,34.2287
2019-05-19 06-45-25,357,19.0033,34.2126
2019-05-19 06-45-27,357,18.9346,34.2126
2019-05-19 06-45-29,357,18.9148,34.2126
2019-05-19 06-45-31,357,18.9697,34.1993
2019-05-19 06-45-33,356,19.0201,34.1859
2019-05-19 06-45-35,357,19.0384,34.1859
2019-05-19 06-45-39,356,19.017,34.1566
2019-05-19 06-45-41,356,19.0018,34.1726
2019-05-19 06-45-43,356,18.985,34.1993
2019-05-19 06-45-45,357,19.0216,34.2126
2019-05-19 06-45-47,357,18.9117,34.1859
2019-05-19 06-45-49,357,18.9529,34.2287
2019-05-19 06-45-51,357,18.9331,34.1993
2019-05-19 06-45-55,357,19.0063,34.242
2019-05-19 06-45-57,357,18.898,34.2554
2019-05-19 06-45-59,357,18.866,34.2847
2019-05-19 06-46-01,357,18.8843,34.2847
2019-05-19 06-46-03,358,18.8843,34.2847
2019-05-19 06-46-05,357,18.9011,34.2687
2019-05-19 06-46-07,358,18.9194,34.2981
2019-05-19 06-46-09,358,18.9011,34.2847
2019-05-19 06-46-13,358,18.866,34.2981
2019-05-19 06-46-15,359,18.8507,34.2981
2019-05-19 06-46-17,358,18.9026,34.2981
2019-05-19 06-46-19,359,18.866,34.2847
2019-05-19 06-46-21,359,18.9011,34.2687
2019-05-19 06-46-23,359,18.8797,34.2287
2019-05-19 06-46-25,359,18.8797,34.2126
2019-05-19 06-46-27,360,18.9514,34.2126
2019-05-19 06-46-31,359,18.9697,34.2126
2019-05-19 06-46-33,360,18.985,34.1993
2019-05-19 06-46-35,360,18.9697,34.2287
2019-05-19 06-46-37,360,18.9377,34.242
2019-05-19 06-46-39,360,18.9163,34.242
2019-05-19 06-46-41,360,18.9026,34.2981
2019-05-19 06-46-43,360,18.7973,34.2981
2019-05-19 06-46-47,360,18.8522,34.3435
2019-05-19 06-46-49,360,18.837,34.3702
2019-05-19 06-46-51,361,18.8553,34.3702
2019-05-19 06-46-53,361,18.8019,34.3862
2019-05-19 06-46-55,362,18.7317,34.4129
2019-05-19 06-46-57,362,18.782,34.3862
2019-05-19 06-46-59,362,18.7317,34.4129
2019-05-19 06-47-01,362,18.7683,34.4423
2019-05-19 06-47-05,362,18.7332,34.4263
2019-05-19 06-47-07,363,18.7515,34.4556
2019-05-19 06-47-09,363,18.7683,34.4263
2019-05-19 06-47-11,363,18.7836,34.3996
2019-05-19 06-47-13,363,18.782,34.3862
2019-05-19 06-47-15,363,18.75,34.3996
2019-05-19 06-47-17,364,18.7653,34.3862
2019-05-19 06-47-19,363,18.8019,34.3862
2019-05-19 06-47-23,363,18.782,34.3862
2019-05-19 06-47-25,363,18.7637,34.3568
2019-05-19 06-47-27,364,18.837,34.3702
2019-05-19 06-47-29,364,18.837,34.3568
2019-05-19 06-47-31,364,18.8385,34.4129
2019-05-19 06-47-33,364,18.7866,34.4423
2019-05-19 06-47-35,364,18.6813,34.4423
2019-05-19 06-47-39,365,18.6859,34.5117
2019-05-19 06-47-41,365,18.6859,34.4984
2019-05-19 06-47-43,365,18.6676,34.4823
2019-05-19 06-47-45,365,18.7332,34.4423
2019-05-19 06-47-47,365,18.75,34.4129
2019-05-19 06-47-49,366,18.7637,34.3702
2019-05-19 06-47-51,366,18.7134,34.3702
2019-05-19 06-47-53,366,18.8156,34.3141
2019-05-19 06-47-57,366,18.8324,34.2981
2019-05-19 06-47-59,365,18.8843,34.3141
2019-05-19 06-48-01,366,18.8828,34.2687
2019-05-19 06-48-03,365,18.9011,34.2687
2019-05-19 06-48-05,364,18.866,34.2981
2019-05-19 06-48-07,364,18.9209,34.3301
2019-05-19 06-48-09,364,18.8187,34.3435
2019-05-19 06-48-11,364,18.8202,34.3862
2019-05-19 06-48-15,364,18.8568,34.4263
2019-05-19 06-48-17,364,18.7836,34.4263
2019-05-19 06-48-19,364,18.7363,34.4556
2019-05-19 06-48-21,363,18.718,34.469
2019-05-19 06-48-23,363,18.7378,34.4984
2019-05-19 06-48-25,364,18.6874,34.5251
2019-05-19 06-48-27,363,18.6874,34.5384
2019-05-19 06-48-29,363,18.6859,34.5117
2019-05-19 06-48-33,363,18.6874,34.5544
2019-05-19 06-48-35,363,18.6554,34.5678
2019-05-19 06-48-37,363,18.6172,34.5811
2019-05-19 06-48-39,364,18.6356,34.5678
2019-05-19 06-48-41,364,18.6554,34.5945
2019-05-19 06-48-43,365,18.6005,34.5945
2019-05-19 06-48-45,365,18.5852,34.5945
2019-05-19 06-48-49,365,18.5349,34.6239
2019-05-19 06-48-51,366,18.6035,34.6372
2019-05-19 06-48-53,365,18.5532,34.6372
2019-05-19 06-48-55,366,18.5715,34.6799
2019-05-19 06-48-57,366,18.5715,34.6666
2019-05-19 06-48-59,366,18.5226,34.7227
2019-05-19 06-49-01,366,18.4845,34.7227
2019-05-19 06-49-03,366,18.4341,34.7494
2019-05-19 06-49-07,366,18.399,34.7494
2019-05-19 06-49-09,366,18.4525,34.7681
2019-05-19 06-49-11,366,18.4021,34.8081
2019-05-19 06-49-13,366,18.454,34.7948
2019-05-19 06-49-15,367,18.4204,34.7948
2019-05-19 06-49-17,367,18.367,34.7948
2019-05-19 06-49-19,368,18.3838,34.7814
2019-05-19 06-49-23,368,18.4525,34.7681
2019-05-19 06-49-25,368,18.4494,34.7227
2019-05-19 06-49-27,368,18.4311,34.6933
2019-05-19 06-49-29,368,18.4845,34.7227
2019-05-19 06-49-31,367,18.4814,34.6933
2019-05-19 06-49-33,367,18.5364,34.6666
2019-05-19 06-49-35,367,18.5364,34.6666
2019-05-19 06-49-37,367,18.5181,34.6532
2019-05-19 06-49-41,367,18.4998,34.6372
2019-05-19 06-49-43,367,18.5349,34.6372
2019-05-19 06-49-45,366,18.5669,34.5945
2019-05-19 06-49-47,366,18.6142,34.5384
2019-05-19 06-49-49,366,18.5623,34.5251
2019-05-19 06-49-51,366,18.6859,34.4984
2019-05-19 06-49-53,366,18.7012,34.4823
2019-05-19 06-49-55,366,18.7149,34.4263
2019-05-19 06-49-59,366,18.7836,34.3996
2019-05-19 06-50-01,365,18.7469,34.3702
2019-05-19 06-50-03,365,18.7286,34.3568
2019-05-19 06-50-05,365,18.8019,34.3568
2019-05-19 06-50-07,365,18.8324,34.2981
2019-05-19 06-50-09,365,18.8141,34.2847
2019-05-19 06-50-11,364,18.8477,34.2847
2019-05-19 06-50-15,364,18.9163,34.2554
2019-05-19 06-50-17,364,18.8644,34.2287
2019-05-19 06-50-19,364,18.9697,34.2126
2019-05-19 06-50-21,363,18.9331,34.1993
2019-05-19 06-50-23,363,18.9514,34.2126
2019-05-19 06-50-25,363,18.9697,34.1993
2019-05-19 06-50-27,362,18.9331,34.1859
2019-05-19 06-50-29,362,18.9484,34.1726
2019-05-19 06-50-34,362,18.9651,34.1566
2019-05-19 06-50-36,362,18.9484,34.1726
2019-05-19 06-50-38,362,19.0384,34.1859
2019-05-19 06-50-40,361,19.0033,34.1993
2019-05-19 06-50-42,361,18.9667,34.1726
2019-05-19 06-50-44,361,18.9529,34.2287
2019-05-19 06-50-46,361,18.9697,34.1993
2019-05-19 06-50-48,361,18.9346,34.2126
2019-05-19 06-50-52,361,18.9346,34.2287
2019-05-19 06-50-54,361,18.9163,34.242
2019-05-19 06-50-56,361,18.9713,34.242
2019-05-19 06-50-58,361,18.9377,34.242
2019-05-19 06-51-00,361,18.9148,34.2287
2019-05-19 06-51-02,361,18.898,34.2554
2019-05-19 06-51-04,362,18.9011,34.2687
2019-05-19 06-51-06,362,18.9896,34.2554
2019-05-19 06-51-10,362,18.9377,34.2687
2019-05-19 06-51-12,362,18.8843,34.2981
2019-05-19 06-51-14,362,18.8873,34.3301
2019-05-19 06-51-16,363,18.869,34.3301
2019-05-19 06-51-18,363,18.8507,34.3141
2019-05-19 06-51-20,363,18.7973,34.2981
2019-05-19 06-51-22,363,18.8141,34.2687
2019-05-19 06-51-26,363,18.9194,34.2847
2019-05-19 06-51-28,362,18.9194,34.3141
2019-05-19 06-51-30,362,18.837,34.3568
2019-05-19 06-51-32,361,18.8736,34.4129
2019-05-19 06-51-34,361,18.7653,34.3996
2019-05-19 06-51-36,362,18.7149,34.4263
2019-05-19 06-51-38,362,18.7332,34.4423
2019-05-19 06-51-40,362,18.7683,34.4129
2019-05-19 06-51-44,362,18.7332,34.4423
2019-05-19 06-51-46,362,18.7515,34.4423
2019-05-19 06-51-48,362,18.7683,34.4263
2019-05-19 06-51-50,362,18.8065,34.4423
2019-05-19 06-51-52,362,18.8385,34.3996
2019-05-19 06-51-54,362,18.8019,34.3862
2019-05-19 06-51-56,361,18.8004,34.3435
2019-05-19 06-51-58,362,18.8522,34.3301
2019-05-19 06-52-02,362,18.8339,34.3141
2019-05-19 06-52-04,362,18.9026,34.3141
2019-05-19 06-52-06,362,18.8873,34.3301
2019-05-19 06-52-08,362,18.8522,34.3301
2019-05-19 06-52-10,362,18.8324,34.2847
2019-05-19 06-52-12,361,18.8843,34.2847
2019-05-19 06-52-14,361,18.8293,34.2687
2019-05-19 06-52-16,361,18.8324,34.2847
2019-05-19 06-52-20,360,18.9011,34.2687
2019-05-19 06-52-22,360,18.898,34.2554
2019-05-19 06-52-24,360,18.9697,34.2126
2019-05-19 06-52-26,361,18.9667,34.1726
2019-05-19 06-52-28,361,18.9651,34.1566
2019-05-19 06-52-30,361,19.0521,34.1299
2019-05-19 06-52-32,361,19.0521,34.1299
2019-05-19 06-52-36,361,18.9789,34.0871
2019-05-19 06-52-38,361,19.0659,34.0738
2019-05-19 06-52-40,361,19.1177,34.0444
2019-05-19 06-52-42,361,19.1711,34.0444
2019-05-19 06-52-44,361,19.1345,34.0311
2019-05-19 06-52-46,360,19.1681,34.0311
2019-05-19 06-52-48,360,19.2184,34.0043
2019-05-19 06-52-50,360,19.1849,34.0043
2019-05-19 06-52-54,359,19.1864,34.0177
2019-05-19 06-52-56,359,19.1681,34.0311
2019-05-19 06-52-58,359,19.1895,34.0738
2019-05-19 06-53-00,359,19.1391,34.1165
2019-05-19 06-53-02,359,19.0704,34.1566
2019-05-19 06-53-04,359,19.0536,34.1726
2019-05-19 06-53-06,359,19.0399,34.242
2019-05-19 06-53-08,359,19.0063,34.2554
2019-05-19 06-53-12,359,18.9377,34.2554
2019-05-19 06-53-14,360,18.8828,34.2554
2019-05-19 06-53-16,360,18.956,34.2847
2019-05-19 06-53-18,360,18.8843,34.2847
2019-05-19 06-53-20,361,18.8828,34.2687
2019-05-19 06-53-22,361,18.8828,34.2554
2019-05-19 06-53-24,361,18.9163,34.242
2019-05-19 06-53-26,361,18.9346,34.2287
2019-05-19 06-53-30,361,19.0033,34.2126
2019-05-19 06-53-32,361,18.9697,34.1993
2019-05-19 06-53-34,361,19.0033,34.1993
2019-05-19 06-53-36,361,18.985,34.1859
2019-05-19 06-53-38,361,19.0018,34.1859
2019-05-19 06-53-40,361,19.0018,34.1566
2019-05-19 06-53-42,361,19.0521,34.1299
2019-05-19 06-53-44,361,18.9987,34.1299
2019-05-19 06-53-48,361,19.0521,34.1299
2019-05-19 06-53-50,361,19.0521,34.1432
2019-05-19 06-53-52,361,18.9972,34.0871
2019-05-19 06-53-54,361,19.0857,34.1005
2019-05-19 06-53-56,361,19.1223,34.1165
2019-05-19 06-53-58,361,19.1391,34.0871
2019-05-19 06-54-00,361,19.0857,34.0738
2019-05-19 06-54-04,361,19.0491,34.1165
2019-05-19 06-54-06,360,19.0475,34.0871
2019-05-19 06-54-08,361,19.0857,34.1005
2019-05-19 06-54-10,361,19.0475,34.0871
2019-05-19 06-54-12,361,19.0887,34.1165
2019-05-19 06-54-14,361,19.0857,34.1005
2019-05-19 06-54-16,361,19.1223,34.1165
2019-05-19 06-54-18,361,19.104,34.1165
2019-05-19 06-54-22,361,19.0536,34.1859
2019-05-19 06-54-24,362,19.0201,34.1859
2019-05-19 06-54-26,362,18.9835,34.1726
2019-05-19 06-54-28,363,18.985,34.1993
2019-05-19 06-54-30,363,19.0033,34.1993
2019-05-19 06-54-32,363,18.985,34.2126
2019-05-19 06-54-34,364,18.9529,34.2287
2019-05-19 06-54-36,364,19.0033,34.2126
2019-05-19 06-54-40,364,19.0216,34.2126
2019-05-19 06-54-42,364,18.9667,34.1859
2019-05-19 06-54-44,364,18.9331,34.1993
2019-05-19 06-54-46,364,18.9697,34.1993
2019-05-19 06-54-48,365,19.0216,34.242
2019-05-19 06-54-50,365,18.956,34.2687
2019-05-19 06-54-52,365,18.9896,34.2847
2019-05-19 06-54-54,365,18.9026,34.2981
2019-05-19 06-54-58,364,18.8339,34.3141
2019-05-19 06-55-00,365,18.8522,34.3435
2019-05-19 06-55-02,365,18.8156,34.3301
2019-05-19 06-55-04,365,18.8705,34.3435
2019-05-19 06-55-06,365,18.8339,34.3301
2019-05-19 06-55-08,366,18.869,34.3301
2019-05-19 06-55-10,365,18.8339,34.3435
2019-05-19 06-55-12,366,18.8873,34.3435
2019-05-19 06-55-16,366,18.869,34.3301
2019-05-19 06-55-18,366,18.8507,34.2981
2019-05-19 06-55-20,366,18.869,34.3301
2019-05-19 06-55-22,366,18.8339,34.3141
2019-05-19 06-55-24,366,18.8873,34.3568
2019-05-19 06-55-26,366,18.8553,34.3702
2019-05-19 06-55-28,367,18.8202,34.3996
2019-05-19 06-55-32,367,18.7836,34.4263
2019-05-19 06-55-34,367,18.7515,34.4556
2019-05-19 06-55-36,367,18.718,34.4556
2019-05-19 06-55-38,368,18.7332,34.4423
2019-05-19 06-55-40,368,18.7332,34.4263
2019-05-19 06-55-42,368,18.7332,34.4263
2019-05-19 06-55-44,368,18.718,34.4423
2019-05-19 06-55-46,368,18.6646,34.4423
2019-05-19 06-55-50,368,18.718,34.4556
2019-05-19 06-55-52,369,18.7149,34.4263
2019-05-19 06-55-54,369,18.75,34.4263
2019-05-19 06-55-56,368,18.7836,34.4263
2019-05-19 06-55-58,368,18.7363,34.4556
2019-05-19 06-56-01,368,18.7515,34.469
2019-05-19 06-56-03,368,18.7012,34.469
2019-05-19 06-56-05,368,18.6829,34.469
2019-05-19 06-56-09,368,18.7363,34.4556
2019-05-19 06-56-11,368,18.6813,34.4423
2019-05-19 06-56-13,368,18.7149,34.4263
2019-05-19 06-56-15,368,18.6966,34.4129
2019-05-19 06-56-17,367,18.7836,34.4263
2019-05-19 06-56-19,367,18.7515,34.4423
2019-05-19 06-56-21,367,18.7698,34.4556
2019-05-19 06-56-23,367,18.6829,34.4556
2019-05-19 06-56-27,367,18.718,34.469
2019-05-19 06-56-29,368,18.6676,34.4984
2019-05-19 06-56-31,368,18.6859,34.4984
2019-05-19 06-56-33,368,18.6142,34.5251
2019-05-19 06-56-35,368,18.6325,34.5384
2019-05-19 06-56-37,367,18.6356,34.5811
2019-05-19 06-56-39,367,18.6172,34.5811
2019-05-19 06-56-41,367,18.6188,34.5945
2019-05-19 06-56-45,367,18.5684,34.6239
2019-05-19 06-56-47,368,18.5852,34.6239
2019-05-19 06-56-49,368,18.5165,34.6372
2019-05-19 06-56-51,368,18.4982,34.6239
2019-05-19 06-56-53,368,18.5852,34.6239
2019-05-19 06-56-55,369,18.6371,34.6239
2019-05-19 06-56-57,369,18.4982,34.6239
2019-05-19 06-57-01,369,18.5349,34.6239
2019-05-19 06-57-03,369,18.5349,34.6372
2019-05-19 06-57-05,369,18.5165,34.6372
2019-05-19 06-57-07,369,18.5349,34.6239
2019-05-19 06-57-09,369,18.5349,34.6532
2019-05-19 06-57-11,370,18.5532,34.6666
2019-05-19 06-57-13,370,18.4998,34.6532
2019-05-19 06-57-15,370,18.5349,34.6239
2019-05-19 06-57-19,369,18.5318,34.6105
2019-05-19 06-57-21,369,18.5501,34.6239
2019-05-19 06-57-23,369,18.5669,34.6105
2019-05-19 06-57-25,369,18.6035,34.6105
2019-05-19 06-57-27,369,18.5852,34.6105
2019-05-19 06-57-29,369,18.5867,34.6372
2019-05-19 06-57-31,369,18.5852,34.6105
2019-05-19 06-57-33,369,18.4616,34.6105
2019-05-19 06-57-37,369,18.5501,34.6239
2019-05-19 06-57-39,369,18.5135,34.5945
2019-05-19 06-57-41,369,18.5852,34.5945
2019-05-19 06-57-43,369,18.6172,34.5811
2019-05-19 06-57-45,369,18.5486,34.5945
2019-05-19 06-57-47,370,18.5684,34.6372
2019-05-19 06-57-49,369,18.5349,34.6372
2019-05-19 06-57-51,369,18.5867,34.6372
2019-05-19 06-57-55,369,18.4998,34.6532
2019-05-19 06-57-57,368,18.5181,34.6666
2019-05-19 06-57-59,368,18.5547,34.6799
2019-05-19 06-58-01,369,18.4845,34.7093
2019-05-19 06-58-03,369,18.5364,34.6933
2019-05-19 06-58-05,369,18.4662,34.7093
2019-05-19 06-58-07,369,18.4677,34.7227
2019-05-19 06-58-11,370,18.4494,34.7227
2019-05-19 06-58-13,369,18.4311,34.7227
2019-05-19 06-58-15,370,18.4677,34.7494
2019-05-19 06-58-17,369,18.4174,34.7681
2019-05-19 06-58-19,370,18.4677,34.7494
2019-05-19 06-58-21,369,18.3975,34.7227
2019-05-19 06-58-23,369,18.399,34.7681
2019-05-19 06-58-25,369,18.4708,34.7681
2019-05-19 06-58-29,369,18.3655,34.7681
2019-05-19 06-58-31,369,18.4708,34.7681
2019-05-19 06-58-33,369,18.4158,34.736
2019-05-19 06-58-35,370,18.4677,34.7227
2019-05-19 06-58-37,369,18.4708,34.7681
2019-05-19 06-58-39,369,18.4525,34.7681
2019-05-19 06-58-41,370,18.4677,34.7494
2019-05-19 06-58-43,369,18.4677,34.7494
2019-05-19 06-58-47,369,18.5043,34.736
2019-05-19 06-58-49,369,18.4311,34.7227
2019-05-19 06-58-51,369,18.4341,34.736
2019-05-19 06-58-53,369,18.5028,34.6933
2019-05-19 06-58-55,368,18.4814,34.6799
2019-05-19 06-58-57,369,18.5028,34.6666
2019-05-19 06-58-59,368,18.4677,34.7227
2019-05-19 06-59-01,368,18.486,34.7494
2019-05-19 06-59-05,368,18.4357,34.7681
2019-05-19 06-59-07,367,18.454,34.7948
2019-05-19 06-59-09,367,18.4204,34.8241
2019-05-19 06-59-11,366,18.4357,34.7948
2019-05-19 06-59-13,367,18.4067,34.8642
2019-05-19 06-59-15,366,18.3167,34.8642
2019-05-19 06-59-17,367,18.3167,34.8642
2019-05-19 06-59-19,367,18.3334,34.8642
2019-05-19 06-59-23,367,18.3533,34.8642
2019-05-19 06-59-25,367,18.2983,34.8642
2019-05-19 06-59-27,367,18.2983,34.8642
2019-05-19 06-59-29,366,18.4082,34.8936
2019-05-19 06-59-31,366,18.2846,34.9363
2019-05-19 06-59-33,366,18.2663,34.9069
2019-05-19 06-59-35,366,18.2693,34.963
2019-05-19 06-59-39,366,18.251,34.9363
2019-05-19 06-59-41,366,18.251,34.9363
2019-05-19 06-59-43,367,18.1961,34.9363
2019-05-19 06-59-45,367,18.2144,34.9203
2019-05-19 06-59-47,367,18.1778,34.9363
2019-05-19 06-59-49,367,18.2693,34.9496
2019-05-19 06-59-51,367,18.2663,34.9203
2019-05-19 06-59-53,367,18.2327,34.9203
2019-05-19 06-59-57,367,18.2327,34.9203
2019-05-19 06-59-59,368,18.248,34.8936
2019-05-19 07-00-01,367,18.248,34.8802
2019-05-19 07-00-03,367,18.3151,34.8508
2019-05-19 07-00-05,367,18.2968,34.8081
2019-05-19 07-00-07,367,18.367,34.7948
2019-05-19 07-00-09,367,18.3655,34.7681
2019-05-19 07-00-11,367,18.399,34.7681
2019-05-19 07-00-15,367,18.3807,34.7227
2019-05-19 07-00-17,367,18.399,34.736
2019-05-19 07-00-19,367,18.4158,34.736
2019-05-19 07-00-21,366,18.4341,34.7494
2019-05-19 07-00-23,366,18.3655,34.7814
2019-05-19 07-00-25,366,18.3838,34.7814
2019-05-19 07-00-27,366,18.3105,34.7681
2019-05-19 07-00-29,366,18.367,34.8081
2019-05-19 07-00-33,366,18.3701,34.8241
2019-05-19 07-00-35,366,18.3151,34.8375
2019-05-19 07-00-37,366,18.3151,34.8508
2019-05-19 07-00-39,366,18.3151,34.8508
2019-05-19 07-00-41,366,18.3884,34.8375
2019-05-19 07-00-43,367,18.3334,34.8508
2019-05-19 07-00-45,367,18.3334,34.8508
2019-05-19 07-00-47,367,18.3121,34.8241
2019-05-19 07-00-51,367,18.3151,34.8375
2019-05-19 07-00-53,367,18.3701,34.8508
2019-05-19 07-00-55,367,18.3533,34.8642
2019-05-19 07-00-57,367,18.3334,34.8508
2019-05-19 07-00-59,366,18.335,34.8936
2019-05-19 07-01-01,366,18.2831,34.8936
2019-05-19 07-01-03,366,18.3533,34.8802
2019-05-19 07-01-07,367,18.2983,34.8802
2019-05-19 07-01-09,367,18.2831,34.8936
2019-05-19 07-01-11,367,18.28,34.8642
2019-05-19 07-01-13,367,18.2617,34.8508
2019-05-19 07-01-15,367,18.3167,34.8642
2019-05-19 07-01-17,368,18.3701,34.8508
2019-05-19 07-01-19,368,18.3334,34.8508
2019-05-19 07-01-21,367,18.3701,34.8508
2019-05-19 07-01-25,367,18.3334,34.8375
2019-05-19 07-01-27,367,18.3701,34.8375
2019-05-19 07-01-29,367,18.367,34.7948
2019-05-19 07-01-31,367,18.4174,34.7814
2019-05-19 07-01-33,367,18.3838,34.7681
2019-05-19 07-01-35,367,18.399,34.7681
2019-05-19 07-01-37,367,18.399,34.736
2019-05-19 07-01-39,366,18.4311,34.7227
2019-05-19 07-01-43,366,18.4479,34.6799
2019-05-19 07-01-45,366,18.4479,34.6666
2019-05-19 07-01-48,366,18.4662,34.6933
2019-05-19 07-01-50,366,18.5394,34.7093
2019-05-19 07-01-52,366,18.4494,34.7227
2019-05-19 07-01-54,366,18.4845,34.736
2019-05-19 07-01-56,366,18.4357,34.7948
2019-05-19 07-01-58,366,18.4357,34.7681
2019-05-19 07-02-02,366,18.4357,34.7681
2019-05-19 07-02-04,366,18.3807,34.7494
2019-05-19 07-02-06,365,18.4357,34.7814
2019-05-19 07-02-08,366,18.3807,34.7494
2019-05-19 07-02-10,366,18.4677,34.7227
2019-05-19 07-02-12,366,18.399,34.736
2019-05-19 07-02-14,366,18.4341,34.736
2019-05-19 07-02-18,365,18.4158,34.7494
2019-05-19 07-02-20,366,18.4174,34.7814
2019-05-19 07-02-22,365,18.3807,34.7494
2019-05-19 07-02-24,365,18.4891,34.7814
2019-05-19 07-02-26,365,18.4341,34.7494
2019-05-19 07-02-28,364,18.3853,34.8081
2019-05-19 07-02-30,364,18.3853,34.8081
2019-05-19 07-02-32,364,18.4036,34.8241
2019-05-19 07-02-36,365,18.3853,34.8081
2019-05-19 07-02-38,364,18.3701,34.8241
2019-05-19 07-02-40,364,18.3838,34.7681
2019-05-19 07-02-42,364,18.4021,34.7948
2019-05-19 07-02-44,364,18.4204,34.7948
2019-05-19 07-02-46,364,18.454,34.7948
2019-05-19 07-02-48,364,18.4525,34.7814
2019-05-19 07-02-50,364,18.4357,34.7814
2019-05-19 07-02-54,364,18.4021,34.7948
2019-05-19 07-02-56,364,18.3624,34.7227
2019-05-19 07-02-58,365,18.4158,34.7494
2019-05-19 07-03-00,365,18.4677,34.7227
2019-05-19 07-03-02,365,18.4662,34.6933
2019-05-19 07-03-04,365,18.4296,34.6799
2019-05-19 07-03-06,365,18.4479,34.6666
2019-05-19 07-03-08,365,18.4631,34.6799
2019-05-19 07-03-12,365,18.4814,34.6799
2019-05-19 07-03-14,365,18.5364,34.6666
2019-05-19 07-03-16,365,18.4799,34.6372
2019-05-19 07-03-18,365,18.5501,34.6105
2019-05-19 07-03-20,365,18.5486,34.5811
2019-05-19 07-03-22,365,18.6172,34.5544
2019-05-19 07-03-24,364,18.5989,34.5384
2019-05-19 07-03-28,363,18.5623,34.5251
2019-05-19 07-03-30,364,18.6356,34.5678
2019-05-19 07-03-32,363,18.6722,34.5544
2019-05-19 07-03-34,364,18.6539,34.5544
2019-05-19 07-03-36,364,18.6554,34.5678
2019-05-19 07-03-38,363,18.6188,34.6105
2019-05-19 07-03-40,363,18.6554,34.5945
2019-05-19 07-03-42,364,18.6188,34.6105
2019-05-19 07-03-46,364,18.5638,34.5544
2019-05-19 07-03-48,364,18.5989,34.5678
2019-05-19 07-03-50,364,18.5959,34.5251
2019-05-19 07-03-52,364,18.6325,34.5384
2019-05-19 07-03-54,364,18.6142,34.5251
2019-05-19 07-03-56,364,18.6508,34.4984
2019-05-19 07-03-58,364,18.6859,34.4984
2019-05-19 07-04-00,365,18.6829,34.469
2019-05-19 07-04-04,365,18.7363,34.4556
2019-05-19 07-04-06,365,18.7546,34.4823
2019-05-19 07-04-08,364,18.7012,34.4823
2019-05-19 07-04-10,364,18.6676,34.4984
2019-05-19 07-04-12,365,18.6691,34.5117
2019-05-19 07-04-14,365,18.631,34.4984
2019-05-19 07-04-16,365,18.7195,34.5117
2019-05-19 07-04-20,365,18.6508,34.5251
2019-05-19 07-04-22,365,18.5989,34.5384
2019-05-19 07-04-24,366,18.6142,34.5251
2019-05-19 07-04-26,366,18.7042,34.5117
2019-05-19 07-04-28,366,18.7195,34.4984
2019-05-19 07-04-30,366,18.7012,34.469
2019-05-19 07-04-32,366,18.6676,34.4984
2019-05-19 07-04-34,366,18.7012,34.4984
2019-05-19 07-04-38,366,18.7012,34.4984
2019-05-19 07-04-40,366,18.7225,34.5251
2019-05-19 07-04-42,366,18.6691,34.5384
2019-05-19 07-04-44,366,18.6172,34.5544
2019-05-19 07-04-46,366,18.5822,34.5544
2019-05-19 07-04-48,367,18.6005,34.5811
2019-05-19 07-04-50,367,18.5852,34.6239
2019-05-19 07-04-52,367,18.5715,34.6532
2019-05-19 07-04-56,367,18.5532,34.6372
2019-05-19 07-04-58,368,18.5181,34.6799
2019-05-19 07-05-00,368,18.5181,34.6666
2019-05-19 07-05-02,368,18.4814,34.6799
2019-05-19 07-05-04,369,18.4631,34.6799
2019-05-19 07-05-06,369,18.4814,34.6799
2019-05-19 07-05-08,369,18.5211,34.6933
2019-05-19 07-05-12,369,18.5028,34.6933
2019-05-19 07-05-14,369,18.4814,34.6666
2019-05-19 07-05-16,369,18.5028,34.6799
2019-05-19 07-05-18,369,18.4814,34.6666
2019-05-19 07-05-20,370,18.5715,34.6799
2019-05-19 07-05-22,370,18.4814,34.6799
2019-05-19 07-05-24,370,18.5181,34.6799
2019-05-19 07-05-26,370,18.4631,34.6799
2019-05-19 07-05-30,370,18.4814,34.6666
2019-05-19 07-05-32,370,18.5349,34.6239
2019-05-19 07-05-34,370,18.5669,34.6105
2019-05-19 07-05-36,370,18.5501,34.6105
2019-05-19 07-05-38,370,18.5669,34.5811
2019-05-19 07-05-40,371,18.5486,34.5945
2019-05-19 07-05-42,370,18.6356,34.5945
2019-05-19 07-05-44,370,18.6172,34.5544
2019-05-19 07-05-48,370,18.6142,34.5384
2019-05-19 07-05-50,370,18.6142,34.5117
2019-05-19 07-05-52,370,18.6676,34.4984
2019-05-19 07-05-54,369,18.6829,34.4556
2019-05-19 07-05-56,369,18.6462,34.4423
2019-05-19 07-05-58,368,18.6813,34.4263
2019-05-19 07-06-00,368,18.7332,34.4263
2019-05-19 07-06-04,368,18.7332,34.4423
2019-05-19 07-06-06,367,18.7698,34.4556
2019-05-19 07-06-08,367,18.718,34.4423
2019-05-19 07-06-10,366,18.7012,34.469
2019-05-19 07-06-12,365,18.7012,34.4823
2019-05-19 07-06-14,365,18.6874,34.5251
2019-05-19 07-06-16,365,18.7057,34.5384
2019-05-19 07-06-18,364,18.5989,34.5678
2019-05-19 07-06-22,364,18.6554,34.5811
2019-05-19 07-06-24,364,18.6035,34.6372
2019-05-19 07-06-26,365,18.5165,34.6239
2019-05-19 07-06-28,365,18.5715,34.6532
2019-05-19 07-06-30,365,18.5028,34.6933
2019-05-19 07-06-32,365,18.4814,34.6933
2019-05-19 07-06-34,365,18.4677,34.7227
2019-05-19 07-06-36,366,18.4311,34.7227
2019-05-19 07-06-40,366,18.4525,34.7494
2019-05-19 07-06-42,367,18.4677,34.7494
2019-05-19 07-06-44,367,18.4525,34.7494
2019-05-19 07-06-46,368,18.4357,34.7681
2019-05-19 07-06-48,368,18.4357,34.7681
2019-05-19 07-06-50,368,18.399,34.7494
2019-05-19 07-06-52,367,18.4128,34.7093
2019-05-19 07-06-54,368,18.4128,34.6933
2019-05-19 07-06-58,368,18.4631,34.6799
2019-05-19 07-07-00,367,18.4814,34.6799
2019-05-19 07-07-02,367,18.4631,34.6799
2019-05-19 07-07-04,367,18.5181,34.6799
2019-05-19 07-07-06,367,18.4479,34.6933
2019-05-19 07-07-08,367,18.4662,34.6933
2019-05-19 07-07-10,367,18.5364,34.6799
2019-05-19 07-07-14,368,18.5349,34.6532
2019-05-19 07-07-16,368,18.5501,34.6239
2019-05-19 07-07-18,368,18.5532,34.6532
2019-05-19 07-07-20,368,18.5669,34.6105
2019-05-19 07-07-22,368,18.5501,34.6105
2019-05-19 07-07-24,368,18.5135,34.5945
2019-05-19 07-07-26,368,18.5318,34.6105
2019-05-19 07-07-28,368,18.5822,34.5811
2019-05-19 07-07-33,368,18.5318,34.5945
2019-05-19 07-07-35,368,18.5501,34.6105
2019-05-19 07-07-37,367,18.5852,34.6239
2019-05-19 07-07-39,367,18.5684,34.6372
2019-05-19 07-07-41,366,18.4998,34.6532
2019-05-19 07-07-43,367,18.5028,34.6666
2019-05-19 07-07-45,367,18.4479,34.6666
2019-05-19 07-07-47,367,18.4311,34.7093
2019-05-19 07-07-51,367,18.4479,34.6933
2019-05-19 07-07-53,367,18.4845,34.7227
2019-05-19 07-07-55,366,18.4845,34.7227
2019-05-19 07-07-57,367,18.4677,34.7494
2019-05-19 07-07-59,366,18.4341,34.736
2019-05-19 07-08-01,367,18.399,34.736
2019-05-19 07-08-03,367,18.399,34.7494
2019-05-19 07-08-05,367,18.4174,34.7681
2019-05-19 07-08-09,367,18.4341,34.736
2019-05-19 07-08-11,367,18.3807,34.736
2019-05-19 07-08-13,368,18.4158,34.7494
2019-05-19 07-08-15,368,18.3655,34.7494
2019-05-19 07-08-17,368,18.4158,34.736
2019-05-19 07-08-19,368,18.399,34.7681
2019-05-19 07-08-21,367,18.367,34.7948
2019-05-19 07-08-25,368,18.3838,34.7948
2019-05-19 07-08-27,368,18.3838,34.7814
2019-05-19 07-08-29,367,18.4204,34.7948
2019-05-19 07-08-31,367,18.367,34.7948
2019-05-19 07-08-33,366,18.4021,34.8081
2019-05-19 07-08-35,366,18.3701,34.8375
2019-05-19 07-08-37,366,18.3334,34.8642
2019-05-19 07-08-39,366,18.3533,34.8642
2019-05-19 07-08-43,366,18.335,34.8802
2019-05-19 07-08-45,366,18.4067,34.8802
2019-05-19 07-08-47,366,18.2648,34.8642
2019-05-19 07-08-49,367,18.3151,34.8508
2019-05-19 07-08-51,367,18.3014,34.8936
2019-05-19 07-08-53,367,18.3167,34.8802
2019-05-19 07-08-55,367,18.335,34.8802
2019-05-19 07-08-57,368,18.338,34.9363
2019-05-19 07-09-01,367,18.2846,34.9363
2019-05-19 07-09-03,367,18.3197,34.9363
2019-05-19 07-09-05,367,18.2663,34.9203
2019-05-19 07-09-07,368,18.2343,34.9363
2019-05-19 07-09-09,368,18.2144,34.9203
2019-05-19 07-09-11,368,18.3029,34.9363
2019-05-19 07-09-13,368,18.3029,34.9363
2019-05-19 07-09-17,368,18.1976,34.963
2019-05-19 07-09-19,368,18.2526,34.963
2019-05-19 07-09-21,368,18.251,34.9363
2019-05-19 07-09-23,368,18.2846,34.9203
2019-05-19 07-09-25,368,18.2663,34.8936
2019-05-19 07-09-27,369,18.2983,34.8642
2019-05-19 07-09-29,369,18.2465,34.8508
2019-05-19 07-09-31,369,18.3304,34.8241
2019-05-19 07-09-35,369,18.2938,34.7948
2019-05-19 07-09-37,368,18.367,34.7948
2019-05-19 07-09-39,368,18.3838,34.7948
2019-05-19 07-09-41,368,18.3838,34.7681
2019-05-19 07-09-43,368,18.3838,34.7814
2019-05-19 07-09-45,368,18.4311,34.7227
2019-05-19 07-09-47,368,18.4158,34.7227
2019-05-19 07-09-49,367,18.4677,34.7494
2019-05-19 07-09-53,367,18.4311,34.7227
2019-05-19 07-09-55,367,18.4677,34.736
2019-05-19 07-09-57,367,18.4845,34.736
2019-05-19 07-09-59,367,18.4158,34.7494
2019-05-19 07-10-01,366,18.3807,34.7227
2019-05-19 07-10-03,366,18.4341,34.736
2019-05-19 07-10-05,366,18.399,34.7494
2019-05-19 07-10-07,366,18.3807,34.736
2019-05-19 07-10-11,366,18.4158,34.736
2019-05-19 07-10-13,366,18.4845,34.736
2019-05-19 07-10-15,366,18.4845,34.736
2019-05-19 07-10-17,366,18.399,34.736
2019-05-19 07-10-19,366,18.4158,34.736
2019-05-19 07-10-21,366,18.4677,34.7494
2019-05-19 07-10-23,366,18.4494,34.7227
2019-05-19 07-10-27,365,18.4341,34.736
2019-05-19 07-10-29,365,18.4479,34.6933
2019-05-19 07-10-31,366,18.4677,34.7227
2019-05-19 07-10-33,365,18.4677,34.7227
2019-05-19 07-10-35,365,18.5043,34.7093
2019-05-19 07-10-37,365,18.4158,34.7494
2019-05-19 07-10-39,366,18.4174,34.7814
2019-05-19 07-10-41,366,18.454,34.7948
2019-05-19 07-10-45,366,18.4021,34.7814
2019-05-19 07-10-47,366,18.3517,34.8081
2019-05-19 07-10-49,366,18.3853,34.8081
2019-05-19 07-10-51,366,18.3517,34.8241
2019-05-19 07-10-53,366,18.2983,34.8508
2019-05-19 07-10-55,366,18.3533,34.8802
2019-05-19 07-10-57,366,18.3167,34.8802
2019-05-19 07-10-59,366,18.3334,34.8375
2019-05-19 07-11-03,366,18.3517,34.8375
2019-05-19 07-11-05,367,18.3121,34.8241
2019-05-19 07-11-07,367,18.2602,34.8081
2019-05-19 07-11-09,367,18.3487,34.7681
2019-05-19 07-11-11,368,18.3655,34.7814
2019-05-19 07-11-13,368,18.399,34.7494
2019-05-19 07-11-15,367,18.399,34.7681
2019-05-19 07-11-19,367,18.4174,34.7814
2019-05-19 07-11-21,367,18.4174,34.7814
2019-05-19 07-11-23,367,18.4357,34.7681
2019-05-19 07-11-25,367,18.4174,34.7814
2019-05-19 07-11-27,367,18.3487,34.7681
2019-05-19 07-11-29,367,18.3838,34.7948
2019-05-19 07-11-31,366,18.4204,34.8241
2019-05-19 07-11-33,366,18.4387,34.8081
2019-05-19 07-11-37,367,18.4021,34.7948
2019-05-19 07-11-39,366,18.3701,34.8241
2019-05-19 07-11-41,367,18.4387,34.8375
2019-05-19 07-11-43,366,18.3701,34.8508
2019-05-19 07-11-45,367,18.3899,34.8802
2019-05-19 07-11-47,367,18.335,34.8802
2019-05-19 07-11-49,367,18.3716,34.8802
2019-05-19 07-11-51,367,18.2983,34.8802
2019-05-19 07-11-55,367,18.3167,34.8936
2019-05-19 07-11-57,367,18.335,34.8936
2019-05-19 07-11-59,367,18.2831,34.8936
2019-05-19 07-12-01,368,18.2663,34.8936
2019-05-19 07-12-03,368,18.2663,34.8936
2019-05-19 07-12-05,368,18.2297,34.8802
2019-05-19 07-12-07,368,18.2983,34.8802
2019-05-19 07-12-11,368,18.2831,34.8802
2019-05-19 07-12-13,367,18.2983,34.8642
2019-05-19 07-12-15,367,18.2983,34.8802
2019-05-19 07-12-17,367,18.3014,34.9069
2019-05-19 07-12-19,367,18.2983,34.8642
2019-05-19 07-12-21,367,18.3517,34.8375
2019-05-19 07-12-23,367,18.3334,34.8375
2019-05-19 07-12-25,368,18.28,34.8642
2019-05-19 07-12-29,368,18.3167,34.8642
2019-05-19 07-12-31,367,18.28,34.8508
2019-05-19 07-12-33,367,18.3151,34.8508
2019-05-19 07-12-35,367,18.3884,34.8375
2019-05-19 07-12-37,367,18.3151,34.8508
2019-05-19 07-12-39,367,18.4219,34.8375
2019-05-19 07-12-41,366,18.2968,34.8375
2019-05-19 07-12-43,366,18.3853,34.8081
2019-05-19 07-12-47,366,18.3517,34.8375
2019-05-19 07-12-49,365,18.3304,34.8081
2019-05-19 07-12-51,365,18.4036,34.8375
2019-05-19 07-12-53,365,18.3517,34.8241
2019-05-19 07-12-55,366,18.3701,34.8375
2019-05-19 07-12-57,365,18.3304,34.8241
2019-05-19 07-13-00,365,18.3289,34.7948
2019-05-19 07-13-04,365,18.3884,34.8375
2019-05-19 07-13-06,365,18.3304,34.8241
2019-05-19 07-13-08,364,18.4219,34.8508
2019-05-19 07-13-10,364,18.3517,34.8241
2019-05-19 07-13-12,364,18.3334,34.8375
2019-05-19 07-13-14,364,18.3899,34.8802
2019-05-19 07-13-16,364,18.3533,34.8802
2019-05-19 07-13-18,363,18.3563,34.8936
2019-05-19 07-13-22,364,18.3014,34.9069
2019-05-19 07-13-24,364,18.3197,34.9069
2019-05-19 07-13-26,364,18.3197,34.9069
2019-05-19 07-13-28,364,18.3167,34.8936
2019-05-19 07-13-30,365,18.3197,34.9069
2019-05-19 07-13-32,365,18.28,34.8508
2019-05-19 07-13-34,365,18.2983,34.8508
2019-05-19 07-13-36,365,18.2831,34.8802
2019-05-19 07-13-40,365,18.3167,34.8642
2019-05-19 07-13-42,366,18.3151,34.8508
2019-05-19 07-13-44,365,18.3334,34.8375
2019-05-19 07-13-46,365,18.3701,34.8375
2019-05-19 07-13-48,365,18.3884,34.8508
2019-05-19 07-13-50,365,18.3517,34.8375
2019-05-19 07-13-52,365,18.3716,34.8642
2019-05-19 07-13-54,365,18.3533,34.8642
2019-05-19 07-13-58,365,18.3533,34.8802
2019-05-19 07-14-00,365,18.335,34.8936
2019-05-19 07-14-02,364,18.3197,34.9069
2019-05-19 07-14-04,365,18.3167,34.8936
2019-05-19 07-14-06,365,18.2663,34.9203
2019-05-19 07-14-08,365,18.3014,34.8936
2019-05-19 07-14-10,366,18.3533,34.8802
2019-05-19 07-14-14,365,18.3167,34.8802
2019-05-19 07-14-16,365,18.2983,34.8802
2019-05-19 07-14-18,365,18.3014,34.9203
2019-05-19 07-14-20,365,18.3014,34.9069
2019-05-19 07-14-22,365,18.2663,34.9203
2019-05-19 07-14-24,364,18.251,34.9496
2019-05-19 07-14-26,364,18.3197,34.9069
2019-05-19 07-14-28,364,18.219,34.963
2019-05-19 07-14-32,364,18.2846,34.9363
2019-05-19 07-14-34,364,18.251,34.9496
2019-05-19 07-14-36,365,18.2526,34.963
2019-05-19 07-14-38,364,18.219,34.963
2019-05-19 07-14-40,364,18.2343,34.9496
2019-05-19 07-14-42,364,18.2343,34.963
2019-05-19 07-14-44,365,18.2877,34.9763
2019-05-19 07-14-46,365,18.1824,35.0057
2019-05-19 07-14-50,365,18.1824,35.0057
2019-05-19 07-14-52,365,18.1976,34.9924
2019-05-19 07-14-54,365,18.2007,35.0191
2019-05-19 07-14-56,364,18.1839,35.0191
2019-05-19 07-14-58,364,18.2022,35.0484
2019-05-19 07-15-00,364,18.1503,35.0484
2019-05-19 07-15-02,364,18.1686,35.0484
2019-05-19 07-15-04,364,18.2205,35.0324
2019-05-19 07-15-08,364,18.1839,35.0191
2019-05-19 07-15-10,364,18.2007,35.0324
2019-05-19 07-15-12,364,18.1839,35.0191
2019-05-19 07-15-14,364,18.1473,34.9924
2019-05-19 07-15-16,364,18.1793,34.963
2019-05-19 07-15-18,364,18.1961,34.9496
2019-05-19 07-15-20,364,18.219,34.963
2019-05-19 07-15-24,364,18.2159,34.9496
2019-05-19 07-15-26,364,18.2343,34.9496
2019-05-19 07-15-28,364,18.2877,34.9496
2019-05-19 07-15-30,364,18.2526,34.963
2019-05-19 07-15-32,364,18.2526,34.963
2019-05-19 07-15-34,363,18.219,34.9924
2019-05-19 07-15-36,363,18.1976,34.963
2019-05-19 07-15-38,364,18.219,34.9763
2019-05-19 07-15-42,363,18.2709,34.9924
2019-05-19 07-15-44,364,18.2343,34.963
2019-05-19 07-15-46,364,18.1976,34.9763
2019-05-19 07-15-48,364,18.2159,34.9363
2019-05-19 07-15-50,365,18.1961,34.9496
2019-05-19 07-15-52,365,18.2526,34.963
2019-05-19 07-15-54,365,18.251,34.9496
2019-05-19 07-15-56,364,18.2343,34.9363
2019-05-19 07-16-00,364,18.2693,34.9496
2019-05-19 07-16-02,364,18.2343,34.963
2019-05-19 07-16-04,364,18.2343,34.9496
2019-05-19 07-16-06,363,18.2526,34.963
2019-05-19 07-16-08,363,18.219,34.963
2019-05-19 07-16-10,363,18.2373,34.9924
2019-05-19 07-16-12,364,18.1961,34.9496
2019-05-19 07-16-14,364,18.1976,34.9763
2019-05-19 07-16-18,364,18.1641,34.9763
2019-05-19 07-16-20,364,18.2343,34.963
2019-05-19 07-16-22,363,18.2343,34.9496
2019-05-19 07-16-24,362,18.2663,34.9203
2019-05-19 07-16-26,362,18.2693,34.9496
2019-05-19 07-16-28,362,18.2693,34.9496
2019-05-19 07-16-30,361,18.219,34.9763
2019-05-19 07-16-34,361,18.2526,34.963
2019-05-19 07-16-36,361,18.2693,34.963
2019-05-19 07-16-38,362,18.2159,34.9496
2019-05-19 07-16-40,362,18.3014,34.9203
2019-05-19 07-16-42,362,18.2831,34.8936
2019-05-19 07-16-44,361,18.2831,34.9069
2019-05-19 07-16-46,361,18.2846,34.9363
2019-05-19 07-16-48,361,18.3014,34.9203
2019-05-19 07-16-52,360,18.251,34.9363
2019-05-19 07-16-54,360,18.2846,34.9363
2019-05-19 07-16-56,360,18.2693,34.9496
2019-05-19 07-16-58,360,18.2846,34.9363
2019-05-19 07-17-00,361,18.1793,34.9496
2019-05-19 07-17-02,360,18.2693,34.9363
2019-05-19 07-17-04,360,18.2343,34.9363
2019-05-19 07-17-06,361,18.2693,34.9363
2019-05-19 07-17-10,361,18.2159,34.9363
2019-05-19 07-17-12,361,18.2693,34.9363
2019-05-19 07-17-14,362,18.2297,34.8936
2019-05-19 07-17-16,362,18.248,34.9069
2019-05-19 07-17-18,362,18.3167,34.8802
2019-05-19 07-17-20,362,18.2983,34.8642
2019-05-19 07-17-22,362,18.3151,34.8508
2019-05-19 07-17-26,361,18.3167,34.8802
2019-05-19 07-17-28,361,18.2983,34.8802
2019-05-19 07-17-30,361,18.2327,34.9069
2019-05-19 07-17-32,362,18.2983,34.8802
2019-05-19 07-17-34,363,18.3167,34.8642
2019-05-19 07-17-36,363,18.248,34.8802
2019-05-19 07-17-38,362,18.3334,34.8642
2019-05-19 07-17-40,362,18.3884,34.8642
2019-05-19 07-17-44,362,18.3334,34.8642
2019-05-19 07-17-46,361,18.3533,34.8642
2019-05-19 07-17-48,361,18.3716,34.8642
2019-05-19 07-17-50,361,18.3167,34.8802
2019-05-19 07-17-52,361,18.335,34.8936
2019-05-19 07-17-54,360,18.3197,34.9069
2019-05-19 07-17-56,360,18.2983,34.8802
2019-05-19 07-17-58,360,18.3197,34.9069
2019-05-19 07-18-02,359,18.2693,34.9496
2019-05-19 07-18-04,360,18.2846,34.9363
2019-05-19 07-18-06,360,18.2663,34.9203
2019-05-19 07-18-08,360,18.3197,34.9069
2019-05-19 07-18-10,360,18.3014,34.8936
2019-05-19 07-18-12,359,18.338,34.9203
2019-05-19 07-18-15,359,18.338,34.9203
2019-05-19 07-18-19,359,18.2983,34.8802
2019-05-19 07-18-21,360,18.2663,34.9203
2019-05-19 07-18-23,360,18.2663,34.9203
2019-05-19 07-18-25,360,18.2663,34.9069
2019-05-19 07-18-27,360,18.2327,34.9069
2019-05-19 07-18-29,359,18.335,34.9069
2019-05-19 07-18-31,359,18.3197,34.9203
2019-05-19 07-18-33,358,18.2663,34.9203
2019-05-19 07-18-37,359,18.3167,34.8802
2019-05-19 07-18-39,359,18.248,34.9069
2019-05-19 07-18-41,358,18.3197,34.9069
2019-05-19 07-18-43,358,18.3014,34.9203
2019-05-19 07-18-45,358,18.3212,34.9496
2019-05-19 07-18-47,358,18.2663,34.9069
2019-05-19 07-18-49,358,18.2846,34.9203
2019-05-19 07-18-51,358,18.2343,34.9496
2019-05-19 07-18-55,358,18.2846,34.9363
2019-05-19 07-18-57,358,18.2693,34.9496
2019-05-19 07-18-59,359,18.1976,34.963
2019-05-19 07-19-01,358,18.251,34.9496
2019-05-19 07-19-03,359,18.2373,34.9763
2019-05-19 07-19-05,358,18.2373,34.9924
2019-05-19 07-19-07,358,18.1793,34.9763
2019-05-19 07-19-09,358,18.2526,34.963
2019-05-19 07-19-13,358,18.219,34.9924
2019-05-19 07-19-15,359,18.2526,34.9924
2019-05-19 07-19-17,359,18.1824,35.0057
2019-05-19 07-19-19,359,18.2007,35.0057
2019-05-19 07-19-21,359,18.1793,34.963
2019-05-19 07-19-23,359,18.2205,35.0057
2019-05-19 07-19-25,359,18.1824,35.0057
2019-05-19 07-19-29,359,18.219,34.963
2019-05-19 07-19-31,359,18.2343,34.9496
2019-05-19 07-19-33,358,18.2877,34.9496
2019-05-19 07-19-35,358,18.251,34.9203
2019-05-19 07-19-37,357,18.2663,34.9069
2019-05-19 07-19-39,357,18.2663,34.9069
2019-05-19 07-19-41,357,18.3197,34.9069
2019-05-19 07-19-43,357,18.3197,34.9363
2019-05-19 07-19-47,356,18.2343,34.9363
2019-05-19 07-19-49,356,18.2693,34.9496
2019-05-19 07-19-51,356,18.2693,34.9496
2019-05-19 07-19-53,356,18.2693,34.9496
2019-05-19 07-19-55,356,18.3014,34.9203
2019-05-19 07-19-57,356,18.3014,34.9203
2019-05-19 07-19-59,356,18.2663,34.9203
2019-05-19 07-20-01,356,18.3197,34.9363
2019-05-19 07-20-05,356,18.248,34.9069
2019-05-19 07-20-07,356,18.335,34.9069
2019-05-19 07-20-09,356,18.3197,34.9203
2019-05-19 07-20-11,356,18.2831,34.9069
2019-05-19 07-20-13,355,18.2663,34.9203
2019-05-19 07-20-15,355,18.2831,34.9069
2019-05-19 07-20-17,356,18.2831,34.9069
2019-05-19 07-20-21,356,18.2831,34.8802
2019-05-19 07-20-23,356,18.3167,34.8936
2019-05-19 07-20-25,356,18.3716,34.8936
2019-05-19 07-20-27,356,18.2983,34.8642
2019-05-19 07-20-29,356,18.3167,34.8802
2019-05-19 07-20-31,356,18.3167,34.8936
2019-05-19 07-20-33,356,18.2983,34.8802
2019-05-19 07-20-35,356,18.3533,34.8508
2019-05-19 07-20-39,356,18.3014,34.8936
2019-05-19 07-20-41,355,18.3197,34.9069
2019-05-19 07-20-43,355,18.3014,34.9069
2019-05-19 07-20-45,355,18.2663,34.8936
2019-05-19 07-20-47,356,18.3014,34.8936
2019-05-19 07-20-49,356,18.2983,34.8802
2019-05-19 07-20-51,356,18.3167,34.8936
2019-05-19 07-20-53,356,18.3563,34.9203
2019-05-19 07-20-57,356,18.3014,34.9203
2019-05-19 07-20-59,356,18.3014,34.8936
2019-05-19 07-21-01,357,18.3167,34.8642
2019-05-19 07-21-03,357,18.3334,34.8642
2019-05-19 07-21-05,357,18.3716,34.8642
2019-05-19 07-21-07,357,18.3517,34.8375
2019-05-19 07-21-09,357,18.3533,34.8508
2019-05-19 07-21-11,357,18.3853,34.8241
2019-05-19 07-21-15,357,18.3701,34.8375
2019-05-19 07-21-17,356,18.3151,34.8375
2019-05-19 07-21-19,357,18.4219,34.8642
2019-05-19 07-21-21,356,18.3701,34.8508
2019-05-19 07-21-23,356,18.3701,34.8508
2019-05-19 07-21-25,357,18.3334,34.8642
2019-05-19 07-21-27,357,18.3334,34.8375
2019-05-19 07-21-31,358,18.3533,34.8508
2019-05-19 07-21-33,357,18.3701,34.8508
2019-05-19 07-21-35,356,18.3701,34.8508
2019-05-19 07-21-37,357,18.3334,34.8508
2019-05-19 07-21-39,356,18.3151,34.8508
2019-05-19 07-21-41,357,18.28,34.8642
2019-05-19 07-21-43,357,18.2983,34.8642
2019-05-19 07-21-45,357,18.3167,34.8642
2019-05-19 07-21-49,357,18.3533,34.8802
2019-05-19 07-21-51,357,18.335,34.8802
2019-05-19 07-21-53,358,18.2831,34.8936
2019-05-19 07-21-55,358,18.28,34.8642
2019-05-19 07-21-57,359,18.3197,34.9069
2019-05-19 07-21-59,359,18.3197,34.9069
2019-05-19 07-22-01,360,18.3014,34.9069
2019-05-19 07-22-03,359,18.251,34.9363
2019-05-19 07-22-07,360,18.251,34.9363
2019-05-19 07-22-09,360,18.2663,34.9203
2019-05-19 07-22-11,360,18.2343,34.9363
2019-05-19 07-22-13,361,18.251,34.9363
2019-05-19 07-22-15,361,18.1961,34.9496
2019-05-19 07-22-17,361,18.2877,34.9496
2019-05-19 07-22-19,361,18.2343,34.963
2019-05-19 07-22-23,361,18.2159,34.9496
2019-05-19 07-22-25,361,18.251,34.9496
2019-05-19 07-22-27,361,18.251,34.9496
2019-05-19 07-22-29,361,18.2343,34.963
2019-05-19 07-22-31,361,18.2343,34.9363
2019-05-19 07-22-33,361,18.1976,34.963
2019-05-19 07-22-35,362,18.2159,34.9363
2019-05-19 07-22-37,362,18.2343,34.9496
2019-05-19 07-22-41,362,18.2693,34.9363
2019-05-19 07-22-43,362,18.2693,34.9496
2019-05-19 07-22-45,362,18.251,34.9496
2019-05-19 07-22-47,362,18.3029,34.9496
2019-05-19 07-22-49,362,18.2343,34.963
2019-05-19 07-22-51,362,18.2343,34.963
2019-05-19 07-22-53,362,18.251,34.9363
2019-05-19 07-22-55,362,18.2693,34.9496
2019-05-19 07-22-59,362,18.248,34.9069
2019-05-19 07-23-01,362,18.3212,34.9496
2019-05-19 07-23-03,361,18.251,34.9496
2019-05-19 07-23-05,361,18.3197,34.9203
2019-05-19 07-23-07,361,18.2648,34.8802
2019-05-19 07-23-09,361,18.2846,34.9203
2019-05-19 07-23-11,361,18.3014,34.9069
2019-05-19 07-23-13,361,18.3014,34.9069
2019-05-19 07-23-17,361,18.3014,34.8936
2019-05-19 07-23-19,360,18.335,34.8802
2019-05-19 07-23-21,360,18.3167,34.8642
2019-05-19 07-23-23,360,18.2983,34.8508
2019-05-19 07-23-25,360,18.3533,34.8642
2019-05-19 07-23-27,360,18.3716,34.8642
2019-05-19 07-23-29,360,18.3533,34.8802
2019-05-19 07-23-33,359,18.3334,34.8642
2019-05-19 07-23-35,360,18.3716,34.8642
2019-05-19 07-23-38,360,18.3517,34.8375
2019-05-19 07-23-40,360,18.335,34.8802
2019-05-19 07-23-42,360,18.335,34.8936
2019-05-19 07-23-44,360,18.3334,34.8642
2019-05-19 07-23-46,360,18.335,34.8802
2019-05-19 07-23-48,360,18.3014,34.8936
2019-05-19 07-23-52,360,18.3014,34.8936
2019-05-19 07-23-54,361,18.335,34.8936
2019-05-19 07-23-56,360,18.2983,34.8802
2019-05-19 07-23-58,360,18.3167,34.8642
2019-05-19 07-24-00,360,18.2983,34.8802
2019-05-19 07-24-02,360,18.2831,34.8802
2019-05-19 07-24-04,361,18.2831,34.8802
2019-05-19 07-24-06,361,18.3151,34.8508
2019-05-19 07-24-10,361,18.3517,34.8375
2019-05-19 07-24-12,361,18.2983,34.8508
2019-05-19 07-24-14,361,18.3517,34.8375
2019-05-19 07-24-16,361,18.3884,34.8508
2019-05-19 07-24-18,361,18.28,34.8508
2019-05-19 07-24-20,361,18.3884,34.8642
2019-05-19 07-24-22,360,18.2983,34.8642
2019-05-19 07-24-26,360,18.335,34.8802
2019-05-19 07-24-28,360,18.3716,34.8936
2019-05-19 07-24-30,360,18.335,34.8802
2019-05-19 07-24-32,360,18.3563,34.8936
2019-05-19 07-24-34,360,18.2846,34.9363
2019-05-19 07-24-36,360,18.3014,34.9203
2019-05-19 07-24-38,360,18.3197,34.9069
2019-05-19 07-24-40,360,18.3014,34.9069
2019-05-19 07-24-44,360,18.2663,34.9069
2019-05-19 07-24-46,361,18.2144,34.9069
2019-05-19 07-24-48,361,18.3014,34.8936
2019-05-19 07-24-50,362,18.335,34.9069
2019-05-19 07-24-52,362,18.3197,34.9069
2019-05-19 07-24-54,361,18.3167,34.8936
2019-05-19 07-24-56,361,18.3014,34.8936
2019-05-19 07-24-58,361,18.3167,34.8936
2019-05-19 07-25-02,362,18.335,34.8936
2019-05-19 07-25-04,361,18.3899,34.8936
2019-05-19 07-25-06,361,18.3563,34.8936
2019-05-19 07-25-08,361,18.3167,34.8936
2019-05-19 07-25-10,362,18.3151,34.8508
2019-05-19 07-25-12,362,18.3151,34.8375
2019-05-19 07-25-14,362,18.3853,34.8081
2019-05-19 07-25-16,362,18.3701,34.8375
2019-05-19 07-25-20,362,18.4021,34.8081
2019-05-19 07-25-22,362,18.399,34.7681
2019-05-19 07-25-24,362,18.4677,34.7494
2019-05-19 07-25-26,362,18.5043,34.736
2019-05-19 07-25-28,361,18.4158,34.7494
2019-05-19 07-25-30,361,18.4357,34.7814
2019-05-19 07-25-32,360,18.454,34.7948
2019-05-19 07-25-36,360,18.3853,34.8241
2019-05-19 07-25-38,360,18.4204,34.8241
2019-05-19 07-25-40,360,18.4219,34.8375
2019-05-19 07-25-42,361,18.3853,34.8081
2019-05-19 07-25-44,361,18.3533,34.8508
2019-05-19 07-25-46,361,18.3533,34.8802
2019-05-19 07-25-48,361,18.3563,34.8936
2019-05-19 07-25-50,362,18.3167,34.8802
2019-05-19 07-25-54,361,18.335,34.8802
2019-05-19 07-25-56,361,18.3014,34.8936
2019-05-19 07-25-58,361,18.2831,34.9069
2019-05-19 07-26-00,361,18.335,34.9069
2019-05-19 07-26-02,362,18.3014,34.9203
2019-05-19 07-26-04,362,18.3014,34.9069
2019-05-19 07-26-06,362,18.3014,34.9069
2019-05-19 07-26-08,362,18.3167,34.8936
2019-05-19 07-26-12,362,18.28,34.8508
2019-05-19 07-26-14,363,18.3167,34.8936
2019-05-19 07-26-16,362,18.3716,34.8802
2019-05-19 07-26-18,362,18.3197,34.9069
2019-05-19 07-26-20,361,18.2831,34.8936
2019-05-19 07-26-22,362,18.2663,34.9069
2019-05-19 07-26-24,362,18.335,34.9069
2019-05-19 07-26-26,362,18.2831,34.9069
2019-05-19 07-26-30,362,18.2846,34.9363
2019-05-19 07-26-32,362,18.3014,34.9203
2019-05-19 07-26-34,362,18.3029,34.9363
2019-05-19 07-26-36,362,18.2846,34.9363
2019-05-19 07-26-38,362,18.2343,34.9363
2019-05-19 07-26-40,362,18.2159,34.9363
2019-05-19 07-26-42,362,18.2663,34.9203
2019-05-19 07-26-46,362,18.2663,34.9203
2019-05-19 07-26-48,362,18.3197,34.9203
2019-05-19 07-26-50,362,18.2831,34.9069
2019-05-19 07-26-52,362,18.2831,34.9069
2019-05-19 07-26-54,362,18.3167,34.8802
2019-05-19 07-26-56,362,18.335,34.8802
2019-05-19 07-26-58,362,18.2831,34.8936
2019-05-19 07-27-00,362,18.2648,34.8802
2019-05-19 07-27-04,362,18.3533,34.8802
2019-05-19 07-27-06,362,18.3701,34.8508
2019-05-19 07-27-08,362,18.335,34.8802
2019-05-19 07-27-10,361,18.4067,34.8802
2019-05-19 07-27-12,361,18.2983,34.8642
2019-05-19 07-27-14,361,18.2983,34.8802
2019-05-19 07-27-16,360,18.2983,34.8642
2019-05-19 07-27-18,360,18.2831,34.8936
2019-05-19 07-27-22,360,18.3014,34.9069
2019-05-19 07-27-24,360,18.3197,34.9203
2019-05-19 07-27-26,360,18.2663,34.9069
2019-05-19 07-27-28,360,18.2846,34.9363
2019-05-19 07-27-30,360,18.2693,34.9363
2019-05-19 07-27-32,360,18.3395,34.963
2019-05-19 07-27-34,361,18.2846,34.9203
2019-05-19 07-27-38,361,18.2343,34.9496
2019-05-19 07-27-40,361,18.3029,34.9363
2019-05-19 07-27-42,361,18.1976,34.963
2019-05-19 07-27-44,361,18.251,34.9496
2019-05-19 07-27-46,361,18.2343,34.963
2019-05-19 07-27-48,361,18.2343,34.963
2019-05-19 07-27-50,361,18.2343,34.9496
2019-05-19 07-27-52,361,18.251,34.9363
2019-05-19 07-27-56,361,18.306,34.963
2019-05-19 07-27-58,361,18.2159,34.9496
2019-05-19 07-28-00,360,18.251,34.9363
2019-05-19 07-28-02,360,18.2159,34.9496
2019-05-19 07-28-04,360,18.251,34.9496
2019-05-19 07-28-06,360,18.251,34.9496
2019-05-19 07-28-08,360,18.2693,34.9496
2019-05-19 07-28-10,360,18.219,34.9924
2019-05-19 07-28-14,360,18.1976,34.963
2019-05-19 07-28-16,360,18.2526,34.9763
2019-05-19 07-28-18,360,18.2526,34.9763
2019-05-19 07-28-20,361,18.2693,34.963
2019-05-19 07-28-22,361,18.2526,34.9763
2019-05-19 07-28-24,361,18.219,34.963
2019-05-19 07-28-26,361,18.2373,34.9763
2019-05-19 07-28-28,361,18.2556,35.0057
2019-05-19 07-28-32,361,18.2007,35.0057
2019-05-19 07-28-34,361,18.1656,35.0324
2019-05-19 07-28-36,362,18.1503,35.0324
2019-05-19 07-28-38,362,18.1839,35.0324
2019-05-19 07-28-40,363,18.1839,35.0484
2019-05-19 07-28-42,363,18.1503,35.0324
2019-05-19 07-28-44,363,18.1686,35.0484
2019-05-19 07-28-49,364,18.2007,35.0191
2019-05-19 07-28-51,364,18.2205,35.0324
2019-05-19 07-28-53,364,18.2205,35.0057
2019-05-19 07-28-55,364,18.2007,35.0057
2019-05-19 07-28-57,364,18.2205,35.0191
2019-05-19 07-28-59,364,18.2205,35.0057
2019-05-19 07-29-01,365,18.2556,35.0057
2019-05-19 07-29-03,364,18.1824,35.0057
2019-05-19 07-29-07,365,18.219,34.9924
2019-05-19 07-29-09,364,18.2205,35.0191
2019-05-19 07-29-11,364,18.2205,35.0191
2019-05-19 07-29-13,364,18.2205,35.0057
2019-05-19 07-29-15,364,18.2739,35.0191
2019-05-19 07-29-17,364,18.1473,34.9924
2019-05-19 07-29-19,365,18.2205,35.0191
2019-05-19 07-29-21,364,18.2709,35.0057
2019-05-19 07-29-25,364,18.1824,35.0057
2019-05-19 07-29-27,364,18.1824,35.0057
2019-05-19 07-29-29,364,18.2373,35.0057
2019-05-19 07-29-31,364,18.1656,35.0191
2019-05-19 07-29-33,363,18.1503,35.0324
2019-05-19 07-29-35,362,18.1839,35.0484
2019-05-19 07-29-37,362,18.1503,35.0618
2019-05-19 07-29-41,362,18.1152,35.0618
2019-05-19 07-29-43,363,18.1686,35.0618
2019-05-19 07-29-45,362,18.1503,35.0618
2019-05-19 07-29-47,363,18.1183,35.0912
2019-05-19 07-29-49,364,18.1015,35.1045
2019-05-19 07-29-51,365,18.0817,35.0751
2019-05-19 07-29-53,367,18.1,35.0751
2019-05-19 07-29-55,365,18.1335,35.0618
2019-05-19 07-29-59,365,18.1183,35.0912
2019-05-19 07-30-01,363,18.0832,35.1045
2019-05-19 07-30-03,364,18.0862,35.1312
2019-05-19 07-30-05,363,18.0679,35.1179
2019-05-19 07-30-07,363,18.0862,35.1472
2019-05-19 07-30-09,364,18.1046,35.1606
2019-05-19 07-30-11,364,18.0328,35.1606
2019-05-19 07-30-13,365,18.0725,35.1873
2019-05-19 07-30-17,365,18.0328,35.1873
2019-05-19 07-30-19,366,18.0878,35.174
2019-05-19 07-30-21,367,18.0725,35.1873
2019-05-19 07-30-23,366,18.0496,35.174
2019-05-19 07-30-25,366,18.0328,35.174
2019-05-19 07-30-27,366,18.0328,35.174
2019-05-19 07-30-29,367,18.0496,35.1606
2019-05-19 07-30-31,367,18.0145,35.1606
2019-05-19 07-30-35,367,18.0695,35.174
2019-05-19 07-30-37,367,18.0695,35.1606
2019-05-19 07-30-39,367,18.0695,35.1606
2019-05-19 07-30-41,367,18.0695,35.174
2019-05-19 07-30-43,366,18.0466,35.1312
2019-05-19 07-30-45,366,18.0695,35.1472
2019-05-19 07-30-47,367,18.0695,35.1606
2019-05-19 07-30-49,367,18.0862,35.1472
2019-05-19 07-30-53,367,18.1229,35.1472
2019-05-19 07-30-55,367,18.0862,35.1472
2019-05-19 07-30-57,368,18.0862,35.1312
2019-05-19 07-30-59,367,18.0679,35.1179
2019-05-19 07-31-01,367,18.045,35.0912
2019-05-19 07-31-03,367,18.1015,35.1045
2019-05-19 07-31-05,367,18.0817,35.0751
2019-05-19 07-31-07,367,18.1366,35.0912
2019-05-19 07-31-11,366,18.1198,35.1179
2019-05-19 07-31-13,367,18.1335,35.0751
2019-05-19 07-31-15,366,18.1183,35.0912
2019-05-19 07-31-17,367,18.1503,35.0618
2019-05-19 07-31-19,366,18.1366,35.0912
2019-05-19 07-31-21,366,18.1183,35.0912
2019-05-19 07-31-23,366,18.1885,35.1179
2019-05-19 07-31-25,366,18.0832,35.0912
2019-05-19 07-31-29,366,18.1366,35.1045
2019-05-19 07-31-31,366,18.045,35.0912
2019-05-19 07-31-33,365,18.1702,35.1179
2019-05-19 07-31-35,365,18.0679,35.1312
2019-05-19 07-31-37,365,18.1183,35.1045
2019-05-19 07-31-39,366,18.1183,35.0912
2019-05-19 07-31-41,366,18.1702,35.1045
2019-05-19 07-31-43,366,18.1549,35.1045
2019-05-19 07-31-47,366,18.1366,35.0912
2019-05-19 07-31-49,366,18.1,35.0751
2019-05-19 07-31-51,365,18.1366,35.0912
2019-05-19 07-31-53,365,18.1,35.0912
2019-05-19 07-31-55,364,18.1366,35.1045
2019-05-19 07-31-57,364,18.1183,35.1045
2019-05-19 07-31-59,365,18.1885,35.1179
2019-05-19 07-32-03,365,18.1015,35.1312
2019-05-19 07-32-05,365,18.1229,35.1472
2019-05-19 07-32-07,365,18.0679,35.1312
2019-05-19 07-32-09,366,18.0496,35.1606
2019-05-19 07-32-11,366,18.0862,35.1312
2019-05-19 07-32-13,366,18.1198,35.1179
2019-05-19 07-32-15,365,18.0862,35.1312
2019-05-19 07-32-17,365,18.0313,35.1472
2019-05-19 07-32-21,365,18.0145,35.1606
2019-05-19 07-32-23,365,18.0695,35.1606
2019-05-19 07-32-25,364,17.9993,35.1873
2019-05-19 07-32-27,364,18.0328,35.1873
2019-05-19 07-32-29,364,18.0176,35.1873
2019-05-19 07-32-31,364,18.0313,35.1472
2019-05-19 07-32-33,364,18.0695,35.174
2019-05-19 07-32-35,364,18.0695,35.1606
2019-05-19 07-32-39,364,18.0145,35.174
2019-05-19 07-32-41,364,18.1564,35.174
2019-05-19 07-32-43,364,18.013,35.1312
2019-05-19 07-32-45,364,18.0466,35.1179
2019-05-19 07-32-47,364,18.045,35.0912
2019-05-19 07-32-49,364,18.0832,35.1045
2019-05-19 07-32-51,363,18.1152,35.0618
2019-05-19 07-32-53,363,18.1503,35.0484
2019-05-19 07-32-57,363,18.1366,35.0912
2019-05-19 07-32-59,362,18.1183,35.0912
2019-05-19 07-33-01,362,18.0679,35.1045
2019-05-19 07-33-03,362,18.1366,35.1045
2019-05-19 07-33-05,363,18.0862,35.1312
2019-05-19 07-33-07,363,18.1381,35.1312
2019-05-19 07-33-09,363,18.1366,35.1045
2019-05-19 07-33-11,363,18.0679,35.1312
2019-05-19 07-33-15,363,18.0466,35.1045
2019-05-19 07-33-17,364,18.0862,35.1312
2019-05-19 07-33-19,363,18.1015,35.1312
2019-05-19 07-33-21,363,18.1549,35.1179
2019-05-19 07-33-23,363,18.1183,35.1045
2019-05-19 07-33-25,363,18.0679,35.1179
2019-05-19 07-33-27,363,18.0862,35.1179
2019-05-19 07-33-31,363,18.1366,35.1045
2019-05-19 07-33-33,363,18.0832,35.1045
2019-05-19 07-33-35,364,18.1015,35.1045
2019-05-19 07-33-37,363,18.1229,35.1472
2019-05-19 07-33-39,363,18.1381,35.1312
2019-05-19 07-33-41,363,18.0313,35.1472
2019-05-19 07-33-43,363,18.0862,35.1472
2019-05-19 07-33-45,363,18.0496,35.1606
2019-05-19 07-33-49,363,18.0695,35.1606
2019-05-19 07-33-51,363,18.0878,35.1606
2019-05-19 07-33-53,363,18.0328,35.1873
2019-05-19 07-33-55,363,18.0878,35.174
2019-05-19 07-33-58,363,18.0328,35.1873
2019-05-19 07-34-00,363,17.9993,35.2033
2019-05-19 07-34-02,362,18.0496,35.174
2019-05-19 07-34-04,363,17.9306,35.2033
2019-05-19 07-34-08,363,18.0176,35.2033
2019-05-19 07-34-10,364,17.9993,35.2033
2019-05-19 07-34-12,364,17.9626,35.174
2019-05-19 07-34-14,364,18.0328,35.1606
2019-05-19 07-34-16,363,18.0328,35.1873
2019-05-19 07-34-18,363,18.0145,35.1606
2019-05-19 07-34-20,364,18.0496,35.1606
2019-05-19 07-34-22,364,18.0679,35.1312
2019-05-19 07-34-26,364,18.0145,35.1472
2019-05-19 07-34-28,364,18.0466,35.1312
2019-05-19 07-34-30,363,18.1198,35.1312
2019-05-19 07-34-32,363,18.1198,35.1179
2019-05-19 07-34-34,363,18.1381,35.1312
2019-05-19 07-34-36,364,18.1015,35.1179
2019-05-19 07-34-38,364,18.1183,35.0912
2019-05-19 07-34-40,364,18.1702,35.1045
2019-05-19 07-34-44,363,18.1183,35.0912
2019-05-19 07-34-46,363,18.1702,35.1179
2019-05-19 07-34-48,363,18.1366,35.1179
2019-05-19 07-34-50,363,18.1366,35.1045
2019-05-19 07-34-52,363,18.1198,35.1312
2019-05-19 07-34-54,363,18.1198,35.1179
2019-05-19 07-34-56,364,18.1046,35.1472
2019-05-19 07-34-58,364,18.1046,35.1472
2019-05-19 07-35-02,364,18.0695,35.1472
2019-05-19 07-35-04,364,18.0496,35.1606
2019-05-19 07-35-06,364,18.0862,35.1472
2019-05-19 07-35-08,365,18.0496,35.1472
2019-05-19 07-35-10,365,18.0679,35.1312
2019-05-19 07-35-12,365,18.0496,35.1472
2019-05-19 07-35-14,365,18.0313,35.1312
2019-05-19 07-35-16,365,17.9962,35.1606
2019-05-19 07-35-20,365,18.0145,35.1472
2019-05-19 07-35-22,365,18.0695,35.174
2019-05-19 07-35-24,364,18.0313,35.1312
2019-05-19 07-35-26,364,18.0679,35.1312
2019-05-19 07-35-28,364,18.0496,35.1472
2019-05-19 07-35-30,364,18.0145,35.1606
2019-05-19 07-35-32,364,18.0496,35.1472
2019-05-19 07-35-36,365,18.013,35.1179
2019-05-19 07-35-38,366,18.0466,35.1045
2019-05-19 07-35-40,366,18.1015,35.1179
2019-05-19 07-35-42,367,18.0679,35.1045
2019-05-19 07-35-44,367,18.0862,35.1179
2019-05-19 07-35-46,367,18.0832,35.1045
2019-05-19 07-35-48,367,18.0862,35.1472
2019-05-19 07-35-50,367,18.0695,35.1472
2019-05-19 07-35-54,367,18.0679,35.1312
2019-05-19 07-35-56,367,18.0466,35.1312
2019-05-19 07-35-58,366,18.1015,35.1179
2019-05-19 07-36-00,367,18.0283,35.1045
2019-05-19 07-36-02,367,18.1015,35.1045
2019-05-19 07-36-04,366,18.0832,35.0912
2019-05-19 07-36-06,366,18.1,35.0912
2019-05-19 07-36-08,366,18.045,35.0618
2019-05-19 07-36-12,366,18.1183,35.0912
2019-05-19 07-36-14,366,18.2053,35.0912
2019-05-19 07-36-16,365,18.1519,35.0912
2019-05-19 07-36-18,365,18.1183,35.1045
2019-05-19 07-36-20,365,18.0832,35.1045
2019-05-19 07-36-22,366,18.1015,35.1179
2019-05-19 07-36-24,366,18.1549,35.1179
2019-05-19 07-36-26,365,18.1366,35.1179
2019-05-19 07-36-30,365,18.0862,35.1179
2019-05-19 07-36-32,365,18.0679,35.1179
2019-05-19 07-36-34,366,18.0679,35.1179
2019-05-19 07-36-36,366,18.1015,35.1179
2019-05-19 07-36-38,366,18.1198,35.1179
2019-05-19 07-36-40,366,18.1015,35.1045
2019-05-19 07-36-42,366,18.0466,35.1312
2019-05-19 07-36-46,366,18.0878,35.174
2019-05-19 07-36-48,366,18.0695,35.1606
2019-05-19 07-36-50,365,18.0878,35.1606
2019-05-19 07-36-52,365,17.9962,35.1606
2019-05-19 07-36-54,365,18.0695,35.1472
2019-05-19 07-36-56,365,18.0313,35.1312
2019-05-19 07-36-58,365,18.0679,35.1312
2019-05-19 07-37-00,365,18.1015,35.1312
2019-05-19 07-37-04,365,18.1198,35.1179
2019-05-19 07-37-06,365,18.1702,35.1045
2019-05-19 07-37-08,364,18.1152,35.0618
2019-05-19 07-37-10,364,18.1686,35.0751
2019-05-19 07-37-12,364,18.1656,35.0324
2019-05-19 07-37-14,364,18.132,35.0324
2019-05-19 07-37-16,364,18.132,35.0324
2019-05-19 07-37-18,364,18.1656,35.0191
2019-05-19 07-37-22,364,18.2388,35.0191
2019-05-19 07-37-24,363,18.2007,35.0324
2019-05-19 07-37-26,363,18.1686,35.0484
2019-05-19 07-37-28,363,18.2236,35.0618
2019-05-19 07-37-30,363,18.1686,35.0618
2019-05-19 07-37-32,362,18.0817,35.0618
2019-05-19 07-37-34,362,18.187,35.0751
2019-05-19 07-37-36,362,18.1,35.0618
2019-05-19 07-37-40,362,18.1,35.0912
2019-05-19 07-37-42,362,18.1519,35.0912
2019-05-19 07-37-44,362,18.1366,35.0912
2019-05-19 07-37-46,362,18.1152,35.0618
2019-05-19 07-37-48,361,18.1183,35.0912
2019-05-19 07-37-50,361,18.1519,35.0912
2019-05-19 07-37-52,361,18.1366,35.0912
2019-05-19 07-37-56,361,18.1183,35.1045
2019-05-19 07-37-58,361,18.1,35.0912
2019-05-19 07-38-00,361,18.0832,35.1045
2019-05-19 07-38-02,362,18.1183,35.0912
2019-05-19 07-38-04,362,18.0649,35.0912
2019-05-19 07-38-06,363,18.1366,35.1045
2019-05-19 07-38-08,363,18.1503,35.0484
2019-05-19 07-38-10,363,18.132,35.0324
2019-05-19 07-38-14,363,18.2205,35.0191
2019-05-19 07-38-16,363,18.219,34.9924
2019-05-19 07-38-18,363,18.219,34.9924
2019-05-19 07-38-20,363,18.2373,34.9924
2019-05-19 07-38-22,362,18.2388,35.0324
2019-05-19 07-38-24,362,18.2236,35.0484
2019-05-19 07-38-26,362,18.1885,35.1045
2019-05-19 07-38-28,361,18.1366,35.0912
2019-05-19 07-38-32,361,18.1,35.0751
2019-05-19 07-38-34,361,18.1366,35.1045
2019-05-19 07-38-36,361,18.0832,35.1045
2019-05-19 07-38-38,361,18.1183,35.1045
2019-05-19 07-38-40,361,18.1183,35.0912
2019-05-19 07-38-42,361,18.2251,35.1045
2019-05-19 07-38-44,361,18.1183,35.1045
2019-05-19 07-38-46,361,18.1015,35.1045
2019-05-19 07-38-50,361,18.1519,35.0912
2019-05-19 07-38-52,361,18.1366,35.1179
2019-05-19 07-38-54,361,18.0832,35.0912
2019-05-19 07-38-56,362,18.1366,35.0912
2019-05-19 07-38-58,362,18.1183,35.0912
2019-05-19 07-39-00,362,18.1702,35.0912
2019-05-19 07-39-03,362,18.1,35.0912
2019-05-19 07-39-07,361,18.1366,35.1179
2019-05-19 07-39-09,361,18.1366,35.0912
2019-05-19 07-39-11,362,18.1015,35.1312
2019-05-19 07-39-13,362,18.0862,35.1312
2019-05-19 07-39-15,362,18.1229,35.1472
2019-05-19 07-39-17,362,18.1564,35.1472
2019-05-19 07-39-19,362,18.1412,35.174
2019-05-19 07-39-21,362,18.0878,35.1873
2019-05-19 07-39-25,362,18.0511,35.1873
2019-05-19 07-39-27,361,18.0695,35.174
2019-05-19 07-39-29,362,18.0359,35.2033
2019-05-19 07-39-31,362,18.074,35.2327
2019-05-19 07-39-33,362,17.9688,35.2621
2019-05-19 07-39-35,363,17.9718,35.3021
2019-05-19 07-39-37,363,17.9535,35.2888
2019-05-19 07-39-39,363,17.8986,35.3182
2019-05-19 07-39-43,363,17.8802,35.2888
2019-05-19 07-39-45,364,17.8482,35.3315
2019-05-19 07-39-47,364,17.8635,35.3021
2019-05-19 07-39-49,364,17.8986,35.3182
2019-05-19 07-39-51,365,17.9367,35.3182
2019-05-19 07-39-53,365,17.8818,35.3021
2019-05-19 07-39-55,365,17.9184,35.3021
2019-05-19 07-39-57,365,17.9504,35.2754
2019-05-19 07-40-01,365,17.9855,35.2621
2019-05-19 07-40-03,365,17.9352,35.2754
2019-05-19 07-40-05,365,17.9352,35.2888
2019-05-19 07-40-07,365,17.9504,35.2754
2019-05-19 07-40-09,364,17.9169,35.2754
2019-05-19 07-40-11,364,17.9367,35.3021
2019-05-19 07-40-13,365,17.9352,35.2621
2019-05-19 07-40-17,365,17.9672,35.246
2019-05-19 07-40-19,365,17.9855,35.2621
2019-05-19 07-40-21,365,17.9672,35.246
2019-05-19 07-40-23,365,17.9855,35.2327
2019-05-19 07-40-25,364,17.9672,35.2327
2019-05-19 07-40-27,365,17.9642,35.2033
2019-05-19 07-40-29,365,17.9672,35.246
2019-05-19 07-40-31,365,17.9855,35.246
2019-05-19 07-40-35,365,17.9489,35.2327
2019-05-19 07-40-37,364,18.0008,35.2167
2019-05-19 07-40-39,364,18.0008,35.2327
2019-05-19 07-40-41,364,18.0191,35.2327
2019-05-19 07-40-43,365,18.0908,35.2033
2019-05-19 07-40-45,365,18.0176,35.2167
2019-05-19 07-40-47,364,17.9993,35.1873
2019-05-19 07-40-49,365,18.0511,35.2033
2019-05-19 07-40-53,365,18.0328,35.1873
2019-05-19 07-40-55,365,18.0511,35.2033
2019-05-19 07-40-57,365,17.981,35.1873
2019-05-19 07-40-59,365,18.0511,35.1873
2019-05-19 07-41-01,365,18.1061,35.1873
2019-05-19 07-41-03,365,18.0359,35.2033
2019-05-19 07-41-05,366,17.9962,35.1606
2019-05-19 07-41-07,365,18.0725,35.1873
2019-05-19 07-41-11,365,18.0725,35.1873
2019-05-19 07-41-13,365,18.0878,35.1606
2019-05-19 07-41-15,365,17.981,35.174
2019-05-19 07-41-17,366,18.0496,35.174
2019-05-19 07-41-19,366,18.0328,35.174
2019-05-19 07-41-21,366,18.0496,35.174
2019-05-19 07-41-23,366,18.1061,35.1873
2019-05-19 07-41-25,366,18.0725,35.1873
2019-05-19 07-41-29,365,18.0908,35.2033
2019-05-19 07-41-31,365,18.0176,35.2167
2019-05-19 07-41-33,365,18.0511,35.2033
2019-05-19 07-41-35,365,17.9489,35.2327
2019-05-19 07-41-37,365,17.9993,35.2033
2019-05-19 07-41-39,365,18.0176,35.2167
2019-05-19 07-41-41,365,18.0191,35.246
2019-05-19 07-41-43,365,17.9489,35.2327
2019-05-19 07-41-47,366,18.0008,35.246
2019-05-19 07-41-49,366,18.0176,35.2167
2019-05-19 07-41-51,366,18.0176,35.2167
2019-05-19 07-41-53,366,18.0008,35.2167
2019-05-19 07-41-55,367,18.0008,35.2327
2019-05-19 07-41-57,366,17.9993,35.2033
2019-05-19 07-41-59,366,18.0908,35.2327
2019-05-19 07-42-03,365,17.9855,35.2327
2019-05-19 07-42-05,365,17.9306,35.2167
2019-05-19 07-42-07,365,17.9855,35.2621
2019-05-19 07-42-09,365,17.9825,35.2167
2019-05-19 07-42-11,365,17.9855,35.246
2019-05-19 07-42-13,365,17.9672,35.2327
2019-05-19 07-42-15,365,17.9352,35.2621
2019-05-19 07-42-17,364,17.9504,35.246
2019-05-19 07-42-21,364,17.9504,35.246
2019-05-19 07-42-23,364,17.9855,35.2621
2019-05-19 07-42-25,364,17.9321,35.2327
2019-05-19 07-42-27,364,17.9169,35.246
2019-05-19 07-42-29,364,17.9504,35.246
2019-05-19 07-42-31,364,17.9352,35.2621
2019-05-19 07-42-33,364,17.9855,35.2621
2019-05-19 07-42-35,364,17.9504,35.2754
2019-05-19 07-42-39,364,17.9352,35.2754
2019-05-19 07-42-41,365,18.0038,35.2621
2019-05-19 07-42-43,364,17.9688,35.2888
2019-05-19 07-42-45,364,17.9184,35.3021
2019-05-19 07-42-47,364,17.8635,35.3182
2019-05-19 07-42-49,364,17.9367,35.3182
2019-05-19 07-42-51,364,17.8452,35.3021
2019-05-19 07-42-53,365,17.9169,35.2754
2019-05-19 07-42-57,365,17.9321,35.246
2019-05-19 07-42-59,365,17.9504,35.2754
2019-05-19 07-43-01,365,17.9504,35.246
2019-05-19 07-43-03,364,17.9352,35.2621
2019-05-19 07-43-05,364,17.9504,35.2754
2019-05-19 07-43-07,364,17.9321,35.246
2019-05-19 07-43-09,364,17.8955,35.2754
2019-05-19 07-43-11,364,17.9672,35.246
2019-05-19 07-43-15,364,17.9352,35.2621
2019-05-19 07-43-17,364,17.9688,35.2621
2019-05-19 07-43-19,363,17.9688,35.2754
2019-05-19 07-43-21,363,17.9504,35.2754
2019-05-19 07-43-23,363,17.9535,35.2888
2019-05-19 07-43-25,362,18.0038,35.2754
2019-05-19 07-43-27,362,17.8986,35.3021
2019-05-19 07-43-31,362,17.9169,35.2621
2019-05-19 07-43-33,363,17.9535,35.2888
2019-05-19 07-43-35,363,18.0008,35.246
2019-05-19 07-43-37,363,17.9688,35.2888
2019-05-19 07-43-39,364,17.9352,35.2754
2019-05-19 07-43-41,363,17.9855,35.2621
2019-05-19 07-43-43,363,17.9504,35.2754
2019-05-19 07-43-45,363,17.9352,35.2754
2019-05-19 07-43-49,363,18.0191,35.2327
2019-05-19 07-43-51,363,17.9825,35.2167
2019-05-19 07-43-53,362,17.9489,35.2327
2019-05-19 07-43-55,362,17.9855,35.246
2019-05-19 07-43-57,362,17.9672,35.2167
2019-05-19 07-43-59,362,18.0008,35.2327
2019-05-19 07-44-01,363,18.0008,35.2327
2019-05-19 07-44-03,363,17.9855,35.2327
2019-05-19 07-44-07,362,18.0542,35.2327
2019-05-19 07-44-09,362,18.0908,35.2327
2019-05-19 07-44-12,362,17.9855,35.246
2019-05-19 07-44-14,362,18.0008,35.246
2019-05-19 07-44-16,362,17.9688,35.2621
2019-05-19 07-44-18,361,17.9855,35.2621
2019-05-19 07-44-20,361,17.9688,35.2621
2019-05-19 07-44-22,361,17.9169,35.2621
2019-05-19 07-44-26,361,17.9688,35.2888
2019-05-19 07-44-28,361,17.9169,35.2754
2019-05-19 07-44-30,362,18.0054,35.2888
2019-05-19 07-44-32,362,18.0405,35.2888
2019-05-19 07-44-34,362,17.9688,35.2888
2019-05-19 07-44-36,362,17.9504,35.2621
2019-05-19 07-44-38,362,17.9855,35.2621
2019-05-19 07-44-40,362,17.9855,35.2327
2019-05-19 07-44-44,362,17.9672,35.2327
2019-05-19 07-44-46,361,18.0542,35.2167
2019-05-19 07-44-48,361,18.0176,35.2033
2019-05-19 07-44-50,361,18.0359,35.2033
2019-05-19 07-44-52,360,18.0511,35.2033
2019-05-19 07-44-54,360,18.0328,35.1873
2019-05-19 07-44-56,360,18.0878,35.1873
2019-05-19 07-44-58,360,18.0695,35.174
2019-05-19 07-45-02,360,18.0878,35.174
2019-05-19 07-45-04,359,18.0496,35.1606
2019-05-19 07-45-06,359,18.0328,35.174
2019-05-19 07-45-08,359,18.0878,35.1873
2019-05-19 07-45-10,359,18.0725,35.2033
2019-05-19 07-45-12,359,18.0511,35.1873
2019-05-19 07-45-14,359,18.0328,35.174
2019-05-19 07-45-18,359,18.0496,35.174
2019-05-19 07-45-20,360,17.981,35.1873
2019-05-19 07-45-22,360,18.0328,35.1873
2019-05-19 07-45-24,359,18.0878,35.174
2019-05-19 07-45-26,360,17.9993,35.1873
2019-05-19 07-45-28,359,17.9993,35.1873
2019-05-19 07-45-30,359,18.0176,35.2167
2019-05-19 07-45-32,359,18.0176,35.2033
2019-05-19 07-45-36,359,18.0176,35.1873
2019-05-19 07-45-38,360,18.0145,35.174
2019-05-19 07-45-40,360,18.0496,35.174
2019-05-19 07-45-42,360,18.0145,35.1472
2019-05-19 07-45-44,360,18.0283,35.1179
2019-05-19 07-45-46,360,18.1366,35.1179
2019-05-19 07-45-48,360,18.0649,35.0912
2019-05-19 07-45-50,360,18.187,35.0751
2019-05-19 07-45-54,360,18.1366,35.1045
2019-05-19 07-45-56,360,18.1549,35.1045
2019-05-19 07-45-58,360,18.1,35.0912
2019-05-19 07-46-00,359,18.1702,35.0912
2019-05-19 07-46-02,359,18.1183,35.0751
2019-05-19 07-46-04,359,18.2053,35.0912
2019-05-19 07-46-06,359,18.1,35.0912
2019-05-19 07-46-08,359,18.1015,35.1179
2019-05-19 07-46-12,359,18.0832,35.1045
2019-05-19 07-46-14,359,18.1015,35.1179
2019-05-19 07-46-16,359,18.1015,35.1045
2019-05-19 07-46-18,359,18.1198,35.1312
2019-05-19 07-46-20,359,18.1549,35.1312
2019-05-19 07-46-22,359,18.1229,35.1472
2019-05-19 07-46-24,359,18.1015,35.1179
2019-05-19 07-46-26,359,18.1198,35.1179
2019-05-19 07-46-30,359,18.1198,35.1179
2019-05-19 07-46-32,360,18.0679,35.1045
2019-05-19 07-46-34,359,18.0832,35.0912
2019-05-19 07-46-36,359,18.1183,35.1045
2019-05-19 07-46-38,359,18.1198,35.1179
2019-05-19 07-46-40,359,18.1015,35.1045
2019-05-19 07-46-42,360,18.1366,35.1179
2019-05-19 07-46-44,359,18.1198,35.1179
2019-05-19 07-46-48,359,18.0832,35.1045
2019-05-19 07-46-50,359,18.0862,35.1472
2019-05-19 07-46-52,359,18.0679,35.1179
2019-05-19 07-46-54,359,18.0679,35.1312
2019-05-19 07-46-56,360,18.0679,35.1312
2019-05-19 07-46-58,359,18.1381,35.1606
2019-05-19 07-47-00,359,18.0878,35.1606
2019-05-19 07-47-04,359,18.0466,35.1312
2019-05-19 07-47-06,360,18.0145,35.174
2019-05-19 07-47-08,360,18.1015,35.1179
2019-05-19 07-47-10,360,18.1015,35.1045
2019-05-19 07-47-12,361,18.1366,35.1045
2019-05-19 07-47-14,360,18.1549,35.1179
2019-05-19 07-47-16,361,18.1519,35.0912
2019-05-19 07-47-18,361,18.1,35.0912
2019-05-19 07-47-22,360,18.1366,35.0912
2019-05-19 07-47-24,361,18.187,35.0912
2019-05-19 07-47-26,361,18.1366,35.0912
2019-05-19 07-47-28,360,18.1,35.0912
2019-05-19 07-47-30,360,18.1198,35.1312
2019-05-19 07-47-32,360,18.0862,35.1312
2019-05-19 07-47-34,360,18.0862,35.1472
2019-05-19 07-47-36,360,18.0496,35.1472
2019-05-19 07-47-40,360,18.1046,35.1472
2019-05-19 07-47-42,359,18.0878,35.1606
2019-05-19 07-47-44,359,18.0695,35.1606
2019-05-19 07-47-46,360,18.1412,35.1873
2019-05-19 07-47-48,359,18.1229,35.1472
2019-05-19 07-47-50,360,18.0496,35.1606
2019-05-19 07-47-52,359,18.0695,35.1606
2019-05-19 07-47-54,359,18.0145,35.1606
2019-05-19 07-47-58,359,18.1046,35.1472
2019-05-19 07-48-00,360,18.1229,35.174
2019-05-19 07-48-02,360,18.0878,35.1606
2019-05-19 07-48-04,361,18.0496,35.174
2019-05-19 07-48-06,361,18.1229,35.1472
2019-05-19 07-48-08,361,18.0466,35.1312
2019-05-19 07-48-10,361,18.0679,35.1312
2019-05-19 07-48-12,361,18.1366,35.0912
2019-05-19 07-48-16,361,18.0817,35.0618
2019-05-19 07-48-18,361,18.1335,35.0618
2019-05-19 07-48-20,361,18.2205,35.0324
2019-05-19 07-48-22,361,18.1839,35.0324
2019-05-19 07-48-24,361,18.1335,35.0484
2019-05-19 07-48-26,361,18.2007,35.0191
2019-05-19 07-48-28,361,18.2388,35.0324
2019-05-19 07-48-32,361,18.2205,35.0324
2019-05-19 07-48-34,361,18.1656,35.0191
2019-05-19 07-48-36,360,18.1839,35.0191
2019-05-19 07-48-38,360,18.2236,35.0618
2019-05-19 07-48-40,361,18.1839,35.0484
2019-05-19 07-48-42,360,18.1335,35.0484
2019-05-19 07-48-44,360,18.2236,35.0484
2019-05-19 07-48-46,360,18.1686,35.0484
2019-05-19 07-48-50,360,18.2205,35.0191
2019-05-19 07-48-52,360,18.2236,35.0484
2019-05-19 07-48-54,360,18.1473,35.0191
2019-05-19 07-48-56,359,18.2022,35.0484
2019-05-19 07-48-58,359,18.187,35.0618
2019-05-19 07-49-00,359,18.1503,35.0324
2019-05-19 07-49-02,359,18.187,35.0751
2019-05-19 07-49-04,358,18.1549,35.1045
2019-05-19 07-49-08,358,18.1015,35.1179
2019-05-19 07-49-10,358,18.1198,35.1312
2019-05-19 07-49-12,359,18.1381,35.1312
2019-05-19 07-49-14,359,18.1015,35.1179
2019-05-19 07-49-16,359,18.0679,35.1312
2019-05-19 07-49-19,360,18.0878,35.174
2019-05-19 07-49-21,360,18.1229,35.1606
2019-05-19 07-49-23,360,18.0862,35.1472
2019-05-19 07-49-27,360,18.1549,35.1045
2019-05-19 07-49-29,360,18.0466,35.1312
2019-05-19 07-49-31,360,18.1046,35.1606
2019-05-19 07-49-33,360,18.1198,35.1312
2019-05-19 07-49-35,360,18.1549,35.1179
2019-05-19 07-49-37,361,18.0862,35.1312
2019-05-19 07-49-39,360,18.1732,35.1472
2019-05-19 07-49-41,360,18.1198,35.1312
2019-05-19 07-49-45,360,18.1046,35.1472
2019-05-19 07-49-47,360,18.0862,35.1472
2019-05-19 07-49-49,359,18.0679,35.1312
2019-05-19 07-49-51,359,18.1046,35.1472
2019-05-19 07-49-53,359,18.0862,35.1312
2019-05-19 07-49-55,360,18.1229,35.1472
2019-05-19 07-49-57,359,18.0862,35.1312
2019-05-19 07-49-59,359,18.1381,35.1312
2019-05-19 07-50-03,359,18.1381,35.1606
2019-05-19 07-50-05,359,18.1046,35.1472
2019-05-19 07-50-07,358,18.1366,35.1179
2019-05-19 07-50-09,358,18.1366,35.1045
2019-05-19 07-50-11,358,18.1335,35.0751
2019-05-19 07-50-13,358,18.1686,35.0751
2019-05-19 07-50-15,358,18.1686,35.0618
2019-05-19 07-50-19,358,18.187,35.0751
2019-05-19 07-50-21,358,18.187,35.0751
2019-05-19 07-50-23,358,18.187,35.0618
2019-05-19 07-50-25,358,18.1335,35.0618
2019-05-19 07-50-27,358,18.1686,35.0484
2019-05-19 07-50-29,358,18.1686,35.0484
2019-05-19 07-50-31,358,18.2236,35.0618
2019-05-19 07-50-33,358,18.187,35.0618
2019-05-19 07-50-37,359,18.2022,35.0618
2019-05-19 07-50-39,359,18.1839,35.0484
2019-05-19 07-50-41,359,18.187,35.0618
2019-05-19 07-50-43,359,18.1686,35.0618
2019-05-19 07-50-45,360,18.132,35.0191
2019-05-19 07-50-47,359,18.2205,35.0324
2019-05-19 07-50-49,359,18.1839,35.0324
2019-05-19 07-50-51,360,18.187,35.0618
2019-05-19 07-50-55,360,18.2205,35.0324
2019-05-19 07-50-57,360,18.2205,35.0324
2019-05-19 07-50-59,360,18.2236,35.0618
2019-05-19 07-51-01,360,18.2388,35.0324
2019-05-19 07-51-03,360,18.2556,35.0324
2019-05-19 07-51-05,361,18.2022,35.0484
2019-05-19 07-51-07,361,18.1686,35.0751
2019-05-19 07-51-09,361,18.1503,35.0618
2019-05-19 07-51-13,361,18.1686,35.0618
2019-05-19 07-51-15,360,18.1686,35.0618
2019-05-19 07-51-17,360,18.187,35.0912
2019-05-19 07-51-19,361,18.1686,35.0618
2019-05-19 07-51-21,361,18.1686,35.0751
2019-05-19 07-51-23,361,18.1366,35.0912
2019-05-19 07-51-25,360,18.1702,35.0912
2019-05-19 07-51-27,360,18.1549,35.1179
2019-05-19 07-51-31,360,18.2068,35.1179
2019-05-19 07-51-33,360,18.1015,35.1045
2019-05-19 07-51-35,360,18.1366,35.1179
2019-05-19 07-51-37,360,18.1702,35.1179
2019-05-19 07-51-39,361,18.1015,35.1045
2019-05-19 07-51-41,361,18.1381,35.1312
2019-05-19 07-51-43,362,18.0679,35.1179
2019-05-19 07-51-45,362,18.1732,35.1472
2019-05-19 07-51-49,362,18.0878,35.1606
2019-05-19 07-51-51,362,18.1381,35.1472
2019-05-19 07-51-53,362,18.1229,35.1606
2019-05-19 07-51-55,362,18.1046,35.1472
2019-05-19 07-51-57,362,18.0679,35.1312
2019-05-19 07-51-59,362,18.1015,35.1179
2019-05-19 07-52-01,362,18.1381,35.1312
2019-05-19 07-52-05,363,18.1549,35.1179
2019-05-19 07-52-07,363,18.1198,35.1312
2019-05-19 07-52-09,363,18.0862,35.1312
2019-05-19 07-52-11,362,18.1381,35.1312
2019-05-19 07-52-13,362,18.1732,35.1312
2019-05-19 07-52-15,363,18.1229,35.1606
2019-05-19 07-52-17,363,18.0878,35.1606
2019-05-19 07-52-19,363,18.1229,35.1472
2019-05-19 07-52-23,363,18.1229,35.1606
2019-05-19 07-52-25,363,18.0496,35.1606
2019-05-19 07-52-27,364,18.0496,35.174
2019-05-19 07-52-29,364,18.0862,35.1472
2019-05-19 07-52-31,364,18.0862,35.1472
2019-05-19 07-52-33,364,17.9962,35.1472
2019-05-19 07-52-35,364,18.1015,35.1312
2019-05-19 07-52-37,364,18.1046,35.1472
2019-05-19 07-52-41,364,18.1015,35.1045
2019-05-19 07-52-43,364,18.1366,35.1179
2019-05-19 07-52-45,364,18.1366,35.1045
2019-05-19 07-52-47,364,18.1549,35.1045
2019-05-19 07-52-49,364,18.1366,35.1045
2019-05-19 07-52-51,364,18.1519,35.0751
2019-05-19 07-52-53,364,18.1702,35.1045
2019-05-19 07-52-55,363,18.1519,35.0912
2019-05-19 07-52-59,364,18.1702,35.0912
2019-05-19 07-53-01,364,18.1702,35.0912
2019-05-19 07-53-03,363,18.1519,35.0912
2019-05-19 07-53-05,363,18.1183,35.0912
2019-05-19 07-53-07,363,18.1549,35.1045
2019-05-19 07-53-09,363,18.1702,35.0912
2019-05-19 07-53-11,363,18.1549,35.1045
2019-05-19 07-53-13,363,18.1015,35.1045
2019-05-19 07-53-17,363,18.1702,35.1179
2019-05-19 07-53-19,362,18.1366,35.1179
2019-05-19 07-53-21,363,18.1366,35.0912
2019-05-19 07-53-23,363,18.1015,35.1045
2019-05-19 07-53-25,363,18.1885,35.1045
2019-05-19 07-53-27,363,18.0862,35.1179
2019-05-19 07-53-29,363,18.0862,35.1312
2019-05-19 07-53-33,363,18.1381,35.1312
2019-05-19 07-53-35,363,18.1549,35.1179
2019-05-19 07-53-37,363,18.1015,35.1179
2019-05-19 07-53-39,362,18.1381,35.1312
2019-05-19 07-53-41,362,18.1015,35.1045
2019-05-19 07-53-43,363,18.1732,35.1312
2019-05-19 07-53-45,363,18.1015,35.1179
2019-05-19 07-53-47,363,18.1229,35.1472
2019-05-19 07-53-51,363,18.1381,35.1472
2019-05-19 07-53-53,363,18.0695,35.1606
2019-05-19 07-53-55,363,18.1046,35.1606
2019-05-19 07-53-57,363,18.1061,35.174
2019-05-19 07-53-59,363,18.0313,35.1312
2019-05-19 07-54-01,363,18.0679,35.1312
2019-05-19 07-54-03,364,18.1015,35.1312
2019-05-19 07-54-05,363,18.0878,35.1606
2019-05-19 07-54-09,363,18.1061,35.174
2019-05-19 07-54-11,363,18.0679,35.1312
2019-05-19 07-54-13,363,18.1046,35.1606
2019-05-19 07-54-15,363,18.1046,35.1606
2019-05-19 07-54-17,363,18.1046,35.1472
2019-05-19 07-54-19,364,18.0695,35.1472
2019-05-19 07-54-21,364,18.0695,35.1472
2019-05-19 07-54-23,364,18.1046,35.1606
2019-05-19 07-54-27,364,18.0496,35.1472
2019-05-19 07-54-29,365,18.1229,35.174
2019-05-19 07-54-31,365,18.1381,35.1472
2019-05-19 07-54-34,365,18.1046,35.1606
2019-05-19 07-54-36,366,18.0862,35.1472
2019-05-19 07-54-38,366,18.0878,35.1606
2019-05-19 07-54-40,366,18.0695,35.174
2019-05-19 07-54-42,365,18.1229,35.1472
2019-05-19 07-54-46,365,18.0878,35.1606
2019-05-19 07-54-48,365,18.0878,35.1606
2019-05-19 07-54-50,365,18.1046,35.1606
2019-05-19 07-54-52,365,18.0878,35.174
2019-05-19 07-54-54,365,18.0313,35.1472
2019-05-19 07-54-56,365,18.1564,35.1606
2019-05-19 07-54-58,365,18.0878,35.174
2019-05-19 07-55-00,364,18.1046,35.1472
2019-05-19 07-55-04,365,18.0725,35.1873
2019-05-19 07-55-06,365,18.0878,35.1873
2019-05-19 07-55-08,364,17.9993,35.1873
2019-05-19 07-55-10,364,18.0511,35.1873
2019-05-19 07-55-12,365,18.0328,35.174
2019-05-19 07-55-14,365,18.0145,35.174
2019-05-19 07-55-16,365,18.0359,35.2167
2019-05-19 07-55-18,365,17.9825,35.2167
2019-05-19 07-55-22,365,18.0191,35.2327
2019-05-19 07-55-24,365,17.9855,35.2327
2019-05-19 07-55-26,365,18.0008,35.246
2019-05-19 07-55-28,365,18.0908,35.2167
2019-05-19 07-55-30,364,17.9825,35.2167
2019-05-19 07-55-32,364,17.9504,35.246
2019-05-19 07-55-34,365,18.0542,35.2327
2019-05-19 07-55-36,365,17.9993,35.1873
2019-05-19 07-55-40,365,18.0176,35.2167
2019-05-19 07-55-42,366,18.0359,35.2167
2019-05-19 07-55-44,366,18.0511,35.2033
2019-05-19 07-55-46,365,18.0725,35.1873
2019-05-19 07-55-48,365,18.0725,35.1873
2019-05-19 07-55-50,365,18.1061,35.174
2019-05-19 07-55-52,365,18.0695,35.1606
2019-05-19 07-55-56,365,18.0496,35.174
2019-05-19 07-55-58,365,18.0695,35.174
2019-05-19 07-56-00,365,18.1061,35.174
2019-05-19 07-56-02,365,18.0695,35.1472
2019-05-19 07-56-04,365,18.1046,35.1606
2019-05-19 07-56-06,365,18.0862,35.1472
2019-05-19 07-56-08,365,18.0862,35.1312
2019-05-19 07-56-10,365,18.1046,35.1606
2019-05-19 07-56-14,365,18.0862,35.1472
2019-05-19 07-56-16,365,18.1046,35.1472
2019-05-19 07-56-18,365,18.0679,35.1179
2019-05-19 07-56-20,364,18.0862,35.1472
2019-05-19 07-56-22,364,18.1046,35.1472
2019-05-19 07-56-24,364,18.0695,35.1472
2019-05-19 07-56-26,364,18.1046,35.1472
2019-05-19 07-56-28,364,18.1061,35.174
2019-05-19 07-56-32,364,18.0862,35.1472
2019-05-19 07-56-34,365,18.0695,35.1472
2019-05-19 07-56-36,364,18.0496,35.1472
2019-05-19 07-56-38,364,18.0496,35.1606
2019-05-19 07-56-40,364,18.0496,35.1606
2019-05-19 07-56-42,364,18.1046,35.1472
2019-05-19 07-56-44,365,18.0679,35.1312
2019-05-19 07-56-46,364,18.0878,35.174
2019-05-19 07-56-50,364,18.0862,35.1312
2019-05-19 07-56-52,364,18.1229,35.174
2019-05-19 07-56-54,364,18.1061,35.174
2019-05-19 07-56-56,365,18.0695,35.1472
2019-05-19 07-56-58,365,18.1229,35.174
2019-05-19 07-57-00,366,18.0862,35.1472
2019-05-19 07-57-02,365,18.0695,35.174
2019-05-19 07-57-04,365,18.1229,35.1606
2019-05-19 07-57-08,365,18.0878,35.1606
2019-05-19 07-57-10,366,18.0878,35.174
2019-05-19 07-57-12,366,18.0878,35.1606
2019-05-19 07-57-14,366,18.0878,35.1606
2019-05-19 07-57-16,365,18.1229,35.1606
2019-05-19 07-57-18,366,18.1046,35.1606
2019-05-19 07-57-20,366,18.0496,35.1472
2019-05-19 07-57-22,367,18.1198,35.1312
2019-05-19 07-57-26,366,18.0862,35.1312
2019-05-19 07-57-28,366,18.1015,35.1312
2019-05-19 07-57-30,366,18.0695,35.1472
2019-05-19 07-57-32,366,18.0695,35.1472
2019-05-19 07-57-34,366,18.0862,35.1312
2019-05-19 07-57-36,366,18.1229,35.1606
2019-05-19 07-57-38,366,18.0328,35.1606
2019-05-19 07-57-42,366,18.1046,35.1606
2019-05-19 07-57-44,366,18.1412,35.174
2019-05-19 07-57-46,366,18.0695,35.1606
2019-05-19 07-57-48,366,18.1061,35.174
2019-05-19 07-57-50,365,18.0695,35.1472
2019-05-19 07-57-52,366,18.0328,35.1606
2019-05-19 07-57-54,366,18.0695,35.1472
2019-05-19 07-57-56,365,18.0878,35.1606
2019-05-19 07-58-00,365,18.0466,35.1312
2019-05-19 07-58-02,365,18.0679,35.1312
2019-05-19 07-58-04,365,18.0862,35.1312
2019-05-19 07-58-06,365,18.0862,35.1312
2019-05-19 07-58-08,365,18.1015,35.1045
2019-05-19 07-58-10,365,18.1702,35.1179
2019-05-19 07-58-12,365,18.1549,35.1045
2019-05-19 07-58-14,364,18.1015,35.1179
2019-05-19 07-58-18,364,18.187,35.0912
2019-05-19 07-58-20,364,18.1366,35.1179
2019-05-19 07-58-22,364,18.1229,35.1472
2019-05-19 07-58-24,364,18.1381,35.1312
2019-05-19 07-58-26,365,18.1046,35.1472
2019-05-19 07-58-28,365,18.1229,35.1472
2019-05-19 07-58-30,365,18.1381,35.1312
2019-05-19 07-58-32,365,18.1229,35.1472
2019-05-19 07-58-36,365,18.0496,35.1606
2019-05-19 07-58-38,365,18.0878,35.174
2019-05-19 07-58-40,365,18.0496,35.174
2019-05-19 07-58-42,365,18.0878,35.1606
2019-05-19 07-58-44,365,18.1564,35.1606
2019-05-19 07-58-46,365,18.1198,35.1312
2019-05-19 07-58-48,365,18.0466,35.1179
2019-05-19 07-58-50,365,18.1366,35.1045
2019-05-19 07-58-54,365,18.1335,35.0751
2019-05-19 07-58-56,364,18.2053,35.0751
2019-05-19 07-58-58,364,18.1686,35.0618
2019-05-19 07-59-00,364,18.1519,35.0751
2019-05-19 07-59-02,363,18.2053,35.0751
2019-05-19 07-59-04,363,18.187,35.0912
2019-05-19 07-59-06,363,18.1366,35.1179
2019-05-19 07-59-10,363,18.1198,35.1179
2019-05-19 07-59-12,363,18.1198,35.1179
2019-05-19 07-59-14,364,18.1183,35.1045
2019-05-19 07-59-16,363,18.1198,35.1312
2019-05-19 07-59-18,363,18.1198,35.1312
2019-05-19 07-59-20,363,18.0862,35.1472
2019-05-19 07-59-22,363,18.0862,35.1472
2019-05-19 07-59-24,363,18.1046,35.1606
2019-05-19 07-59-28,363,18.0496,35.174
2019-05-19 07-59-30,364,18.0878,35.1606
2019-05-19 07-59-32,364,18.1229,35.1606
2019-05-19 07-59-34,364,18.1229,35.1472
2019-05-19 07-59-36,363,18.1046,35.1606
2019-05-19 07-59-38,363,18.0145,35.1606
2019-05-19 07-59-40,364,18.0725,35.2033
2019-05-19 07-59-43,363,18.0328,35.174
2019-05-19 07-59-47,363,18.0176,35.2033
2019-05-19 07-59-49,363,18.0725,35.1873
2019-05-19 07-59-51,363,18.0511,35.2033
2019-05-19 07-59-53,363,18.0176,35.1873
2019-05-19 07-59-55,364,18.1061,35.1873
2019-05-19 07-59-57,363,18.1061,35.174
2019-05-19 07-59-59,363,18.1061,35.174
2019-05-19 08-00-01,363,18.1046,35.1606
2019-05-19 08-00-05,363,18.0496,35.1606
2019-05-19 08-00-07,364,18.0862,35.1472
2019-05-19 08-00-09,363,18.0695,35.174
2019-05-19 08-00-11,364,18.0878,35.1606
2019-05-19 08-00-13,364,18.1061,35.174
2019-05-19 08-00-15,364,18.0511,35.1873
2019-05-19 08-00-17,364,18.0328,35.174
2019-05-19 08-00-21,364,18.0725,35.2033
2019-05-19 08-00-23,364,17.9993,35.1873
2019-05-19 08-00-25,364,18.0328,35.1873
2019-05-19 08-00-27,365,18.0695,35.1606
2019-05-19 08-00-29,365,18.0496,35.1472
2019-05-19 08-00-31,364,18.1229,35.174
2019-05-19 08-00-33,364,18.0862,35.1472
2019-05-19 08-00-35,364,18.0862,35.1472
2019-05-19 08-00-39,364,18.1046,35.1472
2019-05-19 08-00-41,364,18.0466,35.1179
2019-05-19 08-00-43,364,18.1015,35.1312
2019-05-19 08-00-45,364,18.0862,35.1472
2019-05-19 08-00-47,364,18.0862,35.1179
2019-05-19 08-00-49,363,18.1198,35.1179
2019-05-19 08-00-51,363,18.1366,35.1179
2019-05-19 08-00-53,364,18.1,35.0912
2019-05-19 08-00-57,364,18.1549,35.1045
2019-05-19 08-00-59,363,18.1702,35.1045
2019-05-19 08-01-01,364,18.1,35.0912
2019-05-19 08-01-03,364,18.1335,35.0618
2019-05-19 08-01-05,364,18.1885,35.1045
2019-05-19 08-01-07,363,18.2053,35.0751
2019-05-19 08-01-09,362,18.2022,35.0484
2019-05-19 08-01-11,363,18.2053,35.0912
2019-05-19 08-01-15,363,18.187,35.0751
2019-05-19 08-01-17,362,18.1686,35.0751
2019-05-19 08-01-19,363,18.1686,35.0751
2019-05-19 08-01-21,363,18.1702,35.0912
2019-05-19 08-01-23,362,18.1183,35.0912
2019-05-19 08-01-25,362,18.1335,35.0751
2019-05-19 08-01-27,362,18.2236,35.0618
2019-05-19 08-01-31,363,18.1702,35.0912
2019-05-19 08-01-33,363,18.1335,35.0751
2019-05-19 08-01-35,363,18.1702,35.0912
2019-05-19 08-01-37,362,18.1335,35.0751
2019-05-19 08-01-39,362,18.1366,35.0912
2019-05-19 08-01-41,363,18.187,35.0751
2019-05-19 08-01-43,363,18.1503,35.0618
2019-05-19 08-01-45,363,18.187,35.0618
2019-05-19 08-01-49,362,18.1839,35.0324
2019-05-19 08-01-51,363,18.1839,35.0484
2019-05-19 08-01-53,363,18.2022,35.0618
2019-05-19 08-01-55,363,18.187,35.0618
2019-05-19 08-01-57,363,18.1686,35.0751
2019-05-19 08-01-59,363,18.2419,35.0751
2019-05-19 08-02-01,363,18.1686,35.0751
2019-05-19 08-02-03,364,18.187,35.0912
2019-05-19 08-02-07,364,18.2022,35.0618
2019-05-19 08-02-09,364,18.1503,35.0618
2019-05-19 08-02-11,364,18.2388,35.0191
2019-05-19 08-02-13,364,18.1839,35.0324
2019-05-19 08-02-15,364,18.1839,35.0191
2019-05-19 08-02-17,364,18.2205,35.0191
2019-05-19 08-02-19,364,18.2388,35.0324
2019-05-19 08-02-23,364,18.2236,35.0618
2019-05-19 08-02-25,364,18.2739,35.0324
2019-05-19 08-02-27,364,18.2388,35.0484
2019-05-19 08-02-29,364,18.2022,35.0484
2019-05-19 08-02-31,364,18.1686,35.0484
2019-05-19 08-02-33,364,18.2388,35.0324
2019-05-19 08-02-35,364,18.2022,35.0618
2019-05-19 08-02-37,364,18.1839,35.0191
2019-05-19 08-02-41,364,18.1335,35.0484
2019-05-19 08-02-43,364,18.2388,35.0484
2019-05-19 08-02-45,364,18.1839,35.0191
2019-05-19 08-02-47,364,18.2373,35.0057
2019-05-19 08-02-49,365,18.2007,35.0324
2019-05-19 08-02-51,365,18.2007,35.0057
2019-05-19 08-02-53,365,18.1839,35.0324
2019-05-19 08-02-55,365,18.2373,35.0057
2019-05-19 08-02-59,365,18.2205,35.0057
2019-05-19 08-03-01,365,18.2205,35.0324
2019-05-19 08-03-03,365,18.2419,35.0618
2019-05-19 08-03-05,365,18.2205,35.0324
2019-05-19 08-03-07,365,18.187,35.0618
2019-05-19 08-03-09,366,18.2022,35.0484
2019-05-19 08-03-11,366,18.2007,35.0191
2019-05-19 08-03-13,366,18.2205,35.0324
2019-05-19 08-03-17,366,18.2205,35.0191
2019-05-19 08-03-19,366,18.2373,35.0057
2019-05-19 08-03-21,366,18.2205,35.0191
2019-05-19 08-03-23,366,18.2556,35.0191
2019-05-19 08-03-25,366,18.2388,35.0191
2019-05-19 08-03-27,366,18.2388,35.0191
2019-05-19 08-03-29,366,18.2373,34.9924
2019-05-19 08-03-33,366,18.2007,35.0324
2019-05-19 08-03-35,366,18.2556,35.0057
2019-05-19 08-03-37,366,18.1686,35.0484
2019-05-19 08-03-39,366,18.2007,35.0057
2019-05-19 08-03-41,366,18.219,34.9924
2019-05-19 08-03-43,366,18.2709,34.9924
2019-05-19 08-03-45,366,18.2709,34.9763
2019-05-19 08-03-47,367,18.2709,34.9924
2019-05-19 08-03-51,366,18.306,34.9924
2019-05-19 08-03-53,366,18.2693,34.963
2019-05-19 08-03-55,366,18.3212,34.9763
2019-05-19 08-03-57,366,18.3243,35.0057
2019-05-19 08-03-59,366,18.2526,34.9924
2019-05-19 08-04-01,366,18.1839,35.0191
2019-05-19 08-04-03,366,18.2007,35.0191
2019-05-19 08-04-05,366,18.2526,34.9924
2019-05-19 08-04-09,365,18.2556,35.0057
2019-05-19 08-04-11,365,18.2709,35.0057
2019-05-19 08-04-13,365,18.2373,34.9763
2019-05-19 08-04-15,366,18.219,34.9924
2019-05-19 08-04-17,366,18.2739,35.0191
2019-05-19 08-04-19,366,18.219,34.9924
2019-05-19 08-04-21,365,18.2526,34.9924
2019-05-19 08-04-23,366,18.2556,35.0191
2019-05-19 08-04-27,365,18.2205,35.0191
2019-05-19 08-04-29,366,18.2922,35.0618
2019-05-19 08-04-31,366,18.2236,35.0484
2019-05-19 08-04-33,366,18.2419,35.0618
2019-05-19 08-04-35,366,18.2236,35.0618
2019-05-19 08-04-37,366,18.187,35.0751
2019-05-19 08-04-39,367,18.1503,35.0618
2019-05-19 08-04-43,367,18.2022,35.0618
2019-05-19 08-04-45,366,18.1686,35.0484
2019-05-19 08-04-47,366,18.1686,35.0618
2019-05-19 08-04-49,366,18.2022,35.0618
2019-05-19 08-04-51,366,18.2022,35.0618
2019-05-19 08-04-53,366,18.1686,35.0751
2019-05-19 08-04-56,366,18.1702,35.1045
2019-05-19 08-04-58,366,18.1885,35.1045
2019-05-19 08-05-02,366,18.2251,35.1045
2019-05-19 08-05-04,366,18.1366,35.1179
2019-05-19 08-05-06,365,18.1702,35.1045
2019-05-19 08-05-08,365,18.1046,35.1472
2019-05-19 08-05-10,366,18.1198,35.1179
2019-05-19 08-05-12,366,18.0313,35.1472
2019-05-19 08-05-14,366,18.1564,35.1472
2019-05-19 08-05-16,367,18.0878,35.1873
2019-05-19 08-05-20,368,18.1046,35.1606
2019-05-19 08-05-22,368,18.0695,35.174
2019-05-19 08-05-24,368,18.1046,35.1606
2019-05-19 08-05-26,368,18.1061,35.174
2019-05-19 08-05-28,368,18.0328,35.174
2019-05-19 08-05-30,368,18.1061,35.1873
2019-05-19 08-05-32,367,18.0176,35.1873
2019-05-19 08-05-34,368,18.0359,35.2033
2019-05-19 08-05-38,368,18.0176,35.1873
2019-05-19 08-05-40,369,18.0511,35.1873
2019-05-19 08-05-42,369,18.0176,35.2167
2019-05-19 08-05-44,368,18.0511,35.2033
2019-05-19 08-05-46,368,18.1244,35.2167
2019-05-19 08-05-48,368,18.1091,35.2167
2019-05-19 08-05-50,368,18.1091,35.2167
2019-05-19 08-05-52,368,18.0328,35.1873
2019-05-19 08-05-56,367,18.0328,35.1873
2019-05-19 08-05-58,367,18.0542,35.2167
2019-05-19 08-06-00,367,18.0542,35.2167
2019-05-19 08-06-02,368,18.0008,35.2167
2019-05-19 08-06-04,368,18.0878,35.1873
2019-05-19 08-06-06,367,18.0176,35.2033
2019-05-19 08-06-08,367,18.0511,35.2033
2019-05-19 08-06-12,367,18.0176,35.2033
2019-05-19 08-06-14,367,18.0191,35.2327
2019-05-19 08-06-16,367,18.0542,35.2167
2019-05-19 08-06-18,367,18.0176,35.1873
2019-05-19 08-06-20,367,18.0359,35.2167
2019-05-19 08-06-22,367,18.0008,35.2327
2019-05-19 08-06-24,367,18.0359,35.2327
2019-05-19 08-06-26,368,18.074,35.2327
2019-05-19 08-06-30,368,18.0176,35.2167
2019-05-19 08-06-32,367,18.0359,35.2327
2019-05-19 08-06-34,367,18.0191,35.246
2019-05-19 08-06-36,367,18.0542,35.246
2019-05-19 08-06-38,367,18.0359,35.2167
2019-05-19 08-06-40,367,18.0542,35.2167
2019-05-19 08-06-42,366,18.074,35.2327
2019-05-19 08-06-44,366,18.0191,35.2327
2019-05-19 08-06-48,367,18.0038,35.2621
2019-05-19 08-06-50,366,18.0222,35.2754
2019-05-19 08-06-52,366,18.0237,35.3021
2019-05-19 08-06-54,366,17.9871,35.3021
2019-05-19 08-06-56,365,17.9504,35.2754
2019-05-19 08-06-58,366,18.0054,35.2888
2019-05-19 08-07-00,365,17.9855,35.2621
2019-05-19 08-07-02,365,18.0191,35.2621
2019-05-19 08-07-06,365,18.0038,35.2754
2019-05-19 08-07-08,365,17.9688,35.2754
2019-05-19 08-07-10,365,18.0557,35.2888
2019-05-19 08-07-12,365,17.9688,35.2621
2019-05-19 08-07-14,365,18.0222,35.2888
2019-05-19 08-07-16,365,18.0054,35.2888
2019-05-19 08-07-18,364,17.9688,35.2888
2019-05-19 08-07-22,365,18.0054,35.2888
2019-05-19 08-07-24,364,18.0222,35.2888
2019-05-19 08-07-26,364,17.9367,35.3021
2019-05-19 08-07-28,365,17.955,35.3182
2019-05-19 08-07-30,365,17.9718,35.3021
2019-05-19 08-07-32,365,17.9871,35.2754
2019-05-19 08-07-34,364,18.0054,35.2888
2019-05-19 08-07-36,365,17.9871,35.2888
2019-05-19 08-07-40,364,17.9871,35.3021
2019-05-19 08-07-42,365,18.0222,35.2754
2019-05-19 08-07-44,365,17.9871,35.2754
2019-05-19 08-07-46,366,17.9504,35.2754
2019-05-19 08-07-48,366,17.9688,35.2621
2019-05-19 08-07-50,366,17.9688,35.2754
2019-05-19 08-07-52,365,17.9688,35.2621
2019-05-19 08-07-54,365,17.9855,35.246
2019-05-19 08-07-58,365,18.0008,35.2327
2019-05-19 08-08-00,365,18.0511,35.1873
2019-05-19 08-08-02,365,18.0374,35.246
2019-05-19 08-08-04,365,18.0511,35.1873
2019-05-19 08-08-06,364,18.0176,35.2033
2019-05-19 08-08-08,364,18.0328,35.1873
2019-05-19 08-08-10,364,18.0359,35.2033
2019-05-19 08-08-12,364,18.0542,35.2167
2019-05-19 08-08-16,364,18.0725,35.2033
2019-05-19 08-08-18,364,18.0878,35.1873
2019-05-19 08-08-20,364,18.0511,35.2033
2019-05-19 08-08-22,363,18.0191,35.2327
2019-05-19 08-08-24,363,18.0359,35.2167
2019-05-19 08-08-26,363,18.074,35.2327
2019-05-19 08-08-28,363,18.0191,35.2327
2019-05-19 08-08-30,363,17.9855,35.2327
2019-05-19 08-08-34,364,18.0176,35.2167
2019-05-19 08-08-36,364,18.0542,35.2327
2019-05-19 08-08-38,363,18.0542,35.246
2019-05-19 08-08-40,363,18.0923,35.246
2019-05-19 08-08-42,363,18.074,35.2327
2019-05-19 08-08-44,364,18.0008,35.246
2019-05-19 08-08-46,364,18.0542,35.246
2019-05-19 08-08-50,364,18.0038,35.2621
2019-05-19 08-08-52,364,18.0511,35.2033
2019-05-19 08-08-54,365,18.0542,35.2167
2019-05-19 08-08-56,364,18.0359,35.2167
2019-05-19 08-08-58,364,18.0359,35.2033
2019-05-19 08-09-00,364,18.1061,35.174
2019-05-19 08-09-02,364,18.0511,35.1873
2019-05-19 08-09-04,363,18.0359,35.2167
2019-05-19 08-09-08,363,18.0725,35.2033
2019-05-19 08-09-10,363,18.0176,35.2167
2019-05-19 08-09-12,363,18.074,35.2327
2019-05-19 08-09-14,363,18.0542,35.246
2019-05-19 08-09-16,363,18.0191,35.246
2019-05-19 08-09-18,363,17.9855,35.246
2019-05-19 08-09-20,363,18.0359,35.2327
2019-05-19 08-09-22,363,18.0191,35.246
2019-05-19 08-09-26,363,18.0191,35.246
2019-05-19 08-09-28,363,17.9855,35.246
2019-05-19 08-09-30,363,18.0359,35.2327
2019-05-19 08-09-32,363,18.1412,35.1873
2019-05-19 08-09-34,363,18.0328,35.1873
2019-05-19 08-09-36,362,18.0328,35.174
2019-05-19 08-09-38,362,18.0908,35.2033
2019-05-19 08-09-40,361,18.074,35.2327
2019-05-19 08-09-44,361,18.0008,35.2167
2019-05-19 08-09-46,361,18.0542,35.2167
2019-05-19 08-09-48,361,18.074,35.246
2019-05-19 08-09-50,361,18.0542,35.2327
2019-05-19 08-09-52,361,18.0359,35.2167
2019-05-19 08-09-54,362,17.9993,35.2033
2019-05-19 08-09-56,362,18.0542,35.2327
2019-05-19 08-10-00,362,18.0542,35.246
2019-05-19 08-10-02,361,17.9855,35.2327
2019-05-19 08-10-04,361,18.0191,35.246
2019-05-19 08-10-07,361,18.0038,35.2621
2019-05-19 08-10-09,361,18.0038,35.2621
2019-05-19 08-10-11,361,18.0222,35.2754
2019-05-19 08-10-13,362,17.955,35.3182
2019-05-19 08-10-15,362,17.9871,35.2888
2019-05-19 08-10-19,362,17.9504,35.2754
2019-05-19 08-10-21,362,18.0054,35.3021
2019-05-19 08-10-23,363,17.9535,35.2888
2019-05-19 08-10-25,364,17.9718,35.3021
2019-05-19 08-10-27,364,18.0054,35.2888
2019-05-19 08-10-29,364,17.9688,35.2754
2019-05-19 08-10-31,364,18.0374,35.246
2019-05-19 08-10-33,364,17.9871,35.2754
2019-05-19 08-10-37,363,17.9871,35.2888
2019-05-19 08-10-39,363,17.9855,35.2621
2019-05-19 08-10-41,363,17.9871,35.2888
2019-05-19 08-10-43,363,17.9855,35.2621
2019-05-19 08-10-45,363,17.9504,35.2621
2019-05-19 08-10-47,363,18.0191,35.2621
2019-05-19 08-10-49,363,17.9855,35.2621
2019-05-19 08-10-51,362,18.0557,35.2621
2019-05-19 08-10-55,361,18.0008,35.246
2019-05-19 08-10-57,361,18.0191,35.246
2019-05-19 08-10-59,361,17.9672,35.246
2019-05-19 08-11-01,361,18.0374,35.246
2019-05-19 08-11-03,361,18.0374,35.2621
2019-05-19 08-11-05,360,18.0191,35.246
2019-05-19 08-11-07,360,18.0038,35.2621
2019-05-19 08-11-09,360,18.074,35.246
2019-05-19 08-11-13,361,18.0008,35.246
2019-05-19 08-11-15,360,18.074,35.246
2019-05-19 08-11-17,361,17.9825,35.2167
2019-05-19 08-11-19,361,18.0008,35.2327
2019-05-19 08-11-21,362,18.0359,35.2167
2019-05-19 08-11-23,362,18.0542,35.2327
2019-05-19 08-11-25,361,18.0008,35.2327
2019-05-19 08-11-27,362,18.0191,35.2327
2019-05-19 08-11-31,362,18.074,35.2327
2019-05-19 08-11-33,362,18.0176,35.2167
2019-05-19 08-11-35,362,18.0542,35.2327
2019-05-19 08-11-37,362,18.0542,35.2167
2019-05-19 08-11-39,362,18.0511,35.2033
2019-05-19 08-11-41,362,18.0542,35.2167
2019-05-19 08-11-43,362,18.0542,35.2167
2019-05-19 08-11-47,362,18.1244,35.2167
2019-05-19 08-11-49,363,18.0908,35.2167
2019-05-19 08-11-51,362,18.0725,35.2033
2019-05-19 08-11-53,362,18.0511,35.1873
2019-05-19 08-11-55,363,18.0878,35.1873
2019-05-19 08-11-57,363,18.0328,35.174
2019-05-19 08-11-59,363,18.0496,35.174
2019-05-19 08-12-01,364,18.0695,35.174
2019-05-19 08-12-05,363,18.0878,35.1606
2019-05-19 08-12-07,363,18.1229,35.174
2019-05-19 08-12-09,364,18.1381,35.1312
2019-05-19 08-12-11,363,18.1564,35.1472
2019-05-19 08-12-13,363,18.1366,35.1179
2019-05-19 08-12-15,363,18.1564,35.1472
2019-05-19 08-12-17,363,18.1381,35.1312
2019-05-19 08-12-19,363,18.0679,35.1179
2019-05-19 08-12-23,363,18.1381,35.1472
2019-05-19 08-12-25,362,18.1732,35.1312
2019-05-19 08-12-27,362,18.1885,35.1312
2019-05-19 08-12-29,362,18.0862,35.1312
2019-05-19 08-12-31,362,18.1046,35.1606
2019-05-19 08-12-33,362,18.0878,35.1606
2019-05-19 08-12-35,362,18.1229,35.1606
2019-05-19 08-12-37,362,18.1229,35.1606
2019-05-19 08-12-41,362,18.0862,35.1472
2019-05-19 08-12-43,363,18.1732,35.1312
2019-05-19 08-12-45,362,18.1564,35.1472
2019-05-19 08-12-47,362,18.1412,35.174
2019-05-19 08-12-49,362,18.1198,35.1312
2019-05-19 08-12-51,362,18.1198,35.1312
2019-05-19 08-12-53,362,18.1381,35.1312
2019-05-19 08-12-57,362,18.1381,35.1312
2019-05-19 08-12-59,362,18.1046,35.1472
2019-05-19 08-13-01,362,18.1046,35.1606
2019-05-19 08-13-03,362,18.0695,35.1606
2019-05-19 08-13-05,362,18.1046,35.1472
2019-05-19 08-13-07,362,18.1229,35.1472
2019-05-19 08-13-09,362,18.1564,35.1606
2019-05-19 08-13-11,362,18.1046,35.1606
2019-05-19 08-13-15,362,18.0862,35.1472
2019-05-19 08-13-17,362,18.0466,35.1312
2019-05-19 08-13-19,362,18.1732,35.1472
2019-05-19 08-13-21,362,18.1381,35.1312
2019-05-19 08-13-23,362,18.1381,35.1472
2019-05-19 08-13-25,362,18.1046,35.1606
2019-05-19 08-13-27,363,18.1381,35.1472
2019-05-19 08-13-29,363,18.0878,35.1606
2019-05-19 08-13-33,363,18.1381,35.1606
2019-05-19 08-13-35,363,18.1046,35.1472
2019-05-19 08-13-37,363,18.1229,35.1472
2019-05-19 08-13-39,363,18.1061,35.1873
2019-05-19 08-13-41,362,18.1229,35.174
2019-05-19 08-13-43,362,18.1061,35.174
2019-05-19 08-13-45,363,18.1229,35.174
2019-05-19 08-13-49,363,18.1046,35.1606
2019-05-19 08-13-51,362,18.1412,35.1873
2019-05-19 08-13-53,362,18.1564,35.174
2019-05-19 08-13-55,362,18.1061,35.1873
2019-05-19 08-13-57,362,18.0695,35.174
2019-05-19 08-13-59,362,18.0725,35.1873
2019-05-19 08-14-01,362,18.0725,35.1873
2019-05-19 08-14-03,362,18.0878,35.1873
2019-05-19 08-14-07,362,18.0695,35.174
2019-05-19 08-14-09,362,18.0725,35.1873
2019-05-19 08-14-11,362,18.0878,35.174
2019-05-19 08-14-13,361,18.1061,35.1873
2019-05-19 08-14-15,361,18.1061,35.174
2019-05-19 08-14-17,361,18.0695,35.1472
2019-05-19 08-14-19,362,18.1244,35.2033
2019-05-19 08-14-21,361,18.0725,35.1873
2019-05-19 08-14-25,361,18.1229,35.174
2019-05-19 08-14-27,361,18.0878,35.1606
2019-05-19 08-14-29,361,18.1046,35.1606
2019-05-19 08-14-31,362,18.1046,35.1606
2019-05-19 08-14-33,362,18.1381,35.1606
2019-05-19 08-14-35,362,18.1229,35.1606
2019-05-19 08-14-37,362,18.1046,35.1606
2019-05-19 08-14-39,362,18.1229,35.1606
2019-05-19 08-14-43,362,18.1061,35.1873
2019-05-19 08-14-45,362,18.1229,35.1472
2019-05-19 08-14-47,361,18.0695,35.174
2019-05-19 08-14-49,362,18.0725,35.1873
2019-05-19 08-14-51,362,18.1244,35.1873
2019-05-19 08-14-53,362,18.1061,35.2033
2019-05-19 08-14-55,363,18.0328,35.174
2019-05-19 08-14-59,363,18.0908,35.2167
2019-05-19 08-15-01,363,18.0328,35.174
2019-05-19 08-15-03,362,18.0359,35.2033
2019-05-19 08-15-05,362,18.0908,35.2033
2019-05-19 08-15-07,362,18.0908,35.2033
2019-05-19 08-15-09,362,18.0359,35.2033
2019-05-19 08-15-11,363,18.0725,35.2033
2019-05-19 08-15-13,363,18.0008,35.246
2019-05-19 08-15-18,363,18.074,35.246
2019-05-19 08-15-20,363,18.0557,35.2621
2019-05-19 08-15-22,363,17.9871,35.2754
2019-05-19 08-15-24,363,18.0374,35.246
2019-05-19 08-15-26,363,17.9688,35.2754
2019-05-19 08-15-28,364,17.9535,35.3021
2019-05-19 08-15-30,364,18.0054,35.3021
2019-05-19 08-15-32,364,17.9367,35.3021
2019-05-19 08-15-36,364,18.0054,35.2888
2019-05-19 08-15-38,364,17.9718,35.3182
2019-05-19 08-15-40,364,17.9871,35.3021
2019-05-19 08-15-42,364,17.9718,35.3182
2019-05-19 08-15-44,364,17.9901,35.3182
2019-05-19 08-15-46,364,17.9214,35.3315
2019-05-19 08-15-48,364,17.9718,35.3315
2019-05-19 08-15-50,364,17.9733,35.3449
2019-05-19 08-15-54,364,17.955,35.3315
2019-05-19 08-15-56,364,17.9367,35.3315
2019-05-19 08-15-58,364,17.9367,35.3182
2019-05-19 08-16-00,364,18.0054,35.3021
2019-05-19 08-16-02,364,17.9367,35.3021
2019-05-19 08-16-04,364,17.9504,35.2621
2019-05-19 08-16-06,364,18.0038,35.2754
2019-05-19 08-16-08,363,17.9871,35.2888
2019-05-19 08-16-12,363,17.9688,35.2621
2019-05-19 08-16-14,363,18.0374,35.246
2019-05-19 08-16-16,362,18.0542,35.2327
2019-05-19 08-16-18,362,18.0191,35.2327
2019-05-19 08-16-20,362,18.0542,35.2327
2019-05-19 08-16-22,362,18.0725,35.2167
2019-05-19 08-16-24,362,18.0176,35.2167
2019-05-19 08-16-28,362,18.0359,35.2327
2019-05-19 08-16-30,362,18.0176,35.2033
2019-05-19 08-16-32,362,18.0359,35.2033
2019-05-19 08-16-34,361,18.0725,35.2167
2019-05-19 08-16-36,361,18.0359,35.2327
2019-05-19 08-16-38,361,18.0542,35.2327
2019-05-19 08-16-40,361,18.0008,35.2327
2019-05-19 08-16-42,361,18.0374,35.246
2019-05-19 08-16-46,361,18.0191,35.246
2019-05-19 08-16-48,361,18.0008,35.246
2019-05-19 08-16-50,361,18.0038,35.2621
2019-05-19 08-16-52,361,18.0008,35.246
2019-05-19 08-16-54,361,18.0176,35.2167
2019-05-19 08-16-56,362,17.9993,35.174
2019-05-19 08-16-58,362,18.0908,35.2033
2019-05-19 08-17-00,362,18.0908,35.2033
2019-05-19 08-17-04,361,18.1061,35.174
2019-05-19 08-17-06,362,18.1061,35.2033
2019-05-19 08-17-08,362,18.0496,35.1606
2019-05-19 08-17-10,362,18.0695,35.1606
2019-05-19 08-17-12,362,18.1229,35.1472
2019-05-19 08-17-14,362,18.0695,35.174
2019-05-19 08-17-16,362,18.0878,35.1606
2019-05-19 08-17-18,362,18.0511,35.2033
2019-05-19 08-17-22,361,18.0328,35.1873
2019-05-19 08-17-24,362,18.0908,35.2033
2019-05-19 08-17-26,362,18.0176,35.2033
2019-05-19 08-17-28,362,18.0725,35.2033
2019-05-19 08-17-30,363,18.0176,35.2033
2019-05-19 08-17-32,362,18.0908,35.2033
2019-05-19 08-17-34,362,18.0542,35.2167
2019-05-19 08-17-38,362,18.0511,35.2033
2019-05-19 08-17-40,362,18.0908,35.2327
2019-05-19 08-17-42,362,18.0038,35.2754
2019-05-19 08-17-44,363,18.0374,35.2621
2019-05-19 08-17-46,363,18.0222,35.2754
2019-05-19 08-17-48,364,17.9871,35.2888
2019-05-19 08-17-50,364,18.0557,35.2888
2019-05-19 08-17-52,364,17.9871,35.2888
2019-05-19 08-17-56,364,17.9871,35.2888
2019-05-19 08-17-58,364,17.9688,35.2754
2019-05-19 08-18-00,364,17.9688,35.2754
2019-05-19 08-18-02,365,18.0222,35.2888
2019-05-19 08-18-04,365,17.9871,35.2754
2019-05-19 08-18-06,364,17.9672,35.246
2019-05-19 08-18-08,365,18.0191,35.2621
2019-05-19 08-18-10,365,17.9688,35.2621
2019-05-19 08-18-14,365,18.0222,35.2888
2019-05-19 08-18-16,364,18.0054,35.3021
2019-05-19 08-18-18,364,17.9718,35.3021
2019-05-19 08-18-20,364,18.0237,35.3021
2019-05-19 08-18-22,364,17.9901,35.3315
2019-05-19 08-18-24,364,17.9214,35.3315
2019-05-19 08-18-26,364,17.9718,35.3182
2019-05-19 08-18-28,364,17.9535,35.3021
2019-05-19 08-18-32,364,17.9901,35.3315
2019-05-19 08-18-34,365,17.9367,35.3182
2019-05-19 08-18-36,365,17.9901,35.3182
2019-05-19 08-18-38,365,17.9871,35.2888
2019-05-19 08-18-40,365,17.9871,35.3021
2019-05-19 08-18-42,365,18.0054,35.2888
2019-05-19 08-18-44,365,17.9688,35.2888
2019-05-19 08-18-48,364,17.9718,35.3021
2019-05-19 08-18-50,364,17.9535,35.3021
2019-05-19 08-18-52,364,17.9718,35.3021
2019-05-19 08-18-54,364,17.9871,35.2888
2019-05-19 08-18-56,364,18.0054,35.3021
2019-05-19 08-18-58,364,17.9688,35.2754
2019-05-19 08-19-00,363,17.9855,35.246
2019-05-19 08-19-02,363,17.9504,35.2754
2019-05-19 08-19-06,363,18.0222,35.2754
2019-05-19 08-19-08,363,17.9855,35.2621
2019-05-19 08-19-10,362,18.0008,35.2327
2019-05-19 08-19-12,362,18.0374,35.246
2019-05-19 08-19-14,362,18.0008,35.246
2019-05-19 08-19-16,362,18.0359,35.2327
2019-05-19 08-19-18,362,18.0359,35.2327
2019-05-19 08-19-20,362,18.0359,35.2167
2019-05-19 08-19-24,362,18.0725,35.2033
2019-05-19 08-19-26,361,18.0908,35.2033
2019-05-19 08-19-28,361,18.1595,35.2033
2019-05-19 08-19-30,361,18.0511,35.2033
2019-05-19 08-19-32,361,18.0725,35.1873
2019-05-19 08-19-34,361,18.0878,35.174
2019-05-19 08-19-36,362,18.1564,35.1606
2019-05-19 08-19-38,361,18.0496,35.1606
2019-05-19 08-19-42,361,18.1412,35.174
2019-05-19 08-19-44,361,18.1747,35.1606
2019-05-19 08-19-46,361,18.0878,35.1606
2019-05-19 08-19-48,360,18.1061,35.174
2019-05-19 08-19-50,360,18.1229,35.1606
2019-05-19 08-19-52,360,18.0908,35.2033
2019-05-19 08-19-54,360,18.1061,35.1873
2019-05-19 08-19-58,360,18.0511,35.2033
2019-05-19 08-20-00,360,18.1427,35.2167
2019-05-19 08-20-02,360,18.0542,35.246
2019-05-19 08-20-04,361,18.0923,35.246
2019-05-19 08-20-06,361,18.0542,35.2327
2019-05-19 08-20-08,361,18.0191,35.2621
2019-05-19 08-20-10,361,18.0038,35.2621
2019-05-19 08-20-12,361,18.0374,35.2621
2019-05-19 08-20-16,361,17.9855,35.246
2019-05-19 08-20-18,361,18.0191,35.2621
2019-05-19 08-20-20,361,18.0374,35.2754
2019-05-19 08-20-22,361,17.9169,35.2621
2019-05-19 08-20-24,362,18.0008,35.246
2019-05-19 08-20-26,362,18.0222,35.2888
2019-05-19 08-20-29,362,18.0038,35.2621
2019-05-19 08-20-31,362,18.0038,35.2754
2019-05-19 08-20-35,362,18.0542,35.2327
2019-05-19 08-20-37,362,18.0191,35.246
2019-05-19 08-20-39,362,18.0923,35.246
2019-05-19 08-20-41,362,17.9855,35.246
2019-05-19 08-20-43,362,18.0771,35.2621
2019-05-19 08-20-45,362,18.0374,35.2621
2019-05-19 08-20-47,362,17.9855,35.2621
2019-05-19 08-20-49,362,18.0222,35.2754
2019-05-19 08-20-53,362,18.0038,35.2754
2019-05-19 08-20-55,362,18.0374,35.2754
2019-05-19 08-20-57,362,17.9871,35.2754
2019-05-19 08-20-59,363,18.0054,35.3182
2019-05-19 08-21-01,364,18.0237,35.3021
2019-05-19 08-21-03,364,18.0405,35.3021
2019-05-19 08-21-05,364,18.0054,35.3021
2019-05-19 08-21-09,364,17.9352,35.2754
2019-05-19 08-21-11,365,17.9855,35.2621
2019-05-19 08-21-13,365,18.0038,35.2754
2019-05-19 08-21-15,366,17.9688,35.2621
2019-05-19 08-21-17,366,18.0191,35.2327
2019-05-19 08-21-19,366,18.0542,35.2167
2019-05-19 08-21-21,366,18.0176,35.2167
2019-05-19 08-21-23,366,18.0511,35.2033
2019-05-19 08-21-27,365,18.1412,35.1873
2019-05-19 08-21-29,365,18.0908,35.2167
2019-05-19 08-21-31,364,18.0725,35.1873
2019-05-19 08-21-33,364,18.0725,35.2033
2019-05-19 08-21-35,364,18.0908,35.2033
2019-05-19 08-21-37,364,18.0725,35.1873
2019-05-19 08-21-39,364,18.0725,35.2167
2019-05-19 08-21-41,364,18.0359,35.2167
2019-05-19 08-21-45,364,18.0359,35.2167
2019-05-19 08-21-47,364,18.0359,35.2327
2019-05-19 08-21-49,364,18.074,35.2327
2019-05-19 08-21-51,364,18.0374,35.246
2019-05-19 08-21-53,364,17.9825,35.2167
2019-05-19 08-21-55,364,18.074,35.246
2019-05-19 08-21-57,363,18.0542,35.2327
2019-05-19 08-21-59,363,18.0542,35.2327
2019-05-19 08-22-03,364,18.0359,35.2327
2019-05-19 08-22-05,364,18.0511,35.2033
2019-05-19 08-22-07,364,18.0908,35.2167
2019-05-19 08-22-09,363,18.0725,35.2167
2019-05-19 08-22-11,363,18.0176,35.2167
2019-05-19 08-22-13,362,18.074,35.2327
2019-05-19 08-22-15,362,18.0908,35.2033
2019-05-19 08-22-19,362,18.0191,35.246
2019-05-19 08-22-21,362,18.0542,35.2327
2019-05-19 08-22-23,362,18.0542,35.2167
2019-05-19 08-22-25,362,18.0908,35.2327
2019-05-19 08-22-27,362,18.1091,35.2327
2019-05-19 08-22-29,362,18.0542,35.2167
2019-05-19 08-22-31,362,17.9825,35.2033
2019-05-19 08-22-33,362,18.0328,35.174
2019-05-19 08-22-37,362,18.0878,35.1873
2019-05-19 08-22-39,362,18.1244,35.1873
2019-05-19 08-22-41,363,18.0695,35.174
2019-05-19 08-22-43,362,18.1229,35.174
2019-05-19 08-22-45,362,18.1229,35.174
2019-05-19 08-22-47,362,18.0496,35.174
2019-05-19 08-22-49,362,18.0878,35.174
2019-05-19 08-22-51,362,18.1747,35.1606
2019-05-19 08-22-55,362,18.1381,35.1606
2019-05-19 08-22-57,362,18.1046,35.1606
2019-05-19 08-22-59,363,18.1046,35.1606
2019-05-19 08-23-01,362,18.0878,35.1606
2019-05-19 08-23-03,362,18.1229,35.1606
2019-05-19 08-23-05,362,18.0496,35.174
2019-05-19 08-23-07,362,18.0496,35.1472
2019-05-19 08-23-09,362,18.1381,35.1312
2019-05-19 08-23-13,362,18.1381,35.1472
2019-05-19 08-23-15,362,18.1046,35.1606
2019-05-19 08-23-17,362,18.1046,35.1472
2019-05-19 08-23-19,362,18.1564,35.1606
2019-05-19 08-23-21,362,18.1046,35.1606
2019-05-19 08-23-23,362,18.1381,35.1606
2019-05-19 08-23-25,362,18.1244,35.1873
2019-05-19 08-23-29,362,18.1061,35.1873
2019-05-19 08-23-31,362,18.1412,35.1873
2019-05-19 08-23-33,362,18.0908,35.2167
2019-05-19 08-23-35,362,18.0908,35.2033
2019-05-19 08-23-37,362,18.0878,35.174
2019-05-19 08-23-39,362,18.1229,35.1606
2019-05-19 08-23-41,363,18.0725,35.1873
2019-05-19 08-23-43,363,18.0725,35.2033
2019-05-19 08-23-47,363,18.0725,35.1873
2019-05-19 08-23-49,363,18.1244,35.1873
2019-05-19 08-23-51,363,18.1412,35.1873
2019-05-19 08-23-53,363,18.1381,35.1472
2019-05-19 08-23-55,363,18.1747,35.174
2019-05-19 08-23-57,362,18.0862,35.1472
2019-05-19 08-23-59,362,18.1046,35.1606
2019-05-19 08-24-03,362,18.1229,35.1472
2019-05-19 08-24-05,363,18.0679,35.1312
2019-05-19 08-24-07,362,18.1229,35.1472
2019-05-19 08-24-09,363,18.1549,35.1312
2019-05-19 08-24-11,362,18.1702,35.1045
2019-05-19 08-24-13,362,18.1564,35.1472
2019-05-19 08-24-15,362,18.1549,35.1179
2019-05-19 08-24-17,362,18.1885,35.1312
2019-05-19 08-24-21,362,18.1732,35.1472
2019-05-19 08-24-23,362,18.2465,35.1606
2019-05-19 08-24-25,361,18.1046,35.1472
2019-05-19 08-24-27,362,18.1229,35.1472
2019-05-19 08-24-29,361,18.0878,35.174
2019-05-19 08-24-31,361,18.1381,35.1606
2019-05-19 08-24-33,361,18.0725,35.1873
2019-05-19 08-24-35,361,18.0878,35.174
2019-05-19 08-24-39,362,18.0725,35.1873
2019-05-19 08-24-41,362,18.0725,35.1873
2019-05-19 08-24-43,362,18.0542,35.2167
2019-05-19 08-24-45,362,18.1244,35.1873
2019-05-19 08-24-47,362,18.0695,35.174
2019-05-19 08-24-49,362,18.1244,35.1873
2019-05-19 08-24-51,362,18.0511,35.1873
2019-05-19 08-24-55,362,18.0725,35.2033
2019-05-19 08-24-57,362,18.0725,35.1873
2019-05-19 08-24-59,362,18.1244,35.2033
2019-05-19 08-25-01,362,18.1412,35.1873
2019-05-19 08-25-03,362,18.0511,35.2033
2019-05-19 08-25-05,362,18.1091,35.246
2019-05-19 08-25-07,362,18.0725,35.2167
2019-05-19 08-25-09,363,18.0923,35.246
2019-05-19 08-25-13,363,18.0557,35.2621
2019-05-19 08-25-15,363,17.9855,35.246
2019-05-19 08-25-17,363,18.0008,35.2327
2019-05-19 08-25-19,363,18.0374,35.2754
2019-05-19 08-25-21,364,18.0038,35.2621
2019-05-19 08-25-23,364,18.0374,35.2621
2019-05-19 08-25-25,364,18.0542,35.246
2019-05-19 08-25-27,364,18.0374,35.2621
2019-05-19 08-25-31,364,18.0191,35.2621
2019-05-19 08-25-33,363,17.9855,35.246
2019-05-19 08-25-35,363,18.0191,35.246
2019-05-19 08-25-37,364,18.0374,35.246
2019-05-19 08-25-39,364,18.0038,35.2621
2019-05-19 08-25-41,363,17.9352,35.2621
2019-05-19 08-25-43,364,18.074,35.246
2019-05-19 08-25-45,364,18.0374,35.246
2019-05-19 08-25-49,364,17.9855,35.2327
2019-05-19 08-25-51,364,18.1091,35.2327
2019-05-19 08-25-54,364,18.074,35.2327
2019-05-19 08-25-56,364,18.1091,35.2167
2019-05-19 08-25-58,364,18.074,35.2327
2019-05-19 08-26-00,364,18.074,35.246
2019-05-19 08-26-02,364,18.0542,35.246
2019-05-19 08-26-06,365,18.0222,35.2754
2019-05-19 08-26-08,365,17.9688,35.2754
2019-05-19 08-26-10,365,18.0237,35.3182
2019-05-19 08-26-12,366,18.0054,35.2888
2019-05-19 08-26-14,365,17.9871,35.2754
2019-05-19 08-26-16,365,17.9352,35.2621
2019-05-19 08-26-18,365,18.0054,35.2888
2019-05-19 08-26-20,365,18.0405,35.2888
2019-05-19 08-26-24,365,18.0771,35.2621
2019-05-19 08-26-26,365,18.0374,35.2754
2019-05-19 08-26-28,365,18.0374,35.2621
2019-05-19 08-26-30,365,18.0374,35.246
2019-05-19 08-26-32,365,18.0191,35.246
2019-05-19 08-26-34,366,17.9825,35.2167
2019-05-19 08-26-36,366,18.0725,35.2033
2019-05-19 08-26-38,365,18.0542,35.2167
2019-05-19 08-26-42,366,18.0725,35.2167
2019-05-19 08-26-44,365,18.0725,35.2167
2019-05-19 08-26-46,365,18.0008,35.2167
2019-05-19 08-26-48,365,18.074,35.2327
2019-05-19 08-26-50,365,18.074,35.2327
2019-05-19 08-26-52,365,18.0923,35.246
2019-05-19 08-26-54,365,18.0542,35.2327
2019-05-19 08-26-56,366,18.0725,35.2167
2019-05-19 08-27-00,366,18.0359,35.2327
2019-05-19 08-27-02,366,18.0908,35.2167
2019-05-19 08-27-04,365,18.0725,35.2167
2019-05-19 08-27-06,365,18.0511,35.2033
2019-05-19 08-27-08,366,18.0542,35.2167
2019-05-19 08-27-10,366,18.0908,35.2167
2019-05-19 08-27-12,366,18.0908,35.2327
2019-05-19 08-27-14,366,18.0542,35.2167
2019-05-19 08-27-18,365,18.0725,35.2033
2019-05-19 08-27-20,366,18.0725,35.2167
2019-05-19 08-27-22,366,18.0725,35.2167
2019-05-19 08-27-24,366,18.0542,35.2167
2019-05-19 08-27-26,366,18.0725,35.2167
2019-05-19 08-27-28,365,18.074,35.2327
2019-05-19 08-27-30,365,18.1091,35.2327
2019-05-19 08-27-34,365,18.1274,35.2327
2019-05-19 08-27-36,366,18.1244,35.1873
2019-05-19 08-27-38,366,18.0725,35.2167
2019-05-19 08-27-40,366,18.0725,35.2167
2019-05-19 08-27-42,366,18.0359,35.2167
2019-05-19 08-27-44,366,18.1274,35.246
2019-05-19 08-27-46,366,18.074,35.2327
2019-05-19 08-27-48,366,18.0176,35.2033
2019-05-19 08-27-52,366,18.0359,35.2327
2019-05-19 08-27-54,367,18.0725,35.2167
2019-05-19 08-27-56,367,18.0542,35.246
2019-05-19 08-27-58,366,18.074,35.2327
2019-05-19 08-28-00,366,18.0511,35.2033
2019-05-19 08-28-02,367,18.1061,35.2033
2019-05-19 08-28-04,367,18.0725,35.2167
2019-05-19 08-28-06,366,18.0878,35.174
2019-05-19 08-28-10,367,18.1061,35.174
2019-05-19 08-28-12,367,18.1061,35.174
2019-05-19 08-28-14,366,18.1381,35.1606
2019-05-19 08-28-16,366,18.0878,35.174
2019-05-19 08-28-18,366,18.0496,35.174
2019-05-19 08-28-20,365,18.1229,35.174
2019-05-19 08-28-22,365,18.1061,35.2033
2019-05-19 08-28-24,365,18.0878,35.174
2019-05-19 08-28-28,365,18.0725,35.2033
2019-05-19 08-28-30,365,18.0725,35.2033
2019-05-19 08-28-32,364,18.0542,35.2167
2019-05-19 08-28-34,364,18.0908,35.2167
2019-05-19 08-28-36,364,18.1091,35.2327
2019-05-19 08-28-38,364,18.1274,35.2327
2019-05-19 08-28-40,365,18.0542,35.2327
2019-05-19 08-28-44,365,18.0359,35.2327
2019-05-19 08-28-46,365,18.0542,35.2327
2019-05-19 08-28-48,366,18.0542,35.2327
2019-05-19 08-28-50,366,18.1091,35.2167
2019-05-19 08-28-52,365,18.0725,35.2033
2019-05-19 08-28-54,366,18.0725,35.1873
2019-05-19 08-28-56,366,18.1244,35.1873
2019-05-19 08-28-58,366,18.1229,35.174
2019-05-19 08-29-02,366,18.1229,35.174
2019-05-19 08-29-04,367,18.1061,35.174
2019-05-19 08-29-06,367,18.0328,35.174
2019-05-19 08-29-08,366,18.1244,35.1873
2019-05-19 08-29-10,366,18.1564,35.1606
2019-05-19 08-29-12,366,18.1564,35.1606
2019-05-19 08-29-14,366,18.1061,35.2033
2019-05-19 08-29-16,366,18.0908,35.2033
2019-05-19 08-29-20,366,18.1061,35.2033
2019-05-19 08-29-22,366,18.0908,35.2167
2019-05-19 08-29-24,367,18.0908,35.2327
2019-05-19 08-29-26,366,18.0725,35.2033
2019-05-19 08-29-28,367,18.074,35.2327
2019-05-19 08-29-30,367,18.1091,35.2327
2019-05-19 08-29-32,367,18.1244,35.2167
2019-05-19 08-29-34,367,18.1061,35.2033
2019-05-19 08-29-38,367,18.1061,35.1873
2019-05-19 08-29-40,366,18.0008,35.2327
2019-05-19 08-29-42,366,18.0923,35.246
2019-05-19 08-29-44,367,18.1091,35.2327
2019-05-19 08-29-46,367,18.0542,35.246
2019-05-19 08-29-48,367,18.0908,35.2327
2019-05-19 08-29-50,368,18.074,35.2327
2019-05-19 08-29-54,368,18.0359,35.2327
2019-05-19 08-29-56,368,18.0191,35.2327
2019-05-19 08-29-58,368,18.0542,35.2167
2019-05-19 08-30-00,368,18.0725,35.2167
2019-05-19 08-30-02,369,18.0878,35.1873
2019-05-19 08-30-04,369,18.1229,35.174
2019-05-19 08-30-06,369,18.1564,35.1606
2019-05-19 08-30-08,368,18.0878,35.1606
2019-05-19 08-30-12,368,18.0496,35.174
2019-05-19 08-30-14,367,18.1061,35.1873
2019-05-19 08-30-16,367,18.1595,35.1873
2019-05-19 08-30-18,367,18.1229,35.174
2019-05-19 08-30-20,367,18.0496,35.1606
2019-05-19 08-30-22,367,18.1229,35.174
2019-05-19 08-30-24,367,18.0878,35.1873
2019-05-19 08-30-26,367,18.0878,35.1873
2019-05-19 08-30-30,367,18.1229,35.174
2019-05-19 08-30-32,367,18.0725,35.1873
2019-05-19 08-30-34,366,18.0878,35.174
2019-05-19 08-30-36,367,18.1412,35.174
2019-05-19 08-30-38,367,18.1412,35.174
2019-05-19 08-30-40,367,18.1381,35.1606
2019-05-19 08-30-42,367,18.1381,35.1606
2019-05-19 08-30-44,367,18.1595,35.1873
2019-05-19 08-30-48,366,18.1244,35.2033
2019-05-19 08-30-50,366,18.0878,35.1873
2019-05-19 08-30-52,366,18.1091,35.2167
2019-05-19 08-30-54,366,18.0908,35.2327
2019-05-19 08-30-56,366,18.1381,35.1606
2019-05-19 08-30-58,366,18.1244,35.2033
2019-05-19 08-31-00,366,18.0725,35.1873
2019-05-19 08-31-04,366,18.1427,35.2167
2019-05-19 08-31-06,366,18.0878,35.174
2019-05-19 08-31-08,366,18.1427,35.2033
2019-05-19 08-31-10,366,18.1412,35.1873
2019-05-19 08-31-12,365,18.1244,35.2033
2019-05-19 08-31-14,365,18.1244,35.2033
2019-05-19 08-31-16,366,18.0542,35.2167
2019-05-19 08-31-18,366,18.0542,35.2167
2019-05-19 08-31-23,366,18.1595,35.2167
2019-05-19 08-31-25,365,18.0908,35.2167
2019-05-19 08-31-27,365,18.1458,35.246
2019-05-19 08-31-29,365,18.0008,35.246
2019-05-19 08-31-31,365,18.1091,35.2327
2019-05-19 08-31-33,365,18.1244,35.2033
2019-05-19 08-31-35,365,18.0359,35.2327
2019-05-19 08-31-37,365,18.0923,35.246
2019-05-19 08-31-41,365,18.0374,35.246
2019-05-19 08-31-43,365,17.9672,35.2327
2019-05-19 08-31-45,365,18.0542,35.2167
2019-05-19 08-31-47,365,18.0191,35.2327
2019-05-19 08-31-49,365,18.0542,35.2327
2019-05-19 08-31-51,365,18.0542,35.246
2019-05-19 08-31-53,364,18.0771,35.2621
2019-05-19 08-31-55,364,18.0542,35.246
2019-05-19 08-31-59,363,18.0771,35.2621
2019-05-19 08-32-01,364,18.0191,35.2621
2019-05-19 08-32-03,364,18.0374,35.2754
2019-05-19 08-32-05,365,18.0054,35.2888
2019-05-19 08-32-07,365,18.0222,35.2888
2019-05-19 08-32-09,366,18.0557,35.2888
2019-05-19 08-32-11,365,17.9871,35.2754
2019-05-19 08-32-13,366,18.0557,35.2754
2019-05-19 08-32-17,366,18.0405,35.2888
2019-05-19 08-32-19,365,18.0191,35.2621
2019-05-19 08-32-21,365,18.0374,35.2621
2019-05-19 08-32-23,365,18.0191,35.246
2019-05-19 08-32-25,365,18.0557,35.2621
2019-05-19 08-32-27,365,18.0191,35.2621
2019-05-19 08-32-29,365,18.0542,35.246
2019-05-19 08-32-33,365,18.0923,35.246
2019-05-19 08-32-35,365,18.0923,35.246
2019-05-19 08-32-37,365,18.074,35.246
2019-05-19 08-32-39,365,18.0542,35.2327
2019-05-19 08-32-41,365,18.0359,35.2327
2019-05-19 08-32-43,365,18.0557,35.2621
2019-05-19 08-32-45,365,18.0542,35.2327
2019-05-19 08-32-47,365,18.0374,35.246
2019-05-19 08-32-51,365,18.0908,35.2167
2019-05-19 08-32-53,365,18.1061,35.1873
2019-05-19 08-32-55,364,18.0328,35.1873
2019-05-19 08-32-57,364,18.1061,35.2033
2019-05-19 08-32-59,364,18.1061,35.1873
2019-05-19 08-33-01,364,18.0511,35.1873
2019-05-19 08-33-03,364,18.1091,35.246
2019-05-19 08-33-05,364,18.0908,35.2033
2019-05-19 08-33-09,364,18.0359,35.2033
2019-05-19 08-33-11,364,18.0908,35.2327
2019-05-19 08-33-13,364,18.1274,35.2327
2019-05-19 08-33-15,364,18.0908,35.2167
2019-05-19 08-33-17,364,18.0725,35.2167
2019-05-19 08-33-19,365,18.0908,35.2033
2019-05-19 08-33-21,364,18.0725,35.2033
2019-05-19 08-33-25,364,18.1412,35.174
2019-05-19 08-33-27,364,18.1412,35.1873
2019-05-19 08-33-29,365,18.1412,35.1873
2019-05-19 08-33-31,365,18.0725,35.1873
2019-05-19 08-33-33,364,18.0878,35.1873
2019-05-19 08-33-35,364,18.1061,35.1873
2019-05-19 08-33-37,364,18.0511,35.2033
2019-05-19 08-33-39,364,18.1061,35.1873
2019-05-19 08-33-43,364,18.0878,35.1873
2019-05-19 08-33-45,365,18.1061,35.2033
2019-05-19 08-33-47,364,18.1061,35.1873
2019-05-19 08-33-49,364,18.0328,35.1873
2019-05-19 08-33-51,364,18.1061,35.2033
2019-05-19 08-33-53,364,18.0908,35.2033
2019-05-19 08-33-55,364,18.1564,35.174
2019-05-19 08-33-57,363,18.1747,35.1606
2019-05-19 08-34-01,363,18.0878,35.174
2019-05-19 08-34-03,363,18.1061,35.174
2019-05-19 08-34-05,363,18.1229,35.1606
2019-05-19 08-34-07,362,18.1412,35.174
2019-05-19 08-34-09,363,18.1244,35.1873
2019-05-19 08-34-11,363,18.1244,35.2033
2019-05-19 08-34-13,363,18.0328,35.1873
2019-05-19 08-34-15,363,18.1595,35.1873
2019-05-19 08-34-19,363,18.1244,35.2033
2019-05-19 08-34-21,363,18.0511,35.2033
2019-05-19 08-34-23,363,18.1412,35.1873
2019-05-19 08-34-25,363,18.1412,35.174
2019-05-19 08-34-27,362,18.0878,35.174
2019-05-19 08-34-29,362,18.1747,35.1606
2019-05-19 08-34-31,362,18.1061,35.1873
2019-05-19 08-34-35,362,18.1061,35.2033
2019-05-19 08-34-37,362,18.1595,35.1873
2019-05-19 08-34-39,362,18.0908,35.2033
2019-05-19 08-34-41,363,18.1274,35.2327
2019-05-19 08-34-43,362,18.1427,35.2327
2019-05-19 08-34-45,363,18.0359,35.2327
2019-05-19 08-34-47,363,18.0908,35.2327
2019-05-19 08-34-49,363,18.0374,35.246
2019-05-19 08-34-53,364,18.0542,35.246
2019-05-19 08-34-55,364,18.0771,35.2754
2019-05-19 08-34-57,364,18.0542,35.246
2019-05-19 08-34-59,364,18.0405,35.2888
2019-05-19 08-35-01,364,18.0542,35.246
2019-05-19 08-35-03,364,18.0374,35.246
2019-05-19 08-35-05,365,18.0557,35.2621
2019-05-19 08-35-07,365,18.074,35.246
2019-05-19 08-35-11,365,18.074,35.2327
2019-05-19 08-35-13,365,18.0542,35.2327
2019-05-19 08-35-15,365,18.1091,35.2327
2019-05-19 08-35-17,365,18.0374,35.246
2019-05-19 08-35-19,365,18.0557,35.2621
2019-05-19 08-35-21,365,18.0557,35.2621
2019-05-19 08-35-23,365,18.0374,35.246
2019-05-19 08-35-25,365,18.0374,35.246
2019-05-19 08-35-29,365,18.0923,35.2621
2019-05-19 08-35-31,365,18.0374,35.2621
2019-05-19 08-35-33,365,18.0038,35.2754
2019-05-19 08-35-35,365,18.0771,35.2621
2019-05-19 08-35-37,365,18.0222,35.2888
2019-05-19 08-35-39,365,18.0038,35.2754
2019-05-19 08-35-41,365,18.0222,35.2888
2019-05-19 08-35-45,365,18.0038,35.2754
2019-05-19 08-35-47,365,18.0222,35.2888
2019-05-19 08-35-49,365,18.0405,35.2888
2019-05-19 08-35-51,364,18.0222,35.2754
2019-05-19 08-35-53,364,18.0557,35.2888
2019-05-19 08-35-55,365,18.0405,35.2888
2019-05-19 08-35-57,365,18.0038,35.2754
2019-05-19 08-35-59,365,18.0237,35.3021
2019-05-19 08-36-03,365,18.0374,35.2754
2019-05-19 08-36-05,365,18.0222,35.2754
2019-05-19 08-36-07,365,18.0771,35.2754
2019-05-19 08-36-09,365,18.0374,35.2621
2019-05-19 08-36-11,365,18.0786,35.3021
2019-05-19 08-36-13,365,18.0771,35.2888
2019-05-19 08-36-15,365,18.0222,35.2888
2019-05-19 08-36-17,365,18.0038,35.2754
2019-05-19 08-36-21,365,18.0054,35.3021
2019-05-19 08-36-23,365,18.0557,35.2621
2019-05-19 08-36-25,365,18.0222,35.2754
2019-05-19 08-36-27,365,18.0405,35.3021
2019-05-19 08-36-29,365,18.0054,35.2888
2019-05-19 08-36-31,365,18.0374,35.2754
2019-05-19 08-36-33,365,18.0237,35.3021
2019-05-19 08-36-35,365,18.0374,35.2754
2019-05-19 08-36-39,365,18.0405,35.2888
2019-05-19 08-36-42,365,18.0771,35.2754
2019-05-19 08-36-44,365,18.0557,35.2754
2019-05-19 08-36-46,364,18.0222,35.2754
2019-05-19 08-36-48,364,18.0374,35.246
2019-05-19 08-36-50,364,18.0771,35.2621
2019-05-19 08-36-52,364,18.0557,35.2621
2019-05-19 08-36-54,364,18.0923,35.2621
2019-05-19 08-36-58,364,18.1274,35.2327
2019-05-19 08-37-00,364,18.0771,35.2621
2019-05-19 08-37-02,363,18.1274,35.246
2019-05-19 08-37-04,363,18.0771,35.2621
2019-05-19 08-37-06,363,18.0557,35.2621
2019-05-19 08-37-08,363,18.0557,35.2621
2019-05-19 08-37-10,363,18.0923,35.2754
2019-05-19 08-37-14,363,18.0374,35.2754
2019-05-19 08-37-16,364,18.0222,35.2754
2019-05-19 08-37-18,364,18.0557,35.2621
2019-05-19 08-37-20,364,18.0557,35.2888
2019-05-19 08-37-22,364,18.0222,35.2754
2019-05-19 08-37-24,364,18.0222,35.2888
2019-05-19 08-37-26,364,18.0237,35.3021
2019-05-19 08-37-28,364,17.9871,35.3021
2019-05-19 08-37-32,364,17.9901,35.3182
2019-05-19 08-37-34,365,18.0405,35.3021
2019-05-19 08-37-36,365,17.9901,35.3449
2019-05-19 08-37-38,365,18.042,35.3182
2019-05-19 08-37-40,365,18.0237,35.3021
2019-05-19 08-37-42,365,17.9352,35.2621
2019-05-19 08-37-44,365,18.0405,35.2888
2019-05-19 08-37-46,366,18.0923,35.2621
2019-05-19 08-37-50,366,18.0222,35.2754
2019-05-19 08-37-52,365,17.9688,35.2888
2019-05-19 08-37-54,365,18.0374,35.2754
2019-05-19 08-37-56,365,18.0038,35.2621
2019-05-19 08-37-58,365,18.0557,35.2621
2019-05-19 08-38-00,365,18.0908,35.2327
2019-05-19 08-38-02,366,18.0557,35.2754
2019-05-19 08-38-04,366,18.0191,35.246
2019-05-19 08-38-08,366,17.9855,35.246
2019-05-19 08-38-10,366,18.074,35.246
2019-05-19 08-38-12,367,18.0008,35.2327
2019-05-19 08-38-14,366,18.1091,35.2327
2019-05-19 08-38-16,366,18.0542,35.2327
2019-05-19 08-38-18,366,18.0374,35.2621
2019-05-19 08-38-20,366,18.074,35.2327
2019-05-19 08-38-22,366,18.074,35.2327
2019-05-19 08-38-26,367,18.0908,35.2327
2019-05-19 08-38-28,367,18.0923,35.246
2019-05-19 08-38-30,366,18.0191,35.2621
2019-05-19 08-38-32,366,18.0557,35.2754
2019-05-19 08-38-34,366,18.0923,35.2754
2019-05-19 08-38-36,366,18.0237,35.3021
2019-05-19 08-38-38,365,18.0237,35.3315
2019-05-19 08-38-42,366,18.0237,35.3315
2019-05-19 08-38-44,366,18.0054,35.3021
2019-05-19 08-38-46,366,18.042,35.3182
2019-05-19 08-38-48,367,18.0557,35.2888
2019-05-19 08-38-50,367,18.042,35.3182
2019-05-19 08-38-52,367,18.0054,35.2888
2019-05-19 08-38-54,367,18.0054,35.2888
2019-05-19 08-38-56,367,18.0054,35.2888
2019-05-19 08-39-00,367,17.9871,35.3021
2019-05-19 08-39-02,367,18.042,35.3182
2019-05-19 08-39-04,367,18.0054,35.3182
2019-05-19 08-39-06,367,18.0054,35.2888
2019-05-19 08-39-08,367,17.9718,35.3182
2019-05-19 08-39-10,367,18.0054,35.3021
2019-05-19 08-39-12,367,18.0405,35.3021
2019-05-19 08-39-14,367,18.0237,35.3021
2019-05-19 08-39-18,368,18.042,35.3182
2019-05-19 08-39-20,367,18.0588,35.3021
2019-05-19 08-39-22,368,17.9535,35.2888
2019-05-19 08-39-24,368,18.042,35.3182
2019-05-19 08-39-26,368,18.042,35.3182
2019-05-19 08-39-28,368,17.9871,35.3021
2019-05-19 08-39-30,368,17.9718,35.3182
2019-05-19 08-39-32,368,18.042,35.3182
2019-05-19 08-39-36,367,17.9871,35.3021
2019-05-19 08-39-38,367,18.0237,35.3182
2019-05-19 08-39-40,367,18.0237,35.3182
2019-05-19 08-39-42,367,17.9871,35.3021
2019-05-19 08-39-44,367,18.0084,35.3315
2019-05-19 08-39-46,367,17.955,35.3315
2019-05-19 08-39-48,368,18.0588,35.3315
2019-05-19 08-39-50,367,18.0084,35.3449
2019-05-19 08-39-54,368,18.0588,35.3315
2019-05-19 08-39-56,368,17.9733,35.3449
2019-05-19 08-39-58,368,17.9901,35.3182
2019-05-19 08-40-00,368,18.0786,35.3182
2019-05-19 08-40-02,368,18.042,35.3182
2019-05-19 08-40-04,368,18.0588,35.3021
2019-05-19 08-40-06,368,18.0557,35.2754
2019-05-19 08-40-10,367,18.0405,35.3021
2019-05-19 08-40-12,368,17.9871,35.3021
2019-05-19 08-40-14,368,18.0405,35.2888
2019-05-19 08-40-16,368,18.0771,35.2621
2019-05-19 08-40-18,368,18.0054,35.3182
2019-05-19 08-40-20,368,18.0222,35.2888
2019-05-19 08-40-22,368,18.0405,35.2888
2019-05-19 08-40-24,368,18.0054,35.2888
2019-05-19 08-40-28,368,17.9901,35.3182
2019-05-19 08-40-30,368,18.0237,35.3315
2019-05-19 08-40-32,368,17.9718,35.3182
2019-05-19 08-40-34,368,18.0054,35.3182
2019-05-19 08-40-36,368,17.9901,35.3315
2019-05-19 08-40-38,368,18.0054,35.3182
2019-05-19 08-40-40,369,18.0237,35.3315
2019-05-19 08-40-42,369,17.9901,35.3182
2019-05-19 08-40-46,369,18.0237,35.3021
2019-05-19 08-40-48,369,18.0237,35.3182
2019-05-19 08-40-50,369,17.9688,35.2888
2019-05-19 08-40-52,369,18.0222,35.2888
2019-05-19 08-40-54,369,18.0557,35.2888
2019-05-19 08-40-56,369,18.0405,35.2888
2019-05-19 08-40-58,369,18.0786,35.3182
2019-05-19 08-41-00,368,18.0405,35.2888
2019-05-19 08-41-04,369,18.0405,35.2888
2019-05-19 08-41-06,369,18.0771,35.2888
2019-05-19 08-41-08,369,18.042,35.3182
2019-05-19 08-41-10,369,18.0054,35.3182
2019-05-19 08-41-12,369,18.0237,35.3315
2019-05-19 08-41-14,369,18.0084,35.3315
2019-05-19 08-41-16,369,18.0084,35.3315
2019-05-19 08-41-18,369,18.0237,35.3021
2019-05-19 08-41-22,369,18.0405,35.3021
2019-05-19 08-41-24,369,18.0786,35.3182
2019-05-19 08-41-26,369,18.0405,35.3021
2019-05-19 08-41-28,369,18.0923,35.2754
2019-05-19 08-41-30,369,18.0374,35.246
2019-05-19 08-41-32,369,18.0222,35.2754
2019-05-19 08-41-34,369,18.0588,35.3182
2019-05-19 08-41-38,368,18.0237,35.3182
2019-05-19 08-41-40,369,18.0237,35.3021
2019-05-19 08-41-42,369,18.0588,35.3315
2019-05-19 08-41-44,368,17.9901,35.3182
2019-05-19 08-41-46,368,18.0237,35.3182
2019-05-19 08-41-48,368,17.9718,35.3182
2019-05-19 08-41-50,369,18.0588,35.3021
2019-05-19 08-41-52,369,18.0054,35.3021
2019-05-19 08-41-56,369,18.0405,35.3021
2019-05-19 08-41-58,368,18.0771,35.2754
2019-05-19 08-42-00,368,18.0771,35.2754
2019-05-19 08-42-03,368,18.0374,35.2621
2019-05-19 08-42-05,368,18.0588,35.3021
2019-05-19 08-42-07,368,18.0374,35.2621
2019-05-19 08-42-09,368,18.0557,35.2754
2019-05-19 08-42-11,368,18.0771,35.2754
2019-05-19 08-42-15,368,18.0374,35.2754
2019-05-19 08-42-17,367,18.0557,35.2888
2019-05-19 08-42-19,368,18.0771,35.2754
2019-05-19 08-42-21,368,18.0374,35.2754
2019-05-19 08-42-23,368,18.0557,35.2888
2019-05-19 08-42-25,368,18.0771,35.2888
2019-05-19 08-42-27,369,18.0771,35.2888
2019-05-19 08-42-29,368,18.0771,35.2754
2019-05-19 08-42-33,368,18.0191,35.246
2019-05-19 08-42-35,368,18.0191,35.2621
2019-05-19 08-42-37,368,18.0542,35.246
2019-05-19 08-42-39,367,18.074,35.2327
2019-05-19 08-42-41,367,18.074,35.2327
2019-05-19 08-42-43,367,18.0923,35.246
2019-05-19 08-42-45,367,18.0908,35.2327
2019-05-19 08-42-47,367,18.1091,35.246
2019-05-19 08-42-51,366,18.1091,35.246
2019-05-19 08-42-53,366,18.0542,35.246
2019-05-19 08-42-55,366,18.1107,35.2621
2019-05-19 08-42-57,366,18.0222,35.2754
2019-05-19 08-42-59,365,18.0771,35.2621
2019-05-19 08-43-01,365,18.0038,35.2754
2019-05-19 08-43-03,365,17.9871,35.3021
2019-05-19 08-43-05,365,18.0588,35.3021
2019-05-19 08-43-09,365,18.0237,35.3182
2019-05-19 08-43-11,364,18.0237,35.3021
2019-05-19 08-43-13,364,18.0969,35.3182
2019-05-19 08-43-15,364,18.0237,35.3021
2019-05-19 08-43-17,364,17.955,35.3182
2019-05-19 08-43-19,364,18.0222,35.2754
2019-05-19 08-43-21,364,18.0237,35.3182
2019-05-19 08-43-25,364,18.0054,35.3021
2019-05-19 08-43-27,364,18.0222,35.2888
2019-05-19 08-43-29,365,18.0771,35.2888
2019-05-19 08-43-31,365,18.0054,35.2888
2019-05-19 08-43-33,365,18.0557,35.2888
2019-05-19 08-43-35,365,18.0771,35.2754
2019-05-19 08-43-37,365,18.0374,35.2754
2019-05-19 08-43-39,365,18.1137,35.3021
2019-05-19 08-43-43,365,18.0771,35.2888
2019-05-19 08-43-45,365,18.0557,35.2888
2019-05-19 08-43-47,365,18.0588,35.3021
2019-05-19 08-43-49,365,18.0405,35.2888
2019-05-19 08-43-51,365,18.0222,35.2888
2019-05-19 08-43-53,364,18.0054,35.2888
2019-05-19 08-43-55,364,18.0557,35.2754
2019-05-19 08-43-57,364,18.0237,35.3021
2019-05-19 08-44-01,365,18.0405,35.2888
2019-05-19 08-44-03,364,18.0557,35.2754
2019-05-19 08-44-05,364,18.0038,35.2754
2019-05-19 08-44-07,364,18.0771,35.2754
2019-05-19 08-44-09,365,18.0237,35.3021
2019-05-19 08-44-11,365,18.0222,35.2754
2019-05-19 08-44-13,364,18.0771,35.2754
2019-05-19 08-44-15,364,18.1107,35.2754
2019-05-19 08-44-19,364,18.0405,35.2888
2019-05-19 08-44-21,363,18.0237,35.3021
2019-05-19 08-44-23,363,18.0786,35.3021
2019-05-19 08-44-25,364,17.9901,35.3182
2019-05-19 08-44-27,364,18.0054,35.2888
2019-05-19 08-44-29,364,18.0374,35.2621
2019-05-19 08-44-31,364,17.9871,35.2754
2019-05-19 08-44-33,364,18.0771,35.2621
2019-05-19 08-44-37,364,18.0923,35.2754
2019-05-19 08-44-39,363,18.042,35.3182
2019-05-19 08-44-41,363,18.0588,35.3182
2019-05-19 08-44-43,363,18.0969,35.3182
2019-05-19 08-44-45,363,18.0038,35.2621
2019-05-19 08-44-47,363,18.0557,35.2888
2019-05-19 08-44-49,363,17.9871,35.3021
2019-05-19 08-44-51,363,18.0237,35.3021
2019-05-19 08-44-55,363,18.0054,35.3021
2019-05-19 08-44-57,363,18.0969,35.3182
2019-05-19 08-44-59,363,18.0237,35.3021
2019-05-19 08-45-01,363,18.0405,35.3021
2019-05-19 08-45-03,363,18.0588,35.3021
2019-05-19 08-45-05,362,18.0786,35.3182
2019-05-19 08-45-07,362,18.0557,35.2888
2019-05-19 08-45-09,362,18.0969,35.3182
2019-05-19 08-45-13,362,18.0771,35.2888
2019-05-19 08-45-15,362,18.0588,35.3021
2019-05-19 08-45-17,361,18.0786,35.3182
2019-05-19 08-45-19,361,18.0054,35.3021
2019-05-19 08-45-21,361,18.0588,35.3182
2019-05-19 08-45-23,361,18.0237,35.3182
2019-05-19 08-45-25,361,18.0054,35.3021
2019-05-19 08-45-29,361,18.042,35.3182
2019-05-19 08-45-31,361,18.0237,35.3182
2019-05-19 08-45-33,361,18.0405,35.2888
2019-05-19 08-45-35,362,18.0405,35.3021
2019-05-19 08-45-37,362,18.0237,35.3182
2019-05-19 08-45-39,361,18.0222,35.2888
2019-05-19 08-45-41,362,18.042,35.3182
2019-05-19 08-45-43,362,18.0237,35.3021
2019-05-19 08-45-47,362,18.0557,35.2888
2019-05-19 08-45-49,362,18.0588,35.3182
2019-05-19 08-45-51,361,18.0405,35.3021
2019-05-19 08-45-53,361,18.0237,35.3021
2019-05-19 08-45-55,362,18.0222,35.2888
2019-05-19 08-45-57,361,18.0084,35.3315
2019-05-19 08-45-59,361,18.0588,35.3182
2019-05-19 08-46-01,361,18.0237,35.3182
2019-05-19 08-46-05,361,18.0237,35.3021
2019-05-19 08-46-07,361,17.9718,35.3182
2019-05-19 08-46-09,361,17.9901,35.3315
2019-05-19 08-46-11,361,18.0084,35.3449
2019-05-19 08-46-13,361,17.9733,35.3449
2019-05-19 08-46-15,361,17.955,35.3449
2019-05-19 08-46-17,361,17.9733,35.3449
2019-05-19 08-46-19,361,17.9581,35.3582
2019-05-19 08-46-23,362,18.0084,35.3582
2019-05-19 08-46-25,361,18.0603,35.3449
2019-05-19 08-46-27,361,17.9916,35.3742
2019-05-19 08-46-29,361,17.9916,35.3582
2019-05-19 08-46-31,361,17.9916,35.3582
2019-05-19 08-46-33,361,17.9398,35.3742
2019-05-19 08-46-35,362,18.0283,35.3876
2019-05-19 08-46-39,361,17.9047,35.4009
2019-05-19 08-46-41,361,17.9581,35.3742
2019-05-19 08-46-43,361,17.9413,35.3876
2019-05-19 08-46-45,362,17.9581,35.3582
2019-05-19 08-46-47,362,17.955,35.3449
2019-05-19 08-46-49,362,17.9581,35.3582
2019-05-19 08-46-51,363,18.0267,35.3582
2019-05-19 08-46-53,362,18.0084,35.3315
2019-05-19 08-46-57,362,18.0084,35.3449
2019-05-19 08-46-59,361,18.0084,35.3582
2019-05-19 08-47-01,361,17.9718,35.3315
2019-05-19 08-47-03,361,17.9901,35.3315
2019-05-19 08-47-05,360,17.9398,35.3449
2019-05-19 08-47-07,360,18.045,35.3582
2019-05-19 08-47-09,360,17.9581,35.3582
2019-05-19 08-47-11,361,17.9916,35.3582
2019-05-19 08-47-15,361,17.9581,35.3582
2019-05-19 08-47-17,361,17.9733,35.3582
2019-05-19 08-47-19,361,17.955,35.3449
2019-05-19 08-47-21,361,18.0099,35.3742
2019-05-19 08-47-23,360,17.9398,35.3449
2019-05-19 08-47-25,360,18.0099,35.3876
2019-05-19 08-47-28,360,17.9764,35.3876
2019-05-19 08-47-30,359,17.923,35.4009
2019-05-19 08-47-34,360,17.923,35.3876
2019-05-19 08-47-36,360,17.9413,35.3876
2019-05-19 08-47-38,361,17.9047,35.4303
2019-05-19 08-47-40,361,17.9596,35.4303
2019-05-19 08-47-42,361,17.926,35.4143
2019-05-19 08-47-44,361,17.926,35.4143
2019-05-19 08-47-46,362,17.9077,35.4437
2019-05-19 08-47-50,363,17.9047,35.4303
2019-05-19 08-47-52,363,17.9596,35.4143
2019-05-19 08-47-54,363,17.9443,35.4303
2019-05-19 08-47-56,363,17.926,35.4143
2019-05-19 08-47-58,363,17.923,35.4009
2019-05-19 08-48-00,363,17.9413,35.4143
2019-05-19 08-48-02,363,17.9764,35.4009
2019-05-19 08-48-04,363,17.9047,35.4143
2019-05-19 08-48-08,363,17.9077,35.457
2019-05-19 08-48-10,362,17.9047,35.4303
2019-05-19 08-48-12,362,17.926,35.4143
2019-05-19 08-48-14,362,17.926,35.4143
2019-05-19 08-48-16,363,17.8726,35.457
2019-05-19 08-48-18,362,17.8757,35.4864
2019-05-19 08-48-20,363,17.926,35.4303
2019-05-19 08-48-22,363,17.9443,35.4303
2019-05-19 08-48-26,363,17.926,35.4143
2019-05-19 08-48-28,363,17.9764,35.3876
2019-05-19 08-48-30,363,17.9398,35.3742
2019-05-19 08-48-32,363,17.9764,35.4009
2019-05-19 08-48-34,362,17.9916,35.3742
2019-05-19 08-48-36,362,18.0267,35.3582
2019-05-19 08-48-38,362,17.9581,35.3876
2019-05-19 08-48-42,362,17.9916,35.3582
2019-05-19 08-48-44,361,17.9413,35.3876
2019-05-19 08-48-46,361,17.9764,35.3742
2019-05-19 08-48-48,361,17.9581,35.3742
2019-05-19 08-48-50,361,17.9581,35.3876
2019-05-19 08-48-52,361,17.9916,35.3582
2019-05-19 08-48-54,361,17.9581,35.3876
2019-05-19 08-48-56,361,17.9398,35.3742
2019-05-19 08-49-00,361,17.9916,35.3742
2019-05-19 08-49-02,360,17.923,35.3876
2019-05-19 08-49-04,360,17.9413,35.3876
2019-05-19 08-49-06,360,17.9413,35.3876
2019-05-19 08-49-08,360,17.9596,35.4009
2019-05-19 08-49-10,359,17.9779,35.4303
2019-05-19 08-49-12,359,17.9047,35.4303
2019-05-19 08-49-14,359,17.8726,35.457
2019-05-19 08-49-18,359,17.8711,35.4437
2019-05-19 08-49-20,359,17.9077,35.457
2019-05-19 08-49-22,360,17.9047,35.4143
2019-05-19 08-49-24,360,17.926,35.4303
2019-05-19 08-49-26,360,17.9443,35.4437
2019-05-19 08-49-28,361,17.926,35.4303
2019-05-19 08-49-30,360,17.926,35.4143
2019-05-19 08-49-34,360,17.9077,35.4437
2019-05-19 08-49-36,361,17.9596,35.4009
2019-05-19 08-49-38,361,17.8894,35.4303
2019-05-19 08-49-40,362,17.9596,35.4009
2019-05-19 08-49-42,361,17.9276,35.4437
2019-05-19 08-49-44,362,17.9077,35.4437
2019-05-19 08-49-46,362,17.8391,35.457
2019-05-19 08-49-48,362,17.8711,35.4437
2019-05-19 08-49-52,362,17.9276,35.473
2019-05-19 08-49-54,362,17.8711,35.4437
2019-05-19 08-49-56,362,17.8711,35.4303
2019-05-19 08-49-58,362,17.9077,35.473
2019-05-19 08-50-00,362,17.8757,35.4997
2019-05-19 08-50-02,363,17.8543,35.457
2019-05-19 08-50-04,363,17.9459,35.473
2019-05-19 08-50-06,363,17.8909,35.4864
2019-05-19 08-50-10,363,17.9092,35.4997
2019-05-19 08-50-12,363,17.8726,35.457
2019-05-19 08-50-14,364,17.9626,35.457
2019-05-19 08-50-16,364,17.9077,35.457
2019-05-19 08-50-18,365,17.8909,35.473
2019-05-19 08-50-20,365,17.8894,35.457
2019-05-19 08-50-22,365,17.8574,35.473
2019-05-19 08-50-26,364,17.8543,35.4437
2019-05-19 08-50-28,364,17.9077,35.4437
2019-05-19 08-50-30,364,17.9077,35.473
2019-05-19 08-50-32,365,17.8574,35.473
2019-05-19 08-50-34,364,17.9276,35.473
2019-05-19 08-50-36,365,17.9306,35.4864
2019-05-19 08-50-38,365,17.9962,35.4437
2019-05-19 08-50-40,365,17.8909,35.4864
2019-05-19 08-50-44,365,17.8757,35.4864
2019-05-19 08-50-46,365,17.8543,35.4437
2019-05-19 08-50-48,365,17.9459,35.473
2019-05-19 08-50-50,365,17.8726,35.473
2019-05-19 08-50-52,365,17.9092,35.4864
2019-05-19 08-50-54,364,17.8894,35.457
2019-05-19 08-50-56,364,17.8894,35.457
2019-05-19 08-50-58,365,17.8543,35.4437
2019-05-19 08-51-02,365,17.8894,35.457
2019-05-19 08-51-04,365,17.8894,35.4437
2019-05-19 08-51-06,365,17.9443,35.457
2019-05-19 08-51-08,364,17.8909,35.473
2019-05-19 08-51-10,365,17.9077,35.4437
2019-05-19 08-51-12,365,17.9459,35.473
2019-05-19 08-51-14,365,17.9077,35.473
2019-05-19 08-51-18,364,17.8726,35.473
2019-05-19 08-51-20,364,17.894,35.4997
2019-05-19 08-51-22,365,17.8909,35.4864
2019-05-19 08-51-24,365,17.8223,35.4997
2019-05-19 08-51-26,365,17.807,35.5131
2019-05-19 08-51-28,365,17.8223,35.5131
2019-05-19 08-51-30,366,17.8223,35.5131
2019-05-19 08-51-32,365,17.8253,35.5425
2019-05-19 08-51-36,365,17.894,35.5131
2019-05-19 08-51-38,365,17.8574,35.4864
2019-05-19 08-51-40,365,17.894,35.5291
2019-05-19 08-51-42,365,17.8574,35.4997
2019-05-19 08-51-44,365,17.8574,35.473
2019-05-19 08-51-46,365,17.8223,35.5131
2019-05-19 08-51-48,364,17.8757,35.5131
2019-05-19 08-51-50,365,17.8589,35.5291
2019-05-19 08-51-54,365,17.8955,35.5425
2019-05-19 08-51-56,365,17.8253,35.5425
2019-05-19 08-51-58,365,17.8619,35.5558
2019-05-19 08-52-00,365,17.8452,35.5985
2019-05-19 08-52-02,365,17.8085,35.5558
2019-05-19 08-52-04,366,17.8085,35.5558
2019-05-19 08-52-06,367,17.775,35.5558
2019-05-19 08-52-10,367,17.7902,35.5558
2019-05-19 08-52-12,367,17.8085,35.5558
2019-05-19 08-52-14,368,17.8268,35.5692
2019-05-19 08-52-16,368,17.8085,35.5692
2019-05-19 08-52-18,368,17.8085,35.5692
2019-05-19 08-52-20,368,17.7902,35.5558
2019-05-19 08-52-22,369,17.7933,35.5692
2019-05-19 08-52-24,369,17.8268,35.5692
2019-05-19 08-52-28,369,17.8268,35.5692
2019-05-19 08-52-30,368,17.8268,35.5558
2019-05-19 08-52-32,368,17.8268,35.5558
2019-05-19 08-52-34,368,17.8268,35.5692
2019-05-19 08-52-36,368,17.8436,35.5558
2019-05-19 08-52-38,367,17.8268,35.5558
2019-05-19 08-52-40,367,17.8268,35.5692
2019-05-19 08-52-42,367,17.8085,35.5692
2019-05-19 08-52-46,366,17.8268,35.5852
2019-05-19 08-52-48,366,17.8116,35.5852
2019-05-19 08-52-51,366,17.8116,35.6119
2019-05-19 08-52-53,366,17.7765,35.6119
2019-05-19 08-52-55,366,17.8116,35.5852
2019-05-19 08-52-57,365,17.8116,35.5852
2019-05-19 08-52-59,365,17.7933,35.5985
2019-05-19 08-53-01,365,17.7933,35.5852
2019-05-19 08-53-05,365,17.7933,35.5985
2019-05-19 08-53-07,365,17.8452,35.5852
2019-05-19 08-53-09,365,17.8268,35.5692
2019-05-19 08-53-11,366,17.7933,35.5692
2019-05-19 08-53-13,365,17.7216,35.6119
2019-05-19 08-53-15,365,17.8268,35.5692
2019-05-19 08-53-17,365,17.8268,35.5692
2019-05-19 08-53-19,365,17.8116,35.5985
2019-05-19 08-53-23,365,17.7933,35.5985
2019-05-19 08-53-25,365,17.7933,35.5852
2019-05-19 08-53-27,365,17.775,35.5852
2019-05-19 08-53-29,366,17.8452,35.5852
2019-05-19 08-53-31,366,17.8085,35.5425
2019-05-19 08-53-33,367,17.8116,35.5852
2019-05-19 08-53-35,366,17.8268,35.5692
2019-05-19 08-53-39,366,17.7536,35.5558
2019-05-19 08-53-41,366,17.8268,35.5692
2019-05-19 08-53-43,366,17.8268,35.5692
2019-05-19 08-53-45,366,17.8436,35.5425
2019-05-19 08-53-47,366,17.8589,35.5425
2019-05-19 08-53-49,365,17.8116,35.5852
2019-05-19 08-53-51,365,17.7902,35.5558
2019-05-19 08-53-53,366,17.7765,35.5985
2019-05-19 08-53-57,366,17.7567,35.5985
2019-05-19 08-53-59,365,17.8085,35.5692
2019-05-19 08-54-01,365,17.775,35.5852
2019-05-19 08-54-03,366,17.7765,35.5985
2019-05-19 08-54-05,365,17.7933,35.5692
2019-05-19 08-54-07,365,17.7536,35.5558
2019-05-19 08-54-09,365,17.8268,35.5692
2019-05-19 08-54-11,366,17.7902,35.5425
2019-05-19 08-54-15,365,17.8452,35.5985
2019-05-19 08-54-17,364,17.7902,35.5558
2019-05-19 08-54-19,365,17.7933,35.5692
2019-05-19 08-54-21,365,17.8436,35.5692
2019-05-19 08-54-23,365,17.8268,35.5692
2019-05-19 08-54-25,365,17.8268,35.5852
2019-05-19 08-54-27,366,17.8116,35.5985
2019-05-19 08-54-29,367,17.7933,35.5852
2019-05-19 08-54-33,367,17.8116,35.5852
2019-05-19 08-54-35,367,17.7933,35.5852
2019-05-19 08-54-37,367,17.7383,35.5985
2019-05-19 08-54-39,367,17.8268,35.5692
2019-05-19 08-54-41,367,17.7933,35.5692
2019-05-19 08-54-43,367,17.8116,35.5852
2019-05-19 08-54-45,366,17.8116,35.5852
2019-05-19 08-54-49,366,17.8116,35.6119
2019-05-19 08-54-51,366,17.775,35.5852
2019-05-19 08-54-53,366,17.72,35.5852
2019-05-19 08-54-55,366,17.8116,35.5852
2019-05-19 08-54-57,367,17.775,35.5852
2019-05-19 08-54-59,366,17.7933,35.5985
2019-05-19 08-55-01,367,17.7765,35.5985
2019-05-19 08-55-03,366,17.7567,35.6119
2019-05-19 08-55-07,366,17.7765,35.5985
2019-05-19 08-55-09,366,17.7948,35.6252
2019-05-19 08-55-11,366,17.7383,35.5985
2019-05-19 08-55-13,366,17.7948,35.6119
2019-05-19 08-55-15,366,17.7536,35.5692
2019-05-19 08-55-17,365,17.7933,35.5852
2019-05-19 08-55-19,365,17.7383,35.5852
2019-05-19 08-55-21,365,17.775,35.5692
2019-05-19 08-55-25,365,17.775,35.5852
2019-05-19 08-55-27,365,17.7933,35.5692
2019-05-19 08-55-29,365,17.7353,35.5558
2019-05-19 08-55-31,365,17.8085,35.5558
2019-05-19 08-55-33,365,17.8085,35.5558
2019-05-19 08-55-35,364,17.7719,35.5425
2019-05-19 08-55-37,364,17.8268,35.5692
2019-05-19 08-55-39,364,17.7902,35.5425
2019-05-19 08-55-43,363,17.8253,35.5291
2019-05-19 08-55-45,364,17.7719,35.5425
2019-05-19 08-55-47,364,17.8406,35.5291
2019-05-19 08-55-49,364,17.8223,35.4997
2019-05-19 08-55-51,364,17.8253,35.5291
2019-05-19 08-55-53,364,17.9306,35.4997
2019-05-19 08-55-55,363,17.894,35.5291
2019-05-19 08-55-59,363,17.8406,35.5131
2019-05-19 08-56-01,363,17.894,35.5131
2019-05-19 08-56-03,363,17.8589,35.5291
2019-05-19 08-56-05,363,17.8772,35.5291
2019-05-19 08-56-07,363,17.8436,35.5425
2019-05-19 08-56-09,363,17.8268,35.5558
2019-05-19 08-56-11,363,17.8955,35.5425
2019-05-19 08-56-13,364,17.8406,35.5291
2019-05-19 08-56-17,364,17.8268,35.5558
2019-05-19 08-56-19,364,17.8436,35.5425
2019-05-19 08-56-21,364,17.775,35.5558
2019-05-19 08-56-23,364,17.8589,35.5425
2019-05-19 08-56-25,364,17.8436,35.5425
2019-05-19 08-56-27,364,17.8268,35.5558
2019-05-19 08-56-29,364,17.8589,35.5425
2019-05-19 08-56-31,364,17.775,35.5852
2019-05-19 08-56-35,364,17.8436,35.5692
2019-05-19 08-56-37,364,17.8619,35.5558
2019-05-19 08-56-39,365,17.8268,35.5692
2019-05-19 08-56-41,364,17.8268,35.5852
2019-05-19 08-56-43,364,17.8268,35.5852
2019-05-19 08-56-45,364,17.7933,35.5985
2019-05-19 08-56-47,364,17.7383,35.5985
2019-05-19 08-56-49,364,17.8116,35.5985
2019-05-19 08-56-53,363,17.7765,35.5985
2019-05-19 08-56-55,363,17.7216,35.5985
2019-05-19 08-56-57,363,17.8299,35.5985
2019-05-19 08-56-59,363,17.775,35.5852
2019-05-19 08-57-01,363,17.775,35.5558
2019-05-19 08-57-03,363,17.7902,35.5558
2019-05-19 08-57-05,363,17.8436,35.5558
2019-05-19 08-57-09,362,17.8253,35.5291
2019-05-19 08-57-11,363,17.8085,35.5425
2019-05-19 08-57-13,362,17.9321,35.5425
2019-05-19 08-57-15,363,17.7902,35.5558
2019-05-19 08-57-17,362,17.8589,35.5291
2019-05-19 08-57-19,362,17.807,35.5291
2019-05-19 08-57-21,362,17.8268,35.5558
2019-05-19 08-57-23,362,17.8406,35.5291
2019-05-19 08-57-27,362,17.8589,35.5291
2019-05-19 08-57-29,362,17.8589,35.5425
2019-05-19 08-57-31,362,17.807,35.5131
2019-05-19 08-57-33,362,17.8772,35.5291
2019-05-19 08-57-35,362,17.8772,35.5425
2019-05-19 08-57-37,362,17.8619,35.5558
2019-05-19 08-57-39,362,17.8253,35.5425
2019-05-19 08-57-41,362,17.8085,35.5425
2019-05-19 08-57-45,362,17.8619,35.5558
2019-05-19 08-57-47,362,17.8116,35.5852
2019-05-19 08-57-49,362,17.8085,35.5692
2019-05-19 08-57-51,361,17.8299,35.6119
2019-05-19 08-57-53,361,17.8116,35.5985
2019-05-19 08-57-56,361,17.8299,35.6252
2019-05-19 08-57-58,361,17.7933,35.5852
2019-05-19 08-58-02,361,17.7765,35.6119
2019-05-19 08-58-04,361,17.7765,35.6119
2019-05-19 08-58-06,362,17.7765,35.6119
2019-05-19 08-58-08,362,17.7567,35.6119
2019-05-19 08-58-10,363,17.7933,35.5852
2019-05-19 08-58-12,363,17.7567,35.5985
2019-05-19 08-58-14,363,17.7765,35.6119
2019-05-19 08-58-16,362,17.7765,35.6119
2019-05-19 08-58-20,362,17.7948,35.6252
2019-05-19 08-58-22,362,17.7246,35.6546
2019-05-19 08-58-24,362,17.7582,35.6546
2019-05-19 08-58-26,362,17.7078,35.6813
2019-05-19 08-58-28,362,17.7612,35.668
2019-05-19 08-58-30,362,17.6758,35.7134
2019-05-19 08-58-32,362,17.7261,35.7
2019-05-19 08-58-34,362,17.7078,35.6546
2019-05-19 08-58-38,362,17.7078,35.668
2019-05-19 08-58-40,362,17.7261,35.6813
2019-05-19 08-58-42,362,17.7612,35.7
2019-05-19 08-58-44,362,17.7261,35.6813
2019-05-19 08-58-46,362,17.7261,35.7
2019-05-19 08-58-48,363,17.7429,35.668
2019-05-19 08-58-50,363,17.7078,35.6813
2019-05-19 08-58-52,363,17.7109,35.7
2019-05-19 08-58-56,364,17.6926,35.6813
2019-05-19 08-58-58,364,17.7444,35.7
2019-05-19 08-59-00,364,17.7109,35.7134
2019-05-19 08-59-02,364,17.6758,35.7134
2019-05-19 08-59-04,365,17.6575,35.7134
2019-05-19 08-59-06,365,17.7109,35.7134
2019-05-19 08-59-08,365,17.6758,35.7134
2019-05-19 08-59-12,365,17.7124,35.7561
2019-05-19 08-59-14,365,17.7124,35.7561
2019-05-19 08-59-16,365,17.6422,35.7401
2019-05-19 08-59-18,366,17.6605,35.7401
2019-05-19 08-59-20,366,17.6437,35.7561
2019-05-19 08-59-22,366,17.6605,35.7561
2019-05-19 08-59-24,366,17.6437,35.7694
2019-05-19 08-59-26,366,17.6605,35.7401
2019-05-19 08-59-30,365,17.6056,35.7561
2019-05-19 08-59-32,365,17.6056,35.7401
2019-05-19 08-59-34,365,17.6056,35.7561
2019-05-19 08-59-36,365,17.7109,35.7134
2019-05-19 08-59-38,365,17.6575,35.7267
2019-05-19 08-59-40,365,17.6575,35.7134
2019-05-19 08-59-42,365,17.6941,35.7401
2019-05-19 08-59-44,365,17.6788,35.7561
2019-05-19 08-59-48,365,17.7124,35.7401
2019-05-19 08-59-50,365,17.6437,35.7694
2019-05-19 08-59-52,365,17.6239,35.7561
2019-05-19 08-59-54,365,17.662,35.7694
2019-05-19 08-59-56,365,17.5888,35.7561
2019-05-19 08-59-58,365,17.5552,35.7694
2019-05-19 09-00-00,365,17.6804,35.7828
2019-05-19 09-00-04,366,17.6468,35.7961
2019-05-19 09-00-06,366,17.6102,35.8122
2019-05-19 09-00-08,366,17.5888,35.7828
2019-05-19 09-00-10,366,17.6468,35.8122
2019-05-19 09-00-12,367,17.5888,35.7828
2019-05-19 09-00-14,367,17.6437,35.7828
2019-05-19 09-00-16,367,17.6239,35.7828
2019-05-19 09-00-18,367,17.662,35.7694
2019-05-19 09-00-22,365,17.6468,35.7961
2019-05-19 09-00-24,365,17.6102,35.8122
2019-05-19 09-00-26,364,17.5888,35.7828
2019-05-19 09-00-28,361,17.6468,35.7961
2019-05-19 09-00-30,359,17.6437,35.7828
2019-05-19 09-00-32,359,17.5735,35.7961
2019-05-19 09-00-34,358,17.6254,35.7961
2019-05-19 09-00-36,359,17.6971,35.7961
2019-05-19 09-00-40,359,17.6254,35.8122
2019-05-19 09-00-42,360,17.6468,35.7961
2019-05-19 09-00-44,361,17.6468,35.7961
2019-05-19 09-00-46,362,17.5919,35.8122
2019-05-19 09-00-48,361,17.6254,35.8122
2019-05-19 09-00-50,361,17.6254,35.8122
2019-05-19 09-00-52,360,17.6071,35.7828
2019-05-19 09-00-54,360,17.6468,35.7961
2019-05-19 09-00-58,360,17.6804,35.8122
2019-05-19 09-01-00,359,17.6071,35.7961
2019-05-19 09-01-02,360,17.6254,35.8122
2019-05-19 09-01-04,360,17.6071,35.7961
2019-05-19 09-01-06,359,17.6468,35.8122
2019-05-19 09-01-08,360,17.5568,35.8389
2019-05-19 09-01-10,360,17.5934,35.8389
2019-05-19 09-01-14,360,17.5919,35.8122
2019-05-19 09-01-16,360,17.5934,35.8549
2019-05-19 09-01-18,361,17.5735,35.8122
2019-05-19 09-01-20,361,17.5934,35.8549
2019-05-19 09-01-22,360,17.5751,35.8389
2019-05-19 09-01-24,361,17.5934,35.8549
2019-05-19 09-01-26,362,17.5568,35.8389
2019-05-19 09-01-28,361,17.6102,35.8389
2019-05-19 09-01-32,362,17.5934,35.8389
2019-05-19 09-01-34,362,17.5919,35.8122
2019-05-19 09-01-36,362,17.5919,35.8122
2019-05-19 09-01-38,363,17.662,35.7961
2019-05-19 09-01-40,364,17.5751,35.8255
2019-05-19 09-01-42,364,17.6102,35.8122
2019-05-19 09-01-44,364,17.5919,35.8255
2019-05-19 09-01-46,364,17.5568,35.8255
2019-05-19 09-01-50,364,17.5232,35.8389
2019-05-19 09-01-52,365,17.5934,35.8389
2019-05-19 09-01-54,364,17.5751,35.8255
2019-05-19 09-01-56,364,17.6102,35.8389
2019-05-19 09-01-58,364,17.5934,35.8389
2019-05-19 09-02-00,364,17.5964,35.8816
2019-05-19 09-02-02,364,17.5613,35.911
2019-05-19 09-02-04,364,17.5613,35.911
2019-05-19 09-02-08,364,17.5095,35.911
2019-05-19 09-02-10,365,17.5781,35.8949
2019-05-19 09-02-12,366,17.5598,35.8816
2019-05-19 09-02-14,366,17.5064,35.8549
2019-05-19 09-02-16,365,17.4911,35.8949
2019-05-19 09-02-18,365,17.5781,35.8949
2019-05-19 09-02-20,365,17.5613,35.8949
2019-05-19 09-02-24,365,17.5461,35.911
2019-05-19 09-02-26,365,17.5461,35.9243
2019-05-19 09-02-28,365,17.4561,35.9377
2019-05-19 09-02-30,365,17.4957,35.951
2019-05-19 09-02-32,365,17.4744,35.9377
2019-05-19 09-02-34,365,17.4728,35.9243
2019-05-19 09-02-36,366,17.4927,35.9243
2019-05-19 09-02-38,366,17.4927,35.9377
2019-05-19 09-02-42,365,17.511,35.9377
2019-05-19 09-02-44,365,17.5476,35.951
2019-05-19 09-02-46,365,17.4744,35.951
2019-05-19 09-02-48,365,17.4561,35.951
2019-05-19 09-02-50,365,17.5278,35.9243
2019-05-19 09-02-52,365,17.4377,35.9377
2019-05-19 09-02-54,365,17.511,35.9377
2019-05-19 09-02-56,365,17.4744,35.9377
2019-05-19 09-03-00,364,17.511,35.9377
2019-05-19 09-03-02,364,17.4744,35.9377
2019-05-19 09-03-04,364,17.4591,35.967
2019-05-19 09-03-07,364,17.4927,35.9243
2019-05-19 09-03-09,365,17.4744,35.967
2019-05-19 09-03-11,365,17.4591,35.967
2019-05-19 09-03-13,365,17.5293,35.9377
2019-05-19 09-03-15,364,17.4561,35.9243
2019-05-19 09-03-19,364,17.4957,35.951
2019-05-19 09-03-21,365,17.4744,35.951
2019-05-19 09-03-23,364,17.4728,35.9243
2019-05-19 09-03-25,364,17.5461,35.9243
2019-05-19 09-03-27,364,17.4545,35.8949
2019-05-19 09-03-29,365,17.5461,35.9243
2019-05-19 09-03-31,365,17.5644,35.9243
2019-05-19 09-03-33,366,17.511,35.9377
2019-05-19 09-03-37,366,17.4927,35.9243
2019-05-19 09-03-39,366,17.4927,35.911
2019-05-19 09-03-41,366,17.4927,35.9243
2019-05-19 09-03-43,366,17.4911,35.8949
2019-05-19 09-03-45,367,17.5095,35.8949
2019-05-19 09-03-47,367,17.5278,35.8949
2019-05-19 09-03-49,367,17.4911,35.8949
2019-05-19 09-03-53,367,17.5598,35.8816
2019-05-19 09-03-55,367,17.5095,35.8949
2019-05-19 09-03-57,367,17.5278,35.8949
2019-05-19 09-03-59,367,17.543,35.8949
2019-05-19 09-04-01,366,17.5095,35.8816
2019-05-19 09-04-03,366,17.5095,35.911
2019-05-19 09-04-05,366,17.4927,35.911
2019-05-19 09-04-07,366,17.4927,35.911
2019-05-19 09-04-11,366,17.5278,35.9243
2019-05-19 09-04-13,366,17.511,35.9243
2019-05-19 09-04-15,366,17.511,35.9243
2019-05-19 09-04-17,366,17.5278,35.9243
2019-05-19 09-04-19,366,17.5095,35.911
2019-05-19 09-04-21,366,17.511,35.9243
2019-05-19 09-04-23,366,17.5278,35.9243
2019-05-19 09-04-25,365,17.5461,35.9243
2019-05-19 09-04-29,365,17.5278,35.9243
2019-05-19 09-04-31,365,17.4957,35.951
2019-05-19 09-04-33,364,17.4744,35.951
2019-05-19 09-04-35,364,17.4728,35.9243
2019-05-19 09-04-37,364,17.4927,35.9243
2019-05-19 09-04-39,364,17.5476,35.951
2019-05-19 09-04-41,363,17.4927,35.9377
2019-05-19 09-04-43,363,17.5293,35.9377
2019-05-19 09-04-47,364,17.4561,35.9243
2019-05-19 09-04-49,364,17.511,35.9243
2019-05-19 09-04-51,364,17.4957,35.951
2019-05-19 09-04-53,365,17.4744,35.967
2019-05-19 09-04-55,365,17.511,35.9377
2019-05-19 09-04-57,364,17.4744,35.967
2019-05-19 09-04-59,364,17.4957,35.967
2019-05-19 09-05-03,365,17.4408,35.9804
2019-05-19 09-05-05,365,17.514,35.9804
2019-05-19 09-05-07,365,17.4591,35.9804
2019-05-19 09-05-09,366,17.424,35.967
2019-05-19 09-05-11,367,17.424,35.967
2019-05-19 09-05-13,369,17.4927,35.9377
2019-05-19 09-05-15,368,17.4561,35.9243
2019-05-19 09-05-17,368,17.4927,35.9243
2019-05-19 09-05-21,367,17.511,35.9243
2019-05-19 09-05-23,368,17.511,35.9243
2019-05-19 09-05-25,368,17.5278,35.911
2019-05-19 09-05-27,368,17.5278,35.9243
2019-05-19 09-05-29,367,17.4728,35.911
2019-05-19 09-05-31,366,17.4728,35.9243
2019-05-19 09-05-33,365,17.5278,35.911
2019-05-19 09-05-35,364,17.5461,35.9377
2019-05-19 09-05-39,364,17.4927,35.911
2019-05-19 09-05-41,363,17.4728,35.911
2019-05-19 09-05-43,363,17.5476,35.951
2019-05-19 09-05-45,364,17.4927,35.9377
2019-05-19 09-05-47,364,17.4561,35.9377
2019-05-19 09-05-49,364,17.511,35.9377
2019-05-19 09-05-51,364,17.5293,35.9377
2019-05-19 09-05-55,364,17.4561,35.951
2019-05-19 09-05-57,364,17.4957,35.967
2019-05-19 09-05-59,364,17.4744,35.967
2019-05-19 09-06-01,365,17.4408,35.967
2019-05-19 09-06-03,365,17.4957,35.951
2019-05-19 09-06-05,365,17.424,35.967
2019-05-19 09-06-07,365,17.4591,35.9804
2019-05-19 09-06-09,365,17.4591,35.967
2019-05-19 09-06-13,363,17.4957,35.967
2019-05-19 09-06-15,363,17.4774,35.9804
2019-05-19 09-06-17,363,17.4774,36.0071
2019-05-19 09-06-19,363,17.3904,35.9937
2019-05-19 09-06-21,364,17.4973,35.9937
2019-05-19 09-06-23,364,17.4591,35.9937
2019-05-19 09-06-25,365,17.424,35.967
2019-05-19 09-06-27,366,17.4271,36.0231
2019-05-19 09-06-31,366,17.5323,35.9937
2019-05-19 09-06-33,366,17.4774,35.9804
2019-05-19 09-06-35,366,17.4774,36.0071
2019-05-19 09-06-37,365,17.3904,36.0071
2019-05-19 09-06-39,365,17.4423,36.0071
2019-05-19 09-06-41,365,17.4423,36.0071
2019-05-19 09-06-43,365,17.4774,35.9937
2019-05-19 09-06-45,365,17.4423,36.0071
2019-05-19 09-06-49,365,17.4774,35.9937
2019-05-19 09-06-51,365,17.4408,35.967
2019-05-19 09-06-53,365,17.4744,35.967
2019-05-19 09-06-55,365,17.4774,35.9804
2019-05-19 09-06-57,365,17.4973,35.9804
2019-05-19 09-06-59,365,17.4408,35.951
2019-05-19 09-07-01,365,17.4561,35.9377
2019-05-19 09-07-05,365,17.4957,35.951
2019-05-19 09-07-07,365,17.4927,35.9377
2019-05-19 09-07-09,365,17.4927,35.9377
2019-05-19 09-07-11,365,17.4927,35.9377
2019-05-19 09-07-13,365,17.4927,35.9243
2019-05-19 09-07-15,365,17.543,35.8949
2019-05-19 09-07-17,365,17.5278,35.9243
2019-05-19 09-07-19,365,17.5278,35.9243
2019-05-19 09-07-23,364,17.511,35.951
2019-05-19 09-07-25,364,17.5476,35.951
2019-05-19 09-07-27,363,17.514,35.967
2019-05-19 09-07-29,363,17.4408,35.951
2019-05-19 09-07-31,363,17.4744,35.967
2019-05-19 09-07-33,363,17.4957,35.951
2019-05-19 09-07-35,363,17.514,35.967
2019-05-19 09-07-37,363,17.4744,35.967
2019-05-19 09-07-41,363,17.4408,35.9804
2019-05-19 09-07-43,363,17.4408,35.9804
2019-05-19 09-07-45,363,17.4957,35.951
2019-05-19 09-07-47,363,17.4057,35.9804
2019-05-19 09-07-49,363,17.4591,35.9937
2019-05-19 09-07-51,363,17.4744,35.967
2019-05-19 09-07-53,363,17.4774,35.9937
2019-05-19 09-07-57,364,17.4423,35.9937
2019-05-19 09-07-59,364,17.4973,36.0071
2019-05-19 09-08-01,364,17.4606,36.0231
2019-05-19 09-08-03,364,17.4606,36.0231
2019-05-19 09-08-05,365,17.4423,35.9937
2019-05-19 09-08-08,365,17.4423,35.9937
2019-05-19 09-08-10,365,17.4606,36.0071
2019-05-19 09-08-12,365,17.4423,36.0071
2019-05-19 09-08-16,365,17.4088,35.9937
2019-05-19 09-08-18,365,17.4088,35.9937
2019-05-19 09-08-20,365,17.4271,36.0071
2019-05-19 09-08-22,364,17.4423,36.0071
2019-05-19 09-08-24,364,17.4774,36.0071
2019-05-19 09-08-26,365,17.4423,36.0071
2019-05-19 09-08-28,365,17.4088,35.9937
2019-05-19 09-08-30,365,17.4271,36.0365
2019-05-19 09-08-34,365,17.4271,36.0365
2019-05-19 09-08-36,366,17.4774,36.0071
2019-05-19 09-08-38,365,17.4606,36.0071
2019-05-19 09-08-40,365,17.4774,35.9804
2019-05-19 09-08-42,365,17.424,35.9937
2019-05-19 09-08-44,365,17.4606,36.0071
2019-05-19 09-08-46,365,17.4423,36.0071
2019-05-19 09-08-48,365,17.4973,36.0071
2019-05-19 09-08-52,365,17.4271,36.0231
2019-05-19 09-08-54,365,17.4789,36.0231
2019-05-19 09-08-56,365,17.392,36.0498
2019-05-19 09-08-58,365,17.4088,36.0071
2019-05-19 09-09-00,365,17.4286,36.0498
2019-05-19 09-09-02,365,17.4103,36.0365
2019-05-19 09-09-04,364,17.3737,36.0365
2019-05-19 09-09-06,364,17.4454,36.0498
2019-05-19 09-09-10,364,17.4103,36.0365
2019-05-19 09-09-12,364,17.3767,36.0632
2019-05-19 09-09-14,364,17.482,36.0925
2019-05-19 09-09-16,364,17.3782,36.0925
2019-05-19 09-09-18,364,17.3782,36.1059
2019-05-19 09-09-20,364,17.3965,36.1192
2019-05-19 09-09-22,365,17.3447,36.1059
2019-05-19 09-09-26,365,17.3813,36.1192
2019-05-19 09-09-28,365,17.2897,36.1059
2019-05-19 09-09-30,364,17.3782,36.0925
2019-05-19 09-09-32,364,17.395,36.0792
2019-05-19 09-09-34,363,17.3965,36.1059
2019-05-19 09-09-36,363,17.3447,36.1059
2019-05-19 09-09-38,363,17.3416,36.0792
2019-05-19 09-09-40,363,17.3996,36.1379
2019-05-19 09-09-44,363,17.3965,36.1192
2019-05-19 09-09-46,363,17.363,36.1059
2019-05-19 09-09-48,363,17.3599,36.0792
2019-05-19 09-09-50,363,17.363,36.1059
2019-05-19 09-09-52,363,17.3447,36.1059
2019-05-19 09-09-54,362,17.2897,36.1192
2019-05-19 09-09-56,361,17.3462,36.1513
2019-05-19 09-09-58,361,17.3096,36.1513
2019-05-19 09-10-02,361,17.3264,36.1513
2019-05-19 09-10-04,361,17.2943,36.178
2019-05-19 09-10-06,361,17.3096,36.178
2019-05-19 09-10-08,361,17.3279,36.194
2019-05-19 09-10-10,362,17.276,36.194
2019-05-19 09-10-12,362,17.2226,36.178
2019-05-19 09-10-14,362,17.2729,36.1513
2019-05-19 09-10-18,362,17.3096,36.1646
2019-05-19 09-10-20,362,17.3096,36.1513
2019-05-19 09-10-22,362,17.3645,36.178
2019-05-19 09-10-24,362,17.2913,36.1513
2019-05-19 09-10-26,362,17.3492,36.178
2019-05-19 09-10-28,362,17.2943,36.178
2019-05-19 09-10-30,361,17.308,36.1192
2019-05-19 09-10-32,361,17.3264,36.1513
2019-05-19 09-10-36,361,17.3264,36.1379
2019-05-19 09-10-38,361,17.2913,36.1513
2019-05-19 09-10-40,361,17.3813,36.1192
2019-05-19 09-10-42,361,17.2913,36.1379
2019-05-19 09-10-44,361,17.3965,36.1059
2019-05-19 09-10-46,360,17.3264,36.1513
2019-05-19 09-10-48,360,17.3279,36.1646
2019-05-19 09-10-50,359,17.3645,36.178
2019-05-19 09-10-54,359,17.3096,36.1646
2019-05-19 09-10-56,359,17.3126,36.194
2019-05-19 09-10-58,360,17.2943,36.194
2019-05-19 09-11-00,360,17.3309,36.2207
2019-05-19 09-11-02,360,17.2775,36.2207
2019-05-19 09-11-04,360,17.2592,36.2074
2019-05-19 09-11-06,359,17.2592,36.2074
2019-05-19 09-11-08,359,17.2272,36.2501
2019-05-19 09-11-12,359,17.244,36.2367
2019-05-19 09-11-14,359,17.1722,36.2635
2019-05-19 09-11-16,359,17.2119,36.2635
2019-05-19 09-11-18,359,17.2119,36.2635
2019-05-19 09-11-20,359,17.2119,36.2768
2019-05-19 09-11-22,359,17.1753,36.2768
2019-05-19 09-11-24,360,17.2485,36.2928
2019-05-19 09-11-26,360,17.157,36.2768
2019-05-19 09-11-30,360,17.1753,36.2768
2019-05-19 09-11-32,360,17.1753,36.3062
2019-05-19 09-11-34,360,17.2455,36.2768
2019-05-19 09-11-36,360,17.2119,36.2928
2019-05-19 09-11-38,360,17.1753,36.2928
2019-05-19 09-11-40,360,17.1753,36.3062
2019-05-19 09-11-42,360,17.1585,36.3062
2019-05-19 09-11-46,360,17.2165,36.3489
2019-05-19 09-11-48,359,17.1799,36.3756
2019-05-19 09-11-50,360,17.1265,36.3756
2019-05-19 09-11-52,360,17.1432,36.3623
2019-05-19 09-11-54,360,17.0929,36.3756
2019-05-19 09-11-56,362,17.1112,36.3756
2019-05-19 09-11-58,362,17.1432,36.3623
2019-05-19 09-12-00,362,17.0929,36.389
2019-05-19 09-12-04,362,17.1295,36.405
2019-05-19 09-12-06,362,17.1265,36.389
2019-05-19 09-12-08,362,17.1112,36.405
2019-05-19 09-12-10,362,17.1112,36.405
2019-05-19 09-12-12,363,17.1265,36.389
2019-05-19 09-12-14,363,17.0929,36.3756
2019-05-19 09-12-16,364,17.1265,36.3623
2019-05-19 09-12-18,364,17.1082,36.3489
2019-05-19 09-12-22,364,17.1616,36.3756
2019-05-19 09-12-24,364,17.1432,36.3489
2019-05-19 09-12-26,364,17.1432,36.3489
2019-05-19 09-12-28,364,17.1432,36.3489
2019-05-19 09-12-30,363,17.1432,36.3329
2019-05-19 09-12-32,363,17.1448,36.3756
2019-05-19 09-12-34,363,17.0898,36.3489
2019-05-19 09-12-38,363,17.1265,36.3623
2019-05-19 09-12-40,363,17.0929,36.389
2019-05-19 09-12-42,363,17.1112,36.389
2019-05-19 09-12-44,363,17.1265,36.389
2019-05-19 09-12-46,363,17.1432,36.3623
2019-05-19 09-12-48,363,17.1082,36.3489
2019-05-19 09-12-50,364,17.1432,36.3489
2019-05-19 09-12-52,364,17.1951,36.3623
2019-05-19 09-12-56,364,17.1402,36.3195
2019-05-19 09-12-58,363,17.1249,36.3329
2019-05-19 09-13-00,363,17.1768,36.3329
2019-05-19 09-13-02,363,17.1799,36.3623
2019-05-19 09-13-04,363,17.1249,36.3489
2019-05-19 09-13-06,362,17.0929,36.3756
2019-05-19 09-13-08,363,17.1082,36.3489
2019-05-19 09-13-10,362,17.1448,36.3756
2019-05-19 09-13-15,362,17.1112,36.3756
2019-05-19 09-13-17,362,17.1631,36.405
2019-05-19 09-13-19,362,17.1112,36.405
2019-05-19 09-13-21,362,17.0929,36.389
2019-05-19 09-13-23,363,17.1112,36.389
2019-05-19 09-13-25,363,17.1082,36.3623
2019-05-19 09-13-27,363,17.1448,36.389
2019-05-19 09-13-29,364,17.1432,36.3623
2019-05-19 09-13-33,364,17.1249,36.3489
2019-05-19 09-13-35,363,17.1768,36.3489
2019-05-19 09-13-37,362,17.1768,36.3329
2019-05-19 09-13-39,362,17.1768,36.3329
2019-05-19 09-13-41,361,17.1768,36.3489
2019-05-19 09-13-43,362,17.1082,36.3489
2019-05-19 09-13-45,363,17.1585,36.3329
2019-05-19 09-13-49,362,17.1616,36.3489
2019-05-19 09-13-51,361,17.1432,36.3329
2019-05-19 09-13-53,361,17.1768,36.3329
2019-05-19 09-13-55,361,17.1432,36.3329
2019-05-19 09-13-57,361,17.1585,36.3329
2019-05-19 09-13-59,361,17.1448,36.3756
2019-05-19 09-14-01,361,17.1631,36.389
2019-05-19 09-14-03,361,17.0898,36.3489
2019-05-19 09-14-07,361,17.1265,36.3756
2019-05-19 09-14-09,361,17.1432,36.3623
2019-05-19 09-14-11,360,17.1082,36.3623
2019-05-19 09-14-13,361,17.1448,36.3756
2019-05-19 09-14-15,361,17.1616,36.3756
2019-05-19 09-14-17,361,17.1432,36.3489
2019-05-19 09-14-19,361,17.1448,36.3756
2019-05-19 09-14-21,360,17.1265,36.3756
2019-05-19 09-14-25,361,17.1265,36.389
2019-05-19 09-14-27,361,17.1265,36.3756
2019-05-19 09-14-29,361,17.1082,36.3489
2019-05-19 09-14-31,360,17.1448,36.389
2019-05-19 09-14-33,360,17.1082,36.3623
2019-05-19 09-14-35,360,17.1112,36.389
2019-05-19 09-14-37,361,17.0929,36.3623
2019-05-19 09-14-39,361,17.1432,36.3329
2019-05-19 09-14-43,361,17.1066,36.3329
2019-05-19 09-14-45,361,17.1936,36.3329
2019-05-19 09-14-47,361,17.1753,36.3062
2019-05-19 09-14-49,361,17.1402,36.3062
2019-05-19 09-14-51,360,17.1753,36.3062
2019-05-19 09-14-53,360,17.1906,36.2928
2019-05-19 09-14-55,360,17.2119,36.2928
2019-05-19 09-14-59,360,17.2134,36.3195
2019-05-19 09-15-01,360,17.1768,36.3329
2019-05-19 09-15-03,360,17.1432,36.3489
2019-05-19 09-15-05,361,17.1585,36.3329
2019-05-19 09-15-07,361,17.1082,36.3489
2019-05-19 09-15-09,362,17.1402,36.3195
2019-05-19 09-15-11,362,17.1768,36.3329
2019-05-19 09-15-13,362,17.1249,36.3195
2019-05-19 09-15-17,362,17.1066,36.3195
2019-05-19 09-15-19,363,17.1768,36.3195
2019-05-19 09-15-21,362,17.1753,36.2928
2019-05-19 09-15-23,363,17.2134,36.3195
2019-05-19 09-15-25,363,17.2134,36.3062
2019-05-19 09-15-27,363,17.1906,36.2928
2019-05-19 09-15-29,363,17.2302,36.2768
2019-05-19 09-15-31,363,17.1387,36.2768
2019-05-19 09-15-35,363,17.2272,36.2501
2019-05-19 09-15-37,362,17.1906,36.2635
2019-05-19 09-15-39,363,17.1539,36.2501
2019-05-19 09-15-41,363,17.244,36.2207
2019-05-19 09-15-43,363,17.2623,36.2367
2019-05-19 09-15-45,363,17.2775,36.2074
2019-05-19 09-15-47,363,17.2958,36.2367
2019-05-19 09-15-49,363,17.2775,36.2074
2019-05-19 09-15-53,362,17.2958,36.2367
2019-05-19 09-15-55,362,17.2623,36.2501
2019-05-19 09-15-57,362,17.2256,36.194
2019-05-19 09-15-59,361,17.2943,36.2074
2019-05-19 09-16-01,361,17.2775,36.2074
2019-05-19 09-16-03,361,17.3309,36.2367
2019-05-19 09-16-05,361,17.2775,36.2207
2019-05-19 09-16-09,360,17.2775,36.2207
2019-05-19 09-16-11,360,17.2958,36.2207
2019-05-19 09-16-13,360,17.244,36.2207
2019-05-19 09-16-15,360,17.2089,36.2501
2019-05-19 09-16-17,361,17.2775,36.2367
2019-05-19 09-16-19,361,17.2073,36.2074
2019-05-19 09-16-21,362,17.244,36.2367
2019-05-19 09-16-23,362,17.3126,36.2207
2019-05-19 09-16-27,362,17.2943,36.194
2019-05-19 09-16-29,362,17.2775,36.2074
2019-05-19 09-16-31,362,17.2592,36.2074
2019-05-19 09-16-33,363,17.3096,36.1646
2019-05-19 09-16-35,363,17.2226,36.178
2019-05-19 09-16-37,363,17.3676,36.194
2019-05-19 09-16-39,362,17.276,36.178
2019-05-19 09-16-41,362,17.3096,36.178
2019-05-19 09-16-45,362,17.3462,36.1646
2019-05-19 09-16-47,362,17.276,36.178
2019-05-19 09-16-49,361,17.3126,36.194
2019-05-19 09-16-51,361,17.276,36.194
2019-05-19 09-16-53,361,17.3126,36.194
2019-05-19 09-16-55,361,17.2943,36.194
2019-05-19 09-16-57,361,17.2943,36.2074
2019-05-19 09-17-01,361,17.2943,36.2074
2019-05-19 09-17-03,361,17.3676,36.2074
2019-05-19 09-17-05,361,17.3309,36.2074
2019-05-19 09-17-07,361,17.276,36.194
2019-05-19 09-17-09,362,17.3492,36.2074
2019-05-19 09-17-11,362,17.3309,36.2074
2019-05-19 09-17-13,362,17.2592,36.2074
2019-05-19 09-17-15,362,17.2775,36.2074
2019-05-19 09-17-19,362,17.2958,36.2207
2019-05-19 09-17-21,362,17.2775,36.2207
2019-05-19 09-17-23,362,17.2775,36.2207
2019-05-19 09-17-25,362,17.3126,36.2074
2019-05-19 09-17-27,363,17.3508,36.2207
2019-05-19 09-17-29,363,17.3508,36.2207
2019-05-19 09-17-31,363,17.2943,36.2074
2019-05-19 09-17-33,363,17.3096,36.178
2019-05-19 09-17-37,363,17.276,36.194
2019-05-19 09-17-39,363,17.276,36.194
2019-05-19 09-17-41,363,17.2913,36.1646
2019-05-19 09-17-43,363,17.3279,36.1646
2019-05-19 09-17-45,362,17.2943,36.194
2019-05-19 09-17-47,363,17.3309,36.2074
2019-05-19 09-17-49,363,17.2943,36.178
2019-05-19 09-17-51,363,17.2943,36.178
2019-05-19 09-17-55,363,17.3279,36.194
2019-05-19 09-17-57,363,17.2913,36.1513
2019-05-19 09-17-59,362,17.3462,36.1513
2019-05-19 09-18-01,362,17.3828,36.1646
2019-05-19 09-18-03,361,17.3462,36.1513
2019-05-19 09-18-05,362,17.3813,36.1379
2019-05-19 09-18-07,361,17.3676,36.194
2019-05-19 09-18-11,361,17.3279,36.178
2019-05-19 09-18-13,362,17.2943,36.194
2019-05-19 09-18-15,361,17.3676,36.2074
2019-05-19 09-18-17,362,17.3309,36.2074
2019-05-19 09-18-19,362,17.3096,36.1646
2019-05-19 09-18-22,362,17.3126,36.194
2019-05-19 09-18-24,362,17.2943,36.178
2019-05-19 09-18-26,362,17.3492,36.2074
2019-05-19 09-18-30,362,17.3126,36.194
2019-05-19 09-18-32,362,17.2592,36.194
2019-05-19 09-18-34,362,17.2592,36.2207
2019-05-19 09-18-36,362,17.2806,36.2501
2019-05-19 09-18-38,362,17.2592,36.2207
2019-05-19 09-18-40,362,17.3141,36.2635
2019-05-19 09-18-42,361,17.3141,36.2635
2019-05-19 09-18-44,361,17.2806,36.2501
2019-05-19 09-18-48,362,17.2592,36.2207
2019-05-19 09-18-50,362,17.2623,36.2367
2019-05-19 09-18-52,362,17.244,36.2207
2019-05-19 09-18-54,362,17.244,36.2207
2019-05-19 09-18-56,362,17.2592,36.2207
2019-05-19 09-18-58,362,17.2775,36.2367
2019-05-19 09-19-00,361,17.2806,36.2501
2019-05-19 09-19-02,361,17.2806,36.2501
2019-05-19 09-19-06,361,17.2455,36.2635
2019-05-19 09-19-08,361,17.2821,36.2928
2019-05-19 09-19-10,361,17.2485,36.3062
2019-05-19 09-19-12,361,17.2134,36.3062
2019-05-19 09-19-14,361,17.1753,36.2928
2019-05-19 09-19-16,362,17.1951,36.3489
2019-05-19 09-19-18,362,17.2684,36.3489
2019-05-19 09-19-22,362,17.1951,36.3623
2019-05-19 09-19-24,362,17.1265,36.3756
2019-05-19 09-19-26,362,17.1799,36.3623
2019-05-19 09-19-28,363,17.1799,36.3756
2019-05-19 09-19-30,363,17.1799,36.3756
2019-05-19 09-19-32,363,17.2165,36.3623
2019-05-19 09-19-34,364,17.1799,36.3623
2019-05-19 09-19-36,363,17.1768,36.3329
2019-05-19 09-19-40,363,17.1951,36.3489
2019-05-19 09-19-42,363,17.1616,36.3489
2019-05-19 09-19-44,363,17.1768,36.3195
2019-05-19 09-19-46,363,17.1768,36.3329
2019-05-19 09-19-48,363,17.1768,36.3329
2019-05-19 09-19-50,363,17.1936,36.3062
2019-05-19 09-19-52,363,17.2485,36.2928
2019-05-19 09-19-54,362,17.2119,36.2768
2019-05-19 09-19-58,362,17.2638,36.2768
2019-05-19 09-20-00,362,17.2455,36.2635
2019-05-19 09-20-02,362,17.2623,36.2635
2019-05-19 09-20-04,361,17.2623,36.2501
2019-05-19 09-20-06,361,17.2775,36.2367
2019-05-19 09-20-08,361,17.2623,36.2367
2019-05-19 09-20-10,361,17.3141,36.2367
2019-05-19 09-20-12,362,17.2958,36.2207
2019-05-19 09-20-16,361,17.2623,36.2367
2019-05-19 09-20-18,361,17.2775,36.2207
2019-05-19 09-20-20,361,17.3492,36.2074
2019-05-19 09-20-22,361,17.3492,36.2074
2019-05-19 09-20-24,361,17.3309,36.2207
2019-05-19 09-20-26,361,17.3492,36.2074
2019-05-19 09-20-28,361,17.3096,36.178
2019-05-19 09-20-32,361,17.2958,36.2207
2019-05-19 09-20-34,360,17.2775,36.2367
2019-05-19 09-20-36,361,17.3126,36.2074
2019-05-19 09-20-38,360,17.2775,36.2367
2019-05-19 09-20-40,361,17.2958,36.2367
2019-05-19 09-20-42,362,17.2806,36.2501
2019-05-19 09-20-44,363,17.3141,36.2501
2019-05-19 09-20-46,364,17.2089,36.2207
2019-05-19 09-20-50,364,17.2958,36.2367
2019-05-19 09-20-52,364,17.3508,36.2207
2019-05-19 09-20-54,366,17.3309,36.2207
2019-05-19 09-20-56,371,17.2775,36.2074
2019-05-19 09-20-58,370,17.3492,36.194
2019-05-19 09-21-00,371,17.2958,36.2367
2019-05-19 09-21-02,369,17.3492,36.178
2019-05-19 09-21-04,368,17.2913,36.1646
2019-05-19 09-21-08,368,17.3828,36.1646
2019-05-19 09-21-10,369,17.3813,36.1513
2019-05-19 09-21-12,369,17.4179,36.178
2019-05-19 09-21-14,369,17.3645,36.1646
2019-05-19 09-21-16,368,17.3492,36.178
2019-05-19 09-21-18,367,17.3645,36.178
2019-05-19 09-21-20,367,17.3828,36.194
2019-05-19 09-21-24,368,17.3828,36.1646
2019-05-19 09-21-26,368,17.3492,36.178
2019-05-19 09-21-28,368,17.3996,36.1646
2019-05-19 09-21-30,368,17.3676,36.194
2019-05-19 09-21-32,367,17.3096,36.1646
2019-05-19 09-21-34,368,17.3279,36.1646
2019-05-19 09-21-36,368,17.3462,36.1646
2019-05-19 09-21-38,369,17.4149,36.1513
2019-05-19 09-21-42,368,17.3813,36.1513
2019-05-19 09-21-44,368,17.3996,36.1513
2019-05-19 09-21-46,368,17.3996,36.1513
2019-05-19 09-21-48,368,17.3965,36.1192
2019-05-19 09-21-50,367,17.3996,36.1379
2019-05-19 09-21-52,367,17.3462,36.1379
2019-05-19 09-21-54,366,17.3828,36.1646
2019-05-19 09-21-56,367,17.4179,36.1646
2019-05-19 09-22-00,367,17.4011,36.194
2019-05-19 09-22-02,367,17.3279,36.194
2019-05-19 09-22-04,368,17.4011,36.194
2019-05-19 09-22-06,367,17.3096,36.178
2019-05-19 09-22-08,368,17.2913,36.1646
2019-05-19 09-22-10,368,17.3096,36.1646
2019-05-19 09-22-12,367,17.3279,36.178
2019-05-19 09-22-16,367,17.3096,36.1513
2019-05-19 09-22-18,366,17.3645,36.1513
2019-05-19 09-22-20,366,17.4179,36.178
2019-05-19 09-22-22,365,17.3279,36.178
2019-05-19 09-22-24,365,17.3645,36.178
2019-05-19 09-22-26,365,17.3645,36.1646
2019-05-19 09-22-28,365,17.3492,36.178
2019-05-19 09-22-30,366,17.3492,36.2074
2019-05-19 09-22-34,366,17.3279,36.1646
2019-05-19 09-22-36,365,17.3645,36.178
2019-05-19 09-22-38,365,17.3462,36.1513
2019-05-19 09-22-40,365,17.4179,36.178
2019-05-19 09-22-42,364,17.4149,36.1513
2019-05-19 09-22-44,364,17.3965,36.1192
2019-05-19 09-22-46,364,17.4179,36.178
2019-05-19 09-22-48,364,17.3645,36.1513
2019-05-19 09-22-52,365,17.3828,36.1646
2019-05-19 09-22-54,365,17.3813,36.1513
2019-05-19 09-22-56,365,17.363,36.1379
2019-05-19 09-22-58,364,17.3813,36.1513
2019-05-19 09-23-00,365,17.3813,36.1513
2019-05-19 09-23-02,365,17.3782,36.1059
2019-05-19 09-23-04,364,17.3813,36.1379
2019-05-19 09-23-06,364,17.4149,36.1379
2019-05-19 09-23-10,364,17.3462,36.1646
2019-05-19 09-23-12,363,17.3096,36.1513
2019-05-19 09-23-14,364,17.3096,36.1646
2019-05-19 09-23-16,364,17.3645,36.1646
2019-05-19 09-23-18,365,17.3462,36.1646
2019-05-19 09-23-20,365,17.3996,36.1646
2019-05-19 09-23-22,364,17.3645,36.1513
2019-05-19 09-23-26,365,17.3462,36.1646
2019-05-19 09-23-29,365,17.3462,36.1513
2019-05-19 09-23-31,365,17.4149,36.1513
2019-05-19 09-23-33,365,17.3645,36.1646
2019-05-19 09-23-35,365,17.3462,36.1513
2019-05-19 09-23-37,365,17.4149,36.1513
2019-05-19 09-23-39,365,17.3996,36.1646
2019-05-19 09-23-41,365,17.3813,36.1379
2019-05-19 09-23-45,365,17.3996,36.1646
2019-05-19 09-23-47,366,17.4133,36.1059
2019-05-19 09-23-49,366,17.4286,36.0792
2019-05-19 09-23-51,366,17.4469,36.0925
2019-05-19 09-23-53,365,17.4286,36.0498
2019-05-19 09-23-55,365,17.482,36.0632
2019-05-19 09-23-57,365,17.5018,36.0792
2019-05-19 09-23-59,366,17.4789,36.0498
2019-05-19 09-24-03,365,17.5369,36.0498
2019-05-19 09-24-05,365,17.4789,36.0498
2019-05-19 09-24-07,365,17.5018,36.0632
2019-05-19 09-24-09,364,17.4469,36.0792
2019-05-19 09-24-11,364,17.5369,36.0792
2019-05-19 09-24-13,364,17.4789,36.0365
2019-05-19 09-24-15,365,17.4454,36.0498
2019-05-19 09-24-17,365,17.4637,36.0498
2019-05-19 09-24-21,365,17.5369,36.0632
2019-05-19 09-24-23,365,17.482,36.0632
2019-05-19 09-24-25,365,17.4103,36.0632
2019-05-19 09-24-27,364,17.482,36.0792
2019-05-19 09-24-29,364,17.5018,36.0632
2019-05-19 09-24-31,364,17.5186,36.0632
2019-05-19 09-24-33,365,17.3782,36.0925
2019-05-19 09-24-37,365,17.4454,36.0365
2019-05-19 09-24-39,365,17.4637,36.0498
2019-05-19 09-24-41,365,17.5156,36.0071
2019-05-19 09-24-43,366,17.4774,36.0071
2019-05-19 09-24-45,366,17.514,35.9804
2019-05-19 09-24-47,366,17.5476,35.967
2019-05-19 09-24-49,365,17.598,35.9377
2019-05-19 09-24-51,365,17.598,35.951
2019-05-19 09-24-55,365,17.5644,35.951
2019-05-19 09-24-57,365,17.5476,35.967
2019-05-19 09-24-59,365,17.4973,35.9937
2019-05-19 09-25-01,365,17.5003,36.0231
2019-05-19 09-25-03,365,17.5507,35.9937
2019-05-19 09-25-05,365,17.5323,36.0071
2019-05-19 09-25-07,365,17.5323,35.9937
2019-05-19 09-25-09,365,17.4774,35.9804
2019-05-19 09-25-13,364,17.5293,35.967
2019-05-19 09-25-15,365,17.5476,35.9804
2019-05-19 09-25-17,365,17.4957,35.951
2019-05-19 09-25-19,365,17.4973,35.9937
2019-05-19 09-25-21,364,17.569,36.0071
2019-05-19 09-25-23,364,17.5156,36.0071
2019-05-19 09-25-25,364,17.5156,36.0071
2019-05-19 09-25-29,364,17.5522,36.0365
2019-05-19 09-25-31,364,17.5339,36.0231
2019-05-19 09-25-33,364,17.4774,36.0071
2019-05-19 09-25-35,364,17.4454,36.0365
2019-05-19 09-25-37,364,17.482,36.0632
2019-05-19 09-25-39,364,17.4606,36.0365
2019-05-19 09-25-41,365,17.4454,36.0632
2019-05-19 09-25-43,365,17.482,36.0632
2019-05-19 09-25-47,364,17.4652,36.0792
2019-05-19 09-25-49,364,17.482,36.0632
2019-05-19 09-25-51,364,17.3767,36.0632
2019-05-19 09-25-53,363,17.4652,36.0925
2019-05-19 09-25-55,363,17.3782,36.1059
2019-05-19 09-25-57,364,17.4316,36.1059
2019-05-19 09-25-59,364,17.4469,36.0925
2019-05-19 09-26-01,365,17.4454,36.0632
2019-05-19 09-26-05,365,17.4789,36.0498
2019-05-19 09-26-07,365,17.5003,36.0365
2019-05-19 09-26-09,365,17.5003,36.0498
2019-05-19 09-26-11,365,17.5003,36.0365
2019-05-19 09-26-13,364,17.5369,36.0792
2019-05-19 09-26-15,364,17.4637,36.0498
2019-05-19 09-26-17,364,17.4454,36.0498
2019-05-19 09-26-19,364,17.4469,36.0792
2019-05-19 09-26-23,364,17.5339,36.0365
2019-05-19 09-26-25,364,17.5522,36.0632
2019-05-19 09-26-27,364,17.4652,36.0925
2019-05-19 09-26-29,364,17.4652,36.0792
2019-05-19 09-26-31,365,17.4652,36.0792
2019-05-19 09-26-33,364,17.4469,36.0792
2019-05-19 09-26-35,365,17.45,36.1059
2019-05-19 09-26-39,365,17.4835,36.1192
2019-05-19 09-26-41,365,17.3965,36.1059
2019-05-19 09-26-43,365,17.4515,36.1513
2019-05-19 09-26-45,365,17.4332,36.1379
2019-05-19 09-26-47,365,17.45,36.1192
2019-05-19 09-26-49,366,17.3996,36.1646
2019-05-19 09-26-51,366,17.4179,36.1646
2019-05-19 09-26-53,366,17.4149,36.1513
2019-05-19 09-26-57,366,17.4332,36.1646
2019-05-19 09-26-59,367,17.3645,36.1646
2019-05-19 09-27-01,367,17.4179,36.178
2019-05-19 09-27-03,367,17.3996,36.1646
2019-05-19 09-27-05,368,17.4179,36.1646
2019-05-19 09-27-07,368,17.3996,36.1379
2019-05-19 09-27-09,368,17.4149,36.1379
2019-05-19 09-27-13,367,17.4683,36.1379
2019-05-19 09-27-15,367,17.4683,36.1379
2019-05-19 09-27-17,368,17.4149,36.1379
2019-05-19 09-27-19,368,17.4332,36.1513
2019-05-19 09-27-21,368,17.3813,36.1379
2019-05-19 09-27-23,367,17.4179,36.1646
2019-05-19 09-27-25,367,17.4683,36.1192
2019-05-19 09-27-27,367,17.3996,36.1513
2019-05-19 09-27-31,367,17.4149,36.1379
2019-05-19 09-27-33,367,17.3813,36.1513
2019-05-19 09-27-35,367,17.3996,36.1513
2019-05-19 09-27-37,367,17.4683,36.1513
2019-05-19 09-27-39,367,17.4149,36.1513
2019-05-19 09-27-41,367,17.4179,36.178
2019-05-19 09-27-43,367,17.3645,36.1646
2019-05-19 09-27-45,367,17.3813,36.1192
2019-05-19 09-27-49,367,17.3645,36.1513
2019-05-19 09-27-51,368,17.3996,36.1646
2019-05-19 09-27-53,368,17.4149,36.1379
2019-05-19 09-27-55,367,17.4866,36.1513
2019-05-19 09-27-57,367,17.3996,36.1513
2019-05-19 09-27-59,367,17.3996,36.1379
2019-05-19 09-28-01,367,17.4332,36.1646
2019-05-19 09-28-05,367,17.3996,36.1646
2019-05-19 09-28-07,366,17.3645,36.178
2019-05-19 09-28-09,367,17.3996,36.178
2019-05-19 09-28-11,367,17.3645,36.1646
2019-05-19 09-28-13,367,17.3996,36.1379
2019-05-19 09-28-15,367,17.3996,36.178
2019-05-19 09-28-17,367,17.3828,36.1646
2019-05-19 09-28-19,368,17.3828,36.194
2019-05-19 09-28-23,368,17.3492,36.194
2019-05-19 09-28-25,368,17.4179,36.178
2019-05-19 09-28-27,368,17.3492,36.2074
2019-05-19 09-28-29,368,17.3492,36.194
2019-05-19 09-28-31,368,17.4011,36.194
2019-05-19 09-28-33,369,17.3676,36.2074
2019-05-19 09-28-36,369,17.3676,36.194
2019-05-19 09-28-38,369,17.3859,36.2074
2019-05-19 09-28-42,369,17.3645,36.1646
2019-05-19 09-28-44,369,17.3676,36.194
2019-05-19 09-28-46,369,17.3096,36.178
2019-05-19 09-28-48,369,17.3828,36.1646
2019-05-19 09-28-50,369,17.363,36.1379
2019-05-19 09-28-52,369,17.3645,36.1513
2019-05-19 09-28-54,369,17.3996,36.178
2019-05-19 09-28-56,369,17.4332,36.1513
2019-05-19 09-29-00,369,17.3645,36.1513
2019-05-19 09-29-02,369,17.3996,36.178
2019-05-19 09-29-04,369,17.3996,36.1513
2019-05-19 09-29-06,368,17.4179,36.1646
2019-05-19 09-29-08,368,17.4332,36.1513
2019-05-19 09-29-10,368,17.3828,36.1646
2019-05-19 09-29-12,368,17.4515,36.1646
2019-05-19 09-29-14,368,17.4179,36.178
2019-05-19 09-29-18,368,17.3996,36.178
2019-05-19 09-29-20,369,17.3645,36.178
2019-05-19 09-29-22,369,17.3996,36.178
2019-05-19 09-29-24,369,17.3676,36.2074
2019-05-19 09-29-26,368,17.3676,36.2074
2019-05-19 09-29-28,368,17.3508,36.2207
2019-05-19 09-29-30,368,17.3096,36.178
2019-05-19 09-29-34,368,17.3492,36.178
2019-05-19 09-29-36,368,17.3996,36.1513
2019-05-19 09-29-38,368,17.3676,36.194
2019-05-19 09-29-40,368,17.3996,36.1646
2019-05-19 09-29-42,368,17.4179,36.1646
2019-05-19 09-29-44,368,17.4332,36.1513
2019-05-19 09-29-46,368,17.3492,36.178
2019-05-19 09-29-48,367,17.4515,36.1646
2019-05-19 09-29-52,367,17.3645,36.178
2019-05-19 09-29-54,367,17.4179,36.178
2019-05-19 09-29-56,367,17.4179,36.178
2019-05-19 09-29-58,368,17.3996,36.178
2019-05-19 09-30-00,368,17.3813,36.1513
2019-05-19 09-30-02,368,17.4698,36.178
2019-05-19 09-30-04,368,17.3813,36.1513
2019-05-19 09-30-06,367,17.4362,36.178
2019-05-19 09-30-10,367,17.4332,36.1646
2019-05-19 09-30-12,367,17.4179,36.1646
2019-05-19 09-30-14,367,17.4698,36.1646
2019-05-19 09-30-16,366,17.4332,36.1513
2019-05-19 09-30-18,366,17.5049,36.1192
2019-05-19 09-30-20,366,17.45,36.1192
2019-05-19 09-30-22,365,17.4332,36.1379
2019-05-19 09-30-24,365,17.4683,36.1513
2019-05-19 09-30-28,365,17.4652,36.1059
2019-05-19 09-30-30,365,17.4149,36.1192
2019-05-19 09-30-32,365,17.4835,36.1059
2019-05-19 09-30-34,366,17.3965,36.1192
2019-05-19 09-30-36,365,17.4683,36.1192
2019-05-19 09-30-38,365,17.3965,36.1192
2019-05-19 09-30-40,365,17.4515,36.1646
2019-05-19 09-30-42,365,17.4332,36.1379
2019-05-19 09-30-46,365,17.3996,36.1646
2019-05-19 09-30-48,365,17.4866,36.1513
2019-05-19 09-30-50,365,17.4683,36.1513
2019-05-19 09-30-52,365,17.45,36.1379
2019-05-19 09-30-54,366,17.5232,36.1379
2019-05-19 09-30-56,367,17.4332,36.1646
2019-05-19 09-30-58,367,17.4683,36.1513
2019-05-19 09-31-02,367,17.4515,36.1513
2019-05-19 09-31-04,367,17.4179,36.1646
2019-05-19 09-31-06,367,17.5064,36.1513
2019-05-19 09-31-08,367,17.3996,36.1379
2019-05-19 09-31-10,366,17.4683,36.1379
2019-05-19 09-31-12,366,17.4515,36.1513
2019-05-19 09-31-14,366,17.45,36.1379
2019-05-19 09-31-16,367,17.4835,36.1192
2019-05-19 09-31-20,367,17.4332,36.1513
2019-05-19 09-31-22,367,17.4683,36.1379
2019-05-19 09-31-24,367,17.4515,36.1646
2019-05-19 09-31-26,367,17.4866,36.1513
2019-05-19 09-31-28,367,17.4698,36.1646
2019-05-19 09-31-30,367,17.4194,36.194
2019-05-19 09-31-32,367,17.4362,36.178
2019-05-19 09-31-34,367,17.4362,36.178
2019-05-19 09-31-38,366,17.4515,36.1646
2019-05-19 09-31-40,366,17.4332,36.1646
2019-05-19 09-31-42,366,17.4362,36.194
2019-05-19 09-31-44,366,17.3996,36.178
2019-05-19 09-31-46,367,17.3859,36.2207
2019-05-19 09-31-48,367,17.4362,36.194
2019-05-19 09-31-50,367,17.3645,36.1646
2019-05-19 09-31-54,367,17.3828,36.1646
2019-05-19 09-31-56,367,17.4698,36.1646
2019-05-19 09-31-58,367,17.4179,36.1646
2019-05-19 09-32-00,366,17.4362,36.178
2019-05-19 09-32-02,366,17.4698,36.1646
2019-05-19 09-32-04,366,17.4179,36.1646
2019-05-19 09-32-06,366,17.4683,36.1513
2019-05-19 09-32-08,366,17.4149,36.1513
2019-05-19 09-32-12,365,17.4149,36.1513
2019-05-19 09-32-14,365,17.45,36.1379
2019-05-19 09-32-16,365,17.4149,36.1379
2019-05-19 09-32-18,365,17.4683,36.1379
2019-05-19 09-32-20,365,17.4316,36.1192
2019-05-19 09-32-22,365,17.4683,36.1192
2019-05-19 09-32-24,365,17.5049,36.1379
2019-05-19 09-32-26,366,17.4469,36.0925
2019-05-19 09-32-30,365,17.4469,36.0925
2019-05-19 09-32-32,365,17.5201,36.0925
2019-05-19 09-32-34,365,17.482,36.0792
2019-05-19 09-32-36,365,17.4637,36.0632
2019-05-19 09-32-38,364,17.5369,36.0498
2019-05-19 09-32-40,365,17.5201,36.0792
2019-05-19 09-32-42,364,17.5705,36.0792
2019-05-19 09-32-44,364,17.5186,36.0498
2019-05-19 09-32-48,364,17.5369,36.0632
2019-05-19 09-32-50,364,17.5018,36.0925
2019-05-19 09-32-52,364,17.5369,36.0792
2019-05-19 09-32-54,364,17.5522,36.0498
2019-05-19 09-32-56,364,17.5552,36.0925
2019-05-19 09-32-58,364,17.5735,36.0925
2019-05-19 09-33-00,365,17.4652,36.0925
2019-05-19 09-33-02,365,17.5385,36.0925
2019-05-19 09-33-06,366,17.5568,36.1059
2019-05-19 09-33-08,366,17.5369,36.0792
2019-05-19 09-33-10,366,17.4652,36.0925
2019-05-19 09-33-12,366,17.5705,36.0632
2019-05-19 09-33-14,366,17.5385,36.1059
2019-05-19 09-33-16,366,17.5049,36.1379
2019-05-19 09-33-18,366,17.45,36.1059
2019-05-19 09-33-22,367,17.45,36.1192
2019-05-19 09-33-24,367,17.5232,36.1192
2019-05-19 09-33-26,367,17.5568,36.1192
2019-05-19 09-33-28,367,17.482,36.0925
2019-05-19 09-33-30,367,17.5201,36.0925
2019-05-19 09-33-32,367,17.5049,36.1192
2019-05-19 09-33-34,366,17.4515,36.1513
2019-05-19 09-33-36,366,17.5049,36.1379
2019-05-19 09-33-40,366,17.45,36.1379
2019-05-19 09-33-42,367,17.4332,36.1513
2019-05-19 09-33-44,367,17.5247,36.178
2019-05-19 09-33-46,367,17.4332,36.1513
2019-05-19 09-33-48,367,17.4515,36.178
2019-05-19 09-33-50,368,17.4179,36.1646
2019-05-19 09-33-53,368,17.4683,36.1379
2019-05-19 09-33-55,368,17.4698,36.1646
2019-05-19 09-33-59,368,17.4698,36.1646
2019-05-19 09-34-01,368,17.4515,36.1646
2019-05-19 09-34-03,368,17.4332,36.1513
2019-05-19 09-34-05,368,17.3996,36.1513
2019-05-19 09-34-07,368,17.3996,36.1646
2019-05-19 09-34-09,368,17.4179,36.178
2019-05-19 09-34-11,368,17.3828,36.1646
2019-05-19 09-34-13,367,17.4179,36.178
2019-05-19 09-34-17,367,17.4698,36.178
2019-05-19 09-34-19,368,17.4194,36.2074
2019-05-19 09-34-21,368,17.4362,36.194
2019-05-19 09-34-23,368,17.3859,36.2074
2019-05-19 09-34-25,368,17.3996,36.178
2019-05-19 09-34-27,368,17.4332,36.1646
2019-05-19 09-34-29,368,17.4194,36.2074
2019-05-19 09-34-31,368,17.4194,36.2207
2019-05-19 09-34-35,368,17.4011,36.194
2019-05-19 09-34-37,368,17.3859,36.2207
2019-05-19 09-34-39,367,17.4194,36.2074
2019-05-19 09-34-41,367,17.4362,36.2074
2019-05-19 09-34-43,368,17.4362,36.178
2019-05-19 09-34-45,368,17.4545,36.194
2019-05-19 09-34-47,368,17.3996,36.1646
2019-05-19 09-34-51,368,17.4332,36.1513
2019-05-19 09-34-53,368,17.4515,36.1513
2019-05-19 09-34-55,367,17.5049,36.1192
2019-05-19 09-34-57,367,17.4149,36.1513
2019-05-19 09-34-59,367,17.4515,36.1646
2019-05-19 09-35-01,367,17.4332,36.1646
2019-05-19 09-35-03,367,17.4332,36.1646
2019-05-19 09-35-05,367,17.4194,36.194
2019-05-19 09-35-09,367,17.4515,36.178
2019-05-19 09-35-11,368,17.4179,36.178
2019-05-19 09-35-13,368,17.4194,36.194
2019-05-19 09-35-15,368,17.4332,36.1513
2019-05-19 09-35-17,368,17.4683,36.1192
2019-05-19 09-35-19,368,17.4515,36.1513
2019-05-19 09-35-21,368,17.45,36.1192
2019-05-19 09-35-23,368,17.5064,36.1513
2019-05-19 09-35-27,367,17.45,36.1379
2019-05-19 09-35-29,367,17.4683,36.1379
2019-05-19 09-35-31,367,17.4683,36.1379
2019-05-19 09-35-33,367,17.4515,36.178
2019-05-19 09-35-35,368,17.5064,36.1646
2019-05-19 09-35-37,368,17.4515,36.1646
2019-05-19 09-35-39,367,17.45,36.1379
2019-05-19 09-35-41,367,17.5385,36.1192
2019-05-19 09-35-45,368,17.5232,36.1379
2019-05-19 09-35-47,367,17.5201,36.1059
2019-05-19 09-35-49,367,17.4835,36.1192
2019-05-19 09-35-51,367,17.4835,36.1059
2019-05-19 09-35-53,367,17.4316,36.1192
2019-05-19 09-35-55,367,17.5232,36.1513
2019-05-19 09-35-57,367,17.4149,36.1379
2019-05-19 09-35-59,367,17.4866,36.1513
2019-05-19 09-36-03,366,17.4683,36.1379
2019-05-19 09-36-05,366,17.4515,36.1646
2019-05-19 09-36-07,366,17.4515,36.1646
2019-05-19 09-36-09,366,17.4881,36.178
2019-05-19 09-36-11,366,17.4866,36.1379
2019-05-19 09-36-13,366,17.3813,36.1513
2019-05-19 09-36-15,367,17.4683,36.1513
2019-05-19 09-36-19,367,17.45,36.1192
2019-05-19 09-36-21,367,17.4866,36.1646
2019-05-19 09-36-23,367,17.4332,36.1646
2019-05-19 09-36-25,367,17.4866,36.1646
2019-05-19 09-36-27,366,17.4866,36.1379
2019-05-19 09-36-29,366,17.4179,36.1646
2019-05-19 09-36-31,366,17.4866,36.1513
2019-05-19 09-36-33,366,17.4683,36.1379
2019-05-19 09-36-37,366,17.4515,36.1513
2019-05-19 09-36-39,366,17.4698,36.1646
2019-05-19 09-36-41,366,17.3828,36.178
2019-05-19 09-36-43,366,17.4362,36.178
2019-05-19 09-36-45,366,17.4545,36.2074
2019-05-19 09-36-47,366,17.4011,36.194
2019-05-19 09-36-49,366,17.4011,36.2074
2019-05-19 09-36-51,366,17.4377,36.2207
2019-05-19 09-36-55,367,17.4545,36.2074
2019-05-19 09-36-57,367,17.4362,36.178
2019-05-19 09-36-59,367,17.4545,36.2207
2019-05-19 09-37-01,367,17.4698,36.194
2019-05-19 09-37-03,366,17.4881,36.194
2019-05-19 09-37-05,367,17.4561,36.2367
2019-05-19 09-37-07,367,17.4545,36.2207
2019-05-19 09-37-09,367,17.4194,36.2207
2019-05-19 09-37-13,367,17.4362,36.2074
2019-05-19 09-37-15,368,17.4362,36.178
2019-05-19 09-37-17,368,17.5232,36.1513
2019-05-19 09-37-19,368,17.5049,36.1379
2019-05-19 09-37-21,368,17.4316,36.1192
2019-05-19 09-37-23,368,17.5049,36.1059
2019-05-19 09-37-25,368,17.5049,36.1192
2019-05-19 09-37-27,368,17.5201,36.0925
2019-05-19 09-37-31,369,17.5705,36.0792
2019-05-19 09-37-33,368,17.5018,36.0792
2019-05-19 09-37-35,368,17.5385,36.1059
2019-05-19 09-37-37,368,17.5735,36.0925
2019-05-19 09-37-39,368,17.4835,36.1059
2019-05-19 09-37-41,367,17.4835,36.1059
2019-05-19 09-37-43,367,17.4835,36.1192
2019-05-19 09-37-47,367,17.4683,36.1192
2019-05-19 09-37-49,367,17.5385,36.1192
2019-05-19 09-37-51,367,17.5735,36.0925
2019-05-19 09-37-53,367,17.5385,36.0925
2019-05-19 09-37-55,368,17.4683,36.1192
2019-05-19 09-37-57,368,17.5201,36.1059
2019-05-19 09-37-59,368,17.4683,36.1192
2019-05-19 09-38-01,368,17.5369,36.0792
2019-05-19 09-38-05,368,17.5369,36.0792
2019-05-19 09-38-07,368,17.5018,36.0925
2019-05-19 09-38-09,368,17.5201,36.0925
2019-05-19 09-38-11,368,17.5018,36.0792
2019-05-19 09-38-13,368,17.5018,36.0792
2019-05-19 09-38-15,368,17.5705,36.0792
2019-05-19 09-38-17,368,17.482,36.0792
2019-05-19 09-38-19,367,17.482,36.0925
2019-05-19 09-38-23,367,17.5018,36.0925
2019-05-19 09-38-25,368,17.4835,36.1059
2019-05-19 09-38-27,368,17.5064,36.1513
2019-05-19 09-38-29,368,17.5232,36.1192
2019-05-19 09-38-31,368,17.4149,36.1379
2019-05-19 09-38-33,368,17.5232,36.1379
2019-05-19 09-38-35,368,17.4515,36.178
2019-05-19 09-38-37,369,17.4698,36.178
2019-05-19 09-38-41,368,17.4362,36.178
2019-05-19 09-38-43,368,17.3645,36.178
2019-05-19 09-38-45,368,17.4545,36.194
2019-05-19 09-38-47,368,17.4194,36.194
2019-05-19 09-38-49,369,17.5064,36.178
2019-05-19 09-38-51,369,17.4179,36.178
2019-05-19 09-38-53,369,17.4362,36.194
2019-05-19 09-38-57,369,17.4515,36.1513
2019-05-19 09-38-59,370,17.4515,36.178
2019-05-19 09-39-02,370,17.4332,36.1379
2019-05-19 09-39-04,370,17.4835,36.1192
2019-05-19 09-39-06,370,17.5049,36.1192
2019-05-19 09-39-08,370,17.45,36.1059
2019-05-19 09-39-10,370,17.5385,36.0925
2019-05-19 09-39-12,370,17.4652,36.0792
2019-05-19 09-39-16,370,17.5186,36.0632
2019-05-19 09-39-18,369,17.5369,36.0498
2019-05-19 09-39-20,369,17.5339,36.0365
2019-05-19 09-39-22,369,17.6376,36.0071
2019-05-19 09-39-24,369,17.5842,36.0071
2019-05-19 09-39-26,369,17.5873,36.0365
2019-05-19 09-39-28,369,17.6025,36.0071
2019-05-19 09-39-30,368,17.6193,36.0071
2019-05-19 09-39-34,368,17.6025,36.0071
2019-05-19 09-39-36,368,17.6056,36.0498
2019-05-19 09-39-38,368,17.6392,36.0498
2019-05-19 09-39-40,368,17.569,36.0365
2019-05-19 09-39-42,368,17.6056,36.0498
2019-05-19 09-39-44,367,17.5522,36.0365
2019-05-19 09-39-46,367,17.6056,36.0365
2019-05-19 09-39-48,366,17.6056,36.0498
2019-05-19 09-39-52,366,17.5705,36.0498
2019-05-19 09-39-54,366,17.662,36.0792
2019-05-19 09-39-56,366,17.5522,36.0632
2019-05-19 09-39-58,366,17.6239,36.0498
2019-05-19 09-40-00,366,17.5888,36.0632
2019-05-19 09-40-02,366,17.5369,36.0792
2019-05-19 09-40-04,366,17.5735,36.0925
2019-05-19 09-40-06,366,17.5385,36.0925
2019-05-19 09-40-10,366,17.5049,36.1059
2019-05-19 09-40-12,367,17.4683,36.1192
2019-05-19 09-40-14,367,17.5232,36.1192
2019-05-19 09-40-16,367,17.5247,36.178
2019-05-19 09-40-18,367,17.5049,36.1379
2019-05-19 09-40-20,367,17.4683,36.1379
2019-05-19 09-40-22,368,17.4515,36.1646
2019-05-19 09-40-24,368,17.4698,36.1646
2019-05-19 09-40-28,368,17.4866,36.1379
2019-05-19 09-40-30,368,17.4866,36.1379
2019-05-19 09-40-32,368,17.4683,36.1513
2019-05-19 09-40-34,368,17.5049,36.1379
2019-05-19 09-40-36,368,17.4515,36.1513
2019-05-19 09-40-38,368,17.5049,36.1192
2019-05-19 09-40-40,368,17.5232,36.1379
2019-05-19 09-40-44,367,17.5232,36.1192
2019-05-19 09-40-46,367,17.5064,36.1513
2019-05-19 09-40-48,367,17.4866,36.1513
2019-05-19 09-40-50,368,17.5247,36.1646
2019-05-19 09-40-52,368,17.5598,36.1513
2019-05-19 09-40-54,369,17.5064,36.178
2019-05-19 09-40-56,369,17.5247,36.1646
2019-05-19 09-40-58,368,17.4866,36.1646
2019-05-19 09-41-02,369,17.4698,36.1646
2019-05-19 09-41-04,369,17.4698,36.178
2019-05-19 09-41-06,369,17.4179,36.1646
2019-05-19 09-41-08,370,17.4515,36.1513
2019-05-19 09-41-10,370,17.5064,36.178
2019-05-19 09-41-12,370,17.4362,36.194
2019-05-19 09-41-14,369,17.4515,36.178
2019-05-19 09-41-16,369,17.4362,36.194
2019-05-19 09-41-20,370,17.5064,36.1646
2019-05-19 09-41-22,370,17.4362,36.178
2019-05-19 09-41-24,370,17.4698,36.1646
2019-05-19 09-41-26,369,17.4515,36.178
2019-05-19 09-41-28,369,17.4545,36.194
2019-05-19 09-41-30,369,17.4377,36.2367
2019-05-19 09-41-32,369,17.3859,36.2207
2019-05-19 09-41-34,369,17.4042,36.2501
2019-05-19 09-41-38,369,17.4377,36.2367
2019-05-19 09-41-40,370,17.3691,36.2367
2019-05-19 09-41-42,370,17.4911,36.2367
2019-05-19 09-41-44,369,17.4561,36.2635
2019-05-19 09-41-46,369,17.4377,36.2367
2019-05-19 09-41-48,369,17.4408,36.2501
2019-05-19 09-41-50,370,17.4377,36.2367
2019-05-19 09-41-52,370,17.4042,36.2501
2019-05-19 09-41-56,370,17.3691,36.2367
2019-05-19 09-41-58,369,17.4744,36.2635
2019-05-19 09-42-00,370,17.4042,36.2501
2019-05-19 09-42-02,369,17.4561,36.2367
2019-05-19 09-42-04,370,17.4362,36.2074
2019-05-19 09-42-06,370,17.4545,36.2207
2019-05-19 09-42-08,371,17.5064,36.178
2019-05-19 09-42-12,371,17.4866,36.1513
2019-05-19 09-42-14,371,17.5049,36.1192
2019-05-19 09-42-16,371,17.5049,36.1192
2019-05-19 09-42-18,371,17.5049,36.1192
2019-05-19 09-42-20,371,17.5201,36.1059
2019-05-19 09-42-22,371,17.5385,36.1059
2019-05-19 09-42-24,371,17.5568,36.1192
2019-05-19 09-42-26,371,17.5018,36.0925
2019-05-19 09-42-30,370,17.5201,36.0925
2019-05-19 09-42-32,370,17.5201,36.0792
2019-05-19 09-42-34,370,17.5552,36.0792
2019-05-19 09-42-36,370,17.5735,36.0925
2019-05-19 09-42-38,370,17.5201,36.1059
2019-05-19 09-42-40,370,17.5735,36.1059
2019-05-19 09-42-42,370,17.5018,36.0925
2019-05-19 09-42-44,369,17.5049,36.1059
2019-05-19 09-42-48,369,17.5201,36.1059
2019-05-19 09-42-50,369,17.5201,36.0925
2019-05-19 09-42-52,369,17.5415,36.1379
2019-05-19 09-42-54,369,17.5232,36.1379
2019-05-19 09-42-56,369,17.5919,36.1059
2019-05-19 09-42-58,368,17.6285,36.1513
2019-05-19 09-43-00,369,17.5064,36.1513
2019-05-19 09-43-02,369,17.5049,36.1379
2019-05-19 09-43-06,369,17.5415,36.1379
2019-05-19 09-43-08,370,17.5232,36.1513
2019-05-19 09-43-10,370,17.5415,36.1513
2019-05-19 09-43-12,370,17.5232,36.1513
2019-05-19 09-43-14,369,17.5049,36.1192
2019-05-19 09-43-16,369,17.5232,36.1379
2019-05-19 09-43-18,369,17.5064,36.1513
2019-05-19 09-43-22,369,17.5232,36.1513
2019-05-19 09-43-24,369,17.5415,36.1513
2019-05-19 09-43-26,369,17.4866,36.1646
2019-05-19 09-43-28,369,17.5064,36.1513
2019-05-19 09-43-30,369,17.5232,36.1513
2019-05-19 09-43-32,369,17.4866,36.1646
2019-05-19 09-43-34,369,17.4683,36.1513
2019-05-19 09-43-36,369,17.5232,36.1379
2019-05-19 09-43-40,369,17.5232,36.1379
2019-05-19 09-43-42,369,17.5232,36.1379
2019-05-19 09-43-44,368,17.5751,36.1379
2019-05-19 09-43-46,368,17.5568,36.1379
2019-05-19 09-43-48,368,17.5415,36.1379
2019-05-19 09-43-50,367,17.5735,36.1192
2019-05-19 09-43-52,367,17.5568,36.1059
2019-05-19 09-43-54,367,17.5735,36.1192
2019-05-19 09-43-58,367,17.5919,36.1192
2019-05-19 09-44-00,367,17.5568,36.1059
2019-05-19 09-44-02,367,17.5568,36.1059
2019-05-19 09-44-04,367,17.5568,36.1059
2019-05-19 09-44-06,367,17.5735,36.1059
2019-05-19 09-44-08,366,17.5919,36.1059
2019-05-19 09-44-10,367,17.5919,36.1192
2019-05-19 09-44-13,367,17.5232,36.1192
2019-05-19 09-44-17,367,17.5568,36.1379
2019-05-19 09-44-19,367,17.5049,36.1379
2019-05-19 09-44-21,367,17.5385,36.1192
2019-05-19 09-44-23,367,17.5049,36.1059
2019-05-19 09-44-25,367,17.5232,36.1379
2019-05-19 09-44-27,367,17.5415,36.1513
2019-05-19 09-44-29,367,17.5415,36.1513
2019-05-19 09-44-33,367,17.4866,36.1646
2019-05-19 09-44-35,367,17.4881,36.178
2019-05-19 09-44-37,367,17.5598,36.178
2019-05-19 09-44-39,367,17.5064,36.1646
2019-05-19 09-44-41,367,17.5415,36.1646
2019-05-19 09-44-43,367,17.5415,36.1646
2019-05-19 09-44-45,367,17.5247,36.1646
2019-05-19 09-44-47,367,17.5415,36.1379
2019-05-19 09-44-51,367,17.5598,36.1646
2019-05-19 09-44-53,367,17.5385,36.1192
2019-05-19 09-44-55,367,17.5568,36.1379
2019-05-19 09-44-57,367,17.5049,36.1379
2019-05-19 09-44-59,367,17.5064,36.1646
2019-05-19 09-45-01,367,17.4881,36.2074
2019-05-19 09-45-03,367,17.4545,36.2207
2019-05-19 09-45-05,368,17.4362,36.2074
2019-05-19 09-45-09,368,17.4515,36.1646
2019-05-19 09-45-11,368,17.4866,36.1513
2019-05-19 09-45-13,368,17.5415,36.1379
2019-05-19 09-45-15,368,17.5568,36.1192
2019-05-19 09-45-17,368,17.5919,36.1379
2019-05-19 09-45-19,369,17.5385,36.1059
2019-05-19 09-45-21,368,17.5201,36.0925
2019-05-19 09-45-23,368,17.5873,36.0498
2019-05-19 09-45-27,368,17.6605,36.0632
2019-05-19 09-45-29,368,17.6056,36.0632
2019-05-19 09-45-31,368,17.5705,36.0632
2019-05-19 09-45-33,368,17.6392,36.0498
2019-05-19 09-45-35,368,17.6239,36.0632
2019-05-19 09-45-37,368,17.6071,36.0792
2019-05-19 09-45-39,368,17.6437,36.1059
2019-05-19 09-45-41,368,17.5735,36.0925
2019-05-19 09-45-45,368,17.5552,36.0925
2019-05-19 09-45-47,368,17.5735,36.1192
2019-05-19 09-45-49,367,17.5385,36.1059
2019-05-19 09-45-51,367,17.5232,36.1192
2019-05-19 09-45-53,368,17.5598,36.1513
2019-05-19 09-45-55,368,17.6102,36.1192
2019-05-19 09-45-57,368,17.5568,36.1192
2019-05-19 09-45-59,368,17.5934,36.1513
2019-05-19 09-46-03,369,17.543,36.178
2019-05-19 09-46-05,370,17.5064,36.178
2019-05-19 09-46-07,370,17.4728,36.2207
2019-05-19 09-46-09,370,17.4728,36.2367
2019-05-19 09-46-11,369,17.4377,36.2367
2019-05-19 09-46-13,369,17.4561,36.2501
2019-05-19 09-46-15,369,17.4225,36.2367
2019-05-19 09-46-17,369,17.4408,36.2501
2019-05-19 09-46-21,369,17.4744,36.2635
2019-05-19 09-46-23,369,17.3874,36.2635
2019-05-19 09-46-25,370,17.3874,36.2635
2019-05-19 09-46-27,370,17.4042,36.2501
2019-05-19 09-46-29,369,17.4408,36.2501
2019-05-19 09-46-31,370,17.4225,36.2501
2019-05-19 09-46-33,370,17.3691,36.2501
2019-05-19 09-46-37,370,17.3859,36.2367
2019-05-19 09-46-39,369,17.4042,36.2501
2019-05-19 09-46-41,369,17.4225,36.2635
2019-05-19 09-46-43,369,17.3508,36.2501
2019-05-19 09-46-45,369,17.4377,36.2367
2019-05-19 09-46-47,369,17.4011,36.194
2019-05-19 09-46-49,369,17.4698,36.194
2019-05-19 09-46-51,369,17.4011,36.2074
2019-05-19 09-46-55,369,17.4332,36.1646
2019-05-19 09-46-57,369,17.4881,36.178
2019-05-19 09-46-59,368,17.4866,36.1646
2019-05-19 09-47-01,367,17.4881,36.194
2019-05-19 09-47-03,367,17.543,36.178
2019-05-19 09-47-05,367,17.5934,36.1646
2019-05-19 09-47-07,366,17.4698,36.1646
2019-05-19 09-47-09,366,17.5247,36.1646
2019-05-19 09-47-13,366,17.543,36.178
2019-05-19 09-47-15,367,17.5064,36.1646
2019-05-19 09-47-17,367,17.4866,36.1646
2019-05-19 09-47-19,367,17.5598,36.1646
2019-05-19 09-47-21,367,17.5247,36.194
2019-05-19 09-47-23,367,17.4698,36.1646
2019-05-19 09-47-25,367,17.4866,36.1513
2019-05-19 09-47-27,367,17.5568,36.1379
2019-05-19 09-47-31,367,17.5064,36.1646
2019-05-19 09-47-33,367,17.5919,36.1379
2019-05-19 09-47-35,367,17.5247,36.1646
2019-05-19 09-47-37,367,17.5064,36.1513
2019-05-19 09-47-39,367,17.5247,36.1646
2019-05-19 09-47-41,367,17.5247,36.178
2019-05-19 09-47-43,367,17.4866,36.1646
2019-05-19 09-47-45,367,17.4881,36.194
2019-05-19 09-47-49,367,17.4698,36.194
2019-05-19 09-47-51,367,17.4881,36.194
2019-05-19 09-47-53,368,17.4545,36.2074
2019-05-19 09-47-55,368,17.4728,36.2367
2019-05-19 09-47-57,368,17.4377,36.2207
2019-05-19 09-47-59,369,17.4225,36.2501
2019-05-19 09-48-01,368,17.4057,36.2768
2019-05-19 09-48-03,368,17.3904,36.3062
2019-05-19 09-48-07,369,17.3721,36.2768
2019-05-19 09-48-09,370,17.4423,36.2928
2019-05-19 09-48-11,370,17.3538,36.2635
2019-05-19 09-48-13,370,17.3691,36.2367
2019-05-19 09-48-15,370,17.3859,36.2074
2019-05-19 09-48-17,371,17.4194,36.2207
2019-05-19 09-48-19,370,17.4194,36.194
2019-05-19 09-48-23,370,17.4545,36.194
2019-05-19 09-48-25,370,17.4545,36.194
2019-05-19 09-48-27,369,17.4911,36.2207
2019-05-19 09-48-29,369,17.4728,36.2074
2019-05-19 09-48-31,369,17.5095,36.2207
2019-05-19 09-48-33,369,17.4545,36.2207
2019-05-19 09-48-35,369,17.4561,36.2635
2019-05-19 09-48-37,369,17.4225,36.2635
2019-05-19 09-48-41,369,17.4408,36.2501
2019-05-19 09-48-43,370,17.4591,36.2928
2019-05-19 09-48-45,370,17.4408,36.2501
2019-05-19 09-48-47,370,17.4225,36.2367
2019-05-19 09-48-49,370,17.4377,36.2367
2019-05-19 09-48-51,370,17.4042,36.2501
2019-05-19 09-48-53,370,17.4042,36.2501
2019-05-19 09-48-55,370,17.4408,36.2501
2019-05-19 09-48-59,370,17.4042,36.2501
2019-05-19 09-49-01,370,17.4408,36.2501
2019-05-19 09-49-03,370,17.3874,36.2768
2019-05-19 09-49-05,371,17.4057,36.2635
2019-05-19 09-49-07,371,17.4561,36.2501
2019-05-19 09-49-09,371,17.4408,36.2501
2019-05-19 09-49-11,371,17.4377,36.2367
2019-05-19 09-49-13,371,17.4561,36.2367
2019-05-19 09-49-17,371,17.4911,36.2367
2019-05-19 09-49-19,371,17.511,36.2501
2019-05-19 09-49-21,371,17.4057,36.2928
2019-05-19 09-49-23,371,17.4225,36.2501
2019-05-19 09-49-25,371,17.4561,36.2635
2019-05-19 09-49-27,371,17.4042,36.2501
2019-05-19 09-49-29,371,17.4408,36.2501
2019-05-19 09-49-33,371,17.3874,36.2635
2019-05-19 09-49-35,371,17.4225,36.2635
2019-05-19 09-49-37,371,17.4225,36.2635
2019-05-19 09-49-39,371,17.4408,36.2501
2019-05-19 09-49-41,371,17.4561,36.2635
2019-05-19 09-49-43,371,17.4377,36.2207
2019-05-19 09-49-45,371,17.4225,36.2635
2019-05-19 09-49-48,370,17.4408,36.2768
2019-05-19 09-49-52,370,17.4042,36.2501
2019-05-19 09-49-54,370,17.4408,36.2768
2019-05-19 09-49-56,370,17.4744,36.2768
2019-05-19 09-49-58,370,17.424,36.2768
2019-05-19 09-50-00,370,17.424,36.3062
2019-05-19 09-50-02,370,17.424,36.3062
2019-05-19 09-50-04,370,17.3721,36.3062
2019-05-19 09-50-06,370,17.4591,36.2928
2019-05-19 09-50-10,369,17.4088,36.3062
2019-05-19 09-50-12,370,17.4088,36.3329
2019-05-19 09-50-14,369,17.4088,36.3062
2019-05-19 09-50-16,369,17.3004,36.3195
2019-05-19 09-50-18,369,17.3553,36.3195
2019-05-19 09-50-20,370,17.3584,36.3329
2019-05-19 09-50-22,370,17.392,36.3489
2019-05-19 09-50-24,371,17.337,36.3329
2019-05-19 09-50-28,371,17.4103,36.3623
2019-05-19 09-50-30,371,17.392,36.3489
2019-05-19 09-50-32,371,17.4103,36.3489
2019-05-19 09-50-34,371,17.4271,36.3195
2019-05-19 09-50-36,371,17.4088,36.3195
2019-05-19 09-50-38,370,17.4088,36.3195
2019-05-19 09-50-40,370,17.4591,36.2768
2019-05-19 09-50-44,370,17.4057,36.2928
2019-05-19 09-50-46,371,17.3904,36.3062
2019-05-19 09-50-48,370,17.3874,36.2635
2019-05-19 09-50-50,370,17.3691,36.2635
2019-05-19 09-50-52,370,17.3691,36.2635
2019-05-19 09-50-54,370,17.4408,36.2501
2019-05-19 09-50-56,370,17.4057,36.2635
2019-05-19 09-50-58,370,17.4225,36.2635
2019-05-19 09-51-02,370,17.4057,36.2635
2019-05-19 09-51-04,370,17.4744,36.2635
2019-05-19 09-51-06,370,17.4911,36.2207
2019-05-19 09-51-08,370,17.4561,36.2501
2019-05-19 09-51-10,370,17.4377,36.2367
2019-05-19 09-51-12,370,17.4591,36.2768
2019-05-19 09-51-14,369,17.4591,36.2768
2019-05-19 09-51-16,369,17.4591,36.2928
2019-05-19 09-51-20,368,17.4408,36.2768
2019-05-19 09-51-22,368,17.4408,36.2768
2019-05-19 09-51-24,368,17.4911,36.2501
2019-05-19 09-51-26,369,17.4377,36.2367
2019-05-19 09-51-28,369,17.3828,36.194
2019-05-19 09-51-30,369,17.4362,36.194
2019-05-19 09-51-32,369,17.5247,36.178
2019-05-19 09-51-34,369,17.4866,36.1646
2019-05-19 09-51-38,369,17.5415,36.1646
2019-05-19 09-51-40,368,17.5781,36.194
2019-05-19 09-51-42,367,17.5064,36.178
2019-05-19 09-51-44,367,17.5278,36.2074
2019-05-19 09-51-46,367,17.5278,36.2074
2019-05-19 09-51-48,367,17.5598,36.178
2019-05-19 09-51-50,367,17.5247,36.178
2019-05-19 09-51-52,367,17.5415,36.1513
2019-05-19 09-51-56,367,17.4835,36.1192
2019-05-19 09-51-58,367,17.5415,36.1379
2019-05-19 09-52-00,366,17.5934,36.1513
2019-05-19 09-52-02,366,17.5415,36.1646
2019-05-19 09-52-04,366,17.4698,36.194
2019-05-19 09-52-06,366,17.5247,36.194
2019-05-19 09-52-08,365,17.5247,36.194
2019-05-19 09-52-12,365,17.4698,36.194
2019-05-19 09-52-14,365,17.5278,36.2207
2019-05-19 09-52-16,364,17.5461,36.2207
2019-05-19 09-52-18,364,17.4911,36.2367
2019-05-19 09-52-20,364,17.4408,36.2501
2019-05-19 09-52-22,364,17.4728,36.2367
2019-05-19 09-52-24,363,17.4927,36.2635
2019-05-19 09-52-26,363,17.4423,36.2928
2019-05-19 09-52-30,363,17.424,36.2928
2019-05-19 09-52-32,362,17.3691,36.2635
2019-05-19 09-52-34,362,17.4057,36.2768
2019-05-19 09-52-36,363,17.4057,36.2928
2019-05-19 09-52-38,363,17.4423,36.2928
2019-05-19 09-52-40,363,17.3874,36.2635
2019-05-19 09-52-42,363,17.4057,36.2768
2019-05-19 09-52-44,364,17.4561,36.2635
2019-05-19 09-52-48,363,17.424,36.2928
2019-05-19 09-52-50,364,17.3874,36.2768
2019-05-19 09-52-52,363,17.424,36.2768
2019-05-19 09-52-54,363,17.3904,36.3062
2019-05-19 09-52-56,363,17.3721,36.2768
2019-05-19 09-52-58,364,17.3691,36.2635
2019-05-19 09-53-00,364,17.3721,36.2768
2019-05-19 09-53-02,364,17.3904,36.3062
2019-05-19 09-53-06,364,17.424,36.2928
2019-05-19 09-53-08,363,17.3904,36.2928
2019-05-19 09-53-10,363,17.4057,36.2768
2019-05-19 09-53-12,363,17.424,36.2928
2019-05-19 09-53-14,363,17.4088,36.3062
2019-05-19 09-53-16,363,17.4057,36.2928
2019-05-19 09-53-18,363,17.4423,36.3062
2019-05-19 09-53-20,363,17.4591,36.3062
2019-05-19 09-53-24,363,17.3904,36.3195
2019-05-19 09-53-26,363,17.4423,36.3062
2019-05-19 09-53-28,363,17.3737,36.3329
2019-05-19 09-53-30,363,17.3737,36.3329
2019-05-19 09-53-32,364,17.4088,36.3195
2019-05-19 09-53-34,363,17.337,36.3329
2019-05-19 09-53-36,363,17.392,36.3329
2019-05-19 09-53-38,364,17.395,36.3623
2019-05-19 09-53-42,364,17.3584,36.3329
2019-05-19 09-53-44,364,17.3218,36.3756
2019-05-19 09-53-46,364,17.3004,36.3062
2019-05-19 09-53-48,365,17.3187,36.3329
2019-05-19 09-53-50,365,17.3737,36.3329
2019-05-19 09-53-52,365,17.3584,36.3489
2019-05-19 09-53-54,365,17.3584,36.3489
2019-05-19 09-53-58,365,17.4103,36.3623
2019-05-19 09-54-00,365,17.3584,36.3489
2019-05-19 09-54-02,364,17.337,36.3489
2019-05-19 09-54-04,364,17.3584,36.3623
2019-05-19 09-54-06,364,17.337,36.3623
2019-05-19 09-54-08,364,17.337,36.3489
2019-05-19 09-54-10,364,17.3767,36.3489
2019-05-19 09-54-12,364,17.3904,36.3062
2019-05-19 09-54-16,364,17.3737,36.3195
2019-05-19 09-54-18,364,17.3355,36.3062
2019-05-19 09-54-20,364,17.3721,36.2928
2019-05-19 09-54-22,364,17.4591,36.2768
2019-05-19 09-54-24,365,17.4225,36.2635
2019-05-19 09-54-26,365,17.4042,36.2501
2019-05-19 09-54-28,365,17.4561,36.2367
2019-05-19 09-54-30,365,17.4377,36.2367
2019-05-19 09-54-34,365,17.4377,36.2367
2019-05-19 09-54-36,365,17.4225,36.2635
2019-05-19 09-54-38,365,17.511,36.2367
2019-05-19 09-54-40,364,17.511,36.2501
2019-05-19 09-54-42,364,17.4911,36.2501
2019-05-19 09-54-44,363,17.4225,36.2635
2019-05-19 09-54-46,363,17.4057,36.2928
2019-05-19 09-54-48,363,17.4591,36.2928
2019-05-19 09-54-52,364,17.3721,36.3062
2019-05-19 09-54-54,364,17.424,36.3062
2019-05-19 09-54-56,364,17.392,36.3329
2019-05-19 09-54-58,365,17.4271,36.3489
2019-05-19 09-55-00,365,17.3721,36.3062
2019-05-19 09-55-02,365,17.4423,36.2928
2019-05-19 09-55-04,365,17.3904,36.2928
2019-05-19 09-55-08,365,17.4042,36.2501
2019-05-19 09-55-10,365,17.4561,36.2501
2019-05-19 09-55-12,365,17.4561,36.2367
2019-05-19 09-55-14,366,17.5095,36.2074
2019-05-19 09-55-16,365,17.4698,36.178
2019-05-19 09-55-18,365,17.5415,36.1379
2019-05-19 09-55-20,365,17.5919,36.1379
2019-05-19 09-55-22,365,17.6254,36.1192
2019-05-19 09-55-27,365,17.5568,36.1192
2019-05-19 09-55-29,365,17.6437,36.1059
2019-05-19 09-55-31,365,17.6071,36.1059
2019-05-19 09-55-33,364,17.5873,36.0498
2019-05-19 09-55-35,364,17.6239,36.0792
2019-05-19 09-55-37,364,17.5888,36.0925
2019-05-19 09-55-39,364,17.6605,36.0632
2019-05-19 09-55-41,365,17.6071,36.0925
2019-05-19 09-55-45,365,17.5888,36.0792
2019-05-19 09-55-47,365,17.6071,36.0792
2019-05-19 09-55-49,365,17.6056,36.0498
2019-05-19 09-55-51,365,17.6941,36.0498
2019-05-19 09-55-53,365,17.6392,36.0365
2019-05-19 09-55-55,365,17.6605,36.0632
2019-05-19 09-55-57,364,17.6056,36.0632
2019-05-19 09-55-59,365,17.6239,36.0792
2019-05-19 09-56-03,365,17.5888,36.0925
2019-05-19 09-56-05,365,17.5888,36.0792
2019-05-19 09-56-07,365,17.5705,36.0792
2019-05-19 09-56-09,365,17.6254,36.0925
2019-05-19 09-56-11,365,17.6071,36.1059
2019-05-19 09-56-13,365,17.6102,36.1379
2019-05-19 09-56-15,365,17.6102,36.1513
2019-05-19 09-56-19,364,17.5934,36.1513
2019-05-19 09-56-21,365,17.5247,36.178
2019-05-19 09-56-23,364,17.5415,36.1646
2019-05-19 09-56-25,365,17.5598,36.178
2019-05-19 09-56-27,365,17.5797,36.2074
2019-05-19 09-56-29,365,17.5415,36.1646
2019-05-19 09-56-31,365,17.5247,36.178
2019-05-19 09-56-33,365,17.5064,36.178
2019-05-19 09-56-37,365,17.4866,36.1646
2019-05-19 09-56-39,365,17.5598,36.1513
2019-05-19 09-56-41,365,17.5415,36.1513
2019-05-19 09-56-43,364,17.5934,36.1513
2019-05-19 09-56-45,365,17.5781,36.1646
2019-05-19 09-56-47,364,17.5247,36.1646
2019-05-19 09-56-49,364,17.5064,36.178
2019-05-19 09-56-51,364,17.543,36.178
2019-05-19 09-56-55,364,17.5613,36.2074
2019-05-19 09-56-57,364,17.5613,36.2207
2019-05-19 09-56-59,364,17.5247,36.194
2019-05-19 09-57-01,365,17.5613,36.2074
2019-05-19 09-57-03,365,17.5613,36.194
2019-05-19 09-57-05,365,17.5797,36.2074
2019-05-19 09-57-07,365,17.4728,36.2207
2019-05-19 09-57-09,365,17.5278,36.2207
2019-05-19 09-57-13,365,17.511,36.2367
2019-05-19 09-57-15,365,17.5461,36.2207
2019-05-19 09-57-17,365,17.5293,36.2501
2019-05-19 09-57-19,365,17.4911,36.2367
2019-05-19 09-57-21,365,17.4545,36.2074
2019-05-19 09-57-23,365,17.4911,36.2207
2019-05-19 09-57-25,365,17.5095,36.194
2019-05-19 09-57-29,365,17.5247,36.194
2019-05-19 09-57-31,365,17.543,36.194
2019-05-19 09-57-33,365,17.5095,36.2074
2019-05-19 09-57-35,365,17.4881,36.194
2019-05-19 09-57-37,365,17.5247,36.178
2019-05-19 09-57-39,365,17.5278,36.2074
2019-05-19 09-57-41,365,17.5095,36.2074
2019-05-19 09-57-43,365,17.5278,36.2207
2019-05-19 09-57-47,365,17.5461,36.2367
2019-05-19 09-57-49,365,17.4927,36.2635
2019-05-19 09-57-51,365,17.4561,36.2635
2019-05-19 09-57-53,365,17.4927,36.2768
2019-05-19 09-57-55,365,17.4423,36.3062
2019-05-19 09-57-57,365,17.4408,36.2635
2019-05-19 09-57-59,365,17.424,36.3062
2019-05-19 09-58-01,365,17.4408,36.2768
2019-05-19 09-58-05,365,17.424,36.2928
2019-05-19 09-58-07,365,17.4423,36.2928
2019-05-19 09-58-09,365,17.4408,36.2768
2019-05-19 09-58-11,364,17.4057,36.2928
2019-05-19 09-58-13,364,17.4591,36.3062
2019-05-19 09-58-15,364,17.4774,36.3062
2019-05-19 09-58-17,365,17.4591,36.2928
2019-05-19 09-58-19,365,17.4774,36.3062
2019-05-19 09-58-23,365,17.4423,36.3062
2019-05-19 09-58-25,365,17.4591,36.3062
2019-05-19 09-58-27,365,17.4088,36.3329
2019-05-19 09-58-29,366,17.4423,36.3195
2019-05-19 09-58-31,366,17.3904,36.3062
2019-05-19 09-58-33,367,17.4088,36.3195
2019-05-19 09-58-35,367,17.4057,36.2768
2019-05-19 09-58-37,367,17.4408,36.2635
2019-05-19 09-58-41,367,17.5476,36.2768
2019-05-19 09-58-43,368,17.4408,36.2768
2019-05-19 09-58-45,368,17.4561,36.2635
2019-05-19 09-58-47,368,17.424,36.2928
2019-05-19 09-58-49,368,17.4561,36.2635
2019-05-19 09-58-51,368,17.514,36.2635
2019-05-19 09-58-53,368,17.4927,36.2635
2019-05-19 09-58-57,368,17.514,36.2635
2019-05-19 09-58-59,367,17.4744,36.2635
2019-05-19 09-59-01,368,17.5476,36.2635
2019-05-19 09-59-03,367,17.514,36.2768
2019-05-19 09-59-05,367,17.4911,36.2501
2019-05-19 09-59-07,367,17.4744,36.2635
2019-05-19 09-59-09,367,17.5644,36.2501
2019-05-19 09-59-11,367,17.4927,36.2635
2019-05-19 09-59-15,367,17.4744,36.2501
2019-05-19 09-59-17,367,17.4744,36.2501
2019-05-19 09-59-19,367,17.4927,36.2635
2019-05-19 09-59-21,366,17.4561,36.2635
2019-05-19 09-59-23,366,17.4744,36.2768
2019-05-19 09-59-25,366,17.4591,36.2928
2019-05-19 09-59-27,367,17.514,36.2768
2019-05-19 09-59-29,366,17.4774,36.3062
2019-05-19 09-59-33,367,17.3904,36.3062
2019-05-19 09-59-35,366,17.4606,36.3329
2019-05-19 09-59-37,367,17.4088,36.3195
2019-05-19 09-59-39,368,17.3904,36.2928
2019-05-19 09-59-41,368,17.4271,36.3195
2019-05-19 09-59-43,368,17.3721,36.2928
2019-05-19 09-59-45,368,17.4591,36.3062
2019-05-19 09-59-47,369,17.424,36.2928
2019-05-19 09-59-51,369,17.4957,36.3195
2019-05-19 09-59-53,369,17.4591,36.2928
2019-05-19 09-59-55,369,17.4774,36.3062
2019-05-19 09-59-57,369,17.4606,36.3329
2019-05-19 09-59-59,368,17.4591,36.3062
2019-05-19 10-00-01,368,17.4423,36.3062
2019-05-19 10-00-03,369,17.4454,36.3329
2019-05-19 10-00-07,369,17.4606,36.3329
2019-05-19 10-00-09,369,17.4606,36.3195
2019-05-19 10-00-11,369,17.4088,36.3062
2019-05-19 10-00-13,370,17.4423,36.3195
2019-05-19 10-00-15,370,17.4454,36.3329
2019-05-19 10-00-17,370,17.5339,36.3329
2019-05-19 10-00-19,370,17.4606,36.3329
2019-05-19 10-00-21,370,17.4271,36.3489
2019-05-19 10-00-25,369,17.5156,36.3195
2019-05-19 10-00-27,369,17.4271,36.3489
2019-05-19 10-00-29,369,17.4103,36.3489
2019-05-19 10-00-31,370,17.392,36.3329
2019-05-19 10-00-33,370,17.392,36.3329
2019-05-19 10-00-35,369,17.3737,36.3329
2019-05-19 10-00-37,369,17.4088,36.3329
2019-05-19 10-00-40,370,17.4423,36.3195
2019-05-19 10-00-44,370,17.3355,36.3195
2019-05-19 10-00-46,370,17.3904,36.3062
2019-05-19 10-00-48,370,17.424,36.2928
2019-05-19 10-00-50,370,17.4774,36.3062
2019-05-19 10-00-52,369,17.4408,36.2768
2019-05-19 10-00-54,369,17.3874,36.2768
2019-05-19 10-00-56,369,17.4591,36.3062
2019-05-19 10-01-00,369,17.4423,36.3195
2019-05-19 10-01-02,369,17.424,36.2928
2019-05-19 10-01-04,369,17.4423,36.2928
2019-05-19 10-01-06,368,17.5156,36.3062
2019-05-19 10-01-08,368,17.4774,36.3062
2019-05-19 10-01-10,368,17.4408,36.2768
2019-05-19 10-01-12,368,17.4774,36.3195
2019-05-19 10-01-14,368,17.4957,36.3062
2019-05-19 10-01-18,368,17.4957,36.3195
2019-05-19 10-01-20,369,17.4774,36.2928
2019-05-19 10-01-22,369,17.4423,36.3062
2019-05-19 10-01-24,369,17.4271,36.3195
2019-05-19 10-01-26,369,17.4088,36.3329
2019-05-19 10-01-28,369,17.4454,36.3329
2019-05-19 10-01-30,369,17.4088,36.3195
2019-05-19 10-01-32,369,17.4454,36.3329
2019-05-19 10-01-36,369,17.4271,36.3329
2019-05-19 10-01-38,369,17.4271,36.3329
2019-05-19 10-01-40,369,17.4606,36.3329
2019-05-19 10-01-42,368,17.4606,36.3329
2019-05-19 10-01-44,369,17.4088,36.3195
2019-05-19 10-01-46,369,17.4789,36.3329
2019-05-19 10-01-48,369,17.4271,36.3329
2019-05-19 10-01-50,369,17.392,36.3489
2019-05-19 10-01-54,369,17.392,36.3329
2019-05-19 10-01-56,369,17.4271,36.3329
2019-05-19 10-01-58,369,17.4423,36.3195
2019-05-19 10-02-00,369,17.395,36.3623
2019-05-19 10-02-02,369,17.3767,36.3623
2019-05-19 10-02-04,369,17.3553,36.3195
2019-05-19 10-02-06,369,17.4454,36.3329
2019-05-19 10-02-08,368,17.4057,36.2928
2019-05-19 10-02-12,369,17.4423,36.3062
2019-05-19 10-02-14,369,17.4423,36.2928
2019-05-19 10-02-16,368,17.4042,36.2501
2019-05-19 10-02-18,368,17.4225,36.2635
2019-05-19 10-02-20,368,17.4561,36.2501
2019-05-19 10-02-22,368,17.5095,36.2207
2019-05-19 10-02-24,368,17.4377,36.2367
2019-05-19 10-02-28,368,17.543,36.194
2019-05-19 10-02-30,368,17.4698,36.194
2019-05-19 10-02-32,367,17.5064,36.178
2019-05-19 10-02-34,367,17.5247,36.178
2019-05-19 10-02-36,368,17.4881,36.194
2019-05-19 10-02-38,368,17.5095,36.194
2019-05-19 10-02-40,367,17.4881,36.194
2019-05-19 10-02-42,367,17.543,36.194
2019-05-19 10-02-46,367,17.5598,36.178
2019-05-19 10-02-48,368,17.5598,36.1646
2019-05-19 10-02-50,367,17.5781,36.1646
2019-05-19 10-02-52,367,17.5934,36.178
2019-05-19 10-02-54,367,17.63,36.178
2019-05-19 10-02-56,367,17.6483,36.194
2019-05-19 10-02-58,367,17.5781,36.178
2019-05-19 10-03-00,367,17.6117,36.194
2019-05-19 10-03-04,366,17.5934,36.178
2019-05-19 10-03-06,366,17.5613,36.2074
2019-05-19 10-03-08,367,17.5781,36.194
2019-05-19 10-03-10,366,17.5781,36.194
2019-05-19 10-03-12,366,17.543,36.2074
2019-05-19 10-03-14,365,17.5613,36.2207
2019-05-19 10-03-16,365,17.5461,36.2207
2019-05-19 10-03-18,365,17.5461,36.2367
2019-05-19 10-03-22,365,17.5461,36.2367
2019-05-19 10-03-24,366,17.5613,36.2207
2019-05-19 10-03-26,366,17.5293,36.2501
2019-05-19 10-03-28,366,17.511,36.2367
2019-05-19 10-03-30,367,17.5613,36.194
2019-05-19 10-03-32,366,17.5247,36.194
2019-05-19 10-03-34,367,17.5781,36.178
2019-05-19 10-03-38,366,17.5934,36.1646
2019-05-19 10-03-40,366,17.63,36.194
2019-05-19 10-03-42,366,17.5781,36.178
2019-05-19 10-03-44,366,17.6117,36.1646
2019-05-19 10-03-46,366,17.6285,36.1646
2019-05-19 10-03-48,366,17.5934,36.178
2019-05-19 10-03-50,365,17.5964,36.194
2019-05-19 10-03-52,365,17.6697,36.194
2019-05-19 10-03-56,365,17.5613,36.2074
2019-05-19 10-03-58,365,17.5613,36.2207
2019-05-19 10-04-00,365,17.5644,36.2635
2019-05-19 10-04-02,365,17.511,36.2501
2019-05-19 10-04-04,365,17.5293,36.2635
2019-05-19 10-04-06,365,17.4911,36.2501
2019-05-19 10-04-08,365,17.5293,36.2635
2019-05-19 10-04-10,365,17.5476,36.2768
2019-05-19 10-04-14,364,17.4927,36.2768
2019-05-19 10-04-16,365,17.4774,36.2928
2019-05-19 10-04-18,364,17.5156,36.3329
2019-05-19 10-04-20,365,17.4591,36.2928
2019-05-19 10-04-22,365,17.4606,36.3195
2019-05-19 10-04-24,365,17.4286,36.3756
2019-05-19 10-04-26,365,17.3599,36.405
2019-05-19 10-04-28,365,17.4133,36.389
2019-05-19 10-04-32,365,17.3767,36.3756
2019-05-19 10-04-34,366,17.363,36.4317
2019-05-19 10-04-36,366,17.363,36.4183
2019-05-19 10-04-38,366,17.3599,36.405
2019-05-19 10-04-40,366,17.3965,36.4183
2019-05-19 10-04-42,366,17.3599,36.3756
2019-05-19 10-04-44,365,17.3401,36.389
2019-05-19 10-04-48,366,17.4103,36.3756
2019-05-19 10-04-50,366,17.3584,36.3623
2019-05-19 10-04-52,365,17.395,36.3756
2019-05-19 10-04-54,365,17.3782,36.389
2019-05-19 10-04-56,365,17.3767,36.3623
2019-05-19 10-04-58,365,17.3218,36.3756
2019-05-19 10-05-00,364,17.395,36.3756
2019-05-19 10-05-02,364,17.3584,36.3489
2019-05-19 10-05-06,364,17.395,36.3623
2019-05-19 10-05-08,364,17.3767,36.3623
2019-05-19 10-05-10,365,17.3584,36.3623
2019-05-19 10-05-12,365,17.4454,36.3489
2019-05-19 10-05-14,365,17.3904,36.3062
2019-05-19 10-05-16,365,17.4088,36.3062
2019-05-19 10-05-18,365,17.4423,36.3195
2019-05-19 10-05-20,365,17.3904,36.3062
2019-05-19 10-05-24,365,17.4606,36.3195
2019-05-19 10-05-26,365,17.4271,36.3195
2019-05-19 10-05-28,365,17.4774,36.3062
2019-05-19 10-05-30,364,17.514,36.2768
2019-05-19 10-05-32,364,17.4927,36.2928
2019-05-19 10-05-34,364,17.4591,36.3062
2019-05-19 10-05-36,364,17.4606,36.3195
2019-05-19 10-05-38,364,17.4606,36.3195
2019-05-19 10-05-42,364,17.4606,36.3195
2019-05-19 10-05-44,364,17.4957,36.3062
2019-05-19 10-05-46,364,17.4591,36.3062
2019-05-19 10-05-48,365,17.514,36.2928
2019-05-19 10-05-51,365,17.514,36.2768
2019-05-19 10-05-53,365,17.5293,36.2635
2019-05-19 10-05-55,364,17.511,36.2501
2019-05-19 10-05-59,364,17.4744,36.2635
2019-05-19 10-06-01,364,17.4744,36.2635
2019-05-19 10-06-03,364,17.514,36.2635
2019-05-19 10-06-05,364,17.4911,36.2207
2019-05-19 10-06-07,364,17.511,36.2367
2019-05-19 10-06-09,364,17.4881,36.178
2019-05-19 10-06-11,364,17.5064,36.178
2019-05-19 10-06-13,364,17.5964,36.2074
2019-05-19 10-06-17,364,17.5613,36.2207
2019-05-19 10-06-19,363,17.543,36.2074
2019-05-19 10-06-21,362,17.5827,36.2501
2019-05-19 10-06-23,362,17.5476,36.2635
2019-05-19 10-06-25,362,17.5797,36.2074
2019-05-19 10-06-27,363,17.543,36.194
2019-05-19 10-06-29,363,17.5934,36.178
2019-05-19 10-06-31,363,17.6666,36.178
2019-05-19 10-06-35,363,17.5797,36.2207
2019-05-19 10-06-37,363,17.6147,36.2074
2019-05-19 10-06-39,363,17.5964,36.2074
2019-05-19 10-06-41,363,17.598,36.2207
2019-05-19 10-06-43,363,17.6163,36.2501
2019-05-19 10-06-45,363,17.6514,36.2367
2019-05-19 10-06-47,364,17.5278,36.2207
2019-05-19 10-06-49,364,17.5461,36.2207
2019-05-19 10-06-53,364,17.5293,36.2501
2019-05-19 10-06-55,364,17.5293,36.2367
2019-05-19 10-06-57,364,17.5827,36.2635
2019-05-19 10-06-59,364,17.5323,36.2768
2019-05-19 10-07-01,364,17.5156,36.3062
2019-05-19 10-07-03,364,17.4591,36.2928
2019-05-19 10-07-05,365,17.4591,36.2928
2019-05-19 10-07-07,365,17.4774,36.3062
2019-05-19 10-07-11,366,17.424,36.3062
2019-05-19 10-07-13,366,17.4271,36.3329
2019-05-19 10-07-15,365,17.4454,36.3329
2019-05-19 10-07-17,365,17.4423,36.3195
2019-05-19 10-07-19,365,17.3767,36.3623
2019-05-19 10-07-21,365,17.4103,36.3623
2019-05-19 10-07-23,366,17.4103,36.3756
2019-05-19 10-07-27,366,17.395,36.389
2019-05-19 10-07-29,366,17.4286,36.3756
2019-05-19 10-07-31,366,17.363,36.4183
2019-05-19 10-07-33,366,17.363,36.4183
2019-05-19 10-07-35,367,17.2897,36.4183
2019-05-19 10-07-37,368,17.308,36.445
2019-05-19 10-07-39,369,17.3233,36.4317
2019-05-19 10-07-41,369,17.3218,36.389
2019-05-19 10-07-45,369,17.3767,36.3756
2019-05-19 10-07-47,370,17.4103,36.3623
2019-05-19 10-07-49,370,17.4271,36.3329
2019-05-19 10-07-51,369,17.3553,36.3062
2019-05-19 10-07-53,370,17.4423,36.3195
2019-05-19 10-07-55,369,17.4423,36.3195
2019-05-19 10-07-57,369,17.4591,36.3062
2019-05-19 10-07-59,369,17.4927,36.2928
2019-05-19 10-08-03,369,17.4774,36.3062
2019-05-19 10-08-05,369,17.4957,36.3062
2019-05-19 10-08-07,370,17.5323,36.2928
2019-05-19 10-08-09,369,17.4561,36.2501
2019-05-19 10-08-11,368,17.5476,36.2635
2019-05-19 10-08-13,369,17.5476,36.2635
2019-05-19 10-08-15,368,17.4927,36.2635
2019-05-19 10-08-17,368,17.4408,36.2768
2019-05-19 10-08-21,367,17.4774,36.3195
2019-05-19 10-08-23,368,17.4606,36.3195
2019-05-19 10-08-25,367,17.3904,36.3195
2019-05-19 10-08-27,367,17.4088,36.3329
2019-05-19 10-08-29,368,17.4286,36.3623
2019-05-19 10-08-31,367,17.395,36.3756
2019-05-19 10-08-33,368,17.3965,36.405
2019-05-19 10-08-37,368,17.3767,36.3756
2019-05-19 10-08-39,368,17.395,36.3756
2019-05-19 10-08-41,368,17.4286,36.3623
2019-05-19 10-08-43,368,17.4286,36.389
2019-05-19 10-08-45,368,17.4286,36.389
2019-05-19 10-08-47,368,17.4469,36.389
2019-05-19 10-08-49,367,17.4133,36.405
2019-05-19 10-08-51,367,17.3599,36.3756
2019-05-19 10-08-55,367,17.4133,36.405
2019-05-19 10-08-57,367,17.395,36.389
2019-05-19 10-08-59,366,17.4286,36.3756
2019-05-19 10-09-01,365,17.3401,36.3756
2019-05-19 10-09-03,365,17.3599,36.3756
2019-05-19 10-09-05,366,17.4133,36.405
2019-05-19 10-09-07,366,17.3599,36.3756
2019-05-19 10-09-09,367,17.4454,36.3623
2019-05-19 10-09-13,367,17.4286,36.389
2019-05-19 10-09-15,367,17.482,36.3756
2019-05-19 10-09-17,367,17.4789,36.3329
2019-05-19 10-09-19,368,17.4774,36.3195
2019-05-19 10-09-21,368,17.424,36.2928
2019-05-19 10-09-23,368,17.4774,36.2928
2019-05-19 10-09-25,369,17.5156,36.3062
2019-05-19 10-09-27,368,17.4957,36.3062
2019-05-19 10-09-31,369,17.5156,36.3062
2019-05-19 10-09-33,368,17.4927,36.2635
2019-05-19 10-09-35,368,17.514,36.2768
2019-05-19 10-09-37,368,17.4591,36.2928
2019-05-19 10-09-39,368,17.514,36.2768
2019-05-19 10-09-41,367,17.5156,36.3062
2019-05-19 10-09-43,367,17.601,36.2635
2019-05-19 10-09-47,367,17.514,36.2928
2019-05-19 10-09-49,366,17.5659,36.2928
2019-05-19 10-09-51,367,17.514,36.2928
2019-05-19 10-09-53,367,17.5659,36.2928
2019-05-19 10-09-55,367,17.4744,36.2635
2019-05-19 10-09-57,367,17.4591,36.2928
2019-05-19 10-09-59,367,17.5156,36.3062
2019-05-19 10-10-01,368,17.4774,36.2928
2019-05-19 10-10-05,368,17.4591,36.2928
2019-05-19 10-10-07,368,17.5156,36.3195
2019-05-19 10-10-09,368,17.4591,36.2768
2019-05-19 10-10-11,368,17.4744,36.2768
2019-05-19 10-10-13,368,17.5476,36.2768
2019-05-19 10-10-15,368,17.5507,36.2928
2019-05-19 10-10-17,368,17.5323,36.2768
2019-05-19 10-10-19,368,17.5476,36.2635
2019-05-19 10-10-23,368,17.5644,36.2635
2019-05-19 10-10-25,368,17.6163,36.2501
2019-05-19 10-10-27,368,17.5644,36.2501
2019-05-19 10-10-29,368,17.5613,36.2074
2019-05-19 10-10-31,368,17.5797,36.2367
2019-05-19 10-10-33,368,17.5644,36.2501
2019-05-19 10-10-35,368,17.5461,36.2501
2019-05-19 10-10-37,368,17.5476,36.2635
2019-05-19 10-10-41,368,17.5644,36.2501
2019-05-19 10-10-43,368,17.5461,36.2367
2019-05-19 10-10-45,368,17.5797,36.2367
2019-05-19 10-10-47,367,17.6163,36.2501
2019-05-19 10-10-49,367,17.5613,36.2207
2019-05-19 10-10-51,367,17.598,36.2207
2019-05-19 10-10-54,367,17.598,36.2367
2019-05-19 10-10-58,366,17.5659,36.2768
2019-05-19 10-11-00,366,17.514,36.2768
2019-05-19 10-11-02,366,17.514,36.2635
2019-05-19 10-11-04,366,17.4927,36.2768
2019-05-19 10-11-06,366,17.514,36.2768
2019-05-19 10-11-08,367,17.5156,36.3195
2019-05-19 10-11-10,367,17.4423,36.3062
2019-05-19 10-11-12,368,17.4957,36.3062
2019-05-19 10-11-16,367,17.4927,36.2768
2019-05-19 10-11-18,367,17.514,36.2928
2019-05-19 10-11-20,367,17.4927,36.2635
2019-05-19 10-11-22,367,17.511,36.2367
2019-05-19 10-11-24,367,17.5461,36.2367
2019-05-19 10-11-26,367,17.5827,36.2501
2019-05-19 10-11-28,366,17.5797,36.2367
2019-05-19 10-11-30,366,17.5964,36.2074
2019-05-19 10-11-34,366,17.5827,36.2501
2019-05-19 10-11-36,366,17.4927,36.2635
2019-05-19 10-11-38,366,17.5293,36.2635
2019-05-19 10-11-40,366,17.5644,36.2635
2019-05-19 10-11-42,366,17.5659,36.3062
2019-05-19 10-11-44,367,17.4774,36.2928
2019-05-19 10-11-46,366,17.5659,36.2768
2019-05-19 10-11-48,366,17.4957,36.3195
2019-05-19 10-11-52,366,17.5156,36.3062
2019-05-19 10-11-54,366,17.514,36.2928
2019-05-19 10-11-56,366,17.5476,36.2768
2019-05-19 10-11-58,367,17.514,36.2928
2019-05-19 10-12-00,366,17.4957,36.3195
2019-05-19 10-12-02,366,17.5156,36.3329
2019-05-19 10-12-04,366,17.5507,36.3195
2019-05-19 10-12-08,366,17.4957,36.3062
2019-05-19 10-12-10,366,17.4774,36.3062
2019-05-19 10-12-12,366,17.5156,36.3195
2019-05-19 10-12-14,366,17.4927,36.2928
2019-05-19 10-12-16,366,17.5522,36.3329
2019-05-19 10-12-18,366,17.5659,36.3062
2019-05-19 10-12-20,366,17.4957,36.3195
2019-05-19 10-12-22,365,17.4774,36.3195
2019-05-19 10-12-26,365,17.4606,36.3329
2019-05-19 10-12-28,366,17.4606,36.3195
2019-05-19 10-12-30,366,17.4271,36.3329
2019-05-19 10-12-32,367,17.4423,36.3062
2019-05-19 10-12-34,367,17.514,36.2928
2019-05-19 10-12-36,367,17.5842,36.2928
2019-05-19 10-12-38,367,17.5461,36.2501
2019-05-19 10-12-40,368,17.5644,36.2501
2019-05-19 10-12-44,368,17.6483,36.2074
2019-05-19 10-12-46,368,17.6331,36.2367
2019-05-19 10-12-48,368,17.6666,36.1646
2019-05-19 10-12-50,367,17.6834,36.1646
2019-05-19 10-12-52,368,17.6834,36.1379
2019-05-19 10-12-54,368,17.7155,36.1059
2019-05-19 10-12-56,367,17.6987,36.1059
2019-05-19 10-13-00,367,17.662,36.1059
2019-05-19 10-13-02,367,17.6437,36.1059
2019-05-19 10-13-04,367,17.7475,36.0632
2019-05-19 10-13-06,367,17.7475,36.0498
2019-05-19 10-13-08,367,17.7628,36.0365
2019-05-19 10-13-10,367,17.7811,36.0365
2019-05-19 10-13-12,367,17.7292,36.0365
2019-05-19 10-13-14,367,17.7811,36.0231
2019-05-19 10-13-18,367,17.7444,35.9937
2019-05-19 10-13-20,367,17.7612,35.9804
2019-05-19 10-13-22,367,17.7429,35.967
2019-05-19 10-13-24,367,17.8299,35.9377
2019-05-19 10-13-26,367,17.8299,35.911
2019-05-19 10-13-28,367,17.8268,35.8816
2019-05-19 10-13-30,366,17.8802,35.8949
2019-05-19 10-13-32,366,17.8802,35.8949
2019-05-19 10-13-36,366,17.8635,35.911
2019-05-19 10-13-38,366,17.8818,35.911
2019-05-19 10-13-40,366,17.8299,35.9377
2019-05-19 10-13-42,365,17.8131,35.951
2019-05-19 10-13-44,366,17.7994,36.0071
2019-05-19 10-13-46,366,17.7475,36.0365
2019-05-19 10-13-48,367,17.7658,36.0498
2019-05-19 10-13-52,367,17.7155,36.0925
2019-05-19 10-13-54,367,17.6804,36.1059
2019-05-19 10-13-56,366,17.717,36.1379
2019-05-19 10-13-58,367,17.7017,36.1513
2019-05-19 10-14-00,367,17.7017,36.1646
2019-05-19 10-14-02,367,17.6666,36.1513
2019-05-19 10-14-04,367,17.6849,36.194
2019-05-19 10-14-06,368,17.6514,36.2367
2019-05-19 10-14-10,368,17.6514,36.2367
2019-05-19 10-14-12,369,17.6468,36.178
2019-05-19 10-14-14,369,17.63,36.2074
2019-05-19 10-14-16,369,17.7216,36.2207
2019-05-19 10-14-18,369,17.6331,36.2207
2019-05-19 10-14-20,369,17.6147,36.2074
2019-05-19 10-14-22,369,17.6331,36.2367
2019-05-19 10-14-24,370,17.5797,36.2367
2019-05-19 10-14-28,370,17.5461,36.2207
2019-05-19 10-14-30,370,17.598,36.2367
2019-05-19 10-14-32,370,17.598,36.2501
2019-05-19 10-14-34,371,17.5461,36.2501
2019-05-19 10-14-36,371,17.5293,36.2635
2019-05-19 10-14-38,371,17.5659,36.2928
2019-05-19 10-14-40,371,17.5659,36.2928
2019-05-19 10-14-42,371,17.5659,36.3062
2019-05-19 10-14-46,371,17.5507,36.2928
2019-05-19 10-14-48,371,17.4591,36.3062
2019-05-19 10-14-50,371,17.5507,36.3195
2019-05-19 10-14-52,371,17.5186,36.3489
2019-05-19 10-14-54,371,17.4973,36.3489
2019-05-19 10-14-56,372,17.4454,36.3623
2019-05-19 10-14-58,372,17.482,36.3623
2019-05-19 10-15-02,372,17.4454,36.3623
2019-05-19 10-15-04,372,17.4133,36.405
2019-05-19 10-15-06,371,17.4469,36.3756
2019-05-19 10-15-08,371,17.4316,36.4183
2019-05-19 10-15-10,371,17.3782,36.405
2019-05-19 10-15-12,371,17.3965,36.405
2019-05-19 10-15-14,372,17.4469,36.389
2019-05-19 10-15-16,372,17.4286,36.3756
2019-05-19 10-15-20,373,17.4133,36.405
2019-05-19 10-15-22,372,17.4133,36.405
2019-05-19 10-15-24,372,17.45,36.4183
2019-05-19 10-15-26,372,17.4133,36.4183
2019-05-19 10-15-28,372,17.4149,36.4317
2019-05-19 10-15-30,372,17.4316,36.4317
2019-05-19 10-15-32,373,17.4133,36.4183
2019-05-19 10-15-34,373,17.4316,36.405
2019-05-19 10-15-38,373,17.3965,36.405
2019-05-19 10-15-40,374,17.4133,36.4183
2019-05-19 10-15-42,374,17.4149,36.4317
2019-05-19 10-15-44,374,17.3965,36.4317
2019-05-19 10-15-46,374,17.4316,36.4317
2019-05-19 10-15-48,373,17.4179,36.4611
2019-05-19 10-15-50,374,17.3813,36.445
2019-05-19 10-15-54,373,17.3462,36.4878
2019-05-19 10-15-56,374,17.3462,36.4878
2019-05-19 10-15-58,374,17.3645,36.4744
2019-05-19 10-16-00,374,17.3096,36.4611
2019-05-19 10-16-03,374,17.3645,36.4878
2019-05-19 10-16-05,373,17.3676,36.5011
2019-05-19 10-16-07,373,17.2943,36.4878
2019-05-19 10-16-09,373,17.2577,36.4744
2019-05-19 10-16-13,374,17.3279,36.4878
2019-05-19 10-16-15,374,17.2943,36.4878
2019-05-19 10-16-17,374,17.3462,36.4878
2019-05-19 10-16-19,374,17.3309,36.5171
2019-05-19 10-16-21,374,17.2943,36.5011
2019-05-19 10-16-23,374,17.3279,36.5011
2019-05-19 10-16-25,373,17.3096,36.4878
2019-05-19 10-16-27,373,17.3462,36.4878
2019-05-19 10-16-31,373,17.3447,36.4744
2019-05-19 10-16-33,373,17.3264,36.4611
2019-05-19 10-16-35,373,17.3279,36.4744
2019-05-19 10-16-37,373,17.276,36.4878
2019-05-19 10-16-39,373,17.2943,36.4878
2019-05-19 10-16-41,373,17.3279,36.5011
2019-05-19 10-16-43,372,17.4011,36.4878
2019-05-19 10-16-45,372,17.3828,36.4878
2019-05-19 10-16-49,372,17.3828,36.4878
2019-05-19 10-16-51,371,17.3462,36.4878
2019-05-19 10-16-53,371,17.276,36.5011
2019-05-19 10-16-55,371,17.3309,36.5171
2019-05-19 10-16-57,371,17.3996,36.4744
2019-05-19 10-16-59,371,17.45,36.445
2019-05-19 10-17-01,370,17.363,36.4317
2019-05-19 10-17-05,371,17.4149,36.4317
2019-05-19 10-17-07,371,17.4133,36.4183
2019-05-19 10-17-09,371,17.4835,36.4183
2019-05-19 10-17-11,371,17.395,36.389
2019-05-19 10-17-13,370,17.4133,36.389
2019-05-19 10-17-15,370,17.4133,36.389
2019-05-19 10-17-17,370,17.4286,36.3623
2019-05-19 10-17-19,370,17.3767,36.3489
2019-05-19 10-17-23,370,17.482,36.3623
2019-05-19 10-17-25,370,17.4103,36.3489
2019-05-19 10-17-27,370,17.4774,36.3195
2019-05-19 10-17-29,370,17.4454,36.3329
2019-05-19 10-17-31,369,17.4606,36.3329
2019-05-19 10-17-33,370,17.4591,36.3062
2019-05-19 10-17-35,369,17.514,36.2928
2019-05-19 10-17-37,369,17.5323,36.2928
2019-05-19 10-17-41,369,17.4774,36.2928
2019-05-19 10-17-43,370,17.5659,36.2768
2019-05-19 10-17-45,370,17.5476,36.2635
2019-05-19 10-17-47,369,17.5293,36.2635
2019-05-19 10-17-49,369,17.5659,36.2768
2019-05-19 10-17-51,369,17.5323,36.2928
2019-05-19 10-17-53,370,17.5156,36.3062
2019-05-19 10-17-57,370,17.5842,36.3062
2019-05-19 10-17-59,369,17.514,36.2768
2019-05-19 10-18-01,369,17.5507,36.3062
2019-05-19 10-18-03,370,17.5323,36.2928
2019-05-19 10-18-05,370,17.514,36.2928
2019-05-19 10-18-07,371,17.5323,36.2928
2019-05-19 10-18-09,370,17.4927,36.2928
2019-05-19 10-18-11,370,17.4774,36.2928
2019-05-19 10-18-15,370,17.514,36.2928
2019-05-19 10-18-17,371,17.514,36.2768
2019-05-19 10-18-19,371,17.4561,36.2635
2019-05-19 10-18-21,371,17.514,36.2635
2019-05-19 10-18-23,371,17.5278,36.2207
2019-05-19 10-18-25,371,17.5598,36.178
2019-05-19 10-18-27,371,17.6987,36.1379
2019-05-19 10-18-29,371,17.6468,36.1513
2019-05-19 10-18-33,370,17.6468,36.1513
2019-05-19 10-18-35,369,17.6666,36.1646
2019-05-19 10-18-37,369,17.6483,36.194
2019-05-19 10-18-39,369,17.6849,36.194
2019-05-19 10-18-41,369,17.63,36.2074
2019-05-19 10-18-43,369,17.5613,36.2207
2019-05-19 10-18-45,369,17.6163,36.2635
2019-05-19 10-18-49,369,17.601,36.2635
2019-05-19 10-18-51,370,17.5659,36.2928
2019-05-19 10-18-53,369,17.5323,36.2768
2019-05-19 10-18-55,369,17.5156,36.3329
2019-05-19 10-18-57,369,17.4637,36.3489
2019-05-19 10-18-59,370,17.4637,36.3623
2019-05-19 10-19-01,370,17.4454,36.3623
2019-05-19 10-19-03,370,17.4454,36.3623
2019-05-19 10-19-07,370,17.4637,36.3489
2019-05-19 10-19-09,370,17.482,36.3756
2019-05-19 10-19-11,370,17.4469,36.3756
2019-05-19 10-19-13,371,17.4469,36.3756
2019-05-19 10-19-15,371,17.395,36.3756
2019-05-19 10-19-17,371,17.4637,36.3756
2019-05-19 10-19-19,372,17.4103,36.3489
2019-05-19 10-19-21,371,17.4271,36.3489
2019-05-19 10-19-25,371,17.4606,36.3329
2019-05-19 10-19-27,371,17.4088,36.3329
2019-05-19 10-19-29,371,17.4789,36.3329
2019-05-19 10-19-31,372,17.4271,36.3489
2019-05-19 10-19-33,372,17.4454,36.3623
2019-05-19 10-19-35,372,17.4606,36.3329
2019-05-19 10-19-37,371,17.4454,36.3489
2019-05-19 10-19-41,371,17.4454,36.3329
2019-05-19 10-19-43,371,17.4957,36.3062
2019-05-19 10-19-45,371,17.514,36.2928
2019-05-19 10-19-47,370,17.5507,36.2928
2019-05-19 10-19-49,370,17.4591,36.2928
2019-05-19 10-19-51,369,17.514,36.2768
2019-05-19 10-19-53,369,17.5156,36.3195
2019-05-19 10-19-55,368,17.4774,36.3195
2019-05-19 10-19-59,367,17.4454,36.3329
2019-05-19 10-20-01,367,17.4973,36.3756
2019-05-19 10-20-03,367,17.4973,36.3623
2019-05-19 10-20-05,367,17.4652,36.389
2019-05-19 10-20-07,366,17.482,36.3623
2019-05-19 10-20-09,365,17.482,36.389
2019-05-19 10-20-11,365,17.4316,36.4183
2019-05-19 10-20-13,365,17.363,36.4183
2019-05-19 10-20-17,364,17.4133,36.405
2019-05-19 10-20-19,364,17.4866,36.445
2019-05-19 10-20-21,363,17.4332,36.445
2019-05-19 10-20-23,363,17.4469,36.405
2019-05-19 10-20-25,363,17.45,36.4183
2019-05-19 10-20-27,364,17.4133,36.4183
2019-05-19 10-20-29,364,17.4316,36.4183
2019-05-19 10-20-31,364,17.4103,36.3756
2019-05-19 10-20-35,364,17.482,36.3756
2019-05-19 10-20-37,364,17.4637,36.3756
2019-05-19 10-20-39,365,17.395,36.389
2019-05-19 10-20-41,364,17.5003,36.405
2019-05-19 10-20-43,364,17.4835,36.4183
2019-05-19 10-20-45,364,17.4316,36.4183
2019-05-19 10-20-47,363,17.4133,36.405
2019-05-19 10-20-51,363,17.4835,36.4183
2019-05-19 10-20-53,364,17.4683,36.4317
2019-05-19 10-20-55,364,17.3965,36.4317
2019-05-19 10-20-57,364,17.3996,36.4611
2019-05-19 10-20-59,365,17.3996,36.4611
2019-05-19 10-21-01,365,17.363,36.445
2019-05-19 10-21-03,366,17.3645,36.4611
2019-05-19 10-21-05,366,17.3813,36.445
2019-05-19 10-21-10,366,17.4133,36.4183
2019-05-19 10-21-12,366,17.3965,36.4183
2019-05-19 10-21-14,366,17.4454,36.3623
2019-05-19 10-21-16,366,17.4637,36.3756
2019-05-19 10-21-18,366,17.4286,36.3756
2019-05-19 10-21-20,366,17.482,36.3623
2019-05-19 10-21-22,366,17.4973,36.3489
2019-05-19 10-21-24,366,17.482,36.3623
2019-05-19 10-21-28,366,17.5919,36.405
2019-05-19 10-21-30,367,17.5003,36.389
2019-05-19 10-21-32,367,17.4637,36.3756
2019-05-19 10-21-34,367,17.4973,36.3756
2019-05-19 10-21-36,368,17.5186,36.3756
2019-05-19 10-21-38,368,17.4789,36.3489
2019-05-19 10-21-40,368,17.5156,36.3329
2019-05-19 10-21-42,368,17.5186,36.3489
2019-05-19 10-21-46,368,17.5339,36.3489
2019-05-19 10-21-48,368,17.4454,36.3489
2019-05-19 10-21-50,368,17.4637,36.3623
2019-05-19 10-21-52,367,17.4469,36.389
2019-05-19 10-21-54,367,17.482,36.389
2019-05-19 10-21-56,367,17.5018,36.4183
2019-05-19 10-21-58,366,17.45,36.4183
2019-05-19 10-22-02,366,17.3996,36.445
2019-05-19 10-22-04,366,17.3813,36.4611
2019-05-19 10-22-06,366,17.3828,36.4744
2019-05-19 10-22-08,366,17.3264,36.4611
2019-05-19 10-22-10,366,17.3447,36.4744
2019-05-19 10-22-12,365,17.3462,36.4878
2019-05-19 10-22-14,366,17.3462,36.4878
2019-05-19 10-22-16,366,17.3462,36.4878
2019-05-19 10-22-20,366,17.3828,36.4878
2019-05-19 10-22-22,366,17.3828,36.4744
2019-05-19 10-22-24,366,17.3828,36.4744
2019-05-19 10-22-26,366,17.4149,36.445
2019-05-19 10-22-28,366,17.3996,36.4611
2019-05-19 10-22-30,366,17.3813,36.4611
2019-05-19 10-22-32,366,17.3996,36.4744
2019-05-19 10-22-34,366,17.4683,36.4317
2019-05-19 10-22-38,366,17.5018,36.445
2019-05-19 10-22-40,366,17.4332,36.4611
2019-05-19 10-22-42,366,17.45,36.445
2019-05-19 10-22-44,366,17.4683,36.4317
2019-05-19 10-22-46,366,17.4316,36.4317
2019-05-19 10-22-48,367,17.45,36.4183
2019-05-19 10-22-50,366,17.4469,36.389
2019-05-19 10-22-52,366,17.4286,36.3756
2019-05-19 10-22-56,366,17.4637,36.3756
2019-05-19 10-22-58,367,17.4133,36.389
2019-05-19 10-23-00,367,17.4133,36.405
2019-05-19 10-23-02,367,17.45,36.4317
2019-05-19 10-23-04,366,17.4133,36.405
2019-05-19 10-23-06,366,17.5049,36.4611
2019-05-19 10-23-08,366,17.363,36.445
2019-05-19 10-23-10,366,17.3782,36.4183
2019-05-19 10-23-14,366,17.4316,36.4317
2019-05-19 10-23-16,366,17.45,36.4317
2019-05-19 10-23-18,366,17.5201,36.4183
2019-05-19 10-23-20,366,17.4835,36.4317
2019-05-19 10-23-22,366,17.4866,36.445
2019-05-19 10-23-24,366,17.45,36.4317
2019-05-19 10-23-26,366,17.5018,36.4317
2019-05-19 10-23-30,366,17.4332,36.445
2019-05-19 10-23-32,366,17.4149,36.445
2019-05-19 10-23-34,366,17.4683,36.445
2019-05-19 10-23-36,366,17.4683,36.4317
2019-05-19 10-23-38,366,17.45,36.445
2019-05-19 10-23-40,367,17.4332,36.4611
2019-05-19 10-23-42,367,17.4683,36.445
2019-05-19 10-23-44,367,17.3813,36.4611
2019-05-19 10-23-48,367,17.3645,36.4744
2019-05-19 10-23-50,366,17.3645,36.4878
2019-05-19 10-23-52,367,17.3462,36.5011
2019-05-19 10-23-54,367,17.2943,36.5011
2019-05-19 10-23-56,367,17.3462,36.5011
2019-05-19 10-23-58,367,17.4011,36.4878
2019-05-19 10-24-00,368,17.3279,36.4878
2019-05-19 10-24-02,368,17.4011,36.4878
2019-05-19 10-24-06,368,17.4179,36.4878
2019-05-19 10-24-08,368,17.4011,36.4878
2019-05-19 10-24-10,368,17.4194,36.5011
2019-05-19 10-24-12,367,17.3828,36.4878
2019-05-19 10-24-14,368,17.4698,36.4878
2019-05-19 10-24-16,368,17.3996,36.4611
2019-05-19 10-24-18,368,17.3996,36.4611
2019-05-19 10-24-20,369,17.4179,36.4744
2019-05-19 10-24-24,369,17.4149,36.445
2019-05-19 10-24-26,369,17.4515,36.4611
2019-05-19 10-24-28,369,17.4332,36.445
2019-05-19 10-24-30,369,17.45,36.445
2019-05-19 10-24-32,369,17.4179,36.4611
2019-05-19 10-24-34,369,17.4179,36.4878
2019-05-19 10-24-36,369,17.3859,36.5171
2019-05-19 10-24-40,369,17.4011,36.5011
2019-05-19 10-24-42,370,17.3676,36.5171
2019-05-19 10-24-44,370,17.4515,36.4744
2019-05-19 10-24-46,370,17.3996,36.4744
2019-05-19 10-24-48,369,17.45,36.4317
2019-05-19 10-24-50,370,17.45,36.445
2019-05-19 10-24-52,370,17.45,36.4317
2019-05-19 10-24-54,370,17.5003,36.389
2019-05-19 10-24-58,370,17.5018,36.4183
2019-05-19 10-25-00,370,17.4683,36.4317
2019-05-19 10-25-02,370,17.4316,36.4183
2019-05-19 10-25-04,370,17.4652,36.4183
2019-05-19 10-25-06,370,17.4133,36.389
2019-05-19 10-25-08,369,17.5003,36.389
2019-05-19 10-25-10,369,17.482,36.3756
2019-05-19 10-25-12,369,17.5186,36.3756
2019-05-19 10-25-16,369,17.5552,36.3756
2019-05-19 10-25-18,369,17.5186,36.3756
2019-05-19 10-25-20,369,17.5018,36.4183
2019-05-19 10-25-22,369,17.4286,36.3756
2019-05-19 10-25-24,369,17.4835,36.405
2019-05-19 10-25-26,369,17.5201,36.405
2019-05-19 10-25-28,369,17.4652,36.389
2019-05-19 10-25-32,369,17.45,36.4317
2019-05-19 10-25-34,369,17.4866,36.445
2019-05-19 10-25-36,369,17.4332,36.445
2019-05-19 10-25-38,370,17.5049,36.4611
2019-05-19 10-25-40,369,17.4683,36.4317
2019-05-19 10-25-42,369,17.4332,36.445
2019-05-19 10-25-44,369,17.4179,36.4744
2019-05-19 10-25-46,369,17.4866,36.4744
2019-05-19 10-25-50,369,17.4362,36.4878
2019-05-19 10-25-52,369,17.4362,36.4878
2019-05-19 10-25-54,368,17.45,36.445
2019-05-19 10-25-56,368,17.4332,36.4611
2019-05-19 10-25-58,369,17.4515,36.4611
2019-05-19 10-26-00,368,17.4179,36.4611
2019-05-19 10-26-02,368,17.3828,36.4744
2019-05-19 10-26-06,368,17.4698,36.4878
2019-05-19 10-26-08,368,17.4179,36.4878
2019-05-19 10-26-10,368,17.3859,36.5305
2019-05-19 10-26-12,368,17.4225,36.5438
2019-05-19 10-26-14,368,17.3492,36.5438
2019-05-19 10-26-16,368,17.3721,36.5732
2019-05-19 10-26-18,368,17.3508,36.5732
2019-05-19 10-26-20,368,17.2989,36.5866
2019-05-19 10-26-24,368,17.4057,36.5732
2019-05-19 10-26-26,368,17.3492,36.5438
2019-05-19 10-26-29,368,17.2958,36.5599
2019-05-19 10-26-31,369,17.3325,36.5599
2019-05-19 10-26-33,369,17.2958,36.5438
2019-05-19 10-26-35,369,17.3126,36.5305
2019-05-19 10-26-37,369,17.2623,36.5305
2019-05-19 10-26-39,370,17.3141,36.5438
2019-05-19 10-26-43,369,17.3309,36.5438
2019-05-19 10-26-45,370,17.2806,36.5599
2019-05-19 10-26-47,370,17.3141,36.5599
2019-05-19 10-26-49,369,17.3325,36.5866
2019-05-19 10-26-51,369,17.2989,36.5866
2019-05-19 10-26-53,369,17.3508,36.6026
2019-05-19 10-26-55,369,17.3172,36.5866
2019-05-19 10-26-57,369,17.4057,36.5732
2019-05-19 10-27-01,369,17.3325,36.5866
2019-05-19 10-27-03,369,17.3721,36.5866
2019-05-19 10-27-05,369,17.4225,36.5438
2019-05-19 10-27-07,369,17.4042,36.5438
2019-05-19 10-27-09,369,17.4042,36.5438
2019-05-19 10-27-11,369,17.2958,36.5438
2019-05-19 10-27-13,369,17.3309,36.5438
2019-05-19 10-27-17,369,17.3309,36.5438
2019-05-19 10-27-19,369,17.4042,36.5438
2019-05-19 10-27-21,369,17.3676,36.5305
2019-05-19 10-27-23,369,17.3309,36.5305
2019-05-19 10-27-25,369,17.3309,36.5305
2019-05-19 10-27-27,369,17.3279,36.5011
2019-05-19 10-27-29,369,17.3492,36.5305
2019-05-19 10-27-31,369,17.3462,36.5171
2019-05-19 10-27-35,369,17.2958,36.5305
2019-05-19 10-27-37,369,17.2958,36.5438
2019-05-19 10-27-39,369,17.3325,36.5599
2019-05-19 10-27-41,369,17.3172,36.5866
2019-05-19 10-27-43,369,17.2821,36.6026
2019-05-19 10-27-45,369,17.2638,36.5866
2019-05-19 10-27-47,369,17.2668,36.6186
2019-05-19 10-27-49,369,17.3172,36.6026
2019-05-19 10-27-53,368,17.2302,36.6026
2019-05-19 10-27-55,368,17.2821,36.6186
2019-05-19 10-27-57,368,17.2485,36.6186
2019-05-19 10-27-59,368,17.3004,36.632
2019-05-19 10-28-01,369,17.3172,36.6186
2019-05-19 10-28-03,368,17.2852,36.632
2019-05-19 10-28-05,369,17.2852,36.632
2019-05-19 10-28-09,369,17.3172,36.5866
2019-05-19 10-28-11,369,17.3325,36.5732
2019-05-19 10-28-13,369,17.2989,36.5866
2019-05-19 10-28-15,369,17.3874,36.5599
2019-05-19 10-28-17,369,17.3325,36.5732
2019-05-19 10-28-19,369,17.3325,36.5599
2019-05-19 10-28-21,368,17.3325,36.5599
2019-05-19 10-28-23,368,17.2958,36.5438
2019-05-19 10-28-27,368,17.2958,36.5438
2019-05-19 10-28-29,368,17.3492,36.5599
2019-05-19 10-28-31,368,17.3309,36.5438
2019-05-19 10-28-33,368,17.4042,36.5438
2019-05-19 10-28-35,368,17.4042,36.5305
2019-05-19 10-28-37,368,17.3676,36.5011
2019-05-19 10-28-39,368,17.3309,36.5171
2019-05-19 10-28-41,368,17.3141,36.5438
2019-05-19 10-28-45,368,17.3126,36.5171
2019-05-19 10-28-47,368,17.3859,36.5438
2019-05-19 10-28-49,368,17.2958,36.5599
2019-05-19 10-28-51,368,17.2806,36.5599
2019-05-19 10-28-53,368,17.2989,36.5732
2019-05-19 10-28-55,368,17.3355,36.6026
2019-05-19 10-28-57,368,17.3325,36.5732
2019-05-19 10-29-01,367,17.3141,36.5732
2019-05-19 10-29-03,368,17.2989,36.5732
2019-05-19 10-29-05,368,17.2806,36.5599
2019-05-19 10-29-07,368,17.2806,36.5599
2019-05-19 10-29-09,368,17.2455,36.5599
2019-05-19 10-29-11,369,17.2958,36.5599
2019-05-19 10-29-13,369,17.2958,36.5599
2019-05-19 10-29-15,369,17.3141,36.5732
2019-05-19 10-29-19,369,17.2806,36.5599
2019-05-19 10-29-21,369,17.3141,36.5732
2019-05-19 10-29-23,368,17.2775,36.5305
2019-05-19 10-29-25,369,17.3691,36.5599
2019-05-19 10-29-27,369,17.2958,36.5438
2019-05-19 10-29-29,370,17.3141,36.5599
2019-05-19 10-29-31,370,17.3691,36.5599
2019-05-19 10-29-33,370,17.3141,36.5438
2019-05-19 10-29-37,370,17.3859,36.5305
2019-05-19 10-29-39,369,17.3676,36.5305
2019-05-19 10-29-41,369,17.3309,36.5438
2019-05-19 10-29-43,369,17.3676,36.5171
2019-05-19 10-29-45,369,17.3828,36.5011
2019-05-19 10-29-47,368,17.3859,36.5171
2019-05-19 10-29-49,369,17.4881,36.5171
2019-05-19 10-29-53,368,17.3828,36.4744
2019-05-19 10-29-55,368,17.4515,36.4878
2019-05-19 10-29-57,368,17.4515,36.4744
2019-05-19 10-29-59,368,17.4194,36.5011
2019-05-19 10-30-01,368,17.45,36.445
2019-05-19 10-30-03,368,17.4149,36.445
2019-05-19 10-30-05,368,17.4316,36.4317
2019-05-19 10-30-07,368,17.5018,36.4183
2019-05-19 10-30-11,368,17.4683,36.4317
2019-05-19 10-30-13,368,17.4652,36.4183
2019-05-19 10-30-15,368,17.45,36.4317
2019-05-19 10-30-17,367,17.4835,36.4317
2019-05-19 10-30-19,367,17.45,36.445
2019-05-19 10-30-21,367,17.4698,36.4744
2019-05-19 10-30-23,367,17.4515,36.4611
2019-05-19 10-30-25,367,17.5247,36.4744
2019-05-19 10-30-29,367,17.4011,36.4878
2019-05-19 10-30-31,367,17.4011,36.5011
2019-05-19 10-30-33,367,17.4377,36.5305
2019-05-19 10-30-35,367,17.3462,36.5011
2019-05-19 10-30-37,367,17.3279,36.5011
2019-05-19 10-30-39,367,17.3676,36.5171
2019-05-19 10-30-41,367,17.4362,36.4878
2019-05-19 10-30-45,367,17.3828,36.5011
2019-05-19 10-30-47,367,17.2958,36.5438
2019-05-19 10-30-49,367,17.3859,36.5438
2019-05-19 10-30-51,367,17.3691,36.5438
2019-05-19 10-30-53,367,17.3676,36.5305
2019-05-19 10-30-55,367,17.3691,36.5599
2019-05-19 10-30-57,367,17.3721,36.5732
2019-05-19 10-30-59,367,17.3508,36.5866
2019-05-19 10-31-03,367,17.2821,36.5866
2019-05-19 10-31-05,367,17.3508,36.6026
2019-05-19 10-31-07,366,17.2852,36.632
2019-05-19 10-31-09,366,17.392,36.632
2019-05-19 10-31-11,366,17.2668,36.6453
2019-05-19 10-31-13,366,17.3737,36.6453
2019-05-19 10-31-15,366,17.3538,36.632
2019-05-19 10-31-17,366,17.3904,36.6026
2019-05-19 10-31-21,366,17.3508,36.5866
2019-05-19 10-31-23,366,17.3172,36.5866
2019-05-19 10-31-25,366,17.3691,36.5599
2019-05-19 10-31-27,366,17.3492,36.5438
2019-05-19 10-31-29,366,17.4042,36.5438
2019-05-19 10-31-31,366,17.4011,36.5011
2019-05-19 10-31-33,366,17.3676,36.5171
2019-05-19 10-31-35,366,17.4011,36.4878
2019-05-19 10-31-39,366,17.4194,36.5011
2019-05-19 10-31-41,366,17.4011,36.4878
2019-05-19 10-31-43,365,17.4515,36.4878
2019-05-19 10-31-46,365,17.5232,36.4611
2019-05-19 10-31-48,365,17.4515,36.4744
2019-05-19 10-31-50,365,17.4179,36.4744
2019-05-19 10-31-52,365,17.4179,36.4878
2019-05-19 10-31-56,365,17.4545,36.5171
2019-05-19 10-31-58,365,17.3859,36.5171
2019-05-19 10-32-00,366,17.4042,36.5438
2019-05-19 10-32-02,365,17.4042,36.5599
2019-05-19 10-32-04,365,17.3309,36.5305
2019-05-19 10-32-06,365,17.3309,36.5305
2019-05-19 10-32-08,365,17.3859,36.5171
2019-05-19 10-32-10,365,17.4194,36.5171
2019-05-19 10-32-14,365,17.3859,36.5171
2019-05-19 10-32-16,365,17.3676,36.5171
2019-05-19 10-32-18,365,17.4011,36.5011
2019-05-19 10-32-20,365,17.3676,36.5305
2019-05-19 10-32-22,365,17.4377,36.5171
2019-05-19 10-32-24,364,17.4881,36.5171
2019-05-19 10-32-26,364,17.4545,36.5171
2019-05-19 10-32-28,364,17.4362,36.5011
2019-05-19 10-32-32,364,17.3462,36.4878
2019-05-19 10-32-34,364,17.4698,36.5011
2019-05-19 10-32-36,364,17.3813,36.4611
2019-05-19 10-32-38,364,17.4683,36.4611
2019-05-19 10-32-40,365,17.4362,36.4878
2019-05-19 10-32-42,364,17.4515,36.4744
2019-05-19 10-32-44,364,17.4515,36.4611
2019-05-19 10-32-46,364,17.4515,36.4611
2019-05-19 10-32-50,364,17.4011,36.5011
2019-05-19 10-32-52,363,17.3828,36.4878
2019-05-19 10-32-54,363,17.4698,36.4878
2019-05-19 10-32-56,363,17.4011,36.4878
2019-05-19 10-32-58,363,17.4377,36.5305
2019-05-19 10-33-00,363,17.3859,36.5171
2019-05-19 10-33-02,363,17.4194,36.5305
2019-05-19 10-33-06,363,17.4225,36.5599
2019-05-19 10-33-08,363,17.3874,36.5599
2019-05-19 10-33-10,362,17.3508,36.5866
2019-05-19 10-33-12,362,17.3904,36.6026
2019-05-19 10-33-14,362,17.3874,36.5866
2019-05-19 10-33-16,362,17.4057,36.6026
2019-05-19 10-33-18,362,17.3538,36.632
2019-05-19 10-33-20,362,17.3508,36.5732
2019-05-19 10-33-24,362,17.3508,36.6026
2019-05-19 10-33-26,363,17.3721,36.5732
2019-05-19 10-33-28,362,17.4225,36.5732
2019-05-19 10-33-30,362,17.3325,36.5732
2019-05-19 10-33-32,363,17.4057,36.5866
2019-05-19 10-33-34,362,17.3721,36.5866
2019-05-19 10-33-36,363,17.3172,36.6186
2019-05-19 10-33-38,363,17.3355,36.6186
2019-05-19 10-33-42,362,17.3355,36.6186
2019-05-19 10-33-44,362,17.2852,36.632
2019-05-19 10-33-46,362,17.3035,36.6453
2019-05-19 10-33-48,362,17.3035,36.6587
2019-05-19 10-33-50,362,17.3401,36.688
2019-05-19 10-33-52,362,17.2134,36.688
2019-05-19 10-33-54,363,17.2318,36.6587
2019-05-19 10-33-56,363,17.2501,36.6453
2019-05-19 10-34-00,363,17.2485,36.6186
2019-05-19 10-34-02,363,17.3004,36.6186
2019-05-19 10-34-04,363,17.3355,36.6186
2019-05-19 10-34-06,363,17.2638,36.6026
2019-05-19 10-34-08,363,17.2821,36.6186
2019-05-19 10-34-10,362,17.2668,36.6186
2019-05-19 10-34-12,362,17.2852,36.6453
2019-05-19 10-34-16,362,17.3035,36.6587
2019-05-19 10-34-18,362,17.2684,36.6587
2019-05-19 10-34-20,363,17.2501,36.6747
2019-05-19 10-34-22,363,17.2867,36.688
2019-05-19 10-34-24,363,17.3035,36.6747
2019-05-19 10-34-26,363,17.2867,36.6747
2019-05-19 10-34-28,362,17.2684,36.6587
2019-05-19 10-34-30,363,17.2684,36.6747
2019-05-19 10-34-34,363,17.2684,36.6747
2019-05-19 10-34-36,363,17.2531,36.688
2019-05-19 10-34-38,363,17.2867,36.7014
2019-05-19 10-34-40,363,17.2531,36.688
2019-05-19 10-34-42,364,17.2348,36.6747
2019-05-19 10-34-44,364,17.2867,36.688
2019-05-19 10-34-46,364,17.2684,36.688
2019-05-19 10-34-48,364,17.2363,36.7308
2019-05-19 10-34-52,364,17.1799,36.7014
2019-05-19 10-34-54,364,17.1799,36.7014
2019-05-19 10-34-56,364,17.2348,36.7014
2019-05-19 10-34-58,364,17.2531,36.7147
2019-05-19 10-35-00,364,17.2531,36.7014
2019-05-19 10-35-02,364,17.2867,36.688
2019-05-19 10-35-04,364,17.3233,36.7014
2019-05-19 10-35-08,364,17.2852,36.6587
2019-05-19 10-35-10,364,17.2684,36.688
2019-05-19 10-35-12,363,17.3218,36.6747
2019-05-19 10-35-14,364,17.3035,36.6453
2019-05-19 10-35-16,365,17.2668,36.6453
2019-05-19 10-35-18,365,17.2119,36.632
2019-05-19 10-35-20,364,17.3004,36.6186
2019-05-19 10-35-22,364,17.3325,36.5732
2019-05-19 10-35-26,364,17.3508,36.5866
2019-05-19 10-35-28,364,17.3172,36.5866
2019-05-19 10-35-30,364,17.3141,36.5732
2019-05-19 10-35-32,364,17.3141,36.5732
2019-05-19 10-35-34,364,17.3141,36.5599
2019-05-19 10-35-36,364,17.3492,36.5438
2019-05-19 10-35-38,364,17.3859,36.5438
2019-05-19 10-35-40,364,17.3676,36.5171
2019-05-19 10-35-44,365,17.3721,36.5732
2019-05-19 10-35-46,364,17.4225,36.5438
2019-05-19 10-35-48,364,17.3721,36.5866
2019-05-19 10-35-50,365,17.4423,36.6026
2019-05-19 10-35-52,365,17.3721,36.5866
2019-05-19 10-35-54,365,17.3325,36.5866
2019-05-19 10-35-56,365,17.3004,36.6186
2019-05-19 10-35-58,364,17.2852,36.632
2019-05-19 10-36-02,364,17.2852,36.632
2019-05-19 10-36-04,365,17.3004,36.6186
2019-05-19 10-36-06,363,17.2684,36.6587
2019-05-19 10-36-08,363,17.2501,36.6587
2019-05-19 10-36-10,363,17.2348,36.6747
2019-05-19 10-36-12,364,17.1982,36.7014
2019-05-19 10-36-14,364,17.2348,36.688
2019-05-19 10-36-18,365,17.2684,36.6587
2019-05-19 10-36-20,366,17.2684,36.6747
2019-05-19 10-36-22,365,17.2348,36.6747
2019-05-19 10-36-24,365,17.1982,36.688
2019-05-19 10-36-26,366,17.2531,36.688
2019-05-19 10-36-28,366,17.2867,36.688
2019-05-19 10-36-30,365,17.2867,36.6747
2019-05-19 10-36-32,366,17.2714,36.7014
2019-05-19 10-36-36,367,17.2363,36.7147
2019-05-19 10-36-38,367,17.2348,36.688
2019-05-19 10-36-40,367,17.2501,36.6747
2019-05-19 10-36-42,367,17.2684,36.6587
2019-05-19 10-36-44,367,17.2867,36.7014
2019-05-19 10-36-46,367,17.3035,36.6453
2019-05-19 10-36-48,367,17.337,36.6587
2019-05-19 10-36-50,367,17.3035,36.6747
2019-05-19 10-36-55,367,17.3538,36.6453
2019-05-19 10-36-57,367,17.3187,36.6587
2019-05-19 10-36-59,367,17.337,36.6587
2019-05-19 10-37-01,367,17.3187,36.632
2019-05-19 10-37-03,367,17.3187,36.632
2019-05-19 10-37-05,367,17.392,36.6453
2019-05-19 10-37-07,366,17.337,36.6747
2019-05-19 10-37-09,367,17.3553,36.6747
2019-05-19 10-37-13,367,17.3218,36.6747
2019-05-19 10-37-15,367,17.1951,36.6587
2019-05-19 10-37-17,367,17.1951,36.6747
2019-05-19 10-37-19,368,17.2348,36.688
2019-05-19 10-37-21,368,17.2318,36.6587
2019-05-19 10-37-23,368,17.2684,36.688
2019-05-19 10-37-25,369,17.2501,36.6453
2019-05-19 10-37-29,369,17.2501,36.6453
2019-05-19 10-37-31,370,17.3187,36.632
2019-05-19 10-37-33,371,17.2485,36.632
2019-05-19 10-37-35,371,17.2852,36.6453
2019-05-19 10-37-37,372,17.3737,36.6186
2019-05-19 10-37-39,373,17.3721,36.6026
2019-05-19 10-37-41,372,17.3538,36.6186
2019-05-19 10-37-43,372,17.3508,36.5866
2019-05-19 10-37-47,373,17.3538,36.6186
2019-05-19 10-37-49,373,17.3737,36.6453
2019-05-19 10-37-51,372,17.3737,36.632
2019-05-19 10-37-53,373,17.3538,36.6453
2019-05-19 10-37-55,373,17.3035,36.6587
2019-05-19 10-37-57,373,17.2867,36.6747
2019-05-19 10-37-59,373,17.2684,36.6747
2019-05-19 10-38-01,373,17.2348,36.6747
2019-05-19 10-38-05,373,17.2867,36.688
2019-05-19 10-38-07,373,17.2867,36.6747
2019-05-19 10-38-09,373,17.2134,36.6747
2019-05-19 10-38-11,372,17.2684,36.6587
2019-05-19 10-38-13,373,17.3035,36.6453
2019-05-19 10-38-15,372,17.2485,36.6186
2019-05-19 10-38-17,372,17.3172,36.6186
2019-05-19 10-38-21,372,17.2989,36.6026
2019-05-19 10-38-23,372,17.3508,36.5866
2019-05-19 10-38-25,372,17.3004,36.6186
2019-05-19 10-38-27,372,17.3004,36.6186
2019-05-19 10-38-29,372,17.3355,36.6026
2019-05-19 10-38-31,372,17.2989,36.6026
2019-05-19 10-38-33,371,17.337,36.6453
2019-05-19 10-38-35,371,17.3187,36.632
2019-05-19 10-38-39,371,17.305,36.688
2019-05-19 10-38-41,371,17.337,36.6587
2019-05-19 10-38-43,372,17.3218,36.6747
2019-05-19 10-38-45,372,17.3553,36.688
2019-05-19 10-38-47,372,17.3218,36.6747
2019-05-19 10-38-49,373,17.3401,36.688
2019-05-19 10-38-51,373,17.3218,36.688
2019-05-19 10-38-53,373,17.305,36.7014
2019-05-19 10-38-57,374,17.3233,36.7147
2019-05-19 10-38-59,374,17.3233,36.7014
2019-05-19 10-39-01,373,17.2684,36.688
2019-05-19 10-39-03,374,17.305,36.688
2019-05-19 10-39-05,374,17.3218,36.6747
2019-05-19 10-39-07,374,17.3035,36.6587
2019-05-19 10-39-09,373,17.3187,36.6587
2019-05-19 10-39-11,374,17.3035,36.6587
2019-05-19 10-39-15,374,17.3355,36.632
2019-05-19 10-39-17,374,17.3538,36.6186
2019-05-19 10-39-19,374,17.3355,36.6186
2019-05-19 10-39-21,374,17.424,36.6026
2019-05-19 10-39-23,374,17.4408,36.5732
2019-05-19 10-39-25,374,17.4911,36.5599
2019-05-19 10-39-27,374,17.4561,36.5438
2019-05-19 10-39-29,373,17.4561,36.5438
2019-05-19 10-39-33,372,17.4408,36.5599
2019-05-19 10-39-35,372,17.424,36.6026
2019-05-19 10-39-37,372,17.4774,36.6186
2019-05-19 10-39-39,372,17.3904,36.6026
2019-05-19 10-39-41,372,17.4088,36.632
2019-05-19 10-39-43,372,17.3355,36.632
2019-05-19 10-39-45,372,17.392,36.6453
2019-05-19 10-39-49,372,17.337,36.6747
2019-05-19 10-39-51,372,17.3218,36.688
2019-05-19 10-39-53,372,17.3401,36.7014
2019-05-19 10-39-55,372,17.3553,36.688
2019-05-19 10-39-57,372,17.3218,36.688
2019-05-19 10-39-59,372,17.3233,36.7147
2019-05-19 10-40-01,371,17.3584,36.7014
2019-05-19 10-40-03,371,17.2714,36.7308
2019-05-19 10-40-07,371,17.2714,36.7014
2019-05-19 10-40-09,372,17.2913,36.7575
2019-05-19 10-40-11,372,17.2714,36.7147
2019-05-19 10-40-13,372,17.2714,36.7308
2019-05-19 10-40-15,372,17.2729,36.7441
2019-05-19 10-40-17,372,17.2394,36.7575
2019-05-19 10-40-19,373,17.2546,36.7575
2019-05-19 10-40-21,373,17.2729,36.7575
2019-05-19 10-40-25,374,17.2897,36.7441
2019-05-19 10-40-27,374,17.308,36.7308
2019-05-19 10-40-29,375,17.308,36.7308
2019-05-19 10-40-31,375,17.3401,36.7014
2019-05-19 10-40-33,375,17.3401,36.7147
2019-05-19 10-40-35,375,17.3401,36.688
2019-05-19 10-40-37,375,17.3584,36.7147
2019-05-19 10-40-39,376,17.3233,36.7308
2019-05-19 10-40-43,376,17.3264,36.7441
2019-05-19 10-40-45,376,17.308,36.7308
2019-05-19 10-40-47,376,17.308,36.7308
2019-05-19 10-40-49,376,17.3599,36.7441
2019-05-19 10-40-51,376,17.3233,36.7308
2019-05-19 10-40-53,376,17.2897,36.7441
2019-05-19 10-40-55,376,17.2897,36.7441
2019-05-19 10-40-59,376,17.2897,36.7308
2019-05-19 10-41-01,376,17.2394,36.7708
2019-05-19 10-41-03,376,17.2577,36.7868
2019-05-19 10-41-05,376,17.3096,36.7868
2019-05-19 10-41-07,376,17.2913,36.7708
2019-05-19 10-41-09,376,17.2577,36.8002
2019-05-19 10-41-11,376,17.276,36.7868
2019-05-19 10-41-13,376,17.276,36.7868
2019-05-19 10-41-17,376,17.2409,36.8002
2019-05-19 10-41-19,376,17.276,36.8002
2019-05-19 10-41-21,376,17.2913,36.7868
2019-05-19 10-41-23,377,17.2409,36.7868
2019-05-19 10-41-25,377,17.2043,36.8135
2019-05-19 10-41-27,377,17.3126,36.8135
2019-05-19 10-41-29,376,17.2913,36.7708
2019-05-19 10-41-31,377,17.2211,36.8002
2019-05-19 10-41-35,376,17.2592,36.8135
2019-05-19 10-41-37,376,17.1677,36.8002
2019-05-19 10-41-39,376,17.2028,36.7868
2019-05-19 10-41-41,376,17.2211,36.8002
2019-05-19 10-41-43,376,17.2409,36.7868
2019-05-19 10-41-45,376,17.2409,36.8002
2019-05-19 10-41-47,376,17.2043,36.8135
2019-05-19 10-41-49,376,17.2043,36.8135
2019-05-19 10-41-53,376,17.2211,36.8002
2019-05-19 10-41-56,376,17.2211,36.8002
2019-05-19 10-41-58,376,17.2211,36.8002
2019-05-19 10-42-00,377,17.2409,36.8002
2019-05-19 10-42-02,377,17.1677,36.8135
2019-05-19 10-42-04,377,17.186,36.8269
2019-05-19 10-42-06,376,17.1539,36.8429
2019-05-19 10-42-10,376,17.189,36.8563
2019-05-19 10-42-12,376,17.1722,36.8563
2019-05-19 10-42-14,376,17.189,36.8563
2019-05-19 10-42-16,376,17.189,36.8429
2019-05-19 10-42-18,376,17.1707,36.8429
2019-05-19 10-42-20,376,17.1707,36.8429
2019-05-19 10-42-22,377,17.1539,36.8563
2019-05-19 10-42-24,376,17.1539,36.8563
2019-05-19 10-42-28,377,17.1204,36.8563
2019-05-19 10-42-30,377,17.1753,36.899
2019-05-19 10-42-32,377,17.1722,36.8563
2019-05-19 10-42-34,378,17.1387,36.8696
2019-05-19 10-42-36,378,17.157,36.883
2019-05-19 10-42-38,378,17.1722,36.883
2019-05-19 10-42-40,378,17.1219,36.9123
2019-05-19 10-42-42,378,17.1387,36.883
2019-05-19 10-42-46,378,17.157,36.899
2019-05-19 10-42-48,377,17.157,36.899
2019-05-19 10-42-50,377,17.1387,36.899
2019-05-19 10-42-52,377,17.1219,36.899
2019-05-19 10-42-54,377,17.1036,36.9123
2019-05-19 10-42-56,377,17.1204,36.883
2019-05-19 10-42-58,377,17.1387,36.883
2019-05-19 10-43-00,377,17.1387,36.883
2019-05-19 10-43-04,378,17.1387,36.899
2019-05-19 10-43-06,378,17.157,36.883
2019-05-19 10-43-08,378,17.189,36.8563
2019-05-19 10-43-10,378,17.1722,36.883
2019-05-19 10-43-12,378,17.157,36.883
2019-05-19 10-43-14,378,17.1204,36.8696
2019-05-19 10-43-16,378,17.1722,36.8696
2019-05-19 10-43-20,378,17.157,36.899
2019-05-19 10-43-22,378,17.1036,36.899
2019-05-19 10-43-24,377,17.1219,36.9123
2019-05-19 10-43-26,377,17.1219,36.9123
2019-05-19 10-43-28,377,17.1936,36.9123
2019-05-19 10-43-30,377,17.1036,36.9123
2019-05-19 10-43-32,377,17.1204,36.883
2019-05-19 10-43-34,377,17.0853,36.899
2019-05-19 10-43-38,377,17.0853,36.899
2019-05-19 10-43-40,377,17.0853,36.883
2019-05-19 10-43-42,378,17.1036,36.883
2019-05-19 10-43-44,378,17.1387,36.899
2019-05-19 10-43-46,378,17.1387,36.883
2019-05-19 10-43-48,378,17.1387,36.883
2019-05-19 10-43-50,377,17.1204,36.883
2019-05-19 10-43-52,377,17.1036,36.899
2019-05-19 10-43-56,378,17.1036,36.9123
2019-05-19 10-43-58,377,17.1753,36.9123
2019-05-19 10-44-00,377,17.07,36.939
2019-05-19 10-44-02,377,17.1066,36.939
2019-05-19 10-44-04,377,17.0883,36.9257
2019-05-19 10-44-06,377,17.1219,36.9257
2019-05-19 10-44-08,378,17.1219,36.9257
2019-05-19 10-44-10,378,17.1219,36.9257
2019-05-19 10-44-14,378,17.1036,36.9123
2019-05-19 10-44-16,379,17.1219,36.9123
2019-05-19 10-44-18,379,17.1585,36.9257
2019-05-19 10-44-20,379,17.1402,36.9123
2019-05-19 10-44-22,379,17.157,36.9123
2019-05-19 10-44-24,380,17.1906,36.899
2019-05-19 10-44-26,380,17.2089,36.9123
2019-05-19 10-44-30,380,17.1387,36.883
2019-05-19 10-44-32,380,17.2089,36.9123
2019-05-19 10-44-34,380,17.157,36.9123
2019-05-19 10-44-36,380,17.1753,36.9257
2019-05-19 10-44-38,380,17.1219,36.9123
2019-05-19 10-44-40,380,17.1906,36.883
2019-05-19 10-44-42,380,17.1753,36.9123
2019-05-19 10-44-44,380,17.157,36.9123
2019-05-19 10-44-48,380,17.1753,36.899
2019-05-19 10-44-50,380,17.157,36.9123
2019-05-19 10-44-52,379,17.1936,36.9123
2019-05-19 10-44-54,380,17.157,36.899
2019-05-19 10-44-56,380,17.1906,36.883
2019-05-19 10-44-58,380,17.1402,36.9123
2019-05-19 10-45-00,380,17.1036,36.9123
2019-05-19 10-45-02,381,17.1722,36.8696
2019-05-19 10-45-06,381,17.157,36.883
2019-05-19 10-45-08,380,17.157,36.899
2019-05-19 10-45-10,380,17.1219,36.9257
2019-05-19 10-45-12,380,17.1219,36.9257
2019-05-19 10-45-14,380,17.1753,36.9257
2019-05-19 10-45-16,380,17.1936,36.939
2019-05-19 10-45-18,380,17.1066,36.9257
2019-05-19 10-45-22,380,17.1249,36.939
2019-05-19 10-45-24,380,17.1585,36.9257
2019-05-19 10-45-26,380,17.1936,36.939
2019-05-19 10-45-28,380,17.1219,36.9257
2019-05-19 10-45-30,380,17.1219,36.9257
2019-05-19 10-45-32,381,17.1768,36.9551
2019-05-19 10-45-34,381,17.1585,36.939
2019-05-19 10-45-36,381,17.1402,36.939
2019-05-19 10-45-40,380,17.1585,36.939
2019-05-19 10-45-42,380,17.1432,36.9551
2019-05-19 10-45-44,381,17.1768,36.939
2019-05-19 10-45-46,381,17.1082,36.9684
2019-05-19 10-45-48,380,17.1249,36.9551
2019-05-19 10-45-50,381,17.1249,36.9684
2019-05-19 10-45-52,381,17.1265,36.9818
2019-05-19 10-45-54,381,17.1249,36.9684
2019-05-19 10-45-58,381,17.0898,36.9684
2019-05-19 10-46-00,381,17.0715,36.9818
2019-05-19 10-46-02,381,17.0929,36.9818
2019-05-19 10-46-04,381,17.0532,36.9818
2019-05-19 10-46-06,381,17.1082,36.9684
2019-05-19 10-46-08,381,17.07,36.9684
2019-05-19 10-46-10,381,17.0929,36.9818
2019-05-19 10-46-12,381,17.0929,36.9978
2019-05-19 10-46-16,382,17.0349,36.9818
2019-05-19 10-46-18,382,17.07,36.9684
2019-05-19 10-46-20,381,17.07,36.939
2019-05-19 10-46-22,382,17.1112,36.9978
2019-05-19 10-46-24,381,17.1082,36.9684
2019-05-19 10-46-26,381,17.1066,36.9551
2019-05-19 10-46-28,381,17.0715,36.9978
2019-05-19 10-46-32,380,17.0532,36.9818
2019-05-19 10-46-34,380,17.0715,37.0111
2019-05-19 10-46-36,381,17.0929,36.9978
2019-05-19 10-46-38,380,17.0349,36.9551
2019-05-19 10-46-40,380,17.0532,36.9818
2019-05-19 10-46-42,380,17.0929,36.9818
2019-05-19 10-46-44,379,17.0715,37.0111
2019-05-19 10-46-46,380,17.0929,36.9818
2019-05-19 10-46-50,379,17.0746,37.0245
2019-05-19 10-46-52,379,17.1448,36.9978
2019-05-19 10-46-54,379,17.0532,36.9684
2019-05-19 10-46-56,379,17.1249,36.9551
2019-05-19 10-46-58,379,17.1585,36.939
2019-05-19 10-47-01,378,17.1066,36.9551
2019-05-19 10-47-03,378,17.1249,36.9551
2019-05-19 10-47-05,378,17.1616,36.9684
2019-05-19 10-47-09,378,17.1432,36.9684
2019-05-19 10-47-11,379,17.1265,36.9818
2019-05-19 10-47-13,379,17.07,36.9684
2019-05-19 10-47-15,379,17.0532,36.9818
2019-05-19 10-47-17,379,17.1082,36.9818
2019-05-19 10-47-19,379,17.1265,37.0111
2019-05-19 10-47-21,379,17.1265,36.9978
2019-05-19 10-47-25,379,17.038,37.0111
2019-05-19 10-47-27,379,17.0929,37.0111
2019-05-19 10-47-29,379,17.0746,37.0378
2019-05-19 10-47-31,379,17.0944,37.0245
2019-05-19 10-47-33,379,17.0944,37.0378
2019-05-19 10-47-35,380,17.0395,37.0539
2019-05-19 10-47-37,380,17.0944,37.0378
2019-05-19 10-47-39,380,17.1112,37.0245
2019-05-19 10-47-43,380,16.9693,37.0378
2019-05-19 10-47-45,380,17.0395,37.0378
2019-05-19 10-47-47,380,17.0563,37.0245
2019-05-19 10-47-49,380,16.9876,37.0378
2019-05-19 10-47-51,380,16.9693,37.0245
2019-05-19 10-47-53,380,17.0578,37.0699
2019-05-19 10-47-55,380,16.9525,37.0539
2019-05-19 10-47-57,380,17.0395,37.0378
2019-05-19 10-48-01,380,17.0059,37.0539
2019-05-19 10-48-03,380,17.0395,37.0378
2019-05-19 10-48-05,380,17.0059,37.0378
2019-05-19 10-48-07,380,17.0746,37.0539
2019-05-19 10-48-09,380,17.0212,37.0378
2019-05-19 10-48-11,380,17.0074,37.1126
2019-05-19 10-48-13,380,17.0425,37.0832
2019-05-19 10-48-15,380,17.0578,37.0699
2019-05-19 10-48-19,380,16.9891,37.0832
2019-05-19 10-48-21,380,17.0395,37.0699
2019-05-19 10-48-23,380,17.0578,37.0832
2019-05-19 10-48-25,380,16.9708,37.0832
2019-05-19 10-48-27,380,17.0074,37.0966
2019-05-19 10-48-29,380,16.9739,37.1126
2019-05-19 10-48-31,380,17.0074,37.0966
2019-05-19 10-48-35,381,16.9739,37.1126
2019-05-19 10-48-37,381,16.9739,37.1126
2019-05-19 10-48-39,381,17.0074,37.0966
2019-05-19 10-48-41,382,17.0258,37.126
2019-05-19 10-48-43,382,16.9388,37.126
2019-05-19 10-48-45,382,16.9189,37.1126
2019-05-19 10-48-47,382,16.9739,37.0966
2019-05-19 10-48-49,382,16.9739,37.1126
2019-05-19 10-48-53,382,17.0105,37.126
2019-05-19 10-48-55,382,16.9922,37.1393
2019-05-19 10-48-57,382,16.9388,37.1393
2019-05-19 10-48-59,383,16.9189,37.126
2019-05-19 10-49-01,383,17.0609,37.0966
2019-05-19 10-49-03,383,16.9891,37.0966
2019-05-19 10-49-05,383,17.0242,37.0832
2019-05-19 10-49-07,383,16.9556,37.0966
2019-05-19 10-49-11,382,16.9922,37.1393
2019-05-19 10-49-13,382,17.0425,37.0966
2019-05-19 10-49-15,382,17.0258,37.1126
2019-05-19 10-49-17,383,17.0441,37.126
2019-05-19 10-49-19,383,17.0074,37.1126
2019-05-19 10-49-21,383,17.0074,37.0832
2019-05-19 10-49-23,383,17.0395,37.0699
2019-05-19 10-49-25,384,17.0578,37.0539
2019-05-19 10-49-29,384,17.0944,37.0539
2019-05-19 10-49-31,385,16.9876,37.0378
2019-05-19 10-49-33,385,17.0746,37.0378
2019-05-19 10-49-35,385,17.0578,37.0539
2019-05-19 10-49-37,385,17.1127,37.0539
2019-05-19 10-49-39,384,17.0578,37.0699
2019-05-19 10-49-41,384,17.0395,37.0378
2019-05-19 10-49-45,384,17.0975,37.0832
2019-05-19 10-49-47,385,17.0242,37.0539
2019-05-19 10-49-49,384,17.0395,37.0699
2019-05-19 10-49-51,385,17.0242,37.0699
2019-05-19 10-49-53,385,17.0074,37.0832
2019-05-19 10-49-55,385,17.0242,37.0699
2019-05-19 10-49-57,385,16.9891,37.0832
2019-05-19 10-49-59,384,17.0609,37.0966
2019-05-19 10-50-03,384,16.9556,37.0966
2019-05-19 10-50-05,385,16.9891,37.0966
2019-05-19 10-50-07,385,17.0441,37.1126
2019-05-19 10-50-09,385,17.0258,37.0966
2019-05-19 10-50-11,384,17.0258,37.1126
2019-05-19 10-50-13,385,16.9739,37.126
2019-05-19 10-50-15,385,17.0258,37.1126
2019-05-19 10-50-17,385,16.9739,37.1126
2019-05-19 10-50-21,385,16.9754,37.1527
2019-05-19 10-50-23,385,16.9388,37.1393
2019-05-19 10-50-25,385,16.9739,37.1126
2019-05-19 10-50-27,385,17.0105,37.126
2019-05-19 10-50-29,385,16.9922,37.1393
2019-05-19 10-50-31,385,16.9022,37.1393
2019-05-19 10-50-33,385,16.9571,37.1393
2019-05-19 10-50-35,385,17.0105,37.126
2019-05-19 10-50-39,385,17.0074,37.1126
2019-05-19 10-50-41,385,16.9739,37.126
2019-05-19 10-50-43,385,17.0105,37.1393
2019-05-19 10-50-45,385,16.9571,37.1527
2019-05-19 10-50-47,385,16.9571,37.126
2019-05-19 10-50-49,385,16.9022,37.1527
2019-05-19 10-50-51,385,16.9388,37.1393
2019-05-19 10-50-55,384,16.9937,37.1687
2019-05-19 10-50-57,384,16.9418,37.1527
2019-05-19 10-50-59,384,16.9418,37.1527
2019-05-19 10-51-01,384,16.9418,37.182
2019-05-19 10-51-03,384,16.8686,37.1527
2019-05-19 10-51-05,384,16.8686,37.1687
2019-05-19 10-51-07,385,16.9205,37.1687
2019-05-19 10-51-09,385,16.9235,37.182
2019-05-19 10-51-13,385,16.9052,37.1687
2019-05-19 10-51-15,385,16.9785,37.182
2019-05-19 10-51-17,385,16.9235,37.182
2019-05-19 10-51-19,384,16.9418,37.182
2019-05-19 10-51-21,384,16.9052,37.1954
2019-05-19 10-51-23,384,16.8884,37.1954
2019-05-19 10-51-25,384,16.9418,37.1687
2019-05-19 10-51-27,384,16.8686,37.1687
2019-05-19 10-51-31,384,16.9754,37.1393
2019-05-19 10-51-33,384,16.9922,37.1393
2019-05-19 10-51-35,385,16.9571,37.1393
2019-05-19 10-51-37,385,17.0258,37.126
2019-05-19 10-51-39,385,17.0288,37.1393
2019-05-19 10-51-41,384,17.0441,37.126
2019-05-19 10-51-43,385,17.0258,37.126
2019-05-19 10-51-47,385,17.0441,37.1126
2019-05-19 10-51-49,385,17.1158,37.0966
2019-05-19 10-51-51,385,17.0761,37.0966
2019-05-19 10-51-53,385,17.0975,37.0832
2019-05-19 10-51-55,385,17.0578,37.0832
2019-05-19 10-51-57,385,17.0074,37.0832
2019-05-19 10-51-59,385,17.0761,37.0832
2019-05-19 10-52-01,385,17.0258,37.1126
2019-05-19 10-52-05,385,17.0441,37.1126
2019-05-19 10-52-08,385,17.0761,37.0966
2019-05-19 10-52-10,385,17.0441,37.126
2019-05-19 10-52-12,385,17.0258,37.126
2019-05-19 10-52-14,385,16.9571,37.126
2019-05-19 10-52-16,385,16.9922,37.126
2019-05-19 10-52-18,385,16.9922,37.1393
2019-05-19 10-52-20,385,16.9754,37.1527
2019-05-19 10-52-24,385,16.9937,37.1527
2019-05-19 10-52-26,385,16.9739,37.126
2019-05-19 10-52-28,385,16.9571,37.1393
2019-05-19 10-52-30,385,16.9571,37.1527
2019-05-19 10-52-32,385,16.9754,37.1527
2019-05-19 10-52-34,385,16.9937,37.1687
2019-05-19 10-52-36,385,16.9754,37.1393
2019-05-19 10-52-38,386,16.9434,37.1954
2019-05-19 10-52-42,385,16.9052,37.182
2019-05-19 10-52-44,385,16.9785,37.182
2019-05-19 10-52-46,385,16.8869,37.1687
2019-05-19 10-52-48,385,16.9418,37.182
2019-05-19 10-52-50,386,16.9754,37.1687
2019-05-19 10-52-52,385,16.9205,37.1687
2019-05-19 10-52-54,385,16.8869,37.1527
2019-05-19 10-52-58,384,16.9601,37.182
2019-05-19 10-53-00,385,16.8701,37.2087
2019-05-19 10-53-02,385,16.9052,37.182
2019-05-19 10-53-04,385,16.9052,37.1954
2019-05-19 10-53-06,386,16.9617,37.2087
2019-05-19 10-53-08,386,16.9235,37.2087
2019-05-19 10-53-10,386,16.9434,37.2087
2019-05-19 10-53-12,386,16.9235,37.2087
2019-05-19 10-53-16,386,16.925,37.2248
2019-05-19 10-53-18,386,16.8549,37.2248
2019-05-19 10-53-20,386,16.8884,37.1954
2019-05-19 10-53-22,386,16.8884,37.2248
2019-05-19 10-53-24,387,16.9601,37.1954
2019-05-19 10-53-26,387,16.8701,37.2087
2019-05-19 10-53-28,387,16.8869,37.1687
2019-05-19 10-53-30,387,16.9052,37.182
2019-05-19 10-53-34,387,16.9052,37.182
2019-05-19 10-53-36,387,16.9052,37.182
2019-05-19 10-53-38,387,16.8884,37.1954
2019-05-19 10-53-40,387,16.9601,37.182
2019-05-19 10-53-42,386,16.9052,37.1954
2019-05-19 10-53-44,387,16.9235,37.1954
2019-05-19 10-53-46,387,16.8701,37.2087
2019-05-19 10-53-48,386,16.9418,37.182
2019-05-19 10-53-52,387,16.8884,37.2087
2019-05-19 10-53-54,387,16.9052,37.1954
2019-05-19 10-53-56,386,16.8518,37.1954
2019-05-19 10-53-58,387,16.9601,37.182
2019-05-19 10-54-00,387,16.9601,37.1687
2019-05-19 10-54-02,388,16.9601,37.182
2019-05-19 10-54-04,388,16.9205,37.1687
2019-05-19 10-54-06,388,16.9418,37.182
2019-05-19 10-54-10,388,16.9754,37.1687
2019-05-19 10-54-12,388,17.0105,37.1393
2019-05-19 10-54-14,388,17.012,37.1687
2019-05-19 10-54-16,388,17.0105,37.1527
2019-05-19 10-54-18,388,17.0288,37.1527
2019-05-19 10-54-20,387,17.1021,37.1527
2019-05-19 10-54-22,387,16.9922,37.1393
2019-05-19 10-54-26,388,16.9937,37.1527
2019-05-19 10-54-28,387,16.9739,37.126
2019-05-19 10-54-30,386,16.9922,37.1393
2019-05-19 10-54-32,387,16.9571,37.126
2019-05-19 10-54-34,387,17.0441,37.126
2019-05-19 10-54-36,386,17.0105,37.126
2019-05-19 10-54-38,386,17.0441,37.1393
2019-05-19 10-54-40,386,16.9205,37.1687
2019-05-19 10-54-44,386,17.0288,37.1393
2019-05-19 10-54-46,386,17.0105,37.1527
2019-05-19 10-54-48,386,17.0624,37.1393
2019-05-19 10-54-50,386,17.0105,37.1527
2019-05-19 10-54-52,386,16.9937,37.1527
2019-05-19 10-54-54,387,16.9968,37.1954
2019-05-19 10-54-56,387,16.9968,37.1954
2019-05-19 10-54-58,387,17.0471,37.182
2019-05-19 10-55-02,387,16.9937,37.1687
2019-05-19 10-55-04,387,17.012,37.1687
2019-05-19 10-55-06,387,16.9235,37.182
2019-05-19 10-55-08,387,17.012,37.1954
2019-05-19 10-55-10,387,16.9617,37.2087
2019-05-19 10-55-12,387,16.9785,37.1954
2019-05-19 10-55-14,387,16.9601,37.182
2019-05-19 10-55-16,387,16.9418,37.182
2019-05-19 10-55-20,387,16.9434,37.2087
2019-05-19 10-55-22,386,16.9785,37.1954
2019-05-19 10-55-24,386,16.9937,37.182
2019-05-19 10-55-26,386,16.9434,37.1954
2019-05-19 10-55-28,386,16.9937,37.182
2019-05-19 10-55-30,386,17.0654,37.1954
2019-05-19 10-55-32,386,16.9937,37.1687
2019-05-19 10-55-36,387,16.9235,37.182
2019-05-19 10-55-38,387,16.9785,37.182
2019-05-19 10-55-40,387,16.9601,37.182
2019-05-19 10-55-42,387,16.9601,37.1954
2019-05-19 10-55-44,387,17.0303,37.1954
2019-05-19 10-55-46,387,17.012,37.1954
2019-05-19 10-55-48,387,16.9785,37.1954
2019-05-19 10-55-50,387,17.012,37.1687
2019-05-19 10-55-54,387,16.9601,37.1687
2019-05-19 10-55-56,387,17.0654,37.1687
2019-05-19 10-55-58,388,16.9937,37.1687
2019-05-19 10-56-00,388,16.9922,37.1393
2019-05-19 10-56-02,388,17.0288,37.1527
2019-05-19 10-56-04,388,17.0624,37.1393
2019-05-19 10-56-06,388,16.9739,37.126
2019-05-19 10-56-08,387,17.0792,37.1393
2019-05-19 10-56-12,388,17.0624,37.126
2019-05-19 10-56-14,388,17.0624,37.126
2019-05-19 10-56-16,387,17.0105,37.126
2019-05-19 10-56-18,388,17.0258,37.1126
2019-05-19 10-56-20,388,17.0288,37.1527
2019-05-19 10-56-22,388,17.0624,37.126
2019-05-19 10-56-24,388,17.0258,37.1126
2019-05-19 10-56-26,388,17.0441,37.1393
2019-05-19 10-56-30,387,17.0288,37.1393
2019-05-19 10-56-32,388,16.9937,37.1527
2019-05-19 10-56-34,388,16.9922,37.126
2019-05-19 10-56-36,388,16.9571,37.1527
2019-05-19 10-56-38,389,16.9922,37.1126
2019-05-19 10-56-40,389,16.9571,37.126
2019-05-19 10-56-42,388,17.1021,37.1527
2019-05-19 10-56-46,388,17.1173,37.1393
2019-05-19 10-56-48,389,17.0105,37.1527
2019-05-19 10-56-50,389,17.0105,37.126
2019-05-19 10-56-52,389,17.0441,37.1393
2019-05-19 10-56-54,389,17.0624,37.1527
2019-05-19 10-56-56,389,17.0105,37.1527
2019-05-19 10-56-58,389,17.0288,37.1393
2019-05-19 10-57-00,390,16.9556,37.1126
2019-05-19 10-57-04,390,17.0105,37.1393
2019-05-19 10-57-06,390,16.9922,37.126
2019-05-19 10-57-08,390,17.0105,37.1393
2019-05-19 10-57-11,390,17.0471,37.182
2019-05-19 10-57-13,390,17.0105,37.1527
2019-05-19 10-57-15,390,17.0105,37.1527
2019-05-19 10-57-17,390,16.9937,37.182
2019-05-19 10-57-19,390,17.0303,37.1954
2019-05-19 10-57-23,390,17.0105,37.1527
2019-05-19 10-57-25,391,17.0303,37.182
2019-05-19 10-57-27,391,17.0471,37.182
2019-05-19 10-57-29,391,16.9434,37.2087
2019-05-19 10-57-31,391,16.9617,37.2087
2019-05-19 10-57-33,391,16.925,37.2248
2019-05-19 10-57-35,391,16.9067,37.2248
2019-05-19 10-57-37,391,16.925,37.2381
2019-05-19 10-57-41,391,16.9983,37.2381
2019-05-19 10-57-43,391,16.9098,37.2515
2019-05-19 10-57-45,391,16.9464,37.2248
2019-05-19 10-57-47,391,16.9464,37.2381
2019-05-19 10-57-49,391,16.9617,37.2248
2019-05-19 10-57-51,391,16.9464,37.2248
2019-05-19 10-57-53,391,16.9464,37.2381
2019-05-19 10-57-57,391,16.8884,37.2248
2019-05-19 10-57-59,391,16.9281,37.2648
2019-05-19 10-58-01,392,16.9098,37.2808
2019-05-19 10-58-03,392,16.8732,37.2515
2019-05-19 10-58-05,392,16.9983,37.2648
2019-05-19 10-58-07,393,16.9479,37.2648
2019-05-19 10-58-09,393,16.9098,37.2648
2019-05-19 10-58-11,393,16.9647,37.2648
2019-05-19 10-58-15,393,16.9281,37.2648
2019-05-19 10-58-17,392,16.8381,37.2381
2019-05-19 10-58-19,393,16.9098,37.2515
2019-05-19 10-58-21,393,16.925,37.2381
2019-05-19 10-58-23,393,16.9281,37.2648
2019-05-19 10-58-25,393,16.925,37.2515
2019-05-19 10-58-27,393,16.9464,37.2515
2019-05-19 10-58-29,393,16.8747,37.2648
2019-05-19 10-58-33,393,16.9647,37.2515
2019-05-19 10-58-35,393,16.9464,37.2381
2019-05-19 10-58-37,393,16.9098,37.2515
2019-05-19 10-58-39,392,16.9281,37.2648
2019-05-19 10-58-41,392,16.8915,37.2648
2019-05-19 10-58-43,392,16.9281,37.2648
2019-05-19 10-58-45,392,16.9479,37.2648
2019-05-19 10-58-47,392,16.9479,37.2808
2019-05-19 10-58-51,393,16.925,37.2515
2019-05-19 10-58-53,393,16.9098,37.2515
2019-05-19 10-58-55,393,16.9098,37.2515
2019-05-19 10-58-57,393,16.9647,37.2515
2019-05-19 10-58-59,393,16.8732,37.2515
2019-05-19 10-59-01,393,16.9983,37.2381
2019-05-19 10-59-03,393,16.9067,37.2087
2019-05-19 10-59-07,393,16.9968,37.2248
2019-05-19 10-59-09,393,16.98,37.2248
2019-05-19 10-59-11,393,16.9647,37.2515
2019-05-19 10-59-13,393,16.9434,37.2087
2019-05-19 10-59-15,393,16.925,37.2515
2019-05-19 10-59-17,393,16.9464,37.2381
2019-05-19 10-59-19,393,16.925,37.2381
2019-05-19 10-59-21,393,16.925,37.2515
2019-05-19 10-59-25,394,16.925,37.2381
2019-05-19 10-59-27,393,16.98,37.2248
2019-05-19 10-59-29,393,16.925,37.2248
2019-05-19 10-59-31,393,16.925,37.2515
2019-05-19 10-59-33,393,16.9098,37.2515
2019-05-19 10-59-35,393,16.925,37.2515
2019-05-19 10-59-37,394,16.9479,37.2648
2019-05-19 10-59-39,394,16.9281,37.2648
2019-05-19 10-59-43,394,16.8884,37.2248
2019-05-19 10-59-45,394,16.9464,37.2248
2019-05-19 10-59-47,394,16.9983,37.2381
2019-05-19 10-59-49,394,16.9968,37.1954
2019-05-19 10-59-51,394,16.9464,37.2381
2019-05-19 10-59-53,393,17.0151,37.2087
2019-05-19 10-59-55,393,16.925,37.2515
2019-05-19 10-59-57,393,16.9983,37.2381
2019-05-19 11-00-01,393,16.98,37.2381
2019-05-19 11-00-03,393,16.9647,37.2515
2019-05-19 11-00-05,393,16.9281,37.2648
2019-05-19 11-00-07,393,16.983,37.2808
2019-05-19 11-00-09,393,16.9464,37.2381
2019-05-19 11-00-11,393,16.9098,37.2515
2019-05-19 11-00-13,393,16.9281,37.2808
2019-05-19 11-00-17,393,16.9098,37.2515
2019-05-19 11-00-19,393,16.8747,37.2648
2019-05-19 11-00-21,393,16.9098,37.2648
2019-05-19 11-00-23,394,16.9662,37.2808
2019-05-19 11-00-25,393,16.9647,37.2648
2019-05-19 11-00-27,393,16.9479,37.2648
2019-05-19 11-00-29,393,16.9479,37.2808
2019-05-19 11-00-31,393,16.9098,37.2648
2019-05-19 11-00-35,393,16.9098,37.2515
2019-05-19 11-00-37,393,16.9098,37.2648
2019-05-19 11-00-39,393,16.9479,37.2648
2019-05-19 11-00-41,393,16.9281,37.2648
2019-05-19 11-00-43,393,16.9479,37.2648
2019-05-19 11-00-45,393,16.9281,37.2808
2019-05-19 11-00-47,393,16.9281,37.2942
2019-05-19 11-00-49,393,16.9281,37.2942
2019-05-19 11-00-53,393,16.9662,37.3075
2019-05-19 11-00-55,393,16.9296,37.3075
2019-05-19 11-00-57,393,16.9098,37.2648
2019-05-19 11-00-59,394,16.9479,37.2808
2019-05-19 11-01-01,394,16.9281,37.2942
2019-05-19 11-01-03,394,16.8594,37.2942
2019-05-19 11-01-05,394,16.8747,37.2808
2019-05-19 11-01-09,394,16.9098,37.2648
2019-05-19 11-01-11,394,16.9281,37.2648
2019-05-19 11-01-13,394,16.9281,37.2808
2019-05-19 11-01-15,395,16.925,37.2515
2019-05-19 11-01-17,394,16.9281,37.2648
2019-05-19 11-01-19,394,16.9098,37.2515
2019-05-19 11-01-21,394,16.9479,37.2808
2019-05-19 11-01-23,394,16.9098,37.2648
2019-05-19 11-01-27,394,16.9113,37.2942
2019-05-19 11-01-29,393,16.9281,37.2648
2019-05-19 11-01-31,393,16.9281,37.2942
2019-05-19 11-01-33,394,16.893,37.2942
2019-05-19 11-01-35,394,16.9479,37.2808
2019-05-19 11-01-37,394,16.893,37.2808
2019-05-19 11-01-39,394,16.9098,37.2648
2019-05-19 11-01-41,395,16.9281,37.2808
2019-05-19 11-01-45,394,16.983,37.2808
2019-05-19 11-01-47,394,16.8915,37.2648
2019-05-19 11-01-49,394,16.9479,37.2942
2019-05-19 11-01-51,394,16.893,37.2942
2019-05-19 11-01-53,394,16.9281,37.2808
2019-05-19 11-01-55,394,16.9296,37.3075
2019-05-19 11-01-57,394,16.9296,37.3075
2019-05-19 11-02-01,394,16.9296,37.3075
2019-05-19 11-02-03,394,16.9281,37.2942
2019-05-19 11-02-05,394,16.9113,37.3236
2019-05-19 11-02-07,394,16.8777,37.3075
2019-05-19 11-02-09,394,16.8777,37.3075
2019-05-19 11-02-11,394,16.9296,37.3236
2019-05-19 11-02-13,394,16.9296,37.3236
2019-05-19 11-02-15,394,16.8961,37.3369
2019-05-19 11-02-20,394,16.9144,37.3369
2019-05-19 11-02-22,394,16.8427,37.3236
2019-05-19 11-02-24,394,16.861,37.3236
2019-05-19 11-02-26,395,16.8777,37.3075
2019-05-19 11-02-28,395,16.8961,37.3236
2019-05-19 11-02-30,395,16.8091,37.3503
2019-05-19 11-02-32,395,16.8961,37.3369
2019-05-19 11-02-34,396,16.861,37.3503
2019-05-19 11-02-38,396,16.893,37.2942
2019-05-19 11-02-40,396,16.861,37.3236
2019-05-19 11-02-42,396,16.8594,37.3075
2019-05-19 11-02-44,397,16.893,37.2942
2019-05-19 11-02-46,397,16.9281,37.2808
2019-05-19 11-02-48,397,16.8594,37.3075
2019-05-19 11-02-50,398,16.9113,37.2942
2019-05-19 11-02-52,398,16.8747,37.2942
2019-05-19 11-02-56,398,16.9281,37.2648
2019-05-19 11-02-58,398,16.9281,37.2648
2019-05-19 11-03-00,398,16.9464,37.2381
2019-05-19 11-03-02,397,16.9647,37.2648
2019-05-19 11-03-04,397,16.9647,37.2515
2019-05-19 11-03-06,397,16.983,37.2648
2019-05-19 11-03-08,398,16.9281,37.2808
2019-05-19 11-03-10,397,16.9662,37.2808
2019-05-19 11-03-14,397,16.8564,37.2648
2019-05-19 11-03-16,397,16.9647,37.2648
2019-05-19 11-03-18,397,16.9113,37.3075
2019-05-19 11-03-20,397,16.9281,37.2942
2019-05-19 11-03-22,397,16.9113,37.3075
2019-05-19 11-03-24,396,16.9113,37.2942
2019-05-19 11-03-26,396,16.9296,37.3369
2019-05-19 11-03-30,396,16.9144,37.3369
2019-05-19 11-03-32,397,16.9113,37.3236
2019-05-19 11-03-34,397,16.9144,37.3369
2019-05-19 11-03-36,398,16.8976,37.3796
2019-05-19 11-03-38,398,16.9327,37.3636
2019-05-19 11-03-40,398,16.9296,37.3369
2019-05-19 11-03-42,399,16.9296,37.3236
2019-05-19 11-03-44,399,16.893,37.3075
2019-05-19 11-03-48,399,16.9281,37.2808
2019-05-19 11-03-50,400,16.9113,37.2942
2019-05-19 11-03-52,399,17.0013,37.2808
2019-05-19 11-03-54,399,16.983,37.2808
2019-05-19 11-03-56,399,17.0532,37.2942
2019-05-19 11-03-58,399,16.9983,37.2648
2019-05-19 11-04-00,399,17.0166,37.2648
2019-05-19 11-04-02,400,17.067,37.2381
2019-05-19 11-04-06,401,17.1036,37.2087
2019-05-19 11-04-08,401,17.1021,37.1687
2019-05-19 11-04-10,401,17.1356,37.1393
2019-05-19 11-04-12,400,17.2028,37.1126
2019-05-19 11-04-14,400,17.2394,37.126
2019-05-19 11-04-16,400,17.186,37.1126
2019-05-19 11-04-18,400,17.1677,37.1126
2019-05-19 11-04-20,400,17.2211,37.1126
2019-05-19 11-04-24,400,17.186,37.1126
2019-05-19 11-04-26,399,17.1997,37.0699
2019-05-19 11-04-28,400,17.2363,37.0966
2019-05-19 11-04-30,399,17.1844,37.0699
2019-05-19 11-04-32,400,17.1844,37.0966
2019-05-19 11-04-34,399,17.186,37.1126
2019-05-19 11-04-36,399,17.218,37.0832
2019-05-19 11-04-40,400,17.1844,37.0832
2019-05-19 11-04-42,400,17.1677,37.1126
2019-05-19 11-04-44,400,17.1844,37.0966
2019-05-19 11-04-46,401,17.2363,37.0966
2019-05-19 11-04-48,402,17.1677,37.1126
2019-05-19 11-04-50,402,17.2577,37.0966
2019-05-19 11-04-52,402,17.2394,37.1126
2019-05-19 11-04-54,404,17.2394,37.1126
2019-05-19 11-04-58,404,17.2943,37.1126
2019-05-19 11-05-00,404,17.2028,37.1126
2019-05-19 11-05-02,404,17.2577,37.0966
2019-05-19 11-05-04,404,17.2226,37.1393
2019-05-19 11-05-06,404,17.2592,37.1126
2019-05-19 11-05-08,405,17.2592,37.126
2019-05-19 11-05-10,405,17.218,37.0832
2019-05-19 11-05-12,406,17.2363,37.0832
2019-05-19 11-05-16,406,17.2028,37.0966
2019-05-19 11-05-18,406,17.2211,37.1126
2019-05-19 11-05-20,407,17.2394,37.1126
2019-05-19 11-05-22,406,17.2043,37.126
2019-05-19 11-05-24,407,17.2226,37.1393
2019-05-19 11-05-26,407,17.1341,37.126
2019-05-19 11-05-28,407,17.2043,37.1393
2019-05-19 11-05-30,407,17.2394,37.126
2019-05-19 11-05-34,407,17.186,37.126
2019-05-19 11-05-36,408,17.2592,37.1126
2019-05-19 11-05-38,409,17.3447,37.0832
2019-05-19 11-05-40,410,17.3782,37.0539
2019-05-19 11-05-42,410,17.3737,36.9818
2019-05-19 11-05-44,411,17.3737,36.9818
2019-05-19 11-05-46,411,17.514,36.9257
2019-05-19 11-05-50,411,17.4423,36.9123
2019-05-19 11-05-52,411,17.4606,36.9257
2019-05-19 11-05-54,410,17.4088,36.9123
2019-05-19 11-05-56,408,17.4271,36.9551
2019-05-19 11-05-58,406,17.4454,36.9551
2019-05-19 11-06-00,407,17.4103,36.9684
2019-05-19 11-06-02,407,17.3553,36.9684
2019-05-19 11-06-04,406,17.392,36.9551
2019-05-19 11-06-08,407,17.392,36.9551
2019-05-19 11-06-10,406,17.337,36.9684
2019-05-19 11-06-12,407,17.3553,36.9684
2019-05-19 11-06-14,408,17.3355,36.939
2019-05-19 11-06-16,408,17.3035,36.9684
2019-05-19 11-06-18,409,17.3218,36.9684
2019-05-19 11-06-20,409,17.4103,36.9684
2019-05-19 11-06-22,409,17.3004,36.939
2019-05-19 11-06-26,411,17.3187,36.939
2019-05-19 11-06-28,410,17.3325,36.899
2019-05-19 11-06-30,410,17.3904,36.899
2019-05-19 11-06-32,410,17.3874,36.883
2019-05-19 11-06-34,409,17.3492,36.8696
2019-05-19 11-06-36,409,17.4057,36.883
2019-05-19 11-06-38,409,17.3874,36.8696
2019-05-19 11-06-40,409,17.3874,36.8563
2019-05-19 11-06-44,409,17.4042,36.8563
2019-05-19 11-06-46,409,17.3676,36.8563
2019-05-19 11-06-48,410,17.4225,36.8696
2019-05-19 11-06-50,409,17.424,36.9123
2019-05-19 11-06-52,409,17.3676,36.883
2019-05-19 11-06-54,409,17.3874,36.883
2019-05-19 11-06-56,409,17.4057,36.883
2019-05-19 11-07-00,409,17.4225,36.883
2019-05-19 11-07-02,409,17.4408,36.8696
2019-05-19 11-07-04,409,17.4744,36.8696
2019-05-19 11-07-06,409,17.5247,36.8269
2019-05-19 11-07-08,410,17.4881,36.8002
2019-05-19 11-07-10,409,17.5598,36.7868
2019-05-19 11-07-12,408,17.543,36.8002
2019-05-19 11-07-14,407,17.4728,36.8269
2019-05-19 11-07-18,407,17.5095,36.8563
2019-05-19 11-07-20,407,17.4561,36.8563
2019-05-19 11-07-22,408,17.4927,36.8696
2019-05-19 11-07-24,408,17.5659,36.883
2019-05-19 11-07-26,409,17.5095,36.8563
2019-05-19 11-07-28,409,17.5247,36.8429
2019-05-19 11-07-31,409,17.5781,36.8002
2019-05-19 11-07-33,410,17.5613,36.8002
2019-05-19 11-07-37,409,17.543,36.7868
2019-05-19 11-07-39,409,17.5781,36.7868
2019-05-19 11-07-41,408,17.5781,36.8002
2019-05-19 11-07-43,408,17.598,36.8269
2019-05-19 11-07-45,408,17.5095,36.8429
2019-05-19 11-07-47,407,17.4744,36.8696
2019-05-19 11-07-49,408,17.4408,36.883
2019-05-19 11-07-51,408,17.4927,36.883
2019-05-19 11-07-55,408,17.5476,36.899
2019-05-19 11-07-57,409,17.514,36.9551
2019-05-19 11-07-59,410,17.4973,36.9551
2019-05-19 11-08-01,410,17.4774,36.9257
2019-05-19 11-08-03,411,17.514,36.9551
2019-05-19 11-08-05,412,17.4973,36.9551
2019-05-19 11-08-07,412,17.5522,36.9684
2019-05-19 11-08-09,411,17.4606,36.9551
2019-05-19 11-08-13,412,17.4286,36.9684
2019-05-19 11-08-15,412,17.4454,36.9684
2019-05-19 11-08-17,413,17.392,36.9551
2019-05-19 11-08-19,412,17.4133,36.9978
2019-05-19 11-08-21,412,17.4973,36.9818
2019-05-19 11-08-23,412,17.482,36.9818
2019-05-19 11-08-25,412,17.5156,36.9818
2019-05-19 11-08-29,412,17.5522,36.9818
2019-05-19 11-08-31,412,17.5339,37.0111
2019-05-19 11-08-33,412,17.6071,37.0111
2019-05-19 11-08-35,412,17.5888,36.9978
2019-05-19 11-08-37,414,17.6254,37.0245
2019-05-19 11-08-39,414,17.5919,37.0245
2019-05-19 11-08-41,414,17.5186,37.0378
2019-05-19 11-08-43,415,17.5369,37.0378
2019-05-19 11-08-47,416,17.5369,37.0245
2019-05-19 11-08-49,416,17.5369,37.0378
2019-05-19 11-08-51,417,17.5369,37.0378
2019-05-19 11-08-53,417,17.5003,36.9978
2019-05-19 11-08-55,417,17.5186,37.0378
2019-05-19 11-08-57,416,17.5186,37.0111
2019-05-19 11-08-59,416,17.4683,37.0539
2019-05-19 11-09-01,416,17.5186,37.0111
2019-05-19 11-09-05,416,17.45,37.0378
2019-05-19 11-09-07,416,17.5369,37.0539
2019-05-19 11-09-09,416,17.5018,37.0699
2019-05-19 11-09-11,417,17.45,37.0378
2019-05-19 11-09-13,416,17.45,37.0378
2019-05-19 11-09-15,416,17.4133,37.0111
2019-05-19 11-09-17,417,17.4469,36.9978
2019-05-19 11-09-19,416,17.4637,36.9818
2019-05-19 11-09-23,416,17.4973,36.9818
2019-05-19 11-09-25,416,17.5735,36.9978
2019-05-19 11-09-27,417,17.6239,36.9978
2019-05-19 11-09-29,417,17.6254,37.0111
2019-05-19 11-09-31,417,17.5369,37.0245
2019-05-19 11-09-33,417,17.5552,36.9978
2019-05-19 11-09-35,417,17.482,36.9978
2019-05-19 11-09-37,417,17.5735,36.9978
2019-05-19 11-09-41,417,17.4652,37.0245
2019-05-19 11-09-43,417,17.5735,36.9978
2019-05-19 11-09-45,417,17.5339,36.9818
2019-05-19 11-09-47,417,17.5552,36.9978
2019-05-19 11-09-49,418,17.5873,36.9684
2019-05-19 11-09-51,417,17.6056,36.9551
2019-05-19 11-09-53,418,17.6712,36.9257
2019-05-19 11-09-57,418,17.7948,36.899
2019-05-19 11-09-59,418,17.7948,36.883
2019-05-19 11-10-01,418,17.7765,36.8563
2019-05-19 11-10-03,419,17.8497,36.8696
2019-05-19 11-10-05,418,17.8253,36.8135
2019-05-19 11-10-07,418,17.7902,36.7868
2019-05-19 11-10-09,418,17.7902,36.7868
2019-05-19 11-10-11,418,17.7353,36.7575
2019-05-19 11-10-15,418,17.7902,36.7868
2019-05-19 11-10-17,418,17.7887,36.7575
2019-05-19 11-10-19,418,17.8772,36.7441
2019-05-19 11-10-21,417,17.8757,36.7147
2019-05-19 11-10-23,418,17.807,36.7708
2019-05-19 11-10-25,417,17.7856,36.7441
2019-05-19 11-10-27,417,17.804,36.7575
2019-05-19 11-10-29,417,17.7856,36.7441
2019-05-19 11-10-33,417,17.7536,36.7868
2019-05-19 11-10-35,417,17.7719,36.7868
2019-05-19 11-10-37,417,17.7536,36.7868
2019-05-19 11-10-39,416,17.7032,36.8002
2019-05-19 11-10-41,417,17.7719,36.7868
2019-05-19 11-10-43,417,17.7383,36.7868
2019-05-19 11-10-45,417,17.7216,36.8269
2019-05-19 11-10-49,416,17.6483,36.8135
2019-05-19 11-10-51,417,17.7017,36.7708
2019-05-19 11-10-53,417,17.7216,36.8429
2019-05-19 11-10-55,417,17.7399,36.8429
2019-05-19 11-10-57,417,17.63,36.8135
2019-05-19 11-10-59,418,17.7216,36.8429
2019-05-19 11-11-01,418,17.7567,36.8002
2019-05-19 11-11-03,418,17.6834,36.8135
2019-05-19 11-11-07,418,17.7032,36.8135
2019-05-19 11-11-09,418,17.7567,36.8002
2019-05-19 11-11-11,418,17.6834,36.8002
2019-05-19 11-11-13,417,17.7902,36.8002
2019-05-19 11-11-15,417,17.8452,36.8002
2019-05-19 11-11-17,417,17.8665,36.8429
2019-05-19 11-11-19,417,17.8665,36.8563
2019-05-19 11-11-21,417,17.7582,36.8429
2019-05-19 11-11-25,417,17.7933,36.8563
2019-05-19 11-11-27,418,17.7765,36.8696
2019-05-19 11-11-29,418,17.7582,36.8429
2019-05-19 11-11-31,419,17.7719,36.8002
2019-05-19 11-11-33,419,17.7902,36.8002
2019-05-19 11-11-35,419,17.7719,36.8002
2019-05-19 11-11-37,418,17.7399,36.8269
2019-05-19 11-11-43,419,17.7032,36.8269
2019-05-19 11-11-45,419,17.6514,36.8429
2019-05-19 11-11-47,419,17.6849,36.8563
2019-05-19 11-11-49,419,17.6514,36.8563
2019-05-19 11-11-51,419,17.6697,36.8563
2019-05-19 11-11-53,420,17.6163,36.8696
2019-05-19 11-11-55,420,17.688,36.8696
2019-05-19 11-11-59,420,17.6697,36.8563
2019-05-19 11-12-01,420,17.6697,36.8563
2019-05-19 11-12-03,420,17.6849,36.8429
2019-05-19 11-12-05,419,17.6666,36.8135
2019-05-19 11-12-07,419,17.7032,36.8269
2019-05-19 11-12-09,419,17.7216,36.8135
2019-05-19 11-12-11,419,17.7063,36.8429
2019-05-19 11-12-13,420,17.7216,36.8135
2019-05-19 11-12-17,420,17.7399,36.8269
2019-05-19 11-12-19,420,17.7429,36.8696
2019-05-19 11-12-21,421,17.775,36.8269
2019-05-19 11-12-23,421,17.6834,36.8135
2019-05-19 11-12-25,421,17.7567,36.8002
2019-05-19 11-12-27,421,17.7216,36.8429
2019-05-19 11-12-29,421,17.6849,36.8563
2019-05-19 11-12-33,419,17.6697,36.8563
2019-05-19 11-12-35,418,17.7078,36.8696
2019-05-19 11-12-38,418,17.7933,36.8563
2019-05-19 11-12-40,418,17.775,36.8429
2019-05-19 11-12-42,419,17.7399,36.8429
2019-05-19 11-12-44,418,17.7078,36.899
2019-05-19 11-12-46,418,17.7399,36.8563
2019-05-19 11-12-48,418,17.688,36.899
2019-05-19 11-12-52,418,17.7078,36.883
2019-05-19 11-12-54,418,17.7429,36.899
2019-05-19 11-12-56,418,17.7078,36.8696
2019-05-19 11-12-58,419,17.7078,36.8696
2019-05-19 11-13-00,420,17.7399,36.8563
2019-05-19 11-13-02,420,17.7399,36.8563
2019-05-19 11-13-04,420,17.7399,36.8563
2019-05-19 11-13-06,420,17.8482,36.8269
2019-05-19 11-13-10,420,17.8085,36.8135
2019-05-19 11-13-12,421,17.7933,36.8269
2019-05-19 11-13-14,421,17.775,36.8269
2019-05-19 11-13-16,421,17.775,36.8269
2019-05-19 11-13-18,421,17.7582,36.8429
2019-05-19 11-13-20,421,17.6529,36.883
2019-05-19 11-13-22,421,17.7612,36.9123
2019-05-19 11-13-24,421,17.7261,36.9123
2019-05-19 11-13-28,422,17.7292,36.939
2019-05-19 11-13-30,421,17.6895,36.939
2019-05-19 11-13-32,422,17.6895,36.939
2019-05-19 11-13-34,421,17.7658,36.9684
2019-05-19 11-13-36,421,17.7124,36.9551
2019-05-19 11-13-38,422,17.7124,36.9551
2019-05-19 11-13-40,422,17.7658,36.9551
2019-05-19 11-13-42,422,17.7811,36.939
2019-05-19 11-13-46,423,17.8162,36.9257
2019-05-19 11-13-48,423,17.8314,36.9257
2019-05-19 11-13-50,425,17.8314,36.9123
2019-05-19 11-13-52,425,17.7795,36.9123
2019-05-19 11-13-54,425,17.7078,36.899
2019-05-19 11-13-56,426,17.7078,36.883
2019-05-19 11-13-58,425,17.7261,36.899
2019-05-19 11-14-00,425,17.7765,36.883
2019-05-19 11-14-04,425,17.7765,36.8696
2019-05-19 11-14-06,425,17.775,36.8269
2019-05-19 11-14-08,425,17.807,36.8002
2019-05-19 11-14-10,424,17.8986,36.8002
2019-05-19 11-14-12,424,17.8497,36.8696
2019-05-19 11-14-14,424,17.8482,36.8563
2019-05-19 11-14-16,424,17.8665,36.8696
2019-05-19 11-14-18,425,17.8116,36.8429
2019-05-19 11-14-22,426,17.8635,36.8135
2019-05-19 11-14-24,427,17.9138,36.7868
2019-05-19 11-14-26,427,17.8802,36.7868
2019-05-19 11-14-28,427,17.9138,36.7868
2019-05-19 11-14-30,426,17.9672,36.7708
2019-05-19 11-14-32,426,17.8802,36.7868
2019-05-19 11-14-34,426,17.8986,36.7868
2019-05-19 11-14-38,426,17.8619,36.7868
2019-05-19 11-14-40,426,17.8619,36.7868
2019-05-19 11-14-42,426,17.8986,36.7868
2019-05-19 11-14-44,426,17.8986,36.7868
2019-05-19 11-14-46,425,17.9123,36.7441
2019-05-19 11-14-48,425,17.8772,36.7441
2019-05-19 11-14-50,426,17.8726,36.688
2019-05-19 11-14-52,425,17.8909,36.6747
2019-05-19 11-14-56,425,17.9443,36.7014
2019-05-19 11-14-58,425,17.8909,36.7014
2019-05-19 11-15-00,424,17.9626,36.7014
2019-05-19 11-15-02,424,17.9779,36.688
2019-05-19 11-15-04,424,17.9443,36.7014
2019-05-19 11-15-06,425,17.9642,36.7308
2019-05-19 11-15-08,425,17.894,36.7308
2019-05-19 11-15-10,425,17.8955,36.7575
2019-05-19 11-15-14,425,17.8223,36.7708
2019-05-19 11-15-16,425,17.8436,36.7708
2019-05-19 11-15-18,425,17.8452,36.8002
2019-05-19 11-15-20,425,17.8253,36.8135
2019-05-19 11-15-22,425,17.7902,36.8135
2019-05-19 11-15-24,424,17.775,36.8269
2019-05-19 11-15-26,424,17.7902,36.8135
2019-05-19 11-15-28,425,17.8253,36.8135
2019-05-19 11-15-32,425,17.8452,36.8002
2019-05-19 11-15-34,426,17.8619,36.7868
2019-05-19 11-15-36,426,17.8452,36.8002
2019-05-19 11-15-38,426,17.8986,36.7868
2019-05-19 11-15-40,426,17.9504,36.8002
2019-05-19 11-15-42,427,17.8802,36.7868
2019-05-19 11-15-44,426,17.8772,36.7708
2019-05-19 11-15-48,426,17.7902,36.8002
2019-05-19 11-15-50,426,17.8253,36.8135
2019-05-19 11-15-52,425,17.8986,36.7868
2019-05-19 11-15-54,425,17.8253,36.7868
2019-05-19 11-15-56,425,17.8619,36.7708
2019-05-19 11-15-58,426,17.9138,36.7868
2019-05-19 11-16-00,426,17.9321,36.7868
2019-05-19 11-16-02,426,17.8452,36.7868
2019-05-19 11-16-06,427,17.9321,36.8135
2019-05-19 11-16-08,428,17.8268,36.8429
2019-05-19 11-16-10,428,17.7216,36.8429
2019-05-19 11-16-12,427,17.7765,36.8696
2019-05-19 11-16-14,428,17.8116,36.8563
2019-05-19 11-16-16,427,17.7612,36.883
2019-05-19 11-16-18,427,17.6697,36.8563
2019-05-19 11-16-20,426,17.7246,36.883
2019-05-19 11-16-24,426,17.7444,36.9257
2019-05-19 11-16-26,427,17.7429,36.899
2019-05-19 11-16-28,427,17.7429,36.883
2019-05-19 11-16-30,427,17.8131,36.883
2019-05-19 11-16-32,427,17.8299,36.883
2019-05-19 11-16-34,428,17.7948,36.899
2019-05-19 11-16-36,427,17.8131,36.883
2019-05-19 11-16-38,427,17.8299,36.8696
2019-05-19 11-16-42,428,17.8116,36.8429
2019-05-19 11-16-45,427,17.8116,36.8429
2019-05-19 11-16-47,427,17.8085,36.8269
2019-05-19 11-16-49,427,17.8268,36.8429
2019-05-19 11-16-51,427,17.9001,36.8269
2019-05-19 11-16-53,427,17.8482,36.8429
2019-05-19 11-16-55,428,17.8299,36.8563
2019-05-19 11-16-59,428,17.7765,36.8563
2019-05-19 11-17-01,428,17.7933,36.8429
2019-05-19 11-17-03,428,17.8085,36.8135
2019-05-19 11-17-05,428,17.9138,36.8002
2019-05-19 11-17-07,428,17.9321,36.7868
2019-05-19 11-17-09,428,17.8772,36.7708
2019-05-19 11-17-11,427,17.8589,36.7575
2019-05-19 11-17-13,427,17.9306,36.7441
2019-05-19 11-17-17,427,17.894,36.7308
2019-05-19 11-17-19,427,17.8772,36.7441
2019-05-19 11-17-21,427,17.9123,36.7308
2019-05-19 11-17-23,426,17.894,36.7441
2019-05-19 11-17-25,426,17.9092,36.7147
2019-05-19 11-17-27,426,17.9123,36.7308
2019-05-19 11-17-29,425,17.9459,36.7441
2019-05-19 11-17-31,425,17.9459,36.7308
2019-05-19 11-17-35,425,17.9276,36.7308
2019-05-19 11-17-37,425,17.8574,36.688
2019-05-19 11-17-39,425,17.8757,36.7014
2019-05-19 11-17-41,424,17.8909,36.7014
2019-05-19 11-17-43,425,17.9596,36.688
2019-05-19 11-17-45,425,17.894,36.7308
2019-05-19 11-17-47,425,17.894,36.7308
2019-05-19 11-17-49,425,17.9276,36.7308
2019-05-19 11-17-53,425,17.8772,36.7575
2019-05-19 11-17-55,425,17.8619,36.7708
2019-05-19 11-17-57,425,17.8619,36.7708
2019-05-19 11-17-59,426,17.8619,36.7868
2019-05-19 11-18-01,425,17.7902,36.7868
2019-05-19 11-18-03,425,17.807,36.8002
2019-05-19 11-18-05,426,17.7902,36.8135
2019-05-19 11-18-09,426,17.775,36.8135
2019-05-19 11-18-11,426,17.7567,36.8135
2019-05-19 11-18-13,426,17.7765,36.8696
2019-05-19 11-18-15,426,17.775,36.8269
2019-05-19 11-18-17,426,17.7902,36.8002
2019-05-19 11-18-19,426,17.807,36.7708
2019-05-19 11-18-21,426,17.807,36.7708
2019-05-19 11-18-23,426,17.8223,36.7441
2019-05-19 11-18-27,426,17.8589,36.7575
2019-05-19 11-18-29,426,17.8436,36.7708
2019-05-19 11-18-31,425,17.8589,36.7575
2019-05-19 11-18-33,425,17.8452,36.7868
2019-05-19 11-18-35,425,17.8635,36.8002
2019-05-19 11-18-37,424,17.8085,36.8135
2019-05-19 11-18-39,424,17.8268,36.8269
2019-05-19 11-18-41,424,17.775,36.8135
2019-05-19 11-18-45,425,17.7567,36.8002
2019-05-19 11-18-47,425,17.7582,36.8429
2019-05-19 11-18-49,425,17.7933,36.8563
2019-05-19 11-18-51,424,17.7429,36.8696
2019-05-19 11-18-53,424,17.7429,36.8696
2019-05-19 11-18-55,425,17.688,36.883
2019-05-19 11-18-57,426,17.7078,36.883
2019-05-19 11-19-01,425,17.7078,36.899
2019-05-19 11-19-03,425,17.7078,36.8696
2019-05-19 11-19-05,425,17.6712,36.899
2019-05-19 11-19-07,425,17.688,36.883
2019-05-19 11-19-09,425,17.7444,36.9123
2019-05-19 11-19-11,425,17.7261,36.899
2019-05-19 11-19-13,426,17.7612,36.883
2019-05-19 11-19-15,427,17.7399,36.8563
2019-05-19 11-19-21,427,17.7887,36.7575
2019-05-19 11-19-23,427,17.8223,36.7575
2019-05-19 11-19-25,426,17.8391,36.688
2019-05-19 11-19-27,427,17.8726,36.688
2019-05-19 11-19-29,427,17.8909,36.7014
2019-05-19 11-19-31,426,17.8574,36.7014
2019-05-19 11-19-33,426,17.9276,36.7147
2019-05-19 11-19-37,426,17.8223,36.7575
2019-05-19 11-19-39,426,17.8436,36.7575
2019-05-19 11-19-41,426,17.8436,36.7575
2019-05-19 11-19-43,427,17.8436,36.7441
2019-05-19 11-19-45,428,17.8757,36.7308
2019-05-19 11-19-47,428,17.8772,36.7441
2019-05-19 11-19-49,428,17.8909,36.7014
2019-05-19 11-19-53,428,17.9092,36.7014
2019-05-19 11-19-55,427,17.894,36.7147
2019-05-19 11-19-57,428,17.9596,36.688
2019-05-19 11-19-59,428,17.926,36.688
2019-05-19 11-20-01,427,17.9077,36.6747
2019-05-19 11-20-03,427,17.9092,36.7147
2019-05-19 11-20-05,427,17.9092,36.7147
2019-05-19 11-20-07,427,17.8909,36.7014
2019-05-19 11-20-11,427,17.9443,36.7014
2019-05-19 11-20-13,426,17.9123,36.7441
2019-05-19 11-20-15,426,17.8589,36.7575
2019-05-19 11-20-17,425,17.8619,36.7868
2019-05-19 11-20-19,426,17.8955,36.7708
2019-05-19 11-20-21,426,17.8986,36.7868
2019-05-19 11-20-23,426,17.9123,36.7575
2019-05-19 11-20-25,427,17.8772,36.7575
2019-05-19 11-20-29,426,17.8589,36.7575
2019-05-19 11-20-31,425,17.8619,36.7708
2019-05-19 11-20-33,426,17.8635,36.8002
2019-05-19 11-20-35,425,17.807,36.8002
2019-05-19 11-20-37,426,17.8085,36.8269
2019-05-19 11-20-39,426,17.8253,36.8002
2019-05-19 11-20-41,425,17.807,36.7868
2019-05-19 11-20-45,425,17.8253,36.8135
2019-05-19 11-20-47,425,17.8268,36.8429
2019-05-19 11-20-49,425,17.775,36.8429
2019-05-19 11-20-51,425,17.8116,36.8429
2019-05-19 11-20-53,425,17.7765,36.8696
2019-05-19 11-20-55,425,17.7429,36.883
2019-05-19 11-20-57,425,17.7444,36.9123
2019-05-19 11-20-59,425,17.7261,36.899
2019-05-19 11-21-03,426,17.7078,36.899
2019-05-19 11-21-05,426,17.8162,36.9257
2019-05-19 11-21-07,426,17.7948,36.899
2019-05-19 11-21-09,425,17.7628,36.9257
2019-05-19 11-21-11,424,17.7292,36.939
2019-05-19 11-21-13,424,17.7444,36.939
2019-05-19 11-21-15,424,17.6392,36.9684
2019-05-19 11-21-17,424,17.6941,36.9978
2019-05-19 11-21-21,424,17.6758,36.9818
2019-05-19 11-21-23,425,17.6605,37.0111
2019-05-19 11-21-25,424,17.6239,36.9978
2019-05-19 11-21-27,424,17.5552,37.0111
2019-05-19 11-21-29,424,17.6254,37.0245
2019-05-19 11-21-31,424,17.6254,37.0245
2019-05-19 11-21-33,425,17.6071,37.0245
2019-05-19 11-21-37,426,17.5873,36.9684
2019-05-19 11-21-39,426,17.6239,36.9978
2019-05-19 11-21-41,426,17.6788,37.0111
2019-05-19 11-21-43,426,17.6422,37.0111
2019-05-19 11-21-45,426,17.6422,37.0111
2019-05-19 11-21-47,426,17.6071,37.0111
2019-05-19 11-21-49,426,17.6605,36.9978
2019-05-19 11-21-51,426,17.6254,37.0111
2019-05-19 11-21-55,426,17.5919,37.0245
2019-05-19 11-21-57,425,17.6254,37.0111
2019-05-19 11-21-59,426,17.6437,37.0245
2019-05-19 11-22-01,426,17.6285,37.0539
2019-05-19 11-22-03,426,17.5568,37.0245
2019-05-19 11-22-05,426,17.5568,37.0378
2019-05-19 11-22-08,426,17.5751,37.0378
2019-05-19 11-22-10,426,17.6437,37.0378
2019-05-19 11-22-14,426,17.6605,37.0245
2019-05-19 11-22-16,427,17.6071,37.0111
2019-05-19 11-22-18,427,17.5919,37.0245
2019-05-19 11-22-20,427,17.5735,37.0245
2019-05-19 11-22-22,427,17.5919,37.0245
2019-05-19 11-22-24,427,17.5919,37.0378
2019-05-19 11-22-26,427,17.6254,37.0245
2019-05-19 11-22-28,427,17.6422,37.0111
2019-05-19 11-22-32,427,17.6788,37.0111
2019-05-19 11-22-34,427,17.6575,36.9551
2019-05-19 11-22-36,427,17.6575,36.9684
2019-05-19 11-22-38,427,17.6376,36.9257
2019-05-19 11-22-40,427,17.7444,36.939
2019-05-19 11-22-42,428,17.7444,36.9123
2019-05-19 11-22-44,428,17.7933,36.8563
2019-05-19 11-22-48,428,17.775,36.8269
2019-05-19 11-22-50,428,17.8253,36.8135
2019-05-19 11-22-52,428,17.8253,36.8135
2019-05-19 11-22-54,428,17.8085,36.8269
2019-05-19 11-22-56,427,17.7063,36.8563
2019-05-19 11-22-58,427,17.8085,36.8269
2019-05-19 11-23-00,427,17.7933,36.8429
2019-05-19 11-23-02,427,17.7567,36.8269
2019-05-19 11-23-06,426,17.7933,36.8429
2019-05-19 11-23-08,426,17.7933,36.8429
2019-05-19 11-23-10,426,17.7948,36.8696
2019-05-19 11-23-12,426,17.8116,36.8696
2019-05-19 11-23-14,426,17.8131,36.883
2019-05-19 11-23-16,425,17.8848,36.883
2019-05-19 11-23-18,425,17.7979,36.9123
2019-05-19 11-23-20,425,17.8131,36.9123
2019-05-19 11-23-24,426,17.8314,36.9123
2019-05-19 11-23-26,426,17.7246,36.8563
2019-05-19 11-23-28,426,17.8131,36.899
2019-05-19 11-23-30,426,17.7948,36.899
2019-05-19 11-23-32,426,17.7612,36.899
2019-05-19 11-23-34,426,17.7765,36.883
2019-05-19 11-23-36,426,17.7795,36.9123
2019-05-19 11-23-38,426,17.7658,36.9551
2019-05-19 11-23-42,427,17.7292,36.939
2019-05-19 11-23-44,427,17.6926,36.9818
2019-05-19 11-23-46,427,17.7307,36.9978
2019-05-19 11-23-48,427,17.6941,36.9978
2019-05-19 11-23-50,427,17.6788,37.0245
2019-05-19 11-23-52,427,17.662,37.0378
2019-05-19 11-23-54,428,17.6941,37.0111
2019-05-19 11-23-56,428,17.662,37.0539
2019-05-19 11-24-00,428,17.662,37.0378
2019-05-19 11-24-02,428,17.6971,37.0378
2019-05-19 11-24-04,428,17.662,37.0539
2019-05-19 11-24-06,428,17.6468,37.0699
2019-05-19 11-24-08,428,17.6102,37.0378
2019-05-19 11-24-10,428,17.6437,37.0378
2019-05-19 11-24-12,428,17.662,37.0378
2019-05-19 11-24-16,429,17.662,37.0539
2019-05-19 11-24-18,429,17.7338,37.0378
2019-05-19 11-24-20,429,17.6804,37.0539
2019-05-19 11-24-22,429,17.6804,37.0539
2019-05-19 11-24-24,429,17.662,37.0539
2019-05-19 11-24-26,429,17.717,37.0699
2019-05-19 11-24-28,429,17.6987,37.0832
2019-05-19 11-24-30,429,17.6804,37.0699
2019-05-19 11-24-34,429,17.6971,37.0539
2019-05-19 11-24-36,429,17.717,37.0699
2019-05-19 11-24-38,429,17.6651,37.0832
2019-05-19 11-24-40,429,17.72,37.0966
2019-05-19 11-24-42,429,17.6987,37.0832
2019-05-19 11-24-44,429,17.72,37.0832
2019-05-19 11-24-46,430,17.7521,37.0539
2019-05-19 11-24-48,431,17.6804,37.0539
2019-05-19 11-24-52,431,17.6987,37.0699
2019-05-19 11-24-54,431,17.7704,37.0378
2019-05-19 11-24-56,431,17.7704,37.0699
2019-05-19 11-24-58,431,17.7704,37.0539
2019-05-19 11-25-00,432,17.7704,37.0539
2019-05-19 11-25-02,431,17.7704,37.0699
2019-05-19 11-25-04,432,17.7521,37.0245
2019-05-19 11-25-08,432,17.7536,37.0699
2019-05-19 11-25-10,431,17.7521,37.0378
2019-05-19 11-25-12,431,17.8391,37.0378
2019-05-19 11-25-14,431,17.804,37.0378
2019-05-19 11-25-16,431,17.7856,37.0378
2019-05-19 11-25-18,431,17.7887,37.0699
2019-05-19 11-25-20,431,17.7887,37.0539
2019-05-19 11-25-22,431,17.804,37.0539
2019-05-19 11-25-26,430,17.7521,37.0539
2019-05-19 11-25-28,430,17.7673,37.0245
2019-05-19 11-25-30,431,17.8207,37.0245
2019-05-19 11-25-32,432,17.7856,37.0245
2019-05-19 11-25-34,432,17.8024,37.0111
2019-05-19 11-25-36,431,17.749,37.0111
2019-05-19 11-25-38,433,17.7658,36.9551
2019-05-19 11-25-40,433,17.7979,36.9257
2019-05-19 11-25-44,433,17.8162,36.9257
2019-05-19 11-25-46,433,17.8314,36.9123
2019-05-19 11-25-48,434,17.9031,36.883
2019-05-19 11-25-50,434,17.868,36.883
2019-05-19 11-25-52,435,17.8848,36.883
2019-05-19 11-25-54,434,17.9184,36.8563
2019-05-19 11-25-56,434,17.8665,36.8696
2019-05-19 11-25-58,434,17.8497,36.8696
2019-05-19 11-26-02,434,17.8665,36.8696
2019-05-19 11-26-04,433,17.868,36.883
2019-05-19 11-26-06,433,17.8131,36.899
2019-05-19 11-26-08,433,17.868,36.9123
2019-05-19 11-26-10,433,17.7979,36.939
2019-05-19 11-26-12,433,17.8162,36.9257
2019-05-19 11-26-14,433,17.7811,36.9551
2019-05-19 11-26-16,434,17.7979,36.939
2019-05-19 11-26-20,434,17.8345,36.9551
2019-05-19 11-26-22,434,17.7994,36.9684
2019-05-19 11-26-24,435,17.8543,36.9551
2019-05-19 11-26-26,435,17.7841,36.9818
2019-05-19 11-26-28,436,17.8162,36.9551
2019-05-19 11-26-30,436,17.7811,36.9551
2019-05-19 11-26-32,436,17.7994,36.9684
2019-05-19 11-26-36,436,17.8177,36.9684
2019-05-19 11-26-38,435,17.8177,36.9818
2019-05-19 11-26-40,436,17.836,36.9978
2019-05-19 11-26-42,436,17.8589,37.0378
2019-05-19 11-26-44,435,17.717,37.0378
2019-05-19 11-26-46,435,17.7704,37.0378
2019-05-19 11-26-48,435,17.7887,37.0699
2019-05-19 11-26-50,436,17.717,37.0539
2019-05-19 11-26-54,436,17.7353,37.0832
2019-05-19 11-26-56,437,17.72,37.0832
2019-05-19 11-26-58,437,17.6834,37.126
2019-05-19 11-27-00,438,17.7567,37.126
2019-05-19 11-27-02,438,17.6834,37.126
2019-05-19 11-27-04,438,17.6834,37.1126
2019-05-19 11-27-06,439,17.6666,37.126
2019-05-19 11-27-08,439,17.6697,37.1687
2019-05-19 11-27-12,439,17.7216,37.1393
2019-05-19 11-27-14,440,17.6834,37.126
2019-05-19 11-27-16,439,17.6834,37.0966
2019-05-19 11-27-19,439,17.7719,37.0966
2019-05-19 11-27-21,439,17.807,37.0966
2019-05-19 11-27-23,439,17.7536,37.0832
2019-05-19 11-27-25,440,17.8391,37.0245
2019-05-19 11-27-27,439,17.7521,37.0378
2019-05-19 11-27-31,439,17.8757,37.0111
2019-05-19 11-27-33,440,17.8909,36.9978
2019-05-19 11-27-35,439,17.9443,36.9978
2019-05-19 11-27-37,439,17.8894,36.939
2019-05-19 11-27-39,440,18.0283,36.899
2019-05-19 11-27-41,440,18.0099,36.8696
2019-05-19 11-27-43,440,18.0099,36.8696
2019-05-19 11-27-47,440,18.0588,36.8269
2019-05-19 11-27-49,440,18.0588,36.8269
2019-05-19 11-27-51,439,18.0954,36.8563
2019-05-19 11-27-53,439,18.0954,36.8269
2019-05-19 11-27-55,440,18.0923,36.8002
2019-05-19 11-27-57,440,18.0405,36.8135
2019-05-19 11-27-59,440,18.0923,36.8135
2019-05-19 11-28-01,440,18.1458,36.8002
2019-05-19 11-28-05,440,18.1274,36.7868
2019-05-19 11-28-07,441,18.074,36.7868
2019-05-19 11-28-09,442,18.1427,36.7868
2019-05-19 11-28-11,441,18.2159,36.7868
2019-05-19 11-28-13,441,18.1458,36.8002
2019-05-19 11-28-15,441,18.1107,36.8269
2019-05-19 11-28-17,442,18.0267,36.8429
2019-05-19 11-28-19,442,18.0634,36.883
2019-05-19 11-28-23,441,18.0817,36.899
2019-05-19 11-28-25,441,18.0466,36.9123
2019-05-19 11-28-27,441,17.9916,36.939
2019-05-19 11-28-29,442,17.923,36.9551
2019-05-19 11-28-31,442,17.9596,36.9551
2019-05-19 11-28-33,442,17.8726,36.9684
2019-05-19 11-28-35,442,17.836,36.9818
2019-05-19 11-28-37,442,17.836,37.0111
2019-05-19 11-28-41,441,17.894,37.0245
2019-05-19 11-28-43,441,17.9138,37.0699
2019-05-19 11-28-45,443,17.9642,37.0539
2019-05-19 11-28-47,444,17.9123,37.0378
2019-05-19 11-28-49,445,17.9123,37.0539
2019-05-19 11-28-51,446,17.9123,37.0539
2019-05-19 11-28-53,446,17.9489,37.0699
2019-05-19 11-28-55,446,17.8955,37.0539
2019-05-19 11-28-59,445,17.8406,37.0699
2019-05-19 11-29-01,446,17.8955,37.0832
2019-05-19 11-29-03,446,17.8955,37.0832
2019-05-19 11-29-05,447,17.9169,37.1126
2019-05-19 11-29-07,448,17.8619,37.0832
2019-05-19 11-29-09,449,17.8619,37.0832
2019-05-19 11-29-11,449,17.8955,37.0699
2019-05-19 11-29-15,449,17.8589,37.0539
2019-05-19 11-29-17,449,17.8955,37.0539
2019-05-19 11-29-19,449,17.9306,37.0539
2019-05-19 11-29-21,450,17.894,37.0378
2019-05-19 11-29-23,450,17.8955,37.0699
2019-05-19 11-29-25,450,17.9993,37.0245
2019-05-19 11-29-27,451,17.9123,37.0245
2019-05-19 11-29-29,451,17.894,37.0111
2019-05-19 11-29-33,451,17.8589,37.0245
2019-05-19 11-29-35,451,17.8589,37.0378
2019-05-19 11-29-37,451,17.894,37.0111
2019-05-19 11-29-39,451,17.9626,37.0111
2019-05-19 11-29-41,451,17.9779,36.9684
2019-05-19 11-29-43,452,17.9596,36.9551
2019-05-19 11-29-45,453,17.9779,36.9818
2019-05-19 11-29-47,453,17.9626,36.9978
2019-05-19 11-29-51,454,17.9626,37.0245
2019-05-19 11-29-53,454,17.9626,37.0111
2019-05-19 11-29-55,455,17.9626,37.0245
2019-05-19 11-29-57,456,17.9642,37.0539
2019-05-19 11-29-59,456,17.9779,36.9978
2019-05-19 11-30-01,456,17.9459,37.0378
2019-05-19 11-30-03,456,17.9092,37.0111
2019-05-19 11-30-05,456,17.9276,37.0378
2019-05-19 11-30-09,456,17.9825,37.0539
2019-05-19 11-30-11,456,17.9459,37.0539
2019-05-19 11-30-13,456,17.9489,37.0699
2019-05-19 11-30-15,456,18.0191,37.0539
2019-05-19 11-30-17,457,17.9825,37.0699
2019-05-19 11-30-19,458,17.9825,37.0699
2019-05-19 11-30-21,459,17.981,37.0378
2019-05-19 11-30-25,459,17.9306,37.0699
2019-05-19 11-30-27,458,17.9672,37.0832
2019-05-19 11-30-29,459,17.9306,37.0539
2019-05-19 11-30-31,459,17.9138,37.0966
2019-05-19 11-30-33,459,17.9138,37.0832
2019-05-19 11-30-35,460,17.8436,37.126
2019-05-19 11-30-37,459,17.8253,37.0966
2019-05-19 11-30-39,459,17.8635,37.1126
2019-05-19 11-30-43,459,17.8986,37.0966
2019-05-19 11-30-45,459,17.807,37.0832
2019-05-19 11-30-47,460,17.8253,37.0966
2019-05-19 11-30-49,460,17.8619,37.0966
2019-05-19 11-30-51,459,17.8619,37.0966
2019-05-19 11-30-53,459,17.8772,37.0699
2019-05-19 11-30-55,459,17.7719,37.0966
2019-05-19 11-30-57,458,17.8436,37.0966
2019-05-19 11-31-01,458,17.8619,37.0966
2019-05-19 11-31-03,458,17.7902,37.0966
2019-05-19 11-31-05,457,17.7383,37.1126
2019-05-19 11-31-07,457,17.8085,37.1126
2019-05-19 11-31-09,458,17.8619,37.0966
2019-05-19 11-31-11,458,17.8253,37.1126
2019-05-19 11-31-13,459,17.7902,37.0966
2019-05-19 11-31-17,459,17.8436,37.0966
2019-05-19 11-31-19,460,17.8436,37.1126
2019-05-19 11-31-21,460,17.8436,37.0966
2019-05-19 11-31-23,459,17.8268,37.126
2019-05-19 11-31-25,459,17.7902,37.1126
2019-05-19 11-31-27,459,17.775,37.126
2019-05-19 11-31-29,459,17.775,37.1393
2019-05-19 11-31-31,460,17.8085,37.126
2019-05-19 11-31-35,459,17.6987,37.0966
2019-05-19 11-31-37,459,17.7902,37.126
2019-05-19 11-31-39,458,17.7902,37.126
2019-05-19 11-31-41,459,17.7765,37.1687
2019-05-19 11-31-43,458,17.7399,37.126
2019-05-19 11-31-45,458,17.7399,37.1393
2019-05-19 11-31-47,458,17.7216,37.126
2019-05-19 11-31-49,458,17.7399,37.1393
2019-05-19 11-31-53,457,17.7429,37.1687
2019-05-19 11-31-55,457,17.7567,37.126
2019-05-19 11-31-57,458,17.7216,37.126
2019-05-19 11-31-59,458,17.7567,37.1126
2019-05-19 11-32-01,457,17.7567,37.126
2019-05-19 11-32-03,457,17.7567,37.1126
2019-05-19 11-32-05,457,17.7567,37.1126
2019-05-19 11-32-07,457,17.7017,37.1126
2019-05-19 11-32-11,456,17.7399,37.126
2019-05-19 11-32-13,456,17.7399,37.126
2019-05-19 11-32-15,456,17.775,37.1393
2019-05-19 11-32-17,456,17.7216,37.1126
2019-05-19 11-32-19,457,17.7399,37.1527
2019-05-19 11-32-21,457,17.7933,37.1393
2019-05-19 11-32-24,457,17.8085,37.1393
2019-05-19 11-32-28,457,17.7933,37.1393
2019-05-19 11-32-30,457,17.775,37.1393
2019-05-19 11-32-32,457,17.775,37.1527
2019-05-19 11-32-34,457,17.8268,37.1393
2019-05-19 11-32-36,456,17.8268,37.126
2019-05-19 11-32-38,457,17.7933,37.1687
2019-05-19 11-32-40,457,17.8085,37.1393
2019-05-19 11-32-42,458,17.7933,37.1393
2019-05-19 11-32-46,458,17.775,37.1393
2019-05-19 11-32-48,459,17.7567,37.1393
2019-05-19 11-32-50,459,17.8085,37.1126
2019-05-19 11-32-52,459,17.8635,37.1126
2019-05-19 11-32-54,460,17.8223,37.0699
2019-05-19 11-32-56,460,17.8436,37.1126
2019-05-19 11-32-58,460,17.7902,37.0966
2019-05-19 11-33-00,459,17.8253,37.1126
2019-05-19 11-33-04,458,17.7902,37.126
2019-05-19 11-33-06,458,17.8116,37.1527
2019-05-19 11-33-08,458,17.7246,37.1527
2019-05-19 11-33-10,458,17.6849,37.1393
2019-05-19 11-33-12,458,17.775,37.1393
2019-05-19 11-33-14,458,17.7719,37.1126
2019-05-19 11-33-16,457,17.7567,37.1393
2019-05-19 11-33-18,457,17.8116,37.1687
2019-05-19 11-33-22,457,17.775,37.1527
2019-05-19 11-33-24,457,17.7429,37.1687
2019-05-19 11-33-26,457,17.7216,37.1393
2019-05-19 11-33-28,457,17.8268,37.1393
2019-05-19 11-33-30,458,17.8635,37.1126
2019-05-19 11-33-32,459,17.8802,37.0832
2019-05-19 11-33-34,458,18.0008,37.0832
2019-05-19 11-33-38,458,17.8955,37.0539
2019-05-19 11-33-40,458,17.9123,37.0378
2019-05-19 11-33-42,457,17.8955,37.0539
2019-05-19 11-33-44,457,17.9459,37.0378
2019-05-19 11-33-46,458,18.0191,37.0539
2019-05-19 11-33-48,458,18.0695,37.0245
2019-05-19 11-33-50,458,18.1198,36.9818
2019-05-19 11-33-52,458,18.1549,36.9684
2019-05-19 11-33-56,459,18.1366,36.9551
2019-05-19 11-33-58,459,18.1366,36.939
2019-05-19 11-34-00,460,18.1885,36.9123
2019-05-19 11-34-02,460,18.187,36.883
2019-05-19 11-34-04,459,18.1152,36.883
2019-05-19 11-34-06,459,18.2068,36.9257
2019-05-19 11-34-08,460,18.1519,36.9123
2019-05-19 11-34-10,459,18.1519,36.939
2019-05-19 11-34-14,460,18.2068,36.939
2019-05-19 11-34-16,460,18.1915,36.939
2019-05-19 11-34-18,462,18.1366,36.9551
2019-05-19 11-34-20,463,18.1183,36.9257
2019-05-19 11-34-22,464,18.1519,36.9123
2019-05-19 11-34-24,464,18.1519,36.9123
2019-05-19 11-34-26,464,18.1686,36.8696
2019-05-19 11-34-30,463,18.187,36.8563
2019-05-19 11-34-32,462,18.2053,36.883
2019-05-19 11-34-34,461,18.2068,36.9123
2019-05-19 11-34-36,461,18.1732,36.9257
2019-05-19 11-34-38,460,18.1732,36.9257
2019-05-19 11-34-40,461,18.1183,36.9551
2019-05-19 11-34-42,463,18.1,36.9257
2019-05-19 11-34-44,465,18.1732,36.939
2019-05-19 11-34-48,466,18.1702,36.899
2019-05-19 11-34-50,467,18.2571,36.899
2019-05-19 11-34-52,468,18.1702,36.899
2019-05-19 11-34-54,467,18.2068,36.9123
2019-05-19 11-34-56,467,18.2419,36.899
2019-05-19 11-34-58,467,18.2251,36.9257
2019-05-19 11-35-00,468,18.1335,36.9123
2019-05-19 11-35-02,468,18.2068,36.9257
2019-05-19 11-35-06,468,18.2571,36.899
2019-05-19 11-35-08,468,18.2739,36.8563
2019-05-19 11-35-10,470,18.3075,36.8429
2019-05-19 11-35-12,471,18.3975,36.8269
2019-05-19 11-35-14,470,18.3258,36.8269
2019-05-19 11-35-16,472,18.3289,36.8696
2019-05-19 11-35-18,472,18.2739,36.8696
2019-05-19 11-35-20,472,18.2419,36.9123
2019-05-19 11-35-24,472,18.2602,36.9123
2019-05-19 11-35-26,472,18.2938,36.9123
2019-05-19 11-35-28,472,18.2419,36.899
2019-05-19 11-35-30,473,18.2755,36.899
2019-05-19 11-35-32,474,18.2755,36.899
2019-05-19 11-35-34,474,18.187,36.883
2019-05-19 11-35-36,474,18.2236,36.899
2019-05-19 11-35-40,475,18.2236,36.899
2019-05-19 11-35-42,476,18.2053,36.883
2019-05-19 11-35-44,476,18.2205,36.8696
2019-05-19 11-35-46,476,18.2709,36.8429
2019-05-19 11-35-48,475,18.187,36.8563
2019-05-19 11-35-50,474,18.2022,36.8563
2019-05-19 11-35-52,474,18.2388,36.883
2019-05-19 11-35-54,474,18.2236,36.9123
2019-05-19 11-35-58,474,18.2068,36.9123
2019-05-19 11-36-00,474,18.2068,36.9257
2019-05-19 11-36-02,474,18.2236,36.899
2019-05-19 11-36-04,475,18.2068,36.9123
2019-05-19 11-36-06,475,18.1519,36.9123
2019-05-19 11-36-08,475,18.1519,36.939
2019-05-19 11-36-10,474,18.2068,36.939
2019-05-19 11-36-12,474,18.1549,36.9551
2019-05-19 11-36-16,476,18.1915,36.9551
2019-05-19 11-36-18,476,18.1732,36.939
2019-05-19 11-36-20,476,18.1549,36.9551
2019-05-19 11-36-22,476,18.1198,36.9684
2019-05-19 11-36-24,476,18.1015,36.9684
2019-05-19 11-36-26,475,18.0679,36.9818
2019-05-19 11-36-28,476,18.0679,36.9818
2019-05-19 11-36-30,475,18.1046,36.9818
2019-05-19 11-36-34,475,18.0313,36.9551
2019-05-19 11-36-36,475,18.0145,36.9818
2019-05-19 11-36-38,474,18.0359,37.0245
2019-05-19 11-36-40,474,17.9779,36.9978
2019-05-19 11-36-42,474,17.9993,37.0245
2019-05-19 11-36-44,474,17.9459,37.0245
2019-05-19 11-36-46,473,17.9642,37.0378
2019-05-19 11-36-50,473,17.9993,37.0378
2019-05-19 11-36-52,473,17.9276,37.0378
2019-05-19 11-36-54,473,17.9672,37.0832
2019-05-19 11-36-56,472,17.9504,37.0966
2019-05-19 11-36-58,473,17.9825,37.0539
2019-05-19 11-37-00,473,17.9276,37.0378
2019-05-19 11-37-02,473,17.8772,37.0378
2019-05-19 11-37-04,473,17.981,37.0378
2019-05-19 11-37-08,472,17.9092,37.0111
2019-05-19 11-37-10,473,18.0176,37.0245
2019-05-19 11-37-12,472,17.981,37.0111
2019-05-19 11-37-14,472,18.0191,37.0539
2019-05-19 11-37-16,473,17.9642,37.0378
2019-05-19 11-37-18,472,17.9993,37.0378
2019-05-19 11-37-20,472,17.9642,37.0539
2019-05-19 11-37-22,471,17.9306,37.0539
2019-05-19 11-37-26,470,17.9489,37.0699
2019-05-19 11-37-28,469,17.8955,37.0832
2019-05-19 11-37-31,469,17.9169,37.1126
2019-05-19 11-37-33,469,17.9321,37.1126
2019-05-19 11-37-35,469,17.9169,37.126
2019-05-19 11-37-37,470,17.9352,37.1393
2019-05-19 11-37-39,469,17.9001,37.1393
2019-05-19 11-37-41,470,17.9352,37.1527
2019-05-19 11-37-45,470,17.9535,37.1527
2019-05-19 11-37-47,470,17.9718,37.1527
2019-05-19 11-37-49,470,17.9535,37.1687
2019-05-19 11-37-51,471,17.9031,37.1954
2019-05-19 11-37-53,471,17.9031,37.1954
2019-05-19 11-37-55,471,17.9214,37.1954
2019-05-19 11-37-57,471,17.8482,37.1954
2019-05-19 11-38-01,472,17.9031,37.182
2019-05-19 11-38-03,472,17.9367,37.1687
2019-05-19 11-38-05,472,17.9184,37.1687
2019-05-19 11-38-07,471,17.9184,37.1687
2019-05-19 11-38-09,471,17.9718,37.182
2019-05-19 11-38-11,470,17.9047,37.2248
2019-05-19 11-38-13,470,17.9581,37.2248
2019-05-19 11-38-15,470,17.9214,37.2248
2019-05-19 11-38-19,471,17.9733,37.2248
2019-05-19 11-38-21,471,17.9581,37.2381
2019-05-19 11-38-23,471,17.9581,37.2381
2019-05-19 11-38-25,471,18.013,37.2648
2019-05-19 11-38-27,471,18.0328,37.2648
2019-05-19 11-38-29,471,18.0496,37.2648
2019-05-19 11-38-31,471,18.0099,37.2515
2019-05-19 11-38-33,471,17.9596,37.2808
2019-05-19 11-38-37,471,17.9596,37.2808
2019-05-19 11-38-39,470,17.9779,37.2808
2019-05-19 11-38-41,471,17.9947,37.2808
2019-05-19 11-38-43,471,18.0496,37.2515
2019-05-19 11-38-45,471,18.013,37.2808
2019-05-19 11-38-47,472,18.0511,37.2808
2019-05-19 11-38-49,472,18.0328,37.2648
2019-05-19 11-38-51,473,17.9779,37.2808
2019-05-19 11-38-55,474,18.0496,37.2648
2019-05-19 11-38-57,473,18.0511,37.2808
2019-05-19 11-38-59,475,18.0328,37.2648
2019-05-19 11-39-01,474,18.0649,37.2515
2019-05-19 11-39-03,475,18.1,37.2248
2019-05-19 11-39-05,474,18.1183,37.2248
2019-05-19 11-39-07,475,18.1335,37.1954
2019-05-19 11-39-09,476,18.2205,37.1527
2019-05-19 11-39-13,475,18.219,37.1393
2019-05-19 11-39-15,475,18.1839,37.1393
2019-05-19 11-39-17,476,18.1839,37.1126
2019-05-19 11-39-19,475,18.2343,37.0966
2019-05-19 11-39-21,475,18.2159,37.0832
2019-05-19 11-39-23,475,18.2159,37.0832
2019-05-19 11-39-25,474,18.2343,37.1126
2019-05-19 11-39-29,474,18.219,37.1126
2019-05-19 11-39-31,473,18.2022,37.1527
2019-05-19 11-39-33,474,18.219,37.1393
2019-05-19 11-39-35,474,18.1503,37.182
2019-05-19 11-39-37,473,18.1656,37.182
2019-05-19 11-39-39,473,18.1152,37.1954
2019-05-19 11-39-41,474,18.1335,37.2087
2019-05-19 11-39-43,476,18.1,37.2087
2019-05-19 11-39-47,478,18.1152,37.1954
2019-05-19 11-39-49,478,18.132,37.182
2019-05-19 11-39-51,477,18.0969,37.182
2019-05-19 11-39-53,478,18.0634,37.1954
2019-05-19 11-39-55,481,18.1152,37.182
2019-05-19 11-39-57,481,18.1152,37.182
2019-05-19 11-39-59,483,18.129,37.1527
2019-05-19 11-40-01,482,18.132,37.182
2019-05-19 11-40-05,480,18.1656,37.1687
2019-05-19 11-40-07,481,18.1656,37.182
2019-05-19 11-40-09,482,18.132,37.1687
2019-05-19 11-40-11,482,18.187,37.182
2019-05-19 11-40-13,481,18.1152,37.2087
2019-05-19 11-40-15,481,18.1686,37.2248
2019-05-19 11-40-17,482,18.1686,37.2248
2019-05-19 11-40-21,482,18.1885,37.1954
2019-05-19 11-40-23,481,18.129,37.1527
2019-05-19 11-40-25,480,18.132,37.1687
2019-05-19 11-40-27,481,18.1137,37.1527
2019-05-19 11-40-29,482,18.0954,37.1393
2019-05-19 11-40-31,483,18.1503,37.1687
2019-05-19 11-40-33,485,18.187,37.1687
2019-05-19 11-40-35,485,18.0786,37.1687
2019-05-19 11-40-39,486,18.1107,37.1393
2019-05-19 11-40-41,485,18.0954,37.1527
2019-05-19 11-40-43,485,18.0954,37.1527
2019-05-19 11-40-45,485,18.129,37.1393
2019-05-19 11-40-47,485,18.1137,37.1527
2019-05-19 11-40-49,485,18.0969,37.1687
2019-05-19 11-40-51,485,18.0634,37.1954
2019-05-19 11-40-53,484,18.045,37.1687
2019-05-19 11-40-57,484,18.0954,37.1527
2019-05-19 11-40-59,484,18.1473,37.1393
2019-05-19 11-41-01,485,18.1839,37.1126
2019-05-19 11-41-03,485,18.0771,37.126
2019-05-19 11-41-05,484,18.129,37.126
2019-05-19 11-41-07,485,18.0923,37.1126
2019-05-19 11-41-09,485,18.161,37.0966
2019-05-19 11-41-11,484,18.1824,37.0832
2019-05-19 11-41-15,484,18.0908,37.0699
2019-05-19 11-41-17,484,18.1274,37.0966
2019-05-19 11-41-19,483,18.1778,37.0245
2019-05-19 11-41-21,482,18.1961,37.0378
2019-05-19 11-41-23,482,18.1793,37.0378
2019-05-19 11-41-25,482,18.248,37.0378
2019-05-19 11-41-27,482,18.2297,37.0245
2019-05-19 11-41-31,480,18.2144,37.0378
2019-05-19 11-41-33,481,18.1412,37.0378
2019-05-19 11-41-35,481,18.1427,37.0539
2019-05-19 11-41-37,480,18.161,37.0966
2019-05-19 11-41-39,479,18.1274,37.0832
2019-05-19 11-41-41,479,18.1274,37.1126
2019-05-19 11-41-43,480,18.161,37.0699
2019-05-19 11-41-45,480,18.1458,37.0966
2019-05-19 11-41-49,479,18.1427,37.0699
2019-05-19 11-41-51,479,18.2327,37.0539
2019-05-19 11-41-53,477,18.161,37.0832
2019-05-19 11-41-55,478,18.1976,37.0539
2019-05-19 11-41-57,478,18.1793,37.0539
2019-05-19 11-41-59,477,18.1793,37.0378
2019-05-19 11-42-01,477,18.1778,37.0245
2019-05-19 11-42-03,478,18.1961,37.0245
2019-05-19 11-42-07,479,18.2281,36.9818
2019-05-19 11-42-09,479,18.2434,36.9551
2019-05-19 11-42-11,478,18.2419,36.9123
2019-05-19 11-42-13,478,18.3105,36.899
2019-05-19 11-42-15,478,18.2571,36.883
2019-05-19 11-42-17,478,18.2922,36.8696
2019-05-19 11-42-19,478,18.3472,36.883
2019-05-19 11-42-23,478,18.2892,36.8563
2019-05-19 11-42-25,477,18.3289,36.8563
2019-05-19 11-42-27,477,18.2892,36.8269
2019-05-19 11-42-29,477,18.3929,36.7708
2019-05-19 11-42-31,477,18.3578,36.7708
2019-05-19 11-42-34,476,18.4128,36.8135
2019-05-19 11-42-36,475,18.3609,36.8135
2019-05-19 11-42-38,474,18.3426,36.8002
2019-05-19 11-42-42,472,18.4296,36.7868
2019-05-19 11-42-44,470,18.3609,36.8269
2019-05-19 11-42-46,469,18.3472,36.8563
2019-05-19 11-42-48,472,18.3304,36.883
2019-05-19 11-42-50,475,18.367,36.9257
2019-05-19 11-42-52,474,18.2785,36.9257
2019-05-19 11-42-54,473,18.3304,36.9123
2019-05-19 11-42-56,472,18.2968,36.9551
2019-05-19 11-43-00,471,18.28,36.9684
2019-05-19 11-43-02,470,18.2465,36.9818
2019-05-19 11-43-04,469,18.2297,36.9978
2019-05-19 11-43-06,469,18.1961,37.0245
2019-05-19 11-43-08,467,18.1961,37.0245
2019-05-19 11-43-10,468,18.1961,37.0245
2019-05-19 11-43-12,470,18.1564,37.0245
2019-05-19 11-43-14,471,18.1595,37.0378
2019-05-19 11-43-18,471,18.1961,37.0378
2019-05-19 11-43-20,472,18.1229,37.0245
2019-05-19 11-43-22,471,18.2144,37.0539
2019-05-19 11-43-24,471,18.0542,37.0378
2019-05-19 11-43-26,470,18.0908,37.0832
2019-05-19 11-43-28,470,18.0923,37.1126
2019-05-19 11-43-30,470,18.1274,37.0966
2019-05-19 11-43-32,468,18.1107,37.1126
2019-05-19 11-43-36,469,18.074,37.0832
2019-05-19 11-43-38,470,18.1458,37.0966
2019-05-19 11-43-40,470,18.1061,37.0539
2019-05-19 11-43-42,468,18.1427,37.0699
2019-05-19 11-43-44,468,18.1091,37.0699
2019-05-19 11-43-46,470,18.161,37.0699
2019-05-19 11-43-48,470,18.1244,37.0378
2019-05-19 11-43-52,470,18.1366,36.9684
2019-05-19 11-43-54,470,18.2114,36.9818
2019-05-19 11-43-56,469,18.1747,36.9684
2019-05-19 11-43-58,468,18.1564,37.0245
2019-05-19 11-44-00,468,18.1778,37.0111
2019-05-19 11-44-02,468,18.2114,36.9978
2019-05-19 11-44-04,468,18.1778,36.9978
2019-05-19 11-44-06,467,18.1778,36.9978
2019-05-19 11-44-10,467,18.2297,37.0111
2019-05-19 11-44-12,467,18.1229,37.0111
2019-05-19 11-44-14,467,18.1931,36.9978
2019-05-19 11-44-16,466,18.2114,36.9978
2019-05-19 11-44-18,465,18.1961,37.0111
2019-05-19 11-44-20,466,18.1564,37.0245
2019-05-19 11-44-22,466,18.1412,37.0378
2019-05-19 11-44-24,467,18.1976,37.0539
2019-05-19 11-44-28,466,18.1793,37.0539
2019-05-19 11-44-30,466,18.1793,37.0539
2019-05-19 11-44-32,466,18.1061,37.0378
2019-05-19 11-44-34,467,18.1793,37.0539
2019-05-19 11-44-36,468,18.1778,37.0111
2019-05-19 11-44-38,468,18.1229,36.9978
2019-05-19 11-44-40,468,18.1412,37.0111
2019-05-19 11-44-42,468,18.1381,36.9818
2019-05-19 11-44-46,468,18.1549,36.9684
2019-05-19 11-44-48,467,18.1747,36.9684
2019-05-19 11-44-50,467,18.2465,36.9818
2019-05-19 11-44-52,466,18.1381,36.9978
2019-05-19 11-44-54,466,18.1931,36.9818
2019-05-19 11-44-56,465,18.1778,37.0245
2019-05-19 11-44-58,465,18.1564,37.0245
2019-05-19 11-45-02,465,18.1061,37.0378
2019-05-19 11-45-04,466,18.1244,37.0378
2019-05-19 11-45-06,466,18.1091,37.0699
2019-05-19 11-45-08,466,18.1427,37.0699
2019-05-19 11-45-10,466,18.1091,37.0699
2019-05-19 11-45-12,466,18.1412,37.0378
2019-05-19 11-45-14,466,18.1427,37.0832
2019-05-19 11-45-16,466,18.0908,37.0699
2019-05-19 11-45-20,466,18.1427,37.0832
2019-05-19 11-45-22,467,18.1458,37.0966
2019-05-19 11-45-24,467,18.0923,37.0966
2019-05-19 11-45-26,466,18.1244,37.0539
2019-05-19 11-45-28,466,18.1274,37.0832
2019-05-19 11-45-30,466,18.0725,37.0539
2019-05-19 11-45-32,466,18.0923,37.0966
2019-05-19 11-45-34,467,18.0908,37.0699
2019-05-19 11-45-38,468,18.1091,37.0699
2019-05-19 11-45-40,468,18.1793,37.0539
2019-05-19 11-45-42,468,18.1091,37.0699
2019-05-19 11-45-44,468,18.1564,37.0245
2019-05-19 11-45-46,469,18.1961,37.0378
2019-05-19 11-45-48,469,18.1595,37.0539
2019-05-19 11-45-50,468,18.1229,37.0111
2019-05-19 11-45-52,468,18.1412,37.0111
2019-05-19 11-45-56,468,18.1778,37.0111
2019-05-19 11-45-58,468,18.1778,37.0245
2019-05-19 11-46-00,468,18.1229,37.0245
2019-05-19 11-46-02,468,18.1778,36.9978
2019-05-19 11-46-04,467,18.1747,36.9818
2019-05-19 11-46-06,467,18.1229,36.9978
2019-05-19 11-46-08,467,18.2281,36.9818
2019-05-19 11-46-12,467,18.2251,36.9551
2019-05-19 11-46-14,466,18.1549,36.9684
2019-05-19 11-46-16,466,18.2281,36.9818
2019-05-19 11-46-18,465,18.1747,36.9818
2019-05-19 11-46-20,465,18.1519,36.939
2019-05-19 11-46-22,465,18.1885,36.9257
2019-05-19 11-46-24,465,18.2739,36.883
2019-05-19 11-46-26,464,18.3075,36.8696
2019-05-19 11-46-30,463,18.2892,36.8563
2019-05-19 11-46-32,461,18.3105,36.883
2019-05-19 11-46-34,460,18.3105,36.883
2019-05-19 11-46-36,458,18.2602,36.9123
2019-05-19 11-46-38,452,18.2602,36.939
2019-05-19 11-46-40,442,18.2968,36.939
2019-05-19 11-46-42,440,18.2281,36.9684
2019-05-19 11-46-44,441,18.2434,36.9684
2019-05-19 11-46-48,441,18.2617,36.9818
2019-05-19 11-46-50,446,18.2098,36.9684
2019-05-19 11-46-52,446,18.1778,37.0111
2019-05-19 11-46-54,447,18.1747,36.9818
2019-05-19 11-46-56,446,18.1564,36.9978
2019-05-19 11-46-58,444,18.1061,37.0539
2019-05-19 11-47-00,444,18.0908,37.0832
2019-05-19 11-47-02,447,18.1427,37.0699
2019-05-19 11-47-06,454,18.1061,37.0539
2019-05-19 11-47-08,458,18.1778,37.0245
2019-05-19 11-47-10,462,18.1061,37.0245
2019-05-19 11-47-12,461,18.1778,36.9978
2019-05-19 11-47-14,462,18.1229,36.9978
2019-05-19 11-47-16,461,18.1549,36.9684
2019-05-19 11-47-18,459,18.1564,36.9978
2019-05-19 11-47-22,458,18.1931,36.9818
2019-05-19 11-47-24,458,18.1549,36.9818
2019-05-19 11-47-26,459,18.2434,36.9684
2019-05-19 11-47-28,461,18.2114,36.9818
2019-05-19 11-47-30,461,18.2281,36.9684
2019-05-19 11-47-32,461,18.2114,36.9978
2019-05-19 11-47-34,462,18.1564,37.0245
2019-05-19 11-47-36,460,18.1061,37.0378
2019-05-19 11-47-40,458,18.1595,37.0539
2019-05-19 11-47-43,458,18.1244,37.0699
2019-05-19 11-47-45,457,18.1427,37.0539
2019-05-19 11-47-47,458,18.0923,37.0966
2019-05-19 11-47-49,459,18.1091,37.0966
2019-05-19 11-47-51,460,18.1091,37.0699
2019-05-19 11-47-53,462,18.0878,37.0378
2019-05-19 11-47-55,463,18.1061,37.0245
2019-05-19 11-47-59,464,18.1061,37.0245
2019-05-19 11-48-01,464,18.1229,37.0245
2019-05-19 11-48-03,465,18.1412,37.0111
2019-05-19 11-48-05,464,18.1549,36.9551
2019-05-19 11-48-07,464,18.1732,36.939
2019-05-19 11-48-09,461,18.1519,36.939
2019-05-19 11-48-11,460,18.2434,36.9551
2019-05-19 11-48-13,461,18.2251,36.939
2019-05-19 11-48-17,462,18.2251,36.9257
2019-05-19 11-48-19,462,18.2236,36.9123
2019-05-19 11-48-21,461,18.2602,36.9123
2019-05-19 11-48-23,461,18.2755,36.899
2019-05-19 11-48-25,460,18.2068,36.939
2019-05-19 11-48-27,459,18.1885,36.899
2019-05-19 11-48-29,457,18.1702,36.899
2019-05-19 11-48-31,456,18.2236,36.9123
2019-05-19 11-48-35,457,18.2068,36.9123
2019-05-19 11-48-37,458,18.2785,36.939
2019-05-19 11-48-39,457,18.2434,36.9551
2019-05-19 11-48-41,457,18.2068,36.939
2019-05-19 11-48-43,457,18.1931,36.9818
2019-05-19 11-48-45,457,18.1931,36.9684
2019-05-19 11-48-47,456,18.1915,36.9551
2019-05-19 11-48-51,454,18.2098,36.9551
2019-05-19 11-48-53,453,18.248,37.0111
2019-05-19 11-48-55,454,18.0878,37.0378
2019-05-19 11-48-57,455,18.1793,37.0539
2019-05-19 11-48-59,454,18.1091,37.0699
2019-05-19 11-49-01,455,18.1427,37.0832
2019-05-19 11-49-03,455,18.1274,37.0832
2019-05-19 11-49-05,456,18.0588,37.1126
2019-05-19 11-49-09,456,18.0405,37.0966
2019-05-19 11-49-11,457,18.0771,37.126
2019-05-19 11-49-13,457,18.0054,37.1527
2019-05-19 11-49-15,457,18.0038,37.1393
2019-05-19 11-49-17,458,18.0267,37.1527
2019-05-19 11-49-19,459,17.9718,37.1527
2019-05-19 11-49-21,459,17.9871,37.1393
2019-05-19 11-49-23,459,17.9871,37.126
2019-05-19 11-49-27,458,18.042,37.1393
2019-05-19 11-49-29,459,18.0038,37.1393
2019-05-19 11-49-31,459,18.0954,37.1393
2019-05-19 11-49-33,459,18.0038,37.126
2019-05-19 11-49-35,459,18.0038,37.126
2019-05-19 11-49-37,458,18.0923,37.0966
2019-05-19 11-49-39,458,17.9871,37.1393
2019-05-19 11-49-41,456,18.0771,37.1393
2019-05-19 11-49-45,457,18.042,37.1393
2019-05-19 11-49-47,457,18.042,37.1393
2019-05-19 11-49-49,457,17.9901,37.1687
2019-05-19 11-49-51,457,18.0054,37.1687
2019-05-19 11-49-53,457,17.9718,37.1687
2019-05-19 11-49-55,457,17.9733,37.1954
2019-05-19 11-49-57,457,17.9718,37.182
2019-05-19 11-49-59,456,17.9031,37.1954
2019-05-19 11-50-03,456,17.9535,37.1687
2019-05-19 11-50-05,456,18.0084,37.182
2019-05-19 11-50-07,456,17.9733,37.1954
2019-05-19 11-50-09,456,17.9916,37.2248
2019-05-19 11-50-11,456,17.9733,37.2087
2019-05-19 11-50-13,455,17.9398,37.2087
2019-05-19 11-50-15,455,17.9398,37.2087
2019-05-19 11-50-19,455,17.9398,37.2087
2019-05-19 11-50-21,455,17.955,37.1954
2019-05-19 11-50-23,455,17.9398,37.2087
2019-05-19 11-50-25,455,17.9581,37.2248
2019-05-19 11-50-27,455,17.9214,37.2248
2019-05-19 11-50-29,454,17.9581,37.2381
2019-05-19 11-50-31,455,17.955,37.2087
2019-05-19 11-50-33,455,17.9398,37.2248
2019-05-19 11-50-37,454,17.955,37.1954
2019-05-19 11-50-39,453,17.9535,37.1687
2019-05-19 11-50-41,453,17.9367,37.182
2019-05-19 11-50-43,453,17.9916,37.2087
2019-05-19 11-50-45,453,17.955,37.2087
2019-05-19 11-50-47,453,18.0084,37.1954
2019-05-19 11-50-49,454,17.955,37.182
2019-05-19 11-50-51,455,17.9733,37.2087
2019-05-19 11-50-55,455,18.0267,37.1687
2019-05-19 11-50-57,455,17.9901,37.182
2019-05-19 11-50-59,455,17.9901,37.182
2019-05-19 11-51-01,456,17.955,37.182
2019-05-19 11-51-03,455,18.0267,37.1687
2019-05-19 11-51-05,455,18.0054,37.1687
2019-05-19 11-51-07,454,17.9901,37.1687
2019-05-19 11-51-09,454,17.9718,37.1687
2019-05-19 11-51-13,455,17.9901,37.1954
2019-05-19 11-51-15,455,17.9031,37.2087
2019-05-19 11-51-17,456,17.9733,37.1954
2019-05-19 11-51-19,455,18.0267,37.182
2019-05-19 11-51-21,456,18.0054,37.1527
2019-05-19 11-51-23,456,17.9718,37.1687
2019-05-19 11-51-25,455,18.0405,37.1126
2019-05-19 11-51-29,455,18.0405,37.1126
2019-05-19 11-51-31,454,18.074,37.0966
2019-05-19 11-51-33,454,18.0908,37.0832
2019-05-19 11-51-35,454,18.0923,37.0966
2019-05-19 11-51-37,454,18.1427,37.0699
2019-05-19 11-51-39,454,18.0725,37.0378
2019-05-19 11-51-41,454,18.1061,37.0378
2019-05-19 11-51-43,455,18.0542,37.0245
2019-05-19 11-51-47,454,18.1412,37.0378
2019-05-19 11-51-49,453,18.1274,37.0832
2019-05-19 11-51-53,452,18.0923,37.1126
2019-05-19 11-51-55,453,18.0923,37.0966
2019-05-19 11-51-57,453,18.0405,37.1126
2019-05-19 11-51-59,454,18.074,37.0832
2019-05-19 11-52-01,456,18.0923,37.0966
2019-05-19 11-52-05,458,18.074,37.0832
2019-05-19 11-52-07,457,18.0908,37.0832
2019-05-19 11-52-09,457,18.0908,37.0699
2019-05-19 11-52-11,459,18.1274,37.0966
2019-05-19 11-52-13,459,18.0908,37.0832
2019-05-19 11-52-15,459,18.074,37.0832
2019-05-19 11-52-17,460,18.074,37.0966
2019-05-19 11-52-19,459,18.1091,37.0966
2019-05-19 11-52-23,458,18.0908,37.0832
2019-05-19 11-52-25,458,18.1458,37.1126
2019-05-19 11-52-27,457,18.1427,37.0832
2019-05-19 11-52-29,457,18.0222,37.0699
2019-05-19 11-52-31,458,18.074,37.0832
2019-05-19 11-52-33,456,18.1427,37.0699
2019-05-19 11-52-35,456,18.1244,37.0539
2019-05-19 11-52-37,456,18.1091,37.0832
2019-05-19 11-52-41,456,18.0878,37.0378
2019-05-19 11-52-43,456,18.1091,37.0699
2019-05-19 11-52-45,457,18.1061,37.0378
2019-05-19 11-52-47,457,18.0878,37.0245
2019-05-19 11-52-50,457,18.1412,37.0245
2019-05-19 11-52-52,456,18.1412,37.0111
2019-05-19 11-52-54,455,18.1412,37.0245
2019-05-19 11-52-56,456,18.1747,36.9818
2019-05-19 11-53-00,456,18.1183,36.9551
2019-05-19 11-53-02,455,18.1549,36.9818
2019-05-19 11-53-04,455,18.1549,36.9684
2019-05-19 11-53-06,455,18.1931,36.9684
2019-05-19 11-53-08,454,18.1931,36.9684
2019-05-19 11-53-10,454,18.2281,36.9684
2019-05-19 11-53-12,454,18.1564,36.9978
2019-05-19 11-53-16,453,18.1381,36.9818
2019-05-19 11-53-18,453,18.1381,36.9978
2019-05-19 11-53-20,452,18.1412,37.0111
2019-05-19 11-53-22,452,18.1046,37.0111
2019-05-19 11-53-24,452,18.1412,37.0111
2019-05-19 11-53-26,452,18.2297,36.9978
2019-05-19 11-53-28,452,18.1564,37.0111
2019-05-19 11-53-30,451,18.0878,37.0245
2019-05-19 11-53-34,452,18.1244,37.0539
2019-05-19 11-53-36,452,18.0878,37.0378
2019-05-19 11-53-38,452,18.0588,37.1126
2019-05-19 11-53-40,452,18.1091,37.0699
2019-05-19 11-53-42,453,18.1091,37.0699
2019-05-19 11-53-44,453,18.0908,37.0539
2019-05-19 11-53-46,453,18.0725,37.0539
2019-05-19 11-53-48,454,18.1244,37.0539
2019-05-19 11-53-52,453,18.074,37.0832
2019-05-19 11-53-54,452,18.0725,37.0699
2019-05-19 11-53-56,453,18.0725,37.0539
2019-05-19 11-53-58,453,18.0908,37.0539
2019-05-19 11-54-00,453,18.0542,37.0378
2019-05-19 11-54-02,453,18.0725,37.0699
2019-05-19 11-54-04,453,18.0542,37.0539
2019-05-19 11-54-06,453,18.074,37.0832
2019-05-19 11-54-10,453,18.0771,37.1126
2019-05-19 11-54-12,454,18.0725,37.0539
2019-05-19 11-54-14,453,18.0725,37.0699
2019-05-19 11-54-16,454,18.0405,37.0832
2019-05-19 11-54-18,454,18.0908,37.0832
2019-05-19 11-54-20,454,18.0038,37.1126
2019-05-19 11-54-22,454,18.0237,37.126
2019-05-19 11-54-24,454,18.0405,37.1126
2019-05-19 11-54-28,454,18.0237,37.126
2019-05-19 11-54-30,454,17.9871,37.126
2019-05-19 11-54-32,453,18.0038,37.126
2019-05-19 11-54-34,453,17.9688,37.1393
2019-05-19 11-54-36,453,18.042,37.126
2019-05-19 11-54-38,453,18.0054,37.1527
2019-05-19 11-54-40,452,17.9718,37.1527
2019-05-19 11-54-44,452,17.955,37.182
2019-05-19 11-54-46,453,17.955,37.1954
2019-05-19 11-54-48,453,17.955,37.1954
2019-05-19 11-54-50,453,17.955,37.1954
2019-05-19 11-54-52,453,17.9367,37.182
2019-05-19 11-54-54,453,17.955,37.182
2019-05-19 11-54-56,453,17.9031,37.2087
2019-05-19 11-54-58,453,17.9031,37.1954
2019-05-19 11-55-02,453,17.9398,37.2381
2019-05-19 11-55-04,453,17.9077,37.2515
2019-05-19 11-55-06,453,17.8528,37.2648
2019-05-19 11-55-08,454,17.9077,37.2515
2019-05-19 11-55-10,454,17.8909,37.2942
2019-05-19 11-55-12,454,17.8177,37.2648
2019-05-19 11-55-14,455,17.8726,37.2808
2019-05-19 11-55-16,456,17.8726,37.2648
2019-05-19 11-55-20,456,17.9077,37.2648
2019-05-19 11-55-22,456,17.8864,37.1954
2019-05-19 11-55-24,456,17.9398,37.2248
2019-05-19 11-55-26,455,17.9214,37.2248
2019-05-19 11-55-28,456,17.8864,37.2087
2019-05-19 11-55-30,455,18.0084,37.182
2019-05-19 11-55-32,456,17.9733,37.2248
2019-05-19 11-55-34,455,17.9733,37.2087
2019-05-19 11-55-38,455,17.9398,37.2087
2019-05-19 11-55-40,454,17.9916,37.2381
2019-05-19 11-55-42,453,17.9047,37.2248
2019-05-19 11-55-44,454,17.9581,37.2248
2019-05-19 11-55-46,453,17.8894,37.2515
2019-05-19 11-55-48,453,17.8497,37.2381
2019-05-19 11-55-50,454,17.8864,37.2087
2019-05-19 11-55-54,453,17.9733,37.1954
2019-05-19 11-55-56,453,17.923,37.2381
2019-05-19 11-55-58,453,17.8711,37.2381
2019-05-19 11-56-00,453,17.9581,37.2248
2019-05-19 11-56-02,453,17.8864,37.2248
2019-05-19 11-56-04,452,17.8894,37.2381
2019-05-19 11-56-06,452,17.9398,37.2381
2019-05-19 11-56-08,452,17.955,37.182
2019-05-19 11-56-12,452,17.955,37.182
2019-05-19 11-56-14,452,17.9214,37.1954
2019-05-19 11-56-16,452,17.955,37.2087
2019-05-19 11-56-18,451,17.9398,37.2248
2019-05-19 11-56-20,451,17.9214,37.2248
2019-05-19 11-56-22,451,17.923,37.2381
2019-05-19 11-56-24,451,17.9581,37.2515
2019-05-19 11-56-26,451,17.8711,37.2515
2019-05-19 11-56-30,450,17.8711,37.2248
2019-05-19 11-56-32,450,17.9214,37.2087
2019-05-19 11-56-34,450,17.9398,37.2087
2019-05-19 11-56-36,450,17.9733,37.2248
2019-05-19 11-56-38,450,17.9398,37.2087
2019-05-19 11-56-40,449,17.8864,37.2248
2019-05-19 11-56-42,450,17.9214,37.1954
2019-05-19 11-56-44,450,17.9718,37.182
2019-05-19 11-56-48,450,17.9184,37.182
2019-05-19 11-56-50,449,17.9367,37.182
2019-05-19 11-56-52,448,17.9031,37.1954
2019-05-19 11-56-54,449,17.9688,37.1393
2019-05-19 11-56-56,449,17.9184,37.1527
2019-05-19 11-56-58,449,17.9352,37.1527
2019-05-19 11-57-00,449,17.9718,37.182
2019-05-19 11-57-04,449,17.9367,37.182
2019-05-19 11-57-06,449,17.9535,37.1687
2019-05-19 11-57-08,450,18.045,37.182
2019-05-19 11-57-10,450,17.9871,37.1393
2019-05-19 11-57-12,450,18.0267,37.1527
2019-05-19 11-57-14,450,18.042,37.126
2019-05-19 11-57-16,450,18.0038,37.1126
2019-05-19 11-57-18,450,18.0771,37.1126
2019-05-19 11-57-22,450,18.0771,37.1393
2019-05-19 11-57-24,449,18.045,37.182
2019-05-19 11-57-26,449,18.0603,37.1527
2019-05-19 11-57-28,449,18.0267,37.1687
2019-05-19 11-57-30,449,18.045,37.1687
2019-05-19 11-57-32,448,18.045,37.1687
2019-05-19 11-57-34,448,18.0588,37.126
2019-05-19 11-57-36,447,18.0405,37.1126
2019-05-19 11-57-40,448,18.0923,37.0966
2019-05-19 11-57-42,448,18.0222,37.0832
2019-05-19 11-57-44,447,18.1274,37.0832
2019-05-19 11-57-46,447,18.0923,37.0966
2019-05-19 11-57-48,448,18.1793,37.0699
2019-05-19 11-57-50,447,18.0908,37.0832
2019-05-19 11-57-52,447,18.0908,37.0832
2019-05-19 11-57-54,447,18.0908,37.0832
2019-05-19 11-57-58,447,18.0908,37.0699
2019-05-19 11-58-00,448,18.1244,37.0699
2019-05-19 11-58-02,447,18.1427,37.0832
2019-05-19 11-58-04,446,18.1427,37.0832
2019-05-19 11-58-07,446,18.0908,37.0832
2019-05-19 11-58-09,445,18.1412,37.0378
2019-05-19 11-58-11,445,18.0908,37.0539
2019-05-19 11-58-13,445,18.1412,37.0245
2019-05-19 11-58-17,442,18.1595,37.0378
2019-05-19 11-58-19,442,18.1427,37.0539
2019-05-19 11-58-21,443,18.1793,37.0699
2019-05-19 11-58-23,444,18.1427,37.0539
2019-05-19 11-58-25,444,18.1274,37.0832
2019-05-19 11-58-27,444,18.1091,37.0699
2019-05-19 11-58-29,445,18.1061,37.0539
2019-05-19 11-58-31,443,18.1229,37.0245
2019-05-19 11-58-35,443,18.1564,37.0245
2019-05-19 11-58-37,443,18.1244,37.0378
2019-05-19 11-58-39,444,18.1061,37.0539
2019-05-19 11-58-41,443,18.1061,37.0378
2019-05-19 11-58-43,444,18.1244,37.0539
2019-05-19 11-58-45,443,18.1244,37.0539
2019-05-19 11-58-47,443,18.0908,37.0832
2019-05-19 11-58-51,443,18.1091,37.0832
2019-05-19 11-58-53,444,18.0908,37.0832
2019-05-19 11-58-55,445,18.0222,37.0832
2019-05-19 11-58-57,447,18.0222,37.0832
2019-05-19 11-58-59,448,18.0542,37.0539
2019-05-19 11-59-01,448,18.0222,37.0832
2019-05-19 11-59-03,448,18.1244,37.0699
2019-05-19 11-59-05,448,18.0725,37.0699
2019-05-19 11-59-09,448,18.0908,37.0699
2019-05-19 11-59-11,448,18.0725,37.0378
2019-05-19 11-59-13,447,18.0695,37.0111
2019-05-19 11-59-15,446,18.1061,37.0378
2019-05-19 11-59-17,446,18.1244,37.0378
2019-05-19 11-59-19,445,18.1412,37.0378
2019-05-19 11-59-21,444,18.1061,37.0378
2019-05-19 11-59-23,444,18.1061,37.0378
2019-05-19 11-59-27,443,18.1061,37.0539
2019-05-19 11-59-29,443,18.1091,37.0699
2019-05-19 11-59-31,442,18.0771,37.126
2019-05-19 11-59-33,442,18.0603,37.1527
2019-05-19 11-59-35,441,18.0054,37.1527
2019-05-19 11-59-37,441,17.955,37.182
2019-05-19 11-59-39,442,17.9916,37.2087
2019-05-19 11-59-41,442,17.9916,37.2381
2019-05-19 11-59-45,442,17.9047,37.2248
2019-05-19 11-59-47,442,17.9443,37.2808
2019-05-19 11-59-49,441,17.8528,37.2808
2019-05-19 11-59-51,442,17.926,37.2942
2019-05-19 11-59-53,443,17.8909,37.3075
2019-05-19 11-59-55,442,17.9092,37.2942
2019-05-19 11-59-57,443,17.8177,37.2942
2019-05-19 12-00-01,443,17.8726,37.2808
2019-05-19 12-00-03,444,17.8726,37.2942
2019-05-19 12-00-05,444,17.8726,37.2942
2019-05-19 12-00-07,444,17.804,37.3369
2019-05-19 12-00-09,444,17.8207,37.3369
2019-05-19 12-00-11,444,17.8757,37.3369
2019-05-19 12-00-13,444,17.7521,37.3503
2019-05-19 12-00-15,444,17.7704,37.3636
2019-05-19 12-00-19,444,17.804,37.3636
2019-05-19 12-00-21,444,17.804,37.3369
2019-05-19 12-00-23,444,17.7521,37.3369
2019-05-19 12-00-25,444,17.8024,37.3236
2019-05-19 12-00-27,444,17.7856,37.3369
2019-05-19 12-00-29,445,17.7887,37.3636
2019-05-19 12-00-31,445,17.7704,37.3503
2019-05-19 12-00-33,444,17.804,37.3503
2019-05-19 12-00-37,444,17.7887,37.3636
2019-05-19 12-00-39,443,17.7719,37.3796
2019-05-19 12-00-41,443,17.807,37.3796
2019-05-19 12-00-43,443,17.804,37.3369
2019-05-19 12-00-45,443,17.7856,37.3503
2019-05-19 12-00-47,443,17.8223,37.3636
2019-05-19 12-00-49,443,17.804,37.3503
2019-05-19 12-00-51,442,17.8223,37.3503
2019-05-19 12-00-55,442,17.8223,37.3796
2019-05-19 12-00-57,442,17.8223,37.3636
2019-05-19 12-00-59,441,17.7704,37.3636
2019-05-19 12-01-01,441,17.7887,37.3636
2019-05-19 12-01-03,442,17.8223,37.3636
2019-05-19 12-01-05,442,17.7536,37.3796
2019-05-19 12-01-07,441,17.7719,37.3796
2019-05-19 12-01-09,441,17.804,37.3636
2019-05-19 12-01-13,441,17.807,37.3796
2019-05-19 12-01-15,441,17.7536,37.3796
2019-05-19 12-01-17,441,17.8223,37.3796
2019-05-19 12-01-19,440,17.8223,37.3503
2019-05-19 12-01-21,440,17.7887,37.3636
2019-05-19 12-01-23,440,17.8406,37.393
2019-05-19 12-01-25,440,17.807,37.393
2019-05-19 12-01-29,440,17.7719,37.3796
2019-05-19 12-01-31,440,17.7536,37.3796
2019-05-19 12-01-33,440,17.7719,37.4063
2019-05-19 12-01-35,441,17.7719,37.393
2019-05-19 12-01-37,442,17.7536,37.393
2019-05-19 12-01-39,442,17.804,37.3636
2019-05-19 12-01-41,443,17.7887,37.393
2019-05-19 12-01-43,443,17.7887,37.3796
2019-05-19 12-01-47,442,17.7887,37.3796
2019-05-19 12-01-49,442,17.807,37.4063
2019-05-19 12-01-51,442,17.7719,37.4063
2019-05-19 12-01-53,442,17.807,37.3796
2019-05-19 12-01-55,443,17.8253,37.4063
2019-05-19 12-01-57,442,17.7536,37.393
2019-05-19 12-01-59,442,17.807,37.4063
2019-05-19 12-02-01,442,17.7719,37.4063
2019-05-19 12-02-05,442,17.7902,37.4063
2019-05-19 12-02-07,442,17.7933,37.4357
2019-05-19 12-02-09,442,17.8085,37.4197
2019-05-19 12-02-11,442,17.72,37.4357
2019-05-19 12-02-13,442,17.7582,37.4491
2019-05-19 12-02-15,442,17.7902,37.4197
2019-05-19 12-02-17,443,17.7567,37.4197
2019-05-19 12-02-19,443,17.7887,37.393
2019-05-19 12-02-23,444,17.7719,37.3796
2019-05-19 12-02-25,444,17.807,37.3796
2019-05-19 12-02-27,444,17.7704,37.3636
2019-05-19 12-02-29,444,17.8574,37.3503
2019-05-19 12-02-31,445,17.8574,37.3369
2019-05-19 12-02-33,445,17.8207,37.3236
2019-05-19 12-02-35,445,17.8757,37.3236
2019-05-19 12-02-39,444,17.8909,37.2942
2019-05-19 12-02-41,444,17.9092,37.3075
2019-05-19 12-02-43,443,17.9092,37.3236
2019-05-19 12-02-45,443,17.8757,37.3236
2019-05-19 12-02-47,443,17.8391,37.3236
2019-05-19 12-02-49,443,17.9276,37.3369
2019-05-19 12-02-51,443,17.8909,37.3075
2019-05-19 12-02-53,443,17.8757,37.3075
2019-05-19 12-02-57,442,17.8543,37.3236
2019-05-19 12-02-59,443,17.8207,37.3075
2019-05-19 12-03-01,442,17.8757,37.3236
2019-05-19 12-03-03,442,17.8391,37.3503
2019-05-19 12-03-05,442,17.8543,37.3236
2019-05-19 12-03-07,442,17.8772,37.3503
2019-05-19 12-03-10,443,17.807,37.393
2019-05-19 12-03-12,443,17.807,37.3796
2019-05-19 12-03-16,443,17.8406,37.393
2019-05-19 12-03-18,443,17.8253,37.393
2019-05-19 12-03-20,444,17.7887,37.393
2019-05-19 12-03-22,444,17.7902,37.4063
2019-05-19 12-03-24,443,17.7567,37.4357
2019-05-19 12-03-26,444,17.8436,37.4197
2019-05-19 12-03-28,443,17.7567,37.4357
2019-05-19 12-03-30,443,17.7567,37.4197
2019-05-19 12-03-34,443,17.8116,37.4491
2019-05-19 12-03-36,443,17.7032,37.4624
2019-05-19 12-03-38,443,17.7582,37.4758
2019-05-19 12-03-40,443,17.7399,37.4491
2019-05-19 12-03-42,443,17.6697,37.4758
2019-05-19 12-03-44,443,17.7216,37.4918
2019-05-19 12-03-46,443,17.7246,37.5051
2019-05-19 12-03-48,443,17.688,37.5051
2019-05-19 12-03-52,443,17.7063,37.4918
2019-05-19 12-03-54,443,17.6529,37.5212
2019-05-19 12-03-56,443,17.6697,37.4758
2019-05-19 12-03-58,443,17.688,37.4918
2019-05-19 12-04-00,444,17.7429,37.4758
2019-05-19 12-04-02,444,17.6514,37.4758
2019-05-19 12-04-04,444,17.6849,37.4624
2019-05-19 12-04-08,444,17.72,37.4624
2019-05-19 12-04-10,444,17.7429,37.4758
2019-05-19 12-04-12,444,17.7567,37.4357
2019-05-19 12-04-14,444,17.7032,37.4624
2019-05-19 12-04-16,443,17.7017,37.4491
2019-05-19 12-04-18,443,17.7582,37.4624
2019-05-19 12-04-20,443,17.72,37.4491
2019-05-19 12-04-22,442,17.7765,37.4624
2019-05-19 12-04-26,442,17.7017,37.4491
2019-05-19 12-04-28,443,17.7216,37.4758
2019-05-19 12-04-30,443,17.7216,37.4758
2019-05-19 12-04-32,443,17.7032,37.4758
2019-05-19 12-04-34,443,17.688,37.4758
2019-05-19 12-04-36,443,17.7216,37.4758
2019-05-19 12-04-38,443,17.72,37.4624
2019-05-19 12-04-40,443,17.72,37.4624
2019-05-19 12-04-44,442,17.72,37.4624
2019-05-19 12-04-46,443,17.7582,37.4624
2019-05-19 12-04-48,443,17.6666,37.4357
2019-05-19 12-04-50,443,17.6514,37.4624
2019-05-19 12-04-52,443,17.7017,37.4491
2019-05-19 12-04-54,442,17.72,37.4624
2019-05-19 12-04-56,442,17.7582,37.4758
2019-05-19 12-04-58,443,17.7216,37.4918
2019-05-19 12-05-02,443,17.7032,37.4758
2019-05-19 12-05-04,443,17.7216,37.4758
2019-05-19 12-05-06,443,17.7063,37.4918
2019-05-19 12-05-08,442,17.72,37.4624
2019-05-19 12-05-10,443,17.7216,37.4918
2019-05-19 12-05-12,442,17.6849,37.4624
2019-05-19 12-05-14,442,17.6849,37.4491
2019-05-19 12-05-16,442,17.7612,37.5051
2019-05-19 12-05-20,442,17.7612,37.4918
2019-05-19 12-05-22,442,17.7429,37.4918
2019-05-19 12-05-24,441,17.688,37.4918
2019-05-19 12-05-26,441,17.7246,37.5212
2019-05-19 12-05-28,441,17.7246,37.5345
2019-05-19 12-05-30,441,17.7216,37.4918
2019-05-19 12-05-32,441,17.6529,37.5051
2019-05-19 12-05-36,441,17.7063,37.5051
2019-05-19 12-05-38,441,17.6559,37.5345
2019-05-19 12-05-40,441,17.7032,37.4624
2019-05-19 12-05-42,441,17.7429,37.4758
2019-05-19 12-05-44,441,17.7063,37.5051
2019-05-19 12-05-46,440,17.7063,37.5051
2019-05-19 12-05-48,440,17.6697,37.4758
2019-05-19 12-05-50,440,17.688,37.4758
2019-05-19 12-05-54,439,17.7429,37.4758
2019-05-19 12-05-56,439,17.7765,37.4758
2019-05-19 12-05-58,439,17.688,37.4758
2019-05-19 12-06-00,438,17.7612,37.4918
2019-05-19 12-06-02,439,17.7063,37.4918
2019-05-19 12-06-04,439,17.688,37.5051
2019-05-19 12-06-06,438,17.688,37.4918
2019-05-19 12-06-08,438,17.7063,37.5212
2019-05-19 12-06-12,439,17.7063,37.4918
2019-05-19 12-06-14,439,17.6529,37.5051
2019-05-19 12-06-16,439,17.688,37.5051
2019-05-19 12-06-18,439,17.6895,37.5345
2019-05-19 12-06-20,439,17.6529,37.5212
2019-05-19 12-06-22,439,17.6025,37.5505
2019-05-19 12-06-24,440,17.7063,37.5212
2019-05-19 12-06-26,440,17.6712,37.5212
2019-05-19 12-06-30,440,17.6895,37.5345
2019-05-19 12-06-32,440,17.6559,37.5345
2019-05-19 12-06-34,440,17.6376,37.5345
2019-05-19 12-06-36,440,17.6376,37.5345
2019-05-19 12-06-38,439,17.6025,37.5345
2019-05-19 12-06-40,439,17.6025,37.5505
2019-05-19 12-06-42,440,17.6529,37.5212
2019-05-19 12-06-44,441,17.6529,37.5051
2019-05-19 12-06-48,442,17.6529,37.5051
2019-05-19 12-06-50,442,17.6712,37.5051
2019-05-19 12-06-52,441,17.6346,37.4758
2019-05-19 12-06-54,441,17.6697,37.4918
2019-05-19 12-06-56,441,17.7444,37.5212
2019-05-19 12-06-58,441,17.6697,37.4918
2019-05-19 12-07-00,441,17.6514,37.4624
2019-05-19 12-07-04,440,17.7032,37.4758
2019-05-19 12-07-06,440,17.7246,37.5051
2019-05-19 12-07-08,440,17.688,37.5051
2019-05-19 12-07-10,440,17.6895,37.5212
2019-05-19 12-07-12,440,17.6529,37.5212
2019-05-19 12-07-14,441,17.688,37.5051
2019-05-19 12-07-16,439,17.6697,37.4918
2019-05-19 12-07-18,440,17.688,37.4918
2019-05-19 12-07-22,440,17.6895,37.5212
2019-05-19 12-07-24,440,17.7216,37.4918
2019-05-19 12-07-26,441,17.7399,37.4491
2019-05-19 12-07-28,441,17.7567,37.4357
2019-05-19 12-07-30,441,17.7399,37.4491
2019-05-19 12-07-32,441,17.775,37.4357
2019-05-19 12-07-34,440,17.6834,37.4063
2019-05-19 12-07-36,440,17.7933,37.4357
2019-05-19 12-07-40,440,17.8268,37.4357
2019-05-19 12-07-42,440,17.7719,37.4063
2019-05-19 12-07-44,439,17.7704,37.3503
2019-05-19 12-07-46,439,17.7155,37.3796
2019-05-19 12-07-48,439,17.8802,37.393
2019-05-19 12-07-50,439,17.7521,37.3636
2019-05-19 12-07-52,439,17.7719,37.4063
2019-05-19 12-07-54,439,17.7704,37.3636
2019-05-19 12-07-58,439,17.7887,37.3636
2019-05-19 12-08-00,439,17.7887,37.3796
2019-05-19 12-08-02,439,17.7521,37.3503
2019-05-19 12-08-04,439,17.7338,37.3369
2019-05-19 12-08-06,439,17.8207,37.3369
2019-05-19 12-08-08,439,17.8024,37.3236
2019-05-19 12-08-10,439,17.8207,37.3075
2019-05-19 12-08-14,438,17.8528,37.2808
2019-05-19 12-08-17,439,17.8757,37.3075
2019-05-19 12-08-19,438,17.8726,37.2942
2019-05-19 12-08-21,438,17.8207,37.3075
2019-05-19 12-08-23,438,17.836,37.2942
2019-05-19 12-08-25,438,17.8207,37.3236
2019-05-19 12-08-27,438,17.8391,37.3369
2019-05-19 12-08-29,439,17.8223,37.3503
2019-05-19 12-08-33,438,17.8574,37.3369
2019-05-19 12-08-35,437,17.8406,37.3636
2019-05-19 12-08-37,438,17.8223,37.3503
2019-05-19 12-08-39,436,17.804,37.3636
2019-05-19 12-08-41,438,17.807,37.393
2019-05-19 12-08-43,437,17.8223,37.3796
2019-05-19 12-08-45,437,17.7567,37.4197
2019-05-19 12-08-47,437,17.7719,37.393
2019-05-19 12-08-51,437,17.7567,37.4063
2019-05-19 12-08-53,439,17.7933,37.4357
2019-05-19 12-08-55,441,17.7902,37.4197
2019-05-19 12-08-57,440,17.775,37.4197
2019-05-19 12-08-59,439,17.7582,37.4624
2019-05-19 12-09-01,440,17.7902,37.4197
2019-05-19 12-09-03,439,17.7063,37.4918
2019-05-19 12-09-05,439,17.688,37.5051
2019-05-19 12-09-09,439,17.7078,37.5345
2019-05-19 12-09-11,439,17.6895,37.5345
2019-05-19 12-09-13,439,17.6529,37.5212
2019-05-19 12-09-15,440,17.6193,37.5051
2019-05-19 12-09-17,441,17.6559,37.5505
2019-05-19 12-09-19,441,17.6559,37.5345
2019-05-19 12-09-21,440,17.5842,37.5345
2019-05-19 12-09-23,439,17.6025,37.5505
2019-05-19 12-09-27,439,17.6895,37.5345
2019-05-19 12-09-29,439,17.6392,37.5639
2019-05-19 12-09-31,439,17.6392,37.5772
2019-05-19 12-09-33,438,17.6392,37.5639
2019-05-19 12-09-35,437,17.5323,37.5906
2019-05-19 12-09-37,437,17.569,37.6066
2019-05-19 12-09-39,438,17.569,37.6066
2019-05-19 12-09-43,438,17.6422,37.62
2019-05-19 12-09-45,439,17.6056,37.5906
2019-05-19 12-09-47,439,17.5156,37.6066
2019-05-19 12-09-49,439,17.5705,37.6333
2019-05-19 12-09-51,439,17.569,37.62
2019-05-19 12-09-53,439,17.5339,37.62
2019-05-19 12-09-55,438,17.5201,37.676
2019-05-19 12-09-57,438,17.5339,37.6333
2019-05-19 12-10-01,438,17.5385,37.676
2019-05-19 12-10-03,438,17.5385,37.6894
2019-05-19 12-10-05,437,17.5049,37.6894
2019-05-19 12-10-07,438,17.4866,37.6894
2019-05-19 12-10-09,438,17.4835,37.6627
2019-05-19 12-10-11,439,17.5201,37.6627
2019-05-19 12-10-13,439,17.5385,37.7028
2019-05-19 12-10-15,439,17.4866,37.6894
2019-05-19 12-10-19,440,17.5385,37.676
2019-05-19 12-10-21,439,17.5049,37.7028
2019-05-19 12-10-23,440,17.4866,37.6894
2019-05-19 12-10-25,439,17.5201,37.6894
2019-05-19 12-10-27,439,17.4866,37.6894
2019-05-19 12-10-29,440,17.5049,37.6894
2019-05-19 12-10-31,441,17.4133,37.6894
2019-05-19 12-10-33,441,17.5232,37.7028
2019-05-19 12-10-37,441,17.5201,37.676
2019-05-19 12-10-39,441,17.5018,37.676
2019-05-19 12-10-41,441,17.5201,37.676
2019-05-19 12-10-43,441,17.5568,37.7028
2019-05-19 12-10-45,441,17.5186,37.6467
2019-05-19 12-10-47,441,17.5552,37.6627
2019-05-19 12-10-49,442,17.5705,37.6333
2019-05-19 12-10-51,442,17.6254,37.62
2019-05-19 12-10-55,441,17.6254,37.6333
2019-05-19 12-10-57,441,17.5888,37.62
2019-05-19 12-10-59,441,17.6071,37.62
2019-05-19 12-11-01,441,17.5919,37.6333
2019-05-19 12-11-03,441,17.5919,37.6333
2019-05-19 12-11-05,441,17.569,37.5906
2019-05-19 12-11-07,441,17.5919,37.6333
2019-05-19 12-11-11,440,17.6071,37.6066
2019-05-19 12-11-13,440,17.6239,37.6066
2019-05-19 12-11-15,440,17.6437,37.6333
2019-05-19 12-11-17,440,17.6254,37.62
2019-05-19 12-11-19,440,17.5339,37.62
2019-05-19 12-11-21,440,17.6102,37.6467
2019-05-19 12-11-23,440,17.6071,37.6333
2019-05-19 12-11-25,440,17.5888,37.62
2019-05-19 12-11-29,440,17.5339,37.62
2019-05-19 12-11-31,440,17.6071,37.62
2019-05-19 12-11-33,439,17.6071,37.6066
2019-05-19 12-11-35,439,17.6071,37.6066
2019-05-19 12-11-37,439,17.5919,37.6333
2019-05-19 12-11-39,438,17.6071,37.6066
2019-05-19 12-11-41,438,17.569,37.6066
2019-05-19 12-11-43,437,17.6071,37.6333
2019-05-19 12-11-47,437,17.6254,37.6467
2019-05-19 12-11-49,437,17.5919,37.6627
2019-05-19 12-11-51,438,17.5919,37.6467
2019-05-19 12-11-53,438,17.5369,37.6627
2019-05-19 12-11-55,438,17.5186,37.6467
2019-05-19 12-11-57,438,17.5201,37.6627
2019-05-19 12-11-59,438,17.5201,37.676
2019-05-19 12-12-01,438,17.5552,37.676
2019-05-19 12-12-05,438,17.5369,37.6627
2019-05-19 12-12-07,437,17.5385,37.676
2019-05-19 12-12-09,438,17.5018,37.676
2019-05-19 12-12-11,438,17.5552,37.676
2019-05-19 12-12-13,438,17.5018,37.6627
2019-05-19 12-12-15,438,17.5018,37.6627
2019-05-19 12-12-17,437,17.5522,37.6467
2019-05-19 12-12-19,438,17.5201,37.6627
2019-05-19 12-12-23,438,17.5369,37.6467
2019-05-19 12-12-25,438,17.5369,37.6627
2019-05-19 12-12-27,438,17.5339,37.6333
2019-05-19 12-12-29,438,17.5705,37.6333
2019-05-19 12-12-31,438,17.5201,37.6627
2019-05-19 12-12-33,438,17.5339,37.6333
2019-05-19 12-12-35,438,17.5522,37.6467
2019-05-19 12-12-39,438,17.5705,37.6467
2019-05-19 12-12-41,438,17.5201,37.6894
2019-05-19 12-12-43,438,17.5522,37.62
2019-05-19 12-12-45,437,17.6071,37.6066
2019-05-19 12-12-47,438,17.569,37.62
2019-05-19 12-12-49,438,17.6239,37.6066
2019-05-19 12-12-51,438,17.5339,37.6066
2019-05-19 12-12-53,438,17.5888,37.6066
2019-05-19 12-12-57,438,17.6071,37.62
2019-05-19 12-12-59,437,17.5919,37.6333
2019-05-19 12-13-01,437,17.5705,37.6627
2019-05-19 12-13-03,437,17.5919,37.6467
2019-05-19 12-13-05,437,17.5369,37.6467
2019-05-19 12-13-07,437,17.5705,37.6467
2019-05-19 12-13-09,438,17.5522,37.6467
2019-05-19 12-13-11,438,17.5705,37.6467
2019-05-19 12-13-15,438,17.5522,37.6333
2019-05-19 12-13-17,438,17.5705,37.6467
2019-05-19 12-13-19,438,17.5934,37.676
2019-05-19 12-13-21,438,17.5049,37.6894
2019-05-19 12-13-24,437,17.5385,37.676
2019-05-19 12-13-26,438,17.5201,37.6894
2019-05-19 12-13-28,438,17.5735,37.6894
2019-05-19 12-13-30,438,17.5385,37.6894
2019-05-19 12-13-34,438,17.4866,37.6894
2019-05-19 12-13-36,438,17.5247,37.7455
2019-05-19 12-13-38,437,17.5415,37.7321
2019-05-19 12-13-40,437,17.4881,37.7188
2019-05-19 12-13-42,438,17.5232,37.7028
2019-05-19 12-13-44,437,17.4866,37.6894
2019-05-19 12-13-46,437,17.5415,37.7188
2019-05-19 12-13-48,438,17.4698,37.7028
2019-05-19 12-13-52,437,17.5385,37.7028
2019-05-19 12-13-54,438,17.5385,37.676
2019-05-19 12-13-56,438,17.5201,37.6894
2019-05-19 12-13-58,438,17.5385,37.6894
2019-05-19 12-14-00,438,17.5385,37.676
2019-05-19 12-14-02,438,17.5049,37.6894
2019-05-19 12-14-04,438,17.5049,37.7028
2019-05-19 12-14-08,438,17.5201,37.6894
2019-05-19 12-14-10,438,17.5201,37.6627
2019-05-19 12-14-12,438,17.4866,37.6894
2019-05-19 12-14-14,438,17.5552,37.6627
2019-05-19 12-14-16,439,17.5018,37.676
2019-05-19 12-14-18,438,17.5369,37.6627
2019-05-19 12-14-20,437,17.5232,37.7028
2019-05-19 12-14-22,438,17.5552,37.676
2019-05-19 12-14-26,437,17.5552,37.676
2019-05-19 12-14-28,437,17.5385,37.676
2019-05-19 12-14-30,437,17.5552,37.676
2019-05-19 12-14-32,437,17.5568,37.7188
2019-05-19 12-14-34,436,17.5598,37.7455
2019-05-19 12-14-36,436,17.5064,37.7455
2019-05-19 12-14-38,436,17.4911,37.7749
2019-05-19 12-14-40,436,17.4728,37.7455
2019-05-19 12-14-44,436,17.4728,37.7455
2019-05-19 12-14-46,437,17.4911,37.7615
2019-05-19 12-14-48,437,17.4377,37.7615
2019-05-19 12-14-50,437,17.4744,37.7749
2019-05-19 12-14-52,437,17.4179,37.7749
2019-05-19 12-14-54,437,17.4561,37.7749
2019-05-19 12-14-56,437,17.4362,37.7455
2019-05-19 12-14-58,438,17.3996,37.7615
2019-05-19 12-15-02,438,17.4545,37.7455
2019-05-19 12-15-04,437,17.4179,37.7615
2019-05-19 12-15-06,437,17.4911,37.7615
2019-05-19 12-15-08,437,17.3996,37.7455
2019-05-19 12-15-10,437,17.4545,37.7455
2019-05-19 12-15-12,437,17.4179,37.7615
2019-05-19 12-15-14,436,17.4728,37.7455
2019-05-19 12-15-16,435,17.4911,37.7615
2019-05-19 12-15-20,435,17.4179,37.7455
2019-05-19 12-15-22,436,17.4515,37.7028
2019-05-19 12-15-24,437,17.5049,37.7188
2019-05-19 12-15-26,436,17.4515,37.7028
2019-05-19 12-15-28,436,17.4881,37.7321
2019-05-19 12-15-30,436,17.5049,37.7028
2019-05-19 12-15-32,436,17.4698,37.7188
2019-05-19 12-15-36,436,17.4545,37.7321
2019-05-19 12-15-38,437,17.4911,37.7615
2019-05-19 12-15-40,437,17.4881,37.7321
2019-05-19 12-15-42,437,17.4698,37.7188
2019-05-19 12-15-44,437,17.5049,37.7188
2019-05-19 12-15-46,437,17.5064,37.7321
2019-05-19 12-15-48,437,17.4866,37.6894
2019-05-19 12-15-50,437,17.4698,37.7188
2019-05-19 12-15-54,437,17.5049,37.6894
2019-05-19 12-15-56,437,17.4332,37.7028
2019-05-19 12-15-58,438,17.5232,37.7028
2019-05-19 12-16-00,438,17.4683,37.676
2019-05-19 12-16-02,439,17.4866,37.676
2019-05-19 12-16-04,439,17.5201,37.6627
2019-05-19 12-16-06,438,17.5201,37.6627
2019-05-19 12-16-08,437,17.5201,37.676
2019-05-19 12-16-12,437,17.4866,37.7028
2019-05-19 12-16-14,437,17.5735,37.6894
2019-05-19 12-16-16,437,17.5201,37.676
2019-05-19 12-16-18,437,17.4683,37.676
2019-05-19 12-16-20,437,17.5568,37.6894
2019-05-19 12-16-22,437,17.4835,37.6627
2019-05-19 12-16-24,437,17.5568,37.6894
2019-05-19 12-16-26,437,17.4835,37.6467
2019-05-19 12-16-30,437,17.5369,37.6627
2019-05-19 12-16-32,438,17.5186,37.6467
2019-05-19 12-16-34,439,17.6071,37.62
2019-05-19 12-16-36,439,17.5522,37.6333
2019-05-19 12-16-38,439,17.5003,37.6333
2019-05-19 12-16-40,440,17.5003,37.6066
2019-05-19 12-16-42,440,17.569,37.6066
2019-05-19 12-16-44,441,17.6239,37.5772
2019-05-19 12-16-48,440,17.6208,37.5505
2019-05-19 12-16-50,440,17.6559,37.5505
2019-05-19 12-16-52,440,17.6895,37.5345
2019-05-19 12-16-54,440,17.6208,37.5639
2019-05-19 12-16-56,440,17.5323,37.5772
2019-05-19 12-16-58,440,17.6056,37.5906
2019-05-19 12-17-00,440,17.569,37.6066
2019-05-19 12-17-04,440,17.6422,37.62
2019-05-19 12-17-06,440,17.6239,37.5906
2019-05-19 12-17-08,440,17.5888,37.6066
2019-05-19 12-17-10,440,17.6239,37.6066
2019-05-19 12-17-12,440,17.569,37.5906
2019-05-19 12-17-14,440,17.6071,37.6066
2019-05-19 12-17-16,440,17.5888,37.5906
2019-05-19 12-17-18,441,17.6239,37.5772
2019-05-19 12-17-22,441,17.6392,37.5772
2019-05-19 12-17-24,442,17.6239,37.5772
2019-05-19 12-17-26,442,17.6254,37.62
2019-05-19 12-17-28,441,17.569,37.5906
2019-05-19 12-17-30,442,17.6392,37.5772
2019-05-19 12-17-32,442,17.6743,37.5639
2019-05-19 12-17-34,442,17.5873,37.5639
2019-05-19 12-17-36,441,17.6376,37.5212
2019-05-19 12-17-40,442,17.7246,37.5345
2019-05-19 12-17-42,441,17.6163,37.4918
2019-05-19 12-17-44,441,17.6346,37.4918
2019-05-19 12-17-46,440,17.688,37.5051
2019-05-19 12-17-48,440,17.6712,37.5345
2019-05-19 12-17-50,440,17.7078,37.5345
2019-05-19 12-17-52,440,17.6712,37.5345
2019-05-19 12-17-54,439,17.601,37.5212
2019-05-19 12-17-58,440,17.7246,37.5345
2019-05-19 12-18-00,439,17.6376,37.5212
2019-05-19 12-18-02,439,17.6712,37.5212
2019-05-19 12-18-04,439,17.6559,37.5505
2019-05-19 12-18-06,439,17.6193,37.5345
2019-05-19 12-18-08,439,17.6559,37.5505
2019-05-19 12-18-10,439,17.601,37.5212
2019-05-19 12-18-14,438,17.6208,37.5505
2019-05-19 12-18-16,439,17.6529,37.5212
2019-05-19 12-18-18,439,17.6376,37.5505
2019-05-19 12-18-20,440,17.6376,37.5212
2019-05-19 12-18-22,439,17.6025,37.5345
2019-05-19 12-18-24,440,17.7429,37.4918
2019-05-19 12-18-27,441,17.7246,37.5051
2019-05-19 12-18-29,440,17.7399,37.4491
2019-05-19 12-18-33,440,17.7399,37.4491
2019-05-19 12-18-35,440,17.7017,37.4491
2019-05-19 12-18-37,438,17.6651,37.4197
2019-05-19 12-18-39,438,17.7399,37.4624
2019-05-19 12-18-41,439,17.7017,37.4491
2019-05-19 12-18-43,440,17.6666,37.4491
2019-05-19 12-18-45,441,17.7719,37.4063
2019-05-19 12-18-47,441,17.7032,37.4624
2019-05-19 12-18-51,441,17.7399,37.4357
2019-05-19 12-18-53,440,17.7399,37.4624
2019-05-19 12-18-55,441,17.7902,37.4063
2019-05-19 12-18-57,441,17.7353,37.3636
2019-05-19 12-18-59,442,17.8223,37.3503
2019-05-19 12-19-01,440,17.8207,37.3369
2019-05-19 12-19-03,439,17.7521,37.3636
2019-05-19 12-19-05,440,17.7887,37.3796
2019-05-19 12-19-09,440,17.7536,37.393
2019-05-19 12-19-11,442,17.7719,37.3796
2019-05-19 12-19-13,442,17.7887,37.3636
2019-05-19 12-19-15,443,17.6987,37.4063
2019-05-19 12-19-17,442,17.7353,37.3636
2019-05-19 12-19-19,443,17.7155,37.3796
2019-05-19 12-19-21,442,17.7353,37.3796
2019-05-19 12-19-23,441,17.6987,37.3796
2019-05-19 12-19-27,440,17.7536,37.3796
2019-05-19 12-19-29,440,17.7887,37.3796
2019-05-19 12-19-31,440,17.807,37.3796
2019-05-19 12-19-33,440,17.717,37.393
2019-05-19 12-19-35,440,17.807,37.393
2019-05-19 12-19-37,440,17.7567,37.4063
2019-05-19 12-19-39,439,17.7383,37.4197
2019-05-19 12-19-43,439,17.7155,37.3796
2019-05-19 12-19-45,439,17.7383,37.4197
2019-05-19 12-19-47,438,17.717,37.4063
2019-05-19 12-19-49,437,17.72,37.4491
2019-05-19 12-19-51,437,17.7032,37.4758
2019-05-19 12-19-53,437,17.7582,37.4624
2019-05-19 12-19-55,437,17.6163,37.4624
2019-05-19 12-19-57,437,17.688,37.4758
2019-05-19 12-20-01,438,17.7063,37.4918
2019-05-19 12-20-03,438,17.6712,37.5212
2019-05-19 12-20-05,437,17.6193,37.5345
2019-05-19 12-20-07,437,17.6559,37.5505
2019-05-19 12-20-09,436,17.6559,37.5639
2019-05-19 12-20-11,436,17.569,37.5906
2019-05-19 12-20-13,436,17.5888,37.5906
2019-05-19 12-20-15,436,17.5888,37.5906
2019-05-19 12-20-19,436,17.6071,37.6333
2019-05-19 12-20-21,436,17.5522,37.6467
2019-05-19 12-20-23,436,17.5018,37.676
2019-05-19 12-20-25,437,17.5568,37.6894
2019-05-19 12-20-27,437,17.5232,37.7028
2019-05-19 12-20-29,437,17.4866,37.7028
2019-05-19 12-20-31,438,17.4683,37.6894
2019-05-19 12-20-33,438,17.4362,37.7188
2019-05-19 12-20-37,439,17.4698,37.7321
2019-05-19 12-20-39,439,17.4698,37.7188
2019-05-19 12-20-41,439,17.5049,37.7188
2019-05-19 12-20-43,438,17.4515,37.7028
2019-05-19 12-20-45,438,17.4683,37.676
2019-05-19 12-20-47,438,17.4866,37.676
2019-05-19 12-20-49,438,17.5369,37.6627
2019-05-19 12-20-53,438,17.5339,37.62
2019-05-19 12-20-55,438,17.5888,37.62
2019-05-19 12-20-57,438,17.4973,37.5906
2019-05-19 12-20-59,438,17.4973,37.5906
2019-05-19 12-21-01,438,17.569,37.6066
2019-05-19 12-21-03,438,17.5873,37.5772
2019-05-19 12-21-05,438,17.5888,37.5906
2019-05-19 12-21-07,438,17.5323,37.5906
2019-05-19 12-21-11,437,17.5507,37.5772
2019-05-19 12-21-13,436,17.5659,37.5639
2019-05-19 12-21-15,436,17.5476,37.5639
2019-05-19 12-21-17,436,17.5507,37.5772
2019-05-19 12-21-19,436,17.5476,37.5505
2019-05-19 12-21-21,437,17.569,37.5906
2019-05-19 12-21-23,437,17.6025,37.5505
2019-05-19 12-21-25,437,17.5842,37.5345
2019-05-19 12-21-29,437,17.6208,37.5505
2019-05-19 12-21-31,436,17.6376,37.5212
2019-05-19 12-21-33,436,17.6193,37.5212
2019-05-19 12-21-35,436,17.6529,37.5051
2019-05-19 12-21-37,437,17.6346,37.5051
2019-05-19 12-21-39,437,17.6895,37.5212
2019-05-19 12-21-41,436,17.6529,37.5051
2019-05-19 12-21-43,436,17.6376,37.5212
2019-05-19 12-21-47,436,17.6025,37.5345
2019-05-19 12-21-49,436,17.6025,37.5505
2019-05-19 12-21-51,436,17.601,37.5212
2019-05-19 12-21-53,435,17.5842,37.5212
2019-05-19 12-21-55,435,17.6193,37.5345
2019-05-19 12-21-57,435,17.601,37.5212
2019-05-19 12-21-59,436,17.601,37.5051
2019-05-19 12-22-03,437,17.6529,37.4918
2019-05-19 12-22-05,437,17.688,37.4758
2019-05-19 12-22-07,437,17.6697,37.4918
2019-05-19 12-22-09,437,17.6163,37.4758
2019-05-19 12-22-11,437,17.6514,37.4758
2019-05-19 12-22-13,437,17.6712,37.5051
2019-05-19 12-22-15,436,17.688,37.5051
2019-05-19 12-22-17,436,17.6376,37.5212
2019-05-19 12-22-21,436,17.6743,37.5505
2019-05-19 12-22-23,436,17.6376,37.5345
2019-05-19 12-22-25,437,17.6193,37.5212
2019-05-19 12-22-27,436,17.6743,37.5639
2019-05-19 12-22-29,437,17.5476,37.5639
2019-05-19 12-22-31,437,17.5873,37.5772
2019-05-19 12-22-33,437,17.6056,37.5772
2019-05-19 12-22-35,437,17.5522,37.6333
2019-05-19 12-22-39,436,17.5705,37.6627
2019-05-19 12-22-41,435,17.5186,37.62
2019-05-19 12-22-43,436,17.5018,37.6467
2019-05-19 12-22-45,436,17.5369,37.6627
2019-05-19 12-22-47,437,17.4683,37.676
2019-05-19 12-22-49,438,17.4683,37.676
2019-05-19 12-22-51,438,17.4866,37.7028
2019-05-19 12-22-55,439,17.4332,37.6894
2019-05-19 12-22-57,439,17.5201,37.6627
2019-05-19 12-22-59,439,17.5522,37.6467
2019-05-19 12-23-01,439,17.5201,37.6627
2019-05-19 12-23-03,440,17.4866,37.6894
2019-05-19 12-23-05,439,17.5385,37.7028
2019-05-19 12-23-07,440,17.5201,37.676
2019-05-19 12-23-09,440,17.5049,37.6894
2019-05-19 12-23-13,440,17.5369,37.6467
2019-05-19 12-23-15,440,17.5919,37.6333
2019-05-19 12-23-17,440,17.5385,37.6894
2019-05-19 12-23-19,441,17.5522,37.6467
2019-05-19 12-23-21,440,17.5201,37.6894
2019-05-19 12-23-23,440,17.5049,37.7028
2019-05-19 12-23-25,440,17.4881,37.7188
2019-05-19 12-23-27,440,17.4362,37.7188
2019-05-19 12-23-31,441,17.4698,37.7188
2019-05-19 12-23-33,441,17.4698,37.7188
2019-05-19 12-23-35,441,17.4332,37.7028
2019-05-19 12-23-38,441,17.4866,37.7028
2019-05-19 12-23-40,440,17.5049,37.7188
2019-05-19 12-23-42,441,17.5232,37.7028
2019-05-19 12-23-44,441,17.5232,37.7028
2019-05-19 12-23-46,441,17.5385,37.676
2019-05-19 12-23-50,441,17.5049,37.6894
2019-05-19 12-23-52,440,17.5369,37.6627
2019-05-19 12-23-54,440,17.5201,37.676
2019-05-19 12-23-56,440,17.4683,37.676
2019-05-19 12-23-58,440,17.5201,37.676
2019-05-19 12-24-00,440,17.4698,37.7028
2019-05-19 12-24-02,440,17.5049,37.7028
2019-05-19 12-24-04,441,17.4332,37.7028
2019-05-19 12-24-08,440,17.4698,37.7028
2019-05-19 12-24-10,440,17.4866,37.7028
2019-05-19 12-24-12,438,17.5049,37.7188
2019-05-19 12-24-14,438,17.4698,37.7028
2019-05-19 12-24-16,438,17.4866,37.676
2019-05-19 12-24-18,439,17.4866,37.7028
2019-05-19 12-24-20,439,17.5201,37.676
2019-05-19 12-24-24,439,17.4866,37.676
2019-05-19 12-24-26,439,17.4835,37.6627
2019-05-19 12-24-28,439,17.4866,37.6894
2019-05-19 12-24-30,439,17.4683,37.6627
2019-05-19 12-24-32,439,17.5385,37.7028
2019-05-19 12-24-34,439,17.4835,37.6627
2019-05-19 12-24-36,439,17.5385,37.676
2019-05-19 12-24-38,439,17.5186,37.6333
2019-05-19 12-24-42,439,17.5339,37.6333
2019-05-19 12-24-44,439,17.5369,37.6467
2019-05-19 12-24-46,439,17.482,37.62
2019-05-19 12-24-48,439,17.5156,37.6066
2019-05-19 12-24-50,439,17.5186,37.6333
2019-05-19 12-24-52,439,17.5522,37.6467
2019-05-19 12-24-54,439,17.5003,37.62
2019-05-19 12-24-56,439,17.5522,37.6333
2019-05-19 12-25-00,439,17.4866,37.676
2019-05-19 12-25-02,439,17.5522,37.6467
2019-05-19 12-25-04,439,17.5018,37.6627
2019-05-19 12-25-06,439,17.5339,37.62
2019-05-19 12-25-08,440,17.5888,37.6066
2019-05-19 12-25-10,440,17.5003,37.6066
2019-05-19 12-25-12,439,17.6071,37.6333
2019-05-19 12-25-14,439,17.5705,37.6333
2019-05-19 12-25-18,440,17.5339,37.6066
2019-05-19 12-25-20,440,17.5522,37.6333
2019-05-19 12-25-22,439,17.6254,37.62
2019-05-19 12-25-24,439,17.5339,37.62
2019-05-19 12-25-26,439,17.5522,37.6467
2019-05-19 12-25-28,440,17.5369,37.6467
2019-05-19 12-25-30,440,17.5522,37.6333
2019-05-19 12-25-34,440,17.5186,37.6467
2019-05-19 12-25-36,440,17.5186,37.6467
2019-05-19 12-25-38,440,17.5186,37.6333
2019-05-19 12-25-40,440,17.5018,37.676
2019-05-19 12-25-42,441,17.5018,37.6627
2019-05-19 12-25-44,441,17.5201,37.6627
2019-05-19 12-25-46,441,17.5369,37.6467
2019-05-19 12-25-48,440,17.5705,37.6627
2019-05-19 12-25-52,441,17.5018,37.6627
2019-05-19 12-25-54,441,17.5339,37.62
2019-05-19 12-25-56,442,17.5156,37.6066
2019-05-19 12-25-58,442,17.5888,37.6066
2019-05-19 12-26-00,442,17.5507,37.5906
2019-05-19 12-26-02,442,17.5873,37.5772
2019-05-19 12-26-04,443,17.5659,37.5772
2019-05-19 12-26-06,442,17.5507,37.5772
2019-05-19 12-26-10,441,17.6056,37.5772
2019-05-19 12-26-12,441,17.5873,37.5772
2019-05-19 12-26-14,440,17.5659,37.5772
2019-05-19 12-26-16,441,17.6056,37.5906
2019-05-19 12-26-18,441,17.5873,37.5772
2019-05-19 12-26-20,441,17.5873,37.5639
2019-05-19 12-26-22,441,17.5323,37.5639
2019-05-19 12-26-24,441,17.5644,37.5212
2019-05-19 12-26-28,440,17.6025,37.5505
2019-05-19 12-26-30,440,17.5659,37.5639
2019-05-19 12-26-32,440,17.6376,37.5345
2019-05-19 12-26-34,440,17.6025,37.5345
2019-05-19 12-26-36,440,17.6025,37.5505
2019-05-19 12-26-38,440,17.6376,37.5345
2019-05-19 12-26-40,440,17.6712,37.5212
2019-05-19 12-26-44,440,17.6697,37.4918
2019-05-19 12-26-46,439,17.688,37.4918
2019-05-19 12-26-48,440,17.6346,37.4758
2019-05-19 12-26-50,439,17.7032,37.4758
2019-05-19 12-26-52,439,17.7063,37.4918
2019-05-19 12-26-54,438,17.6712,37.5212
2019-05-19 12-26-56,439,17.6193,37.5051
2019-05-19 12-26-58,439,17.6529,37.5212
2019-05-19 12-27-02,439,17.688,37.5051
2019-05-19 12-27-04,439,17.6529,37.4918
2019-05-19 12-27-06,440,17.6514,37.4758
2019-05-19 12-27-08,440,17.7032,37.4758
2019-05-19 12-27-10,440,17.7399,37.4491
2019-05-19 12-27-12,439,17.775,37.4357
2019-05-19 12-27-14,439,17.7719,37.4063
2019-05-19 12-27-16,439,17.7567,37.4197
2019-05-19 12-27-20,439,17.717,37.4197
2019-05-19 12-27-22,439,17.807,37.393
2019-05-19 12-27-24,438,17.7399,37.4357
2019-05-19 12-27-26,437,17.7582,37.4491
2019-05-19 12-27-28,437,17.7063,37.4918
2019-05-19 12-27-30,437,17.688,37.4758
2019-05-19 12-27-32,437,17.6697,37.4758
2019-05-19 12-27-34,437,17.7032,37.4624
2019-05-19 12-27-38,438,17.7032,37.4624
2019-05-19 12-27-40,438,17.7399,37.4491
2019-05-19 12-27-42,437,17.7429,37.4758
2019-05-19 12-27-44,438,17.7399,37.4357
2019-05-19 12-27-46,438,17.775,37.4491
2019-05-19 12-27-48,436,17.7765,37.4624
2019-05-19 12-27-50,436,17.7582,37.4624
2019-05-19 12-27-54,436,17.7582,37.4624
2019-05-19 12-27-56,436,17.7429,37.4918
2019-05-19 12-27-58,436,17.7795,37.5051
2019-05-19 12-28-00,436,17.7246,37.5051
2019-05-19 12-28-02,436,17.7612,37.4918
2019-05-19 12-28-04,436,17.7765,37.4624
2019-05-19 12-28-06,436,17.775,37.4491
2019-05-19 12-28-08,436,17.7032,37.4624
2019-05-19 12-28-12,437,17.7017,37.4197
2019-05-19 12-28-14,436,17.7399,37.4357
2019-05-19 12-28-16,436,17.8085,37.4197
2019-05-19 12-28-18,436,17.775,37.4357
2019-05-19 12-28-20,436,17.7567,37.4063
2019-05-19 12-28-22,435,17.7902,37.4197
2019-05-19 12-28-24,435,17.7902,37.4197
2019-05-19 12-28-26,434,17.7399,37.4357
2019-05-19 12-28-30,434,17.7567,37.4357
2019-05-19 12-28-32,433,17.72,37.4357
2019-05-19 12-28-34,434,17.7017,37.4357
2019-05-19 12-28-36,435,17.7902,37.4063
2019-05-19 12-28-38,434,17.7887,37.393
2019-05-19 12-28-40,434,17.7719,37.393
2019-05-19 12-28-42,434,17.8436,37.4063
2019-05-19 12-28-47,432,17.8406,37.393
2019-05-19 12-28-49,432,17.7017,37.4197
2019-05-19 12-28-51,431,17.7567,37.4063
2019-05-19 12-28-53,432,17.7902,37.4063
2019-05-19 12-28-55,431,17.8253,37.393
2019-05-19 12-28-57,430,17.8223,37.3796
2019-05-19 12-28-59,429,17.8253,37.393
2019-05-19 12-29-01,429,17.8802,37.393
2019-05-19 12-29-05,431,17.8955,37.393
2019-05-19 12-29-07,431,17.9306,37.3503
2019-05-19 12-29-09,431,17.8574,37.3369
2019-05-19 12-29-11,431,17.894,37.3236
2019-05-19 12-29-13,431,17.9459,37.3369
2019-05-19 12-29-15,431,17.8391,37.3369
2019-05-19 12-29-17,432,17.9092,37.3236
2019-05-19 12-29-19,431,17.8757,37.3236
2019-05-19 12-29-23,430,17.8955,37.3636
2019-05-19 12-29-25,430,17.8406,37.3796
2019-05-19 12-29-27,430,17.807,37.393
2019-05-19 12-29-29,430,17.8436,37.4063
2019-05-19 12-29-31,429,17.8452,37.4491
2019-05-19 12-29-33,429,17.8268,37.4357
2019-05-19 12-29-35,429,17.8116,37.4491
2019-05-19 12-29-39,430,17.775,37.4357
2019-05-19 12-29-41,430,17.6697,37.4624
2019-05-19 12-29-43,430,17.775,37.4491
2019-05-19 12-29-45,430,17.72,37.4491
2019-05-19 12-29-47,430,17.7567,37.4357
2019-05-19 12-29-49,430,17.7765,37.4624
2019-05-19 12-29-51,430,17.6697,37.4758
2019-05-19 12-29-53,432,17.7216,37.4758
2019-05-19 12-29-57,432,17.688,37.5051
2019-05-19 12-29-59,432,17.7612,37.5051
2019-05-19 12-30-01,432,17.6895,37.5212
2019-05-19 12-30-03,432,17.6895,37.5345
2019-05-19 12-30-05,433,17.688,37.5051
2019-05-19 12-30-07,433,17.7628,37.5345
2019-05-19 12-30-09,433,17.7444,37.5212
2019-05-19 12-30-11,433,17.7246,37.5051
2019-05-19 12-30-15,434,17.7246,37.5212
2019-05-19 12-30-17,434,17.7612,37.4918
2019-05-19 12-30-19,435,17.7216,37.4918
2019-05-19 12-30-21,436,17.7765,37.4918
2019-05-19 12-30-23,435,17.72,37.4491
2019-05-19 12-30-25,435,17.7582,37.4758
2019-05-19 12-30-27,435,17.7429,37.4758
2019-05-19 12-30-29,435,17.7582,37.4758
2019-05-19 12-30-33,436,17.7582,37.4758
2019-05-19 12-30-35,435,17.7582,37.4624
2019-05-19 12-30-37,435,17.7582,37.4758
2019-05-19 12-30-39,435,17.7063,37.4918
2019-05-19 12-30-41,434,17.7399,37.4491
2019-05-19 12-30-43,434,17.7582,37.4491
2019-05-19 12-30-45,435,17.8436,37.4197
2019-05-19 12-30-49,435,17.807,37.4063
2019-05-19 12-30-51,435,17.8253,37.4063
2019-05-19 12-30-53,434,17.9489,37.3636
2019-05-19 12-30-55,435,17.8406,37.3636
2019-05-19 12-30-57,434,17.8589,37.393
2019-05-19 12-30-59,434,17.8589,37.3796
2019-05-19 12-31-01,434,17.8589,37.4063
2019-05-19 12-31-03,433,17.8818,37.4197
2019-05-19 12-31-07,433,17.7567,37.4197
2019-05-19 12-31-09,433,17.8085,37.4357
2019-05-19 12-31-11,434,17.7933,37.4491
2019-05-19 12-31-13,434,17.8619,37.4357
2019-05-19 12-31-15,435,17.8253,37.4197
2019-05-19 12-31-17,436,17.8802,37.4063
2019-05-19 12-31-19,435,17.8253,37.4197
2019-05-19 12-31-21,435,17.9123,37.3636
2019-05-19 12-31-25,435,17.8406,37.3796
2019-05-19 12-31-27,436,17.9123,37.3503
2019-05-19 12-31-29,436,17.9092,37.3075
2019-05-19 12-31-31,436,17.9276,37.3075
2019-05-19 12-31-33,436,17.9276,37.3075
2019-05-19 12-31-35,436,17.9626,37.3075
2019-05-19 12-31-37,436,17.9077,37.2808
2019-05-19 12-31-39,436,17.9077,37.2808
2019-05-19 12-31-43,436,17.9764,37.2648
2019-05-19 12-31-45,436,17.9413,37.2515
2019-05-19 12-31-47,436,17.9413,37.2515
2019-05-19 12-31-49,436,17.9581,37.2515
2019-05-19 12-31-51,436,17.9733,37.2248
2019-05-19 12-31-53,436,17.955,37.2087
2019-05-19 12-31-55,436,18.0084,37.182
2019-05-19 12-31-59,435,17.9901,37.1954
2019-05-19 12-32-01,434,17.9733,37.2087
2019-05-19 12-32-03,434,18.0099,37.2515
2019-05-19 12-32-05,434,17.923,37.2381
2019-05-19 12-32-07,433,17.9764,37.2648
2019-05-19 12-32-09,433,17.926,37.2808
2019-05-19 12-32-11,433,17.9443,37.2808
2019-05-19 12-32-13,432,17.9092,37.2942
2019-05-19 12-32-17,432,17.9443,37.2942
2019-05-19 12-32-19,432,17.8909,37.3075
2019-05-19 12-32-21,433,17.9276,37.3075
2019-05-19 12-32-23,434,17.9276,37.3369
2019-05-19 12-32-25,434,17.9123,37.3369
2019-05-19 12-32-27,434,17.9825,37.3503
2019-05-19 12-32-29,434,17.894,37.3369
2019-05-19 12-32-31,434,17.9306,37.3503
2019-05-19 12-32-35,435,17.9672,37.3796
2019-05-19 12-32-37,435,17.9672,37.4063
2019-05-19 12-32-39,435,17.9688,37.4357
2019-05-19 12-32-41,436,17.9184,37.4758
2019-05-19 12-32-43,437,17.8635,37.4758
2019-05-19 12-32-45,437,17.9031,37.4918
2019-05-19 12-32-47,437,17.8864,37.5051
2019-05-19 12-32-51,438,17.8665,37.5212
2019-05-19 12-32-53,438,17.9214,37.5212
2019-05-19 12-32-55,437,17.8894,37.5639
2019-05-19 12-32-57,437,17.923,37.5639
2019-05-19 12-32-59,437,17.9596,37.5772
2019-05-19 12-33-01,438,17.8543,37.62
2019-05-19 12-33-03,439,17.8391,37.6333
2019-05-19 12-33-05,439,17.8391,37.6467
2019-05-19 12-33-09,439,17.8223,37.6627
2019-05-19 12-33-11,439,17.8543,37.6333
2019-05-19 12-33-13,439,17.836,37.6066
2019-05-19 12-33-15,439,17.7856,37.6333
2019-05-19 12-33-17,440,17.8543,37.6333
2019-05-19 12-33-19,440,17.8711,37.6066
2019-05-19 12-33-21,440,17.8711,37.5906
2019-05-19 12-33-23,441,17.8894,37.5772
2019-05-19 12-33-27,441,17.868,37.5505
2019-05-19 12-33-29,441,17.9077,37.5639
2019-05-19 12-33-31,441,17.9077,37.5639
2019-05-19 12-33-33,441,17.9413,37.5639
2019-05-19 12-33-35,441,17.8497,37.5505
2019-05-19 12-33-37,441,17.9214,37.4918
2019-05-19 12-33-39,441,17.9535,37.4758
2019-05-19 12-33-43,441,17.9352,37.4357
2019-05-19 12-33-45,441,18.0054,37.4491
2019-05-19 12-33-47,441,17.9688,37.4357
2019-05-19 12-33-49,441,18.0191,37.4063
2019-05-19 12-33-51,441,18.0191,37.4063
2019-05-19 12-33-53,440,18.045,37.4624
2019-05-19 12-33-55,440,18.0054,37.4491
2019-05-19 12-33-58,439,18.0405,37.4197
2019-05-19 12-34-02,440,17.9855,37.4197
2019-05-19 12-34-04,440,18.0405,37.393
2019-05-19 12-34-06,440,18.0725,37.3636
2019-05-19 12-34-08,440,18.1244,37.3636
2019-05-19 12-34-10,439,18.0725,37.3636
2019-05-19 12-34-12,439,18.1061,37.3503
2019-05-19 12-34-14,439,18.0878,37.3369
2019-05-19 12-34-16,439,18.0908,37.3503
2019-05-19 12-34-20,440,18.1244,37.3636
2019-05-19 12-34-22,440,18.0908,37.3503
2019-05-19 12-34-24,440,18.1061,37.3369
2019-05-19 12-34-26,440,18.1595,37.3369
2019-05-19 12-34-28,439,18.1458,37.393
2019-05-19 12-34-30,439,18.1458,37.393
2019-05-19 12-34-32,439,18.0908,37.3796
2019-05-19 12-34-34,439,18.074,37.4063
2019-05-19 12-34-38,439,18.074,37.393
2019-05-19 12-34-40,439,18.0771,37.4357
2019-05-19 12-34-42,439,18.0222,37.4357
2019-05-19 12-34-44,438,18.042,37.4357
2019-05-19 12-34-46,438,17.9871,37.4624
2019-05-19 12-34-48,438,17.9901,37.4758
2019-05-19 12-34-50,438,17.9901,37.4918
2019-05-19 12-34-52,438,18.0084,37.4918
2019-05-19 12-34-56,438,17.9764,37.5345
2019-05-19 12-34-58,438,18.045,37.4758
2019-05-19 12-35-00,439,17.9901,37.4758
2019-05-19 12-35-02,438,18.0084,37.5051
2019-05-19 12-35-04,439,18.0099,37.5212
2019-05-19 12-35-06,440,17.9718,37.4758
2019-05-19 12-35-08,440,18.045,37.4758
2019-05-19 12-35-12,439,18.0771,37.4491
2019-05-19 12-35-14,440,18.0237,37.4624
2019-05-19 12-35-16,439,18.045,37.4624
2019-05-19 12-35-18,439,17.9871,37.4491
2019-05-19 12-35-20,439,18.0237,37.4624
2019-05-19 12-35-22,439,18.1107,37.4197
2019-05-19 12-35-24,440,18.1091,37.393
2019-05-19 12-35-26,439,18.1595,37.3503
2019-05-19 12-35-30,439,18.1595,37.3369
2019-05-19 12-35-32,439,18.1961,37.3236
2019-05-19 12-35-34,439,18.1961,37.3236
2019-05-19 12-35-36,438,18.248,37.3369
2019-05-19 12-35-38,438,18.2144,37.3236
2019-05-19 12-35-40,438,18.248,37.3369
2019-05-19 12-35-42,437,18.2144,37.3236
2019-05-19 12-35-44,437,18.1961,37.3236
2019-05-19 12-35-48,437,18.1976,37.3503
2019-05-19 12-35-50,437,18.2327,37.3503
2019-05-19 12-35-52,437,18.251,37.3636
2019-05-19 12-35-54,438,18.251,37.3503
2019-05-19 12-35-56,437,18.1778,37.3636
2019-05-19 12-35-58,438,18.1976,37.3636
2019-05-19 12-36-00,438,18.1595,37.3503
2019-05-19 12-36-02,438,18.2144,37.3369
2019-05-19 12-36-06,438,18.1564,37.3236
2019-05-19 12-36-08,438,18.1961,37.3369
2019-05-19 12-36-10,438,18.1961,37.3236
2019-05-19 12-36-12,439,18.2281,37.2942
2019-05-19 12-36-14,439,18.1961,37.3236
2019-05-19 12-36-16,439,18.2648,37.3236
2019-05-19 12-36-18,439,18.2297,37.3236
2019-05-19 12-36-20,439,18.2144,37.3236
2019-05-19 12-36-24,439,18.2297,37.3236
2019-05-19 12-36-26,439,18.1961,37.3236
2019-05-19 12-36-28,440,18.2144,37.3236
2019-05-19 12-36-30,440,18.1915,37.2515
2019-05-19 12-36-32,441,18.2098,37.2648
2019-05-19 12-36-34,441,18.2465,37.2808
2019-05-19 12-36-36,441,18.2968,37.2648
2019-05-19 12-36-40,441,18.2648,37.2942
2019-05-19 12-36-42,441,18.2831,37.3075
2019-05-19 12-36-44,441,18.3014,37.3236
2019-05-19 12-36-46,441,18.2144,37.3236
2019-05-19 12-36-48,441,18.2983,37.2808
2019-05-19 12-36-50,441,18.3304,37.2515
2019-05-19 12-36-52,441,18.3151,37.2808
2019-05-19 12-36-54,441,18.2983,37.2942
2019-05-19 12-36-58,441,18.3167,37.2942
2019-05-19 12-37-00,441,18.3304,37.2648
2019-05-19 12-37-02,441,18.367,37.2381
2019-05-19 12-37-04,441,18.3701,37.2648
2019-05-19 12-37-06,441,18.4021,37.2087
2019-05-19 12-37-08,441,18.4723,37.2515
2019-05-19 12-37-10,441,18.3884,37.2808
2019-05-19 12-37-12,441,18.4067,37.2808
2019-05-19 12-37-16,441,18.3884,37.2942
2019-05-19 12-37-18,441,18.3899,37.3369
2019-05-19 12-37-20,442,18.3578,37.3796
2019-05-19 12-37-22,441,18.4296,37.3796
2019-05-19 12-37-24,442,18.3075,37.4357
2019-05-19 12-37-26,442,18.3807,37.4491
2019-05-19 12-37-28,442,18.3624,37.4357
2019-05-19 12-37-30,443,18.3075,37.4357
2019-05-19 12-37-34,444,18.2892,37.4357
2019-05-19 12-37-36,444,18.2709,37.4197
2019-05-19 12-37-38,445,18.2877,37.393
2019-05-19 12-37-40,445,18.3197,37.3369
2019-05-19 12-37-42,446,18.3014,37.3369
2019-05-19 12-37-44,446,18.3014,37.3236
2019-05-19 12-37-46,446,18.2983,37.2942
2019-05-19 12-37-50,446,18.3533,37.2942
2019-05-19 12-37-52,446,18.2983,37.3075
2019-05-19 12-37-54,446,18.3334,37.2942
2019-05-19 12-37-56,445,18.3014,37.3236
2019-05-19 12-37-58,445,18.3197,37.3369
2019-05-19 12-38-00,445,18.335,37.3075
2019-05-19 12-38-02,444,18.335,37.3369
2019-05-19 12-38-04,444,18.338,37.3503
2019-05-19 12-38-08,443,18.338,37.3503
2019-05-19 12-38-10,443,18.3197,37.3503
2019-05-19 12-38-12,443,18.3014,37.3503
2019-05-19 12-38-14,443,18.338,37.3796
2019-05-19 12-38-16,443,18.2877,37.3796
2019-05-19 12-38-18,445,18.2327,37.3503
2019-05-19 12-38-20,444,18.2343,37.393
2019-05-19 12-38-22,444,18.1976,37.3796
2019-05-19 12-38-26,444,18.2877,37.3796
2019-05-19 12-38-28,444,18.2846,37.3636
2019-05-19 12-38-30,443,18.338,37.3636
2019-05-19 12-38-32,443,18.251,37.3636
2019-05-19 12-38-34,442,18.2709,37.4063
2019-05-19 12-38-36,442,18.2892,37.4197
2019-05-19 12-38-38,443,18.2892,37.4197
2019-05-19 12-38-40,442,18.2022,37.4491
2019-05-19 12-38-44,443,18.1473,37.4491
2019-05-19 12-38-46,443,18.2236,37.4918
2019-05-19 12-38-48,443,18.1137,37.4624
2019-05-19 12-38-50,444,18.0634,37.4758
2019-05-19 12-38-52,444,18.0786,37.4758
2019-05-19 12-38-54,444,18.0237,37.4758
2019-05-19 12-38-56,444,17.9733,37.5051
2019-05-19 12-38-58,444,17.9901,37.4918
2019-05-19 12-39-02,445,18.0084,37.5051
2019-05-19 12-39-04,445,18.0786,37.4758
2019-05-19 12-39-07,444,18.0817,37.5051
2019-05-19 12-39-09,443,18.0267,37.5212
2019-05-19 12-39-11,444,18.0237,37.4918
2019-05-19 12-39-13,445,18.0634,37.4918
2019-05-19 12-39-15,445,18.0954,37.4624
2019-05-19 12-39-19,445,18.2053,37.4918
2019-05-19 12-39-21,445,18.1839,37.4918
2019-05-19 12-39-23,445,18.1458,37.4197
2019-05-19 12-39-25,444,18.132,37.4624
2019-05-19 12-39-27,443,18.1473,37.4491
2019-05-19 12-39-29,443,18.1137,37.4758
2019-05-19 12-39-31,443,18.0786,37.4758
2019-05-19 12-39-33,443,18.132,37.4624
2019-05-19 12-39-37,443,18.0954,37.4624
2019-05-19 12-39-39,443,18.045,37.4758
2019-05-19 12-39-41,443,18.045,37.4758
2019-05-19 12-39-43,444,18.0267,37.5051
2019-05-19 12-39-45,444,18.0237,37.4918
2019-05-19 12-39-47,444,18.0237,37.4624
2019-05-19 12-39-49,444,18.045,37.4758
2019-05-19 12-39-51,444,18.0634,37.5051
2019-05-19 12-39-55,443,18.0634,37.4918
2019-05-19 12-39-57,443,18.0267,37.5051
2019-05-19 12-39-59,443,18.0634,37.5051
2019-05-19 12-40-01,443,18.0634,37.4918
2019-05-19 12-40-03,443,18.042,37.4491
2019-05-19 12-40-05,443,17.9855,37.4063
2019-05-19 12-40-07,443,18.0954,37.4357
2019-05-19 12-40-09,443,18.0786,37.4624
2019-05-19 12-40-13,443,18.0771,37.4491
2019-05-19 12-40-15,443,18.0969,37.4758
2019-05-19 12-40-17,443,18.042,37.4491
2019-05-19 12-40-19,443,18.1839,37.4624
2019-05-19 12-40-21,443,18.0786,37.4624
2019-05-19 12-40-23,443,18.0954,37.4624
2019-05-19 12-40-25,443,18.0954,37.4624
2019-05-19 12-40-27,443,18.0771,37.4491
2019-05-19 12-40-31,443,18.0603,37.4624
2019-05-19 12-40-33,443,18.1137,37.4491
2019-05-19 12-40-35,443,18.0954,37.4491
2019-05-19 12-40-37,443,18.045,37.4624
2019-05-19 12-40-39,444,18.0603,37.4624
2019-05-19 12-40-41,444,18.0222,37.4491
2019-05-19 12-40-43,444,17.9871,37.4491
2019-05-19 12-40-47,443,17.9871,37.4624
2019-05-19 12-40-49,443,17.9718,37.4624
2019-05-19 12-40-51,443,17.9535,37.4624
2019-05-19 12-40-53,443,17.9535,37.4624
2019-05-19 12-40-55,444,17.9184,37.4758
2019-05-19 12-40-57,445,17.9367,37.4624
2019-05-19 12-40-59,445,18.0222,37.4357
2019-05-19 12-41-01,446,17.9871,37.4491
2019-05-19 12-41-05,447,17.9855,37.4197
2019-05-19 12-41-07,448,18.0222,37.4197
2019-05-19 12-41-09,448,18.0405,37.4197
2019-05-19 12-41-11,449,18.0603,37.4491
2019-05-19 12-41-13,450,18.0954,37.4624
2019-05-19 12-41-15,449,18.042,37.4357
2019-05-19 12-41-17,449,18.1458,37.4197
2019-05-19 12-41-19,449,18.1274,37.4063
2019-05-19 12-41-23,450,18.1976,37.3796
2019-05-19 12-41-25,449,18.1976,37.3503
2019-05-19 12-41-27,449,18.3014,37.3369
2019-05-19 12-41-29,447,18.3167,37.3075
2019-05-19 12-41-31,447,18.2831,37.3236
2019-05-19 12-41-33,446,18.3563,37.3369
2019-05-19 12-41-35,446,18.3197,37.3503
2019-05-19 12-41-37,446,18.3197,37.3369
2019-05-19 12-41-41,446,18.2663,37.3369
2019-05-19 12-41-43,445,18.251,37.3503
2019-05-19 12-41-45,446,18.3014,37.3369
2019-05-19 12-41-47,447,18.335,37.3236
2019-05-19 12-41-49,447,18.338,37.3503
2019-05-19 12-41-51,446,18.2846,37.3636
2019-05-19 12-41-53,445,18.2709,37.4197
2019-05-19 12-41-57,446,18.2526,37.4197
2019-05-19 12-41-59,447,18.2526,37.4197
2019-05-19 12-42-01,447,18.2556,37.4357
2019-05-19 12-42-03,448,18.1824,37.4357
2019-05-19 12-42-05,448,18.2526,37.393
2019-05-19 12-42-07,448,18.161,37.3796
2019-05-19 12-42-09,448,18.2877,37.393
2019-05-19 12-42-11,448,18.251,37.3636
2019-05-19 12-42-15,449,18.251,37.3503
2019-05-19 12-42-17,448,18.2846,37.3503
2019-05-19 12-42-19,446,18.2663,37.3503
2019-05-19 12-42-21,446,18.251,37.3796
2019-05-19 12-42-23,445,18.2159,37.393
2019-05-19 12-42-25,445,18.2556,37.4491
2019-05-19 12-42-27,445,18.1641,37.4197
2019-05-19 12-42-29,445,18.2205,37.4624
2019-05-19 12-42-33,445,18.2053,37.4758
2019-05-19 12-42-35,445,18.2205,37.4758
2019-05-19 12-42-37,446,18.187,37.5051
2019-05-19 12-42-39,445,18.1503,37.4918
2019-05-19 12-42-41,444,18.2205,37.4758
2019-05-19 12-42-43,443,18.2053,37.4758
2019-05-19 12-42-45,443,18.2236,37.5051
2019-05-19 12-42-47,444,18.3105,37.5051
2019-05-19 12-42-51,445,18.2571,37.5051
2019-05-19 12-42-53,445,18.2571,37.4918
2019-05-19 12-42-55,445,18.1656,37.4758
2019-05-19 12-42-57,445,18.1839,37.4918
2019-05-19 12-42-59,445,18.187,37.5051
2019-05-19 12-43-01,445,18.1503,37.5051
2019-05-19 12-43-03,444,18.2251,37.5212
2019-05-19 12-43-07,445,18.187,37.5212
2019-05-19 12-43-09,445,18.132,37.4758
2019-05-19 12-43-11,445,18.132,37.4918
2019-05-19 12-43-13,445,18.1686,37.4918
2019-05-19 12-43-15,445,18.1839,37.4758
2019-05-19 12-43-17,446,18.2419,37.4918
2019-05-19 12-43-19,446,18.2205,37.4624
2019-05-19 12-43-21,446,18.2022,37.4491
2019-05-19 12-43-25,446,18.1641,37.4197
2019-05-19 12-43-27,446,18.129,37.4357
2019-05-19 12-43-29,447,18.1793,37.4197
2019-05-19 12-43-31,447,18.219,37.4063
2019-05-19 12-43-33,448,18.2709,37.4197
2019-05-19 12-43-35,448,18.251,37.3796
2019-05-19 12-43-37,448,18.1458,37.4063
2019-05-19 12-43-39,448,18.2159,37.3796
2019-05-19 12-43-43,448,18.2343,37.4063
2019-05-19 12-43-45,447,18.2556,37.4357
2019-05-19 12-43-47,446,18.2373,37.4491
2019-05-19 12-43-49,446,18.2556,37.4491
2019-05-19 12-43-51,446,18.2892,37.4357
2019-05-19 12-43-53,447,18.2571,37.4758
2019-05-19 12-43-55,447,18.2205,37.4624
2019-05-19 12-43-57,449,18.2236,37.5051
2019-05-19 12-44-01,450,18.2022,37.4624
2019-05-19 12-44-03,451,18.1839,37.4624
2019-05-19 12-44-05,453,18.1473,37.4624
2019-05-19 12-44-07,454,18.2373,37.4197
2019-05-19 12-44-09,456,18.2007,37.4197
2019-05-19 12-44-12,456,18.2022,37.4491
2019-05-19 12-44-14,453,18.1824,37.4491
2019-05-19 12-44-18,453,18.1656,37.4624
2019-05-19 12-44-20,455,18.2205,37.4491
2019-05-19 12-44-22,452,18.1503,37.5051
2019-05-19 12-44-24,453,18.2053,37.4918
2019-05-19 12-44-26,455,18.2419,37.4918
2019-05-19 12-44-28,454,18.1686,37.4918
2019-05-19 12-44-30,455,18.2068,37.5051
2019-05-19 12-44-32,457,18.1839,37.4758
2019-05-19 12-44-36,458,18.1686,37.5051
2019-05-19 12-44-38,458,18.1335,37.5212
2019-05-19 12-44-40,458,18.1,37.5051
2019-05-19 12-44-42,459,18.1335,37.5051
2019-05-19 12-44-44,459,18.1335,37.5212
2019-05-19 12-44-46,458,18.0634,37.5051
2019-05-19 12-44-48,459,18.1,37.5051
2019-05-19 12-44-50,459,18.1503,37.5051
2019-05-19 12-44-54,458,18.1335,37.5345
2019-05-19 12-44-56,456,18.1183,37.5345
2019-05-19 12-44-58,457,18.1183,37.5505
2019-05-19 12-45-00,457,18.0862,37.5772
2019-05-19 12-45-02,456,18.0862,37.5906
2019-05-19 12-45-04,457,18.0878,37.62
2019-05-19 12-45-06,456,18.0862,37.6066
2019-05-19 12-45-08,457,18.0862,37.6066
2019-05-19 12-45-12,458,18.0862,37.6066
2019-05-19 12-45-14,457,18.0862,37.5906
2019-05-19 12-45-16,458,18.0862,37.5772
2019-05-19 12-45-18,460,18.0511,37.6066
2019-05-19 12-45-20,459,18.0862,37.5772
2019-05-19 12-45-22,459,18.1732,37.5772
2019-05-19 12-45-24,459,18.1198,37.5639
2019-05-19 12-45-26,460,18.1366,37.5639
2019-05-19 12-45-30,461,18.1366,37.5505
2019-05-19 12-45-32,460,18.1686,37.5212
2019-05-19 12-45-34,460,18.2251,37.5212
2019-05-19 12-45-36,460,18.2236,37.4918
2019-05-19 12-45-38,460,18.2022,37.4624
2019-05-19 12-45-40,461,18.3075,37.4357
2019-05-19 12-45-42,461,18.2526,37.393
2019-05-19 12-45-46,460,18.2648,37.3236
2019-05-19 12-45-48,458,18.335,37.3236
2019-05-19 12-45-50,458,18.335,37.3236
2019-05-19 12-45-52,457,18.3899,37.3236
2019-05-19 12-45-54,457,18.3716,37.3236
2019-05-19 12-45-56,457,18.3578,37.3636
2019-05-19 12-45-58,456,18.3762,37.3796
2019-05-19 12-46-00,455,18.3395,37.4197
2019-05-19 12-46-04,456,18.3395,37.4197
2019-05-19 12-46-06,455,18.3395,37.4197
2019-05-19 12-46-08,456,18.3212,37.393
2019-05-19 12-46-10,456,18.3578,37.3796
2019-05-19 12-46-12,457,18.3197,37.3503
2019-05-19 12-46-14,457,18.3533,37.2942
2019-05-19 12-46-16,457,18.4402,37.2808
2019-05-19 12-46-18,458,18.4525,37.1954
2019-05-19 12-46-22,458,18.5074,37.182
2019-05-19 12-46-24,458,18.4677,37.1687
2019-05-19 12-46-26,458,18.5211,37.0966
2019-05-19 12-46-28,457,18.6035,37.0378
2019-05-19 12-46-30,455,18.5852,37.0111
2019-05-19 12-46-32,454,18.6584,37.0245
2019-05-19 12-46-34,453,18.692,37.0245
2019-05-19 12-46-36,455,18.7271,37.0245
2019-05-19 12-46-40,454,18.6737,36.9978
2019-05-19 12-46-42,453,18.6401,36.9978
2019-05-19 12-46-44,454,18.6905,36.9684
2019-05-19 12-46-46,453,18.6691,36.9257
2019-05-19 12-46-48,452,18.7744,36.9257
2019-05-19 12-46-50,452,18.7561,36.9257
2019-05-19 12-46-52,451,18.7057,36.9551
2019-05-19 12-46-56,450,18.7775,36.9551
2019-05-19 12-46-58,450,18.7592,36.9551
2019-05-19 12-47-00,448,18.692,36.9978
2019-05-19 12-47-02,447,18.7088,37.0111
2019-05-19 12-47-04,446,18.6584,37.0378
2019-05-19 12-47-06,446,18.605,37.0832
2019-05-19 12-47-08,446,18.6462,37.1393
2019-05-19 12-47-10,446,18.5913,37.1393
2019-05-19 12-47-14,446,18.576,37.1527
2019-05-19 12-47-16,447,18.5593,37.182
2019-05-19 12-47-18,448,18.5257,37.182
2019-05-19 12-47-20,450,18.5089,37.2087
2019-05-19 12-47-22,450,18.5257,37.2087
2019-05-19 12-47-24,451,18.4937,37.2515
2019-05-19 12-47-26,453,18.4937,37.2515
2019-05-19 12-47-28,455,18.4937,37.2381
2019-05-19 12-47-32,456,18.5089,37.2087
2019-05-19 12-47-34,455,18.4708,37.2087
2019-05-19 12-47-36,456,18.4906,37.2087
2019-05-19 12-47-38,456,18.512,37.2381
2019-05-19 12-47-40,456,18.4753,37.2648
2019-05-19 12-47-42,456,18.4723,37.2515
2019-05-19 12-47-44,457,18.457,37.2648
2019-05-19 12-47-46,456,18.4723,37.2515
2019-05-19 12-47-50,456,18.4219,37.2808
2019-05-19 12-47-52,456,18.457,37.2808
2019-05-19 12-47-54,456,18.457,37.2808
2019-05-19 12-47-56,455,18.4433,37.3236
2019-05-19 12-47-58,455,18.4433,37.3075
2019-05-19 12-48-00,456,18.4067,37.2942
2019-05-19 12-48-02,457,18.3884,37.2942
2019-05-19 12-48-06,456,18.425,37.3075
2019-05-19 12-48-08,456,18.3899,37.3075
2019-05-19 12-48-10,455,18.4067,37.3075
2019-05-19 12-48-12,455,18.3884,37.2942
2019-05-19 12-48-14,455,18.4082,37.3236
2019-05-19 12-48-16,455,18.4769,37.3236
2019-05-19 12-48-18,456,18.4616,37.3236
2019-05-19 12-48-20,456,18.4982,37.3075
2019-05-19 12-48-24,455,18.4448,37.3503
2019-05-19 12-48-26,455,18.3563,37.3369
2019-05-19 12-48-28,456,18.3746,37.3503
2019-05-19 12-48-30,455,18.3929,37.3503
2019-05-19 12-48-32,456,18.3762,37.3796
2019-05-19 12-48-34,456,18.338,37.3636
2019-05-19 12-48-36,456,18.4265,37.3369
2019-05-19 12-48-38,456,18.4265,37.3503
2019-05-19 12-48-42,455,18.3762,37.393
2019-05-19 12-48-44,455,18.4296,37.3796
2019-05-19 12-48-46,455,18.4128,37.4063
2019-05-19 12-48-48,455,18.3395,37.4197
2019-05-19 12-48-50,455,18.3075,37.4357
2019-05-19 12-48-52,455,18.4296,37.4063
2019-05-19 12-48-54,455,18.3258,37.4491
2019-05-19 12-48-56,455,18.3395,37.4197
2019-05-19 12-49-00,456,18.3578,37.3796
2019-05-19 12-49-02,456,18.3899,37.3369
2019-05-19 12-49-04,457,18.3716,37.3236
2019-05-19 12-49-06,458,18.4433,37.3075
2019-05-19 12-49-08,457,18.4067,37.2808
2019-05-19 12-49-10,457,18.4387,37.2648
2019-05-19 12-49-12,457,18.4937,37.2381
2019-05-19 12-49-16,457,18.4723,37.2248
2019-05-19 12-49-18,457,18.4708,37.1954
2019-05-19 12-49-20,456,18.4891,37.1527
2019-05-19 12-49-22,456,18.6096,37.1527
2019-05-19 12-49-25,455,18.541,37.182
2019-05-19 12-49-27,455,18.5593,37.1954
2019-05-19 12-49-29,454,18.5623,37.2087
2019-05-19 12-49-31,453,18.5303,37.2515
2019-05-19 12-49-35,454,18.5303,37.2808
2019-05-19 12-49-37,454,18.5455,37.2648
2019-05-19 12-49-39,453,18.5135,37.3075
2019-05-19 12-49-41,454,18.5486,37.2942
2019-05-19 12-49-43,454,18.5669,37.2942
2019-05-19 12-49-45,453,18.4586,37.2942
2019-05-19 12-49-47,453,18.4952,37.2808
2019-05-19 12-49-49,453,18.4753,37.2808
2019-05-19 12-49-53,454,18.5135,37.2942
2019-05-19 12-49-55,454,18.4769,37.3075
2019-05-19 12-49-57,454,18.4586,37.2942
2019-05-19 12-49-59,454,18.425,37.3236
2019-05-19 12-50-01,454,18.4616,37.3236
2019-05-19 12-50-03,454,18.4982,37.3075
2019-05-19 12-50-05,454,18.4952,37.2808
2019-05-19 12-50-07,454,18.4937,37.2515
2019-05-19 12-50-11,454,18.5623,37.2381
2019-05-19 12-50-13,454,18.5989,37.2515
2019-05-19 12-50-15,454,18.5989,37.2515
2019-05-19 12-50-17,454,18.4937,37.2381
2019-05-19 12-50-19,453,18.5806,37.2381
2019-05-19 12-50-21,453,18.5776,37.1954
2019-05-19 12-50-23,454,18.5944,37.182
2019-05-19 12-50-25,453,18.6127,37.1687
2019-05-19 12-50-29,453,18.6493,37.1527
2019-05-19 12-50-31,453,18.6493,37.1687
2019-05-19 12-50-33,452,18.6493,37.182
2019-05-19 12-50-35,452,18.6691,37.2248
2019-05-19 12-50-37,452,18.6172,37.2515
2019-05-19 12-50-39,452,18.5822,37.2648
2019-05-19 12-50-41,452,18.5455,37.2515
2019-05-19 12-50-43,453,18.512,37.2515
2019-05-19 12-50-47,453,18.5959,37.2248
2019-05-19 12-50-49,453,18.5806,37.2381
2019-05-19 12-50-51,453,18.5822,37.2648
2019-05-19 12-50-53,453,18.5455,37.2648
2019-05-19 12-50-55,453,18.512,37.2648
2019-05-19 12-50-57,453,18.5303,37.2808
2019-05-19 12-50-59,453,18.4952,37.2648
2019-05-19 12-51-03,453,18.5303,37.2648
2019-05-19 12-51-05,453,18.4204,37.2381
2019-05-19 12-51-07,453,18.4952,37.2648
2019-05-19 12-51-09,453,18.4753,37.2648
2019-05-19 12-51-11,454,18.5638,37.2515
2019-05-19 12-51-13,454,18.5806,37.2248
2019-05-19 12-51-15,454,18.512,37.2381
2019-05-19 12-51-17,453,18.5303,37.2648
2019-05-19 12-51-21,453,18.5135,37.2808
2019-05-19 12-51-23,452,18.4982,37.3075
2019-05-19 12-51-25,452,18.512,37.2648
2019-05-19 12-51-27,453,18.5638,37.2808
2019-05-19 12-51-29,452,18.5318,37.2942
2019-05-19 12-51-31,451,18.5486,37.2808
2019-05-19 12-51-33,452,18.457,37.2648
2019-05-19 12-51-35,453,18.5455,37.2515
2019-05-19 12-51-39,453,18.5455,37.2515
2019-05-19 12-51-41,454,18.5638,37.2515
2019-05-19 12-51-43,454,18.5089,37.2248
2019-05-19 12-51-45,454,18.4937,37.2515
2019-05-19 12-51-47,454,18.512,37.2515
2019-05-19 12-51-49,453,18.5303,37.2648
2019-05-19 12-51-51,454,18.5455,37.2648
2019-05-19 12-51-53,454,18.4753,37.2808
2019-05-19 12-51-57,454,18.425,37.2942
2019-05-19 12-51-59,455,18.4067,37.2942
2019-05-19 12-52-01,454,18.4067,37.3075
2019-05-19 12-52-03,454,18.4448,37.3503
2019-05-19 12-52-05,454,18.4448,37.3636
2019-05-19 12-52-07,454,18.4448,37.3796
2019-05-19 12-52-09,454,18.3945,37.3796
2019-05-19 12-52-11,454,18.3395,37.4063
2019-05-19 12-52-15,454,18.2892,37.4197
2019-05-19 12-52-17,454,18.2739,37.4491
2019-05-19 12-52-19,456,18.2739,37.4491
2019-05-19 12-52-21,456,18.2892,37.4357
2019-05-19 12-52-23,458,18.219,37.4357
2019-05-19 12-52-25,459,18.2693,37.393
2019-05-19 12-52-27,462,18.335,37.3369
2019-05-19 12-52-31,462,18.3716,37.3075
2019-05-19 12-52-33,459,18.3334,37.2942
2019-05-19 12-52-35,459,18.4067,37.2808
2019-05-19 12-52-37,454,18.3716,37.3236
2019-05-19 12-52-39,457,18.2663,37.3503
2019-05-19 12-52-41,455,18.3167,37.3075
2019-05-19 12-52-43,456,18.3701,37.2808
2019-05-19 12-52-45,457,18.3701,37.2648
2019-05-19 12-52-49,455,18.4204,37.2248
2019-05-19 12-52-51,456,18.4357,37.2248
2019-05-19 12-52-53,453,18.4036,37.2648
2019-05-19 12-52-55,451,18.3884,37.2808
2019-05-19 12-52-57,451,18.425,37.2942
2019-05-19 12-52-59,449,18.4433,37.3075
2019-05-19 12-53-01,449,18.3533,37.2942
2019-05-19 12-53-03,451,18.425,37.2942
2019-05-19 12-53-07,452,18.3563,37.3369
2019-05-19 12-53-09,453,18.4113,37.3636
2019-05-19 12-53-11,453,18.338,37.3636
2019-05-19 12-53-13,453,18.3029,37.3796
2019-05-19 12-53-15,453,18.338,37.3796
2019-05-19 12-53-17,453,18.3609,37.393
2019-05-19 12-53-19,452,18.338,37.3796
2019-05-19 12-53-21,453,18.4113,37.3796
2019-05-19 12-53-25,453,18.4265,37.3503
2019-05-19 12-53-27,453,18.4433,37.3369
2019-05-19 12-53-29,453,18.4799,37.3369
2019-05-19 12-53-31,454,18.4433,37.3369
2019-05-19 12-53-33,455,18.5165,37.3236
2019-05-19 12-53-35,455,18.4799,37.3369
2019-05-19 12-53-37,455,18.425,37.3236
2019-05-19 12-53-41,457,18.4769,37.3236
2019-05-19 12-53-43,456,18.4586,37.3075
2019-05-19 12-53-45,456,18.4616,37.3236
2019-05-19 12-53-47,455,18.5135,37.2942
2019-05-19 12-53-49,455,18.4586,37.2942
2019-05-19 12-53-51,456,18.4753,37.2942
2019-05-19 12-53-53,455,18.4799,37.3369
2019-05-19 12-53-55,456,18.4998,37.3503
2019-05-19 12-53-59,457,18.3746,37.3503
2019-05-19 12-54-01,458,18.3929,37.3636
2019-05-19 12-54-03,458,18.4113,37.3636
2019-05-19 12-54-05,457,18.4265,37.3369
2019-05-19 12-54-07,458,18.3929,37.3503
2019-05-19 12-54-09,458,18.4265,37.3636
2019-05-19 12-54-11,459,18.4448,37.3636
2019-05-19 12-54-13,459,18.4616,37.3369
2019-05-19 12-54-17,459,18.4631,37.3636
2019-05-19 12-54-19,459,18.3899,37.3075
2019-05-19 12-54-21,459,18.3899,37.3369
2019-05-19 12-54-23,459,18.3899,37.3236
2019-05-19 12-54-25,459,18.3563,37.3236
2019-05-19 12-54-27,459,18.4113,37.3796
2019-05-19 12-54-29,459,18.3945,37.3796
2019-05-19 12-54-34,460,18.3197,37.3503
2019-05-19 12-54-36,461,18.3029,37.3636
2019-05-19 12-54-38,461,18.4082,37.3369
2019-05-19 12-54-40,460,18.3746,37.3503
2019-05-19 12-54-42,461,18.4265,37.3636
2019-05-19 12-54-44,461,18.3746,37.3503
2019-05-19 12-54-46,461,18.3578,37.3503
2019-05-19 12-54-48,462,18.3533,37.2942
2019-05-19 12-54-52,462,18.3899,37.3369
2019-05-19 12-54-54,462,18.4616,37.3503
2019-05-19 12-54-56,462,18.4265,37.3636
2019-05-19 12-54-58,461,18.3578,37.3503
2019-05-19 12-55-00,461,18.3746,37.3503
2019-05-19 12-55-02,462,18.4082,37.3503
2019-05-19 12-55-04,461,18.3197,37.3369
2019-05-19 12-55-06,461,18.338,37.3636
2019-05-19 12-55-10,461,18.3945,37.393
2019-05-19 12-55-12,461,18.3792,37.4197
2019-05-19 12-55-14,462,18.3395,37.4063
2019-05-19 12-55-16,461,18.3975,37.4357
2019-05-19 12-55-18,461,18.2556,37.4624
2019-05-19 12-55-20,461,18.2556,37.4624
2019-05-19 12-55-22,462,18.3075,37.4624
2019-05-19 12-55-24,462,18.2922,37.4624
2019-05-19 12-55-28,462,18.3258,37.4624
2019-05-19 12-55-30,462,18.3105,37.4918
2019-05-19 12-55-32,462,18.2739,37.4758
2019-05-19 12-55-34,463,18.2755,37.4918
2019-05-19 12-55-36,464,18.187,37.5212
2019-05-19 12-55-38,464,18.2922,37.4758
2019-05-19 12-55-40,464,18.2205,37.4758
2019-05-19 12-55-44,464,18.2571,37.4758
2019-05-19 12-55-46,465,18.2388,37.4758
2019-05-19 12-55-48,465,18.2892,37.4197
2019-05-19 12-55-50,465,18.3212,37.4063
2019-05-19 12-55-52,465,18.3762,37.393
2019-05-19 12-55-54,464,18.3792,37.4063
2019-05-19 12-55-56,463,18.3426,37.4357
2019-05-19 12-55-58,464,18.2922,37.4624
2019-05-19 12-56-02,464,18.2739,37.4491
2019-05-19 12-56-04,465,18.2922,37.4624
2019-05-19 12-56-06,465,18.3075,37.4624
2019-05-19 12-56-08,464,18.2922,37.4624
2019-05-19 12-56-10,464,18.2388,37.4758
2019-05-19 12-56-12,463,18.2236,37.4918
2019-05-19 12-56-14,463,18.2251,37.5212
2019-05-19 12-56-16,464,18.2434,37.5345
2019-05-19 12-56-20,464,18.1839,37.4918
2019-05-19 12-56-22,465,18.1686,37.4918
2019-05-19 12-56-24,465,18.2602,37.5212
2019-05-19 12-56-26,466,18.1686,37.5212
2019-05-19 12-56-28,466,18.2251,37.5345
2019-05-19 12-56-30,466,18.2785,37.5505
2019-05-19 12-56-32,466,18.2602,37.5212
2019-05-19 12-56-34,466,18.2419,37.4918
2019-05-19 12-56-38,466,18.2388,37.4758
2019-05-19 12-56-40,466,18.2251,37.5345
2019-05-19 12-56-42,465,18.187,37.5345
2019-05-19 12-56-44,465,18.2434,37.5345
2019-05-19 12-56-46,465,18.2251,37.5505
2019-05-19 12-56-48,465,18.2617,37.5505
2019-05-19 12-56-50,464,18.2114,37.6066
2019-05-19 12-56-52,464,18.2144,37.6333
2019-05-19 12-56-56,464,18.1595,37.6333
2019-05-19 12-56-58,463,18.1244,37.676
2019-05-19 12-57-00,464,18.0908,37.6627
2019-05-19 12-57-02,465,18.0908,37.676
2019-05-19 12-57-04,465,18.0908,37.676
2019-05-19 12-57-06,465,18.161,37.676
2019-05-19 12-57-08,466,18.0725,37.6627
2019-05-19 12-57-10,466,18.0908,37.676
2019-05-19 12-57-14,466,18.074,37.676
2019-05-19 12-57-16,465,18.1244,37.676
2019-05-19 12-57-18,465,18.074,37.676
2019-05-19 12-57-20,465,18.0588,37.7028
2019-05-19 12-57-22,466,18.0008,37.6894
2019-05-19 12-57-24,465,18.0878,37.6467
2019-05-19 12-57-26,465,18.0359,37.676
2019-05-19 12-57-30,464,18.0359,37.676
2019-05-19 12-57-32,465,18.0359,37.676
2019-05-19 12-57-34,466,18.0725,37.6627
2019-05-19 12-57-36,467,18.0374,37.7028
2019-05-19 12-57-38,468,17.9825,37.676
2019-05-19 12-57-40,468,17.9993,37.6467
2019-05-19 12-57-42,467,18.0542,37.6333
2019-05-19 12-57-44,469,18.0542,37.6333
2019-05-19 12-57-48,470,18.0862,37.6066
2019-05-19 12-57-50,471,18.1412,37.62
2019-05-19 12-57-52,469,18.1381,37.5906
2019-05-19 12-57-54,466,18.1412,37.62
2019-05-19 12-57-56,464,18.1747,37.6066
2019-05-19 12-57-58,462,18.1915,37.5906
2019-05-19 12-58-00,461,18.1381,37.5772
2019-05-19 12-58-02,462,18.1564,37.5906
2019-05-19 12-58-06,458,18.2434,37.5505
2019-05-19 12-58-08,456,18.2281,37.5772
2019-05-19 12-58-10,455,18.1885,37.5639
2019-05-19 12-58-12,453,18.2098,37.5639
2019-05-19 12-58-14,455,18.1747,37.6066
2019-05-19 12-58-16,455,18.0878,37.62
2019-05-19 12-58-18,454,18.1412,37.6333
2019-05-19 12-58-20,456,18.1091,37.676
2019-05-19 12-58-24,458,18.1061,37.6333
2019-05-19 12-58-26,461,18.1061,37.6333
2019-05-19 12-58-28,460,18.1564,37.62
2019-05-19 12-58-30,459,18.1595,37.6333
2019-05-19 12-58-32,459,18.1061,37.6333
2019-05-19 12-58-34,458,18.1427,37.6627
2019-05-19 12-58-36,459,18.1244,37.676
2019-05-19 12-58-38,460,18.1091,37.676
2019-05-19 12-58-42,462,18.1061,37.6627
2019-05-19 12-58-44,462,18.0908,37.676
2019-05-19 12-58-46,462,18.0908,37.676
2019-05-19 12-58-48,462,18.0923,37.6894
2019-05-19 12-58-50,464,18.0191,37.6894
2019-05-19 12-58-52,463,17.9825,37.6894
2019-05-19 12-58-54,463,17.9504,37.7028
2019-05-19 12-58-58,463,17.9504,37.7028
2019-05-19 12-59-00,465,18.074,37.676
2019-05-19 12-59-02,465,17.9993,37.6627
2019-05-19 12-59-04,466,18.0511,37.62
2019-05-19 12-59-06,467,18.0695,37.6333
2019-05-19 12-59-08,466,18.013,37.5906
2019-05-19 12-59-10,466,18.0862,37.6066
2019-05-19 12-59-12,465,18.0679,37.5906
2019-05-19 12-59-16,464,18.1381,37.5772
2019-05-19 12-59-18,464,18.0313,37.6066
2019-05-19 12-59-20,463,18.1198,37.5772
2019-05-19 12-59-22,463,18.1015,37.5639
2019-05-19 12-59-24,463,18.1015,37.5772
2019-05-19 12-59-26,462,18.0832,37.5505
2019-05-19 12-59-28,461,18.1335,37.5212
2019-05-19 12-59-30,461,18.187,37.5345
2019-05-19 12-59-34,461,18.1519,37.5345
2019-05-19 12-59-36,461,18.1686,37.5212
2019-05-19 12-59-38,461,18.1183,37.5505
2019-05-19 12-59-40,462,18.1519,37.5345
2019-05-19 12-59-42,462,18.1686,37.5212
2019-05-19 12-59-44,462,18.2068,37.5345
2019-05-19 12-59-46,462,18.1503,37.4918
2019-05-19 12-59-49,461,18.2068,37.5051
2019-05-19 12-59-53,461,18.2236,37.5051
2019-05-19 12-59-55,461,18.1839,37.4758
2019-05-19 12-59-57,461,18.1839,37.4758
2019-05-19 12-59-59,461,18.2205,37.4624
2019-05-19 13-00-01,462,18.2373,37.4357
2019-05-19 13-00-03,461,18.2693,37.3796
2019-05-19 13-00-05,462,18.248,37.3369
2019-05-19 13-00-07,462,18.335,37.3075
2019-05-19 13-00-11,462,18.3884,37.2648
2019-05-19 13-00-13,462,18.3853,37.2248
2019-05-19 13-00-15,461,18.4525,37.1954
2019-05-19 13-00-17,461,18.4891,37.1687
2019-05-19 13-00-19,460,18.5043,37.1527
2019-05-19 13-00-21,459,18.5593,37.1687
2019-05-19 13-00-23,459,18.541,37.182
2019-05-19 13-00-27,458,18.541,37.1527
2019-05-19 13-00-29,458,18.5913,37.1527
2019-05-19 13-00-31,458,18.544,37.2248
2019-05-19 13-00-33,457,18.5074,37.1954
2019-05-19 13-00-35,457,18.544,37.2087
2019-05-19 13-00-37,457,18.512,37.2648
2019-05-19 13-00-39,457,18.4753,37.2808
2019-05-19 13-00-41,457,18.4616,37.3236
2019-05-19 13-00-45,457,18.4082,37.3369
2019-05-19 13-00-47,458,18.4082,37.3503
2019-05-19 13-00-49,458,18.4265,37.3369
2019-05-19 13-00-51,459,18.4113,37.3636
2019-05-19 13-00-53,459,18.4082,37.3503
2019-05-19 13-00-55,460,18.4082,37.3503
2019-05-19 13-00-57,460,18.3762,37.393
2019-05-19 13-00-59,460,18.4296,37.3796
2019-05-19 13-01-03,461,18.3792,37.4197
2019-05-19 13-01-05,460,18.3792,37.4357
2019-05-19 13-01-07,460,18.3426,37.4491
2019-05-19 13-01-09,461,18.3441,37.4758
2019-05-19 13-01-11,461,18.3624,37.4624
2019-05-19 13-01-13,461,18.3289,37.5212
2019-05-19 13-01-15,462,18.2938,37.5212
2019-05-19 13-01-17,463,18.2938,37.5345
2019-05-19 13-01-21,462,18.2938,37.5345
2019-05-19 13-01-23,462,18.28,37.5639
2019-05-19 13-01-25,464,18.2281,37.5639
2019-05-19 13-01-27,463,18.2434,37.5639
2019-05-19 13-01-29,463,18.2098,37.5639
2019-05-19 13-01-31,463,18.2617,37.5772
2019-05-19 13-01-33,463,18.1564,37.5906
2019-05-19 13-01-35,464,18.1549,37.5639
2019-05-19 13-01-39,465,18.1885,37.5639
2019-05-19 13-01-41,465,18.1732,37.5906
2019-05-19 13-01-43,465,18.1885,37.5639
2019-05-19 13-01-45,465,18.1885,37.5639
2019-05-19 13-01-47,466,18.1198,37.5639
2019-05-19 13-01-49,466,18.1366,37.5639
2019-05-19 13-01-51,467,18.1702,37.5345
2019-05-19 13-01-55,467,18.187,37.5212
2019-05-19 13-01-57,468,18.2236,37.5051
2019-05-19 13-01-59,467,18.2571,37.4758
2019-05-19 13-02-01,466,18.2236,37.5051
2019-05-19 13-02-03,466,18.2251,37.5212
2019-05-19 13-02-05,465,18.2434,37.5505
2019-05-19 13-02-07,465,18.2755,37.5212
2019-05-19 13-02-09,465,18.2251,37.5505
2019-05-19 13-02-13,465,18.2281,37.5772
2019-05-19 13-02-15,465,18.2785,37.5505
2019-05-19 13-02-17,465,18.2617,37.5505
2019-05-19 13-02-19,465,18.1839,37.4918
2019-05-19 13-02-21,465,18.2739,37.4624
2019-05-19 13-02-23,465,18.2373,37.4491
2019-05-19 13-02-25,465,18.3258,37.4624
2019-05-19 13-02-27,464,18.3609,37.4197
2019-05-19 13-02-31,464,18.3792,37.4197
2019-05-19 13-02-33,464,18.3426,37.4357
2019-05-19 13-02-35,464,18.3395,37.4197
2019-05-19 13-02-37,463,18.3792,37.4357
2019-05-19 13-02-39,463,18.3472,37.5051
2019-05-19 13-02-41,462,18.3258,37.4624
2019-05-19 13-02-43,462,18.2922,37.4918
2019-05-19 13-02-45,462,18.3441,37.4918
2019-05-19 13-02-49,462,18.3105,37.5051
2019-05-19 13-02-51,462,18.2571,37.4918
2019-05-19 13-02-53,463,18.3105,37.4758
2019-05-19 13-02-55,463,18.3121,37.5212
2019-05-19 13-02-57,463,18.3105,37.4918
2019-05-19 13-02-59,463,18.3441,37.4758
2019-05-19 13-03-01,463,18.3075,37.4357
2019-05-19 13-03-03,463,18.3075,37.4357
2019-05-19 13-03-07,463,18.3975,37.4197
2019-05-19 13-03-09,463,18.3945,37.4063
2019-05-19 13-03-11,462,18.3609,37.393
2019-05-19 13-03-13,462,18.3609,37.4063
2019-05-19 13-03-15,462,18.3609,37.393
2019-05-19 13-03-17,462,18.3395,37.393
2019-05-19 13-03-19,461,18.3792,37.4063
2019-05-19 13-03-23,460,18.3975,37.4357
2019-05-19 13-03-25,460,18.3258,37.4491
2019-05-19 13-03-27,460,18.3289,37.4918
2019-05-19 13-03-29,460,18.2755,37.5051
2019-05-19 13-03-31,460,18.2602,37.5345
2019-05-19 13-03-33,459,18.2617,37.5505
2019-05-19 13-03-35,459,18.2617,37.5772
2019-05-19 13-03-37,459,18.2098,37.5639
2019-05-19 13-03-41,460,18.2281,37.5639
2019-05-19 13-03-43,460,18.2648,37.5906
2019-05-19 13-03-45,461,18.2098,37.5772
2019-05-19 13-03-47,461,18.2114,37.5906
2019-05-19 13-03-49,461,18.2098,37.5772
2019-05-19 13-03-51,461,18.2114,37.5906
2019-05-19 13-03-53,462,18.1564,37.6066
2019-05-19 13-03-55,462,18.2297,37.6066
2019-05-19 13-03-59,462,18.1747,37.6066
2019-05-19 13-04-01,461,18.1381,37.6066
2019-05-19 13-04-03,461,18.1412,37.6333
2019-05-19 13-04-05,460,18.1244,37.6467
2019-05-19 13-04-07,460,18.1778,37.6627
2019-05-19 13-04-09,459,18.1244,37.6627
2019-05-19 13-04-11,460,18.1427,37.6894
2019-05-19 13-04-13,460,18.0923,37.6894
2019-05-19 13-04-17,461,18.1274,37.6894
2019-05-19 13-04-19,461,18.0557,37.676
2019-05-19 13-04-21,462,18.1427,37.6894
2019-05-19 13-04-23,462,18.1458,37.7028
2019-05-19 13-04-25,461,18.1244,37.676
2019-05-19 13-04-27,461,18.1458,37.7028
2019-05-19 13-04-29,461,18.1458,37.7028
2019-05-19 13-04-31,460,18.1091,37.6894
2019-05-19 13-04-35,460,18.1458,37.7188
2019-05-19 13-04-37,460,18.0954,37.7321
2019-05-19 13-04-39,460,18.1107,37.7188
2019-05-19 13-04-41,461,18.074,37.7028
2019-05-19 13-04-43,461,18.0923,37.7028
2019-05-19 13-04-45,460,18.1091,37.7028
2019-05-19 13-04-47,460,18.1274,37.7028
2019-05-19 13-04-49,460,18.1091,37.7028
2019-05-19 13-04-53,460,18.1427,37.6894
2019-05-19 13-04-55,460,18.1458,37.7028
2019-05-19 13-04-57,460,18.0725,37.6467
2019-05-19 13-04-59,460,18.0878,37.6467
2019-05-19 13-05-02,459,18.1427,37.676
2019-05-19 13-05-04,460,18.0725,37.6467
2019-05-19 13-05-06,459,18.1427,37.676
2019-05-19 13-05-08,459,18.1274,37.6894
2019-05-19 13-05-12,459,18.1274,37.6894
2019-05-19 13-05-14,458,18.1244,37.676
2019-05-19 13-05-16,459,18.161,37.676
2019-05-19 13-05-18,460,18.1061,37.6627
2019-05-19 13-05-20,459,18.2159,37.6627
2019-05-19 13-05-22,459,18.1091,37.676
2019-05-19 13-05-24,459,18.1931,37.6467
2019-05-19 13-05-26,459,18.1778,37.6467
2019-05-19 13-05-30,460,18.1595,37.6333
2019-05-19 13-05-32,459,18.1564,37.6066
2019-05-19 13-05-34,459,18.2968,37.5639
2019-05-19 13-05-36,459,18.1564,37.5906
2019-05-19 13-05-38,458,18.2785,37.5505
2019-05-19 13-05-40,458,18.2434,37.5345
2019-05-19 13-05-42,457,18.2617,37.5639
2019-05-19 13-05-46,457,18.2617,37.5639
2019-05-19 13-05-48,457,18.2434,37.5639
2019-05-19 13-05-50,457,18.2281,37.5772
2019-05-19 13-05-52,457,18.2098,37.5639
2019-05-19 13-05-54,458,18.2098,37.5772
2019-05-19 13-05-56,458,18.2785,37.5505
2019-05-19 13-05-58,457,18.2419,37.5212
2019-05-19 13-06-00,457,18.3105,37.5051
2019-05-19 13-06-04,457,18.3441,37.4918
2019-05-19 13-06-06,457,18.3258,37.4758
2019-05-19 13-06-08,457,18.3258,37.4758
2019-05-19 13-06-10,456,18.3838,37.4918
2019-05-19 13-06-12,456,18.3655,37.4758
2019-05-19 13-06-14,456,18.3807,37.4758
2019-05-19 13-06-16,456,18.3624,37.4491
2019-05-19 13-06-18,455,18.3441,37.4624
2019-05-19 13-06-22,456,18.3807,37.4758
2019-05-19 13-06-24,456,18.3289,37.4918
2019-05-19 13-06-26,456,18.3243,37.4357
2019-05-19 13-06-28,456,18.3258,37.4491
2019-05-19 13-06-30,456,18.4158,37.4624
2019-05-19 13-06-32,456,18.367,37.5051
2019-05-19 13-06-34,456,18.3304,37.5505
2019-05-19 13-06-36,456,18.3304,37.5345
2019-05-19 13-06-40,456,18.2968,37.5639
2019-05-19 13-06-42,456,18.2098,37.5639
2019-05-19 13-06-44,456,18.1885,37.5505
2019-05-19 13-06-46,457,18.2617,37.5505
2019-05-19 13-06-48,457,18.1702,37.5505
2019-05-19 13-06-50,456,18.2434,37.5505
2019-05-19 13-06-52,456,18.2434,37.5345
2019-05-19 13-06-54,456,18.2617,37.5505
2019-05-19 13-06-58,455,18.2419,37.5212
2019-05-19 13-07-00,455,18.2938,37.5345
2019-05-19 13-07-02,456,18.3472,37.5212
2019-05-19 13-07-04,456,18.2419,37.5051
2019-05-19 13-07-06,456,18.2739,37.4758
2019-05-19 13-07-08,457,18.3441,37.4624
2019-05-19 13-07-10,457,18.3395,37.4063
2019-05-19 13-07-12,457,18.4128,37.4063
2019-05-19 13-07-16,456,18.3762,37.3636
2019-05-19 13-07-18,456,18.4433,37.3236
2019-05-19 13-07-20,456,18.4586,37.3075
2019-05-19 13-07-22,455,18.425,37.3075
2019-05-19 13-07-24,455,18.5318,37.2942
2019-05-19 13-07-26,454,18.4982,37.3236
2019-05-19 13-07-28,453,18.5165,37.3236
2019-05-19 13-07-32,453,18.4769,37.3075
2019-05-19 13-07-34,453,18.4769,37.3236
2019-05-19 13-07-36,452,18.4982,37.3236
2019-05-19 13-07-38,452,18.4998,37.3503
2019-05-19 13-07-40,452,18.5364,37.393
2019-05-19 13-07-42,452,18.3945,37.393
2019-05-19 13-07-44,453,18.4113,37.3796
2019-05-19 13-07-46,452,18.4113,37.393
2019-05-19 13-07-50,452,18.4479,37.4063
2019-05-19 13-07-52,451,18.3792,37.4197
2019-05-19 13-07-54,450,18.399,37.4918
2019-05-19 13-07-56,450,18.367,37.5051
2019-05-19 13-07-58,451,18.367,37.5212
2019-05-19 13-08-00,452,18.2785,37.5505
2019-05-19 13-08-02,453,18.2617,37.5772
2019-05-19 13-08-04,454,18.2648,37.5906
2019-05-19 13-08-08,454,18.2648,37.5906
2019-05-19 13-08-10,455,18.2831,37.62
2019-05-19 13-08-12,454,18.2297,37.62
2019-05-19 13-08-14,454,18.248,37.62
2019-05-19 13-08-16,455,18.2297,37.6066
2019-05-19 13-08-18,454,18.2297,37.62
2019-05-19 13-08-20,453,18.1595,37.6627
2019-05-19 13-08-22,453,18.2159,37.6627
2019-05-19 13-08-26,453,18.1931,37.6467
2019-05-19 13-08-28,453,18.1427,37.6627
2019-05-19 13-08-30,453,18.1427,37.676
2019-05-19 13-08-32,455,18.1778,37.6627
2019-05-19 13-08-34,455,18.1061,37.6467
2019-05-19 13-08-36,455,18.1732,37.5906
2019-05-19 13-08-38,456,18.1747,37.6066
2019-05-19 13-08-42,456,18.1519,37.5505
2019-05-19 13-08-44,455,18.2281,37.5639
2019-05-19 13-08-46,456,18.2251,37.5345
2019-05-19 13-08-48,455,18.2068,37.5051
2019-05-19 13-08-50,455,18.2419,37.5051
2019-05-19 13-08-52,454,18.3121,37.5212
2019-05-19 13-08-54,454,18.2617,37.5505
2019-05-19 13-08-56,454,18.2251,37.5505
2019-05-19 13-09-00,453,18.28,37.5639
2019-05-19 13-09-02,453,18.2114,37.5906
2019-05-19 13-09-04,453,18.1732,37.5772
2019-05-19 13-09-06,453,18.2281,37.5772
2019-05-19 13-09-08,453,18.2281,37.5906
2019-05-19 13-09-10,454,18.2617,37.5772
2019-05-19 13-09-12,454,18.2617,37.5505
2019-05-19 13-09-14,453,18.2434,37.5505
2019-05-19 13-09-18,453,18.2968,37.5639
2019-05-19 13-09-20,452,18.2785,37.5505
2019-05-19 13-09-22,453,18.2251,37.5212
2019-05-19 13-09-24,452,18.2602,37.5212
2019-05-19 13-09-26,452,18.3289,37.5051
2019-05-19 13-09-28,452,18.3441,37.4918
2019-05-19 13-09-30,452,18.2922,37.4624
2019-05-19 13-09-32,451,18.3121,37.5212
2019-05-19 13-09-36,451,18.2938,37.5212
2019-05-19 13-09-38,450,18.2755,37.5051
2019-05-19 13-09-40,451,18.2419,37.5051
2019-05-19 13-09-42,451,18.3121,37.5345
2019-05-19 13-09-44,450,18.2968,37.5639
2019-05-19 13-09-46,450,18.28,37.5639
2019-05-19 13-09-48,451,18.28,37.5772
2019-05-19 13-09-52,451,18.2434,37.5505
2019-05-19 13-09-54,451,18.2968,37.5639
2019-05-19 13-09-56,451,18.2617,37.5639
2019-05-19 13-09-58,452,18.28,37.5772
2019-05-19 13-10-00,452,18.2251,37.5345
2019-05-19 13-10-02,452,18.3105,37.5051
2019-05-19 13-10-04,454,18.306,37.4063
2019-05-19 13-10-07,455,18.4265,37.3369
2019-05-19 13-10-11,454,18.5669,37.2942
2019-05-19 13-10-13,454,18.5822,37.2648
2019-05-19 13-10-15,453,18.6142,37.2087
2019-05-19 13-10-17,452,18.6676,37.182
2019-05-19 13-10-19,452,18.6508,37.2087
2019-05-19 13-10-21,451,18.5989,37.2515
2019-05-19 13-10-23,451,18.6554,37.2942
2019-05-19 13-10-25,452,18.5852,37.3075
2019-05-19 13-10-29,451,18.4982,37.3369
2019-05-19 13-10-31,451,18.5349,37.3503
2019-05-19 13-10-33,451,18.5867,37.3369
2019-05-19 13-10-35,451,18.5211,37.393
2019-05-19 13-10-37,451,18.5043,37.4357
2019-05-19 13-10-39,452,18.4677,37.4491
2019-05-19 13-10-41,452,18.4708,37.4918
2019-05-19 13-10-43,452,18.3838,37.4918
2019-05-19 13-10-47,453,18.4036,37.5505
2019-05-19 13-10-49,453,18.3853,37.5505
2019-05-19 13-10-51,454,18.3304,37.5639
2019-05-19 13-10-53,454,18.2785,37.5345
2019-05-19 13-10-55,455,18.3716,37.62
2019-05-19 13-10-57,455,18.3167,37.6066
2019-05-19 13-10-59,455,18.3151,37.5639
2019-05-19 13-11-01,455,18.2983,37.6066
2019-05-19 13-11-05,456,18.248,37.6333
2019-05-19 13-11-07,456,18.248,37.6467
2019-05-19 13-11-09,456,18.3212,37.7028
2019-05-19 13-11-11,455,18.2556,37.7321
2019-05-19 13-11-13,457,18.2373,37.7188
2019-05-19 13-11-15,457,18.1824,37.7321
2019-05-19 13-11-17,457,18.132,37.7615
2019-05-19 13-11-21,457,18.1839,37.7882
2019-05-19 13-11-23,458,18.1839,37.7749
2019-05-19 13-11-25,459,18.1473,37.7615
2019-05-19 13-11-27,460,18.132,37.7749
2019-05-19 13-11-29,460,18.0954,37.7615
2019-05-19 13-11-31,460,18.0954,37.7615
2019-05-19 13-11-33,461,18.1137,37.7615
2019-05-19 13-11-35,462,18.1473,37.7455
2019-05-19 13-11-39,462,18.1793,37.7028
2019-05-19 13-11-41,461,18.2205,37.7455
2019-05-19 13-11-43,461,18.1793,37.7188
2019-05-19 13-11-45,461,18.1824,37.7321
2019-05-19 13-11-47,459,18.1473,37.7455
2019-05-19 13-11-49,459,18.1656,37.7615
2019-05-19 13-11-51,459,18.1656,37.7615
2019-05-19 13-11-53,457,18.1152,37.7882
2019-05-19 13-11-57,457,18.1335,37.8016
2019-05-19 13-11-59,458,18.0817,37.8016
2019-05-19 13-12-01,460,18.0969,37.7882
2019-05-19 13-12-03,461,18.1335,37.8176
2019-05-19 13-12-05,462,18.132,37.7749
2019-05-19 13-12-07,462,18.0969,37.7882
2019-05-19 13-12-09,462,18.0817,37.8309
2019-05-19 13-12-11,463,18.0649,37.8443
2019-05-19 13-12-15,462,18.0466,37.8576
2019-05-19 13-12-17,462,18.0283,37.8443
2019-05-19 13-12-19,462,18.1,37.8443
2019-05-19 13-12-21,461,17.9947,37.8576
2019-05-19 13-12-23,462,18.045,37.8443
2019-05-19 13-12-25,462,18.0283,37.8737
2019-05-19 13-12-27,463,18.0649,37.8443
2019-05-19 13-12-29,463,18.0313,37.887
2019-05-19 13-12-33,463,18.0283,37.8576
2019-05-19 13-12-35,463,18.0283,37.8576
2019-05-19 13-12-37,463,18.0283,37.8576
2019-05-19 13-12-39,463,18.0649,37.8443
2019-05-19 13-12-41,463,18.0283,37.8576
2019-05-19 13-12-43,464,18.0283,37.8443
2019-05-19 13-12-45,463,18.0679,37.8737
2019-05-19 13-12-47,463,17.9947,37.8576
2019-05-19 13-12-51,462,18.0283,37.8443
2019-05-19 13-12-53,463,18.1046,37.9137
2019-05-19 13-12-55,463,18.0466,37.8737
2019-05-19 13-12-57,463,18.0313,37.9004
2019-05-19 13-12-59,463,18.0679,37.887
2019-05-19 13-13-01,464,18.013,37.9004
2019-05-19 13-13-03,465,18.1381,37.9004
2019-05-19 13-13-07,466,18.0679,37.887
2019-05-19 13-13-09,467,18.1198,37.8737
2019-05-19 13-13-11,468,18.0466,37.8737
2019-05-19 13-13-13,468,18.0283,37.8737
2019-05-19 13-13-15,468,18.0313,37.9004
2019-05-19 13-13-17,469,18.0649,37.8443
2019-05-19 13-13-19,469,18.0832,37.8443
2019-05-19 13-13-21,468,18.1,37.8443
2019-05-19 13-13-25,468,18.1183,37.8443
2019-05-19 13-13-27,469,18.0679,37.8576
2019-05-19 13-13-29,469,18.1366,37.8576
2019-05-19 13-13-31,470,18.0832,37.8443
2019-05-19 13-13-33,470,18.1,37.8443
2019-05-19 13-13-35,470,18.1,37.8309
2019-05-19 13-13-37,470,18.1,37.8309
2019-05-19 13-13-39,469,18.1519,37.8176
2019-05-19 13-13-43,467,18.1183,37.8309
2019-05-19 13-13-45,467,18.1183,37.8309
2019-05-19 13-13-47,467,18.0099,37.8309
2019-05-19 13-13-49,466,18.1183,37.8443
2019-05-19 13-13-51,467,18.1,37.8309
2019-05-19 13-13-53,466,18.1,37.8309
2019-05-19 13-13-55,467,18.045,37.8176
2019-05-19 13-13-57,467,18.0817,37.8309
2019-05-19 13-14-01,467,18.1183,37.8576
2019-05-19 13-14-03,466,18.0679,37.8737
2019-05-19 13-14-05,466,18.0283,37.8737
2019-05-19 13-14-07,467,17.9626,37.9004
2019-05-19 13-14-09,467,18.0496,37.9004
2019-05-19 13-14-11,466,18.0496,37.9137
2019-05-19 13-14-13,466,18.0145,37.9137
2019-05-19 13-14-15,466,18.0145,37.9137
2019-05-19 13-14-19,466,18.0145,37.9297
2019-05-19 13-14-21,467,18.013,37.9004
2019-05-19 13-14-23,467,18.0145,37.9137
2019-05-19 13-14-25,468,18.0313,37.9004
2019-05-19 13-14-27,469,17.9626,37.9297
2019-05-19 13-14-29,469,18.0695,37.9004
2019-05-19 13-14-31,468,17.9962,37.9137
2019-05-19 13-14-33,469,18.1046,37.9004
2019-05-19 13-14-37,469,18.0695,37.9004
2019-05-19 13-14-39,470,18.1015,37.8737
2019-05-19 13-14-41,469,18.0817,37.8176
2019-05-19 13-14-43,469,18.0649,37.8443
2019-05-19 13-14-45,470,18.1335,37.8176
2019-05-19 13-14-47,471,18.0832,37.8443
2019-05-19 13-14-49,471,18.1015,37.8576
2019-05-19 13-14-51,470,18.1,37.8443
2019-05-19 13-14-55,471,18.1702,37.8443
2019-05-19 13-14-57,471,18.1152,37.8176
2019-05-19 13-14-59,471,18.1503,37.8016
2019-05-19 13-15-01,471,18.1137,37.7749
2019-05-19 13-15-03,471,18.2007,37.7749
2019-05-19 13-15-05,471,18.2205,37.7455
2019-05-19 13-15-07,471,18.2922,37.7749
2019-05-19 13-15-11,471,18.1503,37.7882
2019-05-19 13-15-13,472,18.1656,37.7615
2019-05-19 13-15-15,473,18.132,37.7749
2019-05-19 13-15-17,472,18.2007,37.7455
2019-05-19 13-15-20,472,18.1473,37.7455
2019-05-19 13-15-22,472,18.1641,37.7455
2019-05-19 13-15-24,473,18.1641,37.7455
2019-05-19 13-15-26,472,18.2007,37.7615
2019-05-19 13-15-30,472,18.2007,37.7455
2019-05-19 13-15-32,472,18.2892,37.7321
2019-05-19 13-15-34,473,18.161,37.676
2019-05-19 13-15-36,473,18.2526,37.6894
2019-05-19 13-15-38,473,18.251,37.676
2019-05-19 13-15-40,473,18.1931,37.6467
2019-05-19 13-15-42,472,18.2693,37.676
2019-05-19 13-15-44,473,18.251,37.6627
2019-05-19 13-15-48,473,18.2663,37.6467
2019-05-19 13-15-50,473,18.3197,37.6627
2019-05-19 13-15-52,473,18.3167,37.62
2019-05-19 13-15-54,473,18.3167,37.6066
2019-05-19 13-15-56,472,18.3151,37.5906
2019-05-19 13-15-58,472,18.3716,37.6066
2019-05-19 13-16-00,472,18.3334,37.5772
2019-05-19 13-16-02,472,18.3151,37.5772
2019-05-19 13-16-06,472,18.3151,37.5772
2019-05-19 13-16-08,472,18.28,37.5906
2019-05-19 13-16-10,472,18.3334,37.5772
2019-05-19 13-16-12,473,18.3701,37.5639
2019-05-19 13-16-14,473,18.4219,37.5772
2019-05-19 13-16-16,472,18.425,37.5906
2019-05-19 13-16-18,473,18.4067,37.5772
2019-05-19 13-16-20,473,18.4219,37.5772
2019-05-19 13-16-24,473,18.512,37.5345
2019-05-19 13-16-26,474,18.4906,37.5505
2019-05-19 13-16-28,474,18.5272,37.5345
2019-05-19 13-16-30,474,18.4753,37.5639
2019-05-19 13-16-32,474,18.3884,37.5772
2019-05-19 13-16-34,475,18.3716,37.6066
2019-05-19 13-16-36,476,18.425,37.62
2019-05-19 13-16-38,476,18.3716,37.62
2019-05-19 13-16-42,478,18.3533,37.62
2019-05-19 13-16-44,478,18.4433,37.6066
2019-05-19 13-16-46,479,18.4433,37.6066
2019-05-19 13-16-48,481,18.4219,37.5772
2019-05-19 13-16-50,482,18.4402,37.5906
2019-05-19 13-16-52,482,18.3716,37.62
2019-05-19 13-16-54,483,18.4082,37.6333
2019-05-19 13-16-56,484,18.335,37.6333
2019-05-19 13-17-00,485,18.3197,37.6467
2019-05-19 13-17-02,485,18.4433,37.6333
2019-05-19 13-17-04,485,18.4082,37.6467
2019-05-19 13-17-06,486,18.4433,37.62
2019-05-19 13-17-08,486,18.4433,37.6066
2019-05-19 13-17-10,487,18.4082,37.6467
2019-05-19 13-17-12,488,18.3746,37.6333
2019-05-19 13-17-14,489,18.3716,37.62
2019-05-19 13-17-18,490,18.4113,37.6627
2019-05-19 13-17-20,490,18.2663,37.6467
2019-05-19 13-17-22,491,18.3746,37.6333
2019-05-19 13-17-24,492,18.3899,37.6333
2019-05-19 13-17-26,492,18.3533,37.62
2019-05-19 13-17-28,493,18.3517,37.6066
2019-05-19 13-17-30,493,18.3716,37.6066
2019-05-19 13-17-34,493,18.3716,37.6066
2019-05-19 13-17-36,494,18.3716,37.62
2019-05-19 13-17-38,495,18.3716,37.6066
2019-05-19 13-17-40,494,18.425,37.6066
2019-05-19 13-17-42,493,18.3899,37.6066
2019-05-19 13-17-44,493,18.3533,37.6467
2019-05-19 13-17-46,494,18.3929,37.6627
2019-05-19 13-17-48,493,18.335,37.62
2019-05-19 13-17-52,495,18.3899,37.6066
2019-05-19 13-17-54,495,18.3716,37.6066
2019-05-19 13-17-56,495,18.4067,37.5906
2019-05-19 13-17-58,495,18.3899,37.6066
2019-05-19 13-18-00,495,18.3716,37.62
2019-05-19 13-18-02,495,18.4082,37.62
2019-05-19 13-18-04,494,18.3899,37.62
2019-05-19 13-18-06,494,18.3563,37.6627
2019-05-19 13-18-10,494,18.3533,37.6467
2019-05-19 13-18-12,494,18.3197,37.6467
2019-05-19 13-18-14,493,18.3563,37.6627
2019-05-19 13-18-16,492,18.3533,37.6467
2019-05-19 13-18-18,493,18.3533,37.6333
2019-05-19 13-18-20,493,18.2831,37.6333
2019-05-19 13-18-22,493,18.4433,37.62
2019-05-19 13-18-24,493,18.3929,37.6627
2019-05-19 13-18-28,494,18.3533,37.6467
2019-05-19 13-18-30,494,18.2693,37.676
2019-05-19 13-18-32,494,18.3029,37.676
2019-05-19 13-18-34,494,18.2693,37.6894
2019-05-19 13-18-36,494,18.2693,37.7028
2019-05-19 13-18-38,493,18.3395,37.6894
2019-05-19 13-18-40,493,18.3563,37.676
2019-05-19 13-18-42,493,18.3212,37.676
2019-05-19 13-18-46,493,18.338,37.6627
2019-05-19 13-18-48,494,18.3212,37.676
2019-05-19 13-18-50,493,18.2693,37.7028
2019-05-19 13-18-52,493,18.2846,37.676
2019-05-19 13-18-54,493,18.2877,37.6894
2019-05-19 13-18-56,493,18.2877,37.7028
2019-05-19 13-18-58,492,18.2526,37.7188
2019-05-19 13-19-02,493,18.2739,37.7455
2019-05-19 13-19-04,493,18.306,37.7321
2019-05-19 13-19-06,493,18.2388,37.7615
2019-05-19 13-19-08,493,18.2388,37.7882
2019-05-19 13-19-10,493,18.2007,37.7615
2019-05-19 13-19-12,493,18.2388,37.7882
2019-05-19 13-19-14,493,18.2022,37.7882
2019-05-19 13-19-16,493,18.2236,37.7882
2019-05-19 13-19-20,493,18.2022,37.7882
2019-05-19 13-19-22,494,18.1839,37.7882
2019-05-19 13-19-24,494,18.2022,37.8016
2019-05-19 13-19-26,496,18.187,37.8309
2019-05-19 13-19-28,496,18.2053,37.8176
2019-05-19 13-19-30,497,18.1152,37.8016
2019-05-19 13-19-32,497,18.2236,37.7882
2019-05-19 13-19-34,497,18.1686,37.8176
2019-05-19 13-19-38,498,18.2755,37.8176
2019-05-19 13-19-40,498,18.2602,37.8443
2019-05-19 13-19-42,499,18.1519,37.8309
2019-05-19 13-19-44,499,18.2022,37.8016
2019-05-19 13-19-46,500,18.2419,37.8016
2019-05-19 13-19-48,500,18.1839,37.7882
2019-05-19 13-19-50,500,18.3105,37.7882
2019-05-19 13-19-52,500,18.2419,37.8309
2019-05-19 13-19-56,500,18.2602,37.8176
2019-05-19 13-19-58,500,18.3121,37.8176
2019-05-19 13-20-00,501,18.2434,37.8443
2019-05-19 13-20-02,501,18.2419,37.8309
2019-05-19 13-20-04,501,18.2938,37.8309
2019-05-19 13-20-06,502,18.2022,37.8016
2019-05-19 13-20-08,502,18.1686,37.8176
2019-05-19 13-20-12,503,18.2281,37.8576
2019-05-19 13-20-14,503,18.2251,37.8443
2019-05-19 13-20-16,503,18.1732,37.887
2019-05-19 13-20-18,503,18.1732,37.887
2019-05-19 13-20-20,503,18.1732,37.8737
2019-05-19 13-20-22,503,18.2068,37.887
2019-05-19 13-20-24,502,18.1549,37.887
2019-05-19 13-20-27,503,18.1732,37.8737
2019-05-19 13-20-31,502,18.1915,37.887
2019-05-19 13-20-33,502,18.1229,37.9297
2019-05-19 13-20-35,503,18.1198,37.9004
2019-05-19 13-20-37,503,18.1381,37.9137
2019-05-19 13-20-39,503,18.1381,37.9004
2019-05-19 13-20-41,503,18.1564,37.9137
2019-05-19 13-20-43,504,18.1412,37.9297
2019-05-19 13-20-45,504,18.1198,37.9004
2019-05-19 13-20-49,504,18.1381,37.887
2019-05-19 13-20-51,504,18.1564,37.9004
2019-05-19 13-20-53,503,18.1381,37.9004
2019-05-19 13-20-55,503,18.1564,37.9137
2019-05-19 13-20-57,503,18.1244,37.9564
2019-05-19 13-20-59,503,18.1061,37.9564
2019-05-19 13-21-01,503,18.0725,37.9698
2019-05-19 13-21-03,504,18.0176,37.9698
2019-05-19 13-21-07,504,18.1091,37.9698
2019-05-19 13-21-09,504,17.9825,37.9885
2019-05-19 13-21-11,504,18.0511,37.9698
2019-05-19 13-21-13,504,18.0176,37.9698
2019-05-19 13-21-15,503,18.0359,37.9698
2019-05-19 13-21-17,503,18.0359,37.9698
2019-05-19 13-21-19,503,18.0359,37.9698
2019-05-19 13-21-21,503,18.0542,37.9885
2019-05-19 13-21-25,503,18.0008,37.9698
2019-05-19 13-21-27,502,18.0557,38.0152
2019-05-19 13-21-29,502,18.0359,37.9698
2019-05-19 13-21-31,502,17.9855,38.0018
2019-05-19 13-21-33,502,17.9642,37.9698
2019-05-19 13-21-35,502,17.9993,37.9564
2019-05-19 13-21-37,502,17.9459,37.9431
2019-05-19 13-21-41,502,18.0511,37.9564
2019-05-19 13-21-43,501,18.0511,37.9431
2019-05-19 13-21-45,500,18.0359,37.9564
2019-05-19 13-21-47,500,18.0328,37.9431
2019-05-19 13-21-49,499,18.0359,37.9564
2019-05-19 13-21-51,499,18.074,38.0018
2019-05-19 13-21-53,500,18.0008,38.0018
2019-05-19 13-21-55,499,18.0191,37.9885
2019-05-19 13-21-59,498,18.0008,38.0018
2019-05-19 13-22-01,498,17.9855,38.0152
2019-05-19 13-22-03,498,17.9489,38.0018
2019-05-19 13-22-05,498,18.0008,38.0018
2019-05-19 13-22-07,498,17.9825,37.9885
2019-05-19 13-22-09,498,18.074,37.9885
2019-05-19 13-22-11,498,18.0008,37.9885
2019-05-19 13-22-13,498,18.0008,37.9698
2019-05-19 13-22-17,498,18.0511,37.9431
2019-05-19 13-22-19,498,18.0695,37.9297
2019-05-19 13-22-21,499,18.0695,37.9297
2019-05-19 13-22-23,498,18.0359,37.9564
2019-05-19 13-22-25,496,17.9825,37.9885
2019-05-19 13-22-27,496,18.0725,37.9698
2019-05-19 13-22-29,495,18.0725,37.9564
2019-05-19 13-22-31,496,18.0176,37.9431
2019-05-19 13-22-35,495,18.0328,37.9297
2019-05-19 13-22-37,495,18.0725,37.9431
2019-05-19 13-22-39,495,18.0328,37.9431
2019-05-19 13-22-41,494,18.0313,37.9137
2019-05-19 13-22-43,493,18.0695,37.9297
2019-05-19 13-22-45,493,18.0176,37.9431
2019-05-19 13-22-47,493,18.0145,37.9137
2019-05-19 13-22-51,492,18.0725,37.9564
2019-05-19 13-22-53,492,18.0008,37.9698
2019-05-19 13-22-55,491,18.0359,37.9698
2019-05-19 13-22-57,492,17.9993,37.9564
2019-05-19 13-22-59,491,18.0145,37.9297
2019-05-19 13-23-01,492,17.981,37.9431
2019-05-19 13-23-03,491,18.0725,37.9431
2019-05-19 13-23-05,490,18.0908,37.9564
2019-05-19 13-23-09,489,18.0542,37.9885
2019-05-19 13-23-11,487,18.0008,37.9698
2019-05-19 13-23-13,487,18.0511,37.9698
2019-05-19 13-23-15,486,18.0725,37.9698
2019-05-19 13-23-17,485,18.0328,37.9431
2019-05-19 13-23-19,484,18.0176,37.9431
2019-05-19 13-23-21,486,18.0695,37.9004
2019-05-19 13-23-23,486,18.0862,37.9004
2019-05-19 13-23-27,487,18.1198,37.887
2019-05-19 13-23-29,486,18.1519,37.8443
2019-05-19 13-23-31,486,18.1152,37.8176
2019-05-19 13-23-33,486,18.1519,37.8309
2019-05-19 13-23-35,486,18.1686,37.7882
2019-05-19 13-23-37,485,18.1503,37.7749
2019-05-19 13-23-39,484,18.2388,37.7749
2019-05-19 13-23-41,483,18.2205,37.7749
2019-05-19 13-23-45,483,18.1839,37.7749
2019-05-19 13-23-47,483,18.2007,37.7749
2019-05-19 13-23-49,483,18.2236,37.8176
2019-05-19 13-23-51,482,18.2419,37.8016
2019-05-19 13-23-53,482,18.2022,37.7882
2019-05-19 13-23-55,482,18.2236,37.8016
2019-05-19 13-23-57,482,18.2236,37.8016
2019-05-19 13-23-59,482,18.1686,37.8176
2019-05-19 13-24-03,483,18.2419,37.8176
2019-05-19 13-24-05,484,18.1686,37.7882
2019-05-19 13-24-07,483,18.1686,37.7882
2019-05-19 13-24-09,483,18.2388,37.7749
2019-05-19 13-24-11,483,18.187,37.8176
2019-05-19 13-24-13,482,18.1839,37.7882
2019-05-19 13-24-15,482,18.2236,37.8016
2019-05-19 13-24-19,482,18.1656,37.7749
2019-05-19 13-24-21,483,18.2388,37.7882
2019-05-19 13-24-23,484,18.1152,37.7882
2019-05-19 13-24-25,484,18.2053,37.8176
2019-05-19 13-24-27,483,18.1519,37.8443
2019-05-19 13-24-29,482,18.1702,37.8576
2019-05-19 13-24-31,482,18.1183,37.8443
2019-05-19 13-24-33,482,18.1183,37.8309
2019-05-19 13-24-37,483,18.1702,37.8309
2019-05-19 13-24-39,484,18.1519,37.8443
2019-05-19 13-24-41,484,18.1702,37.8576
2019-05-19 13-24-43,484,18.1549,37.887
2019-05-19 13-24-45,485,18.1198,37.8737
2019-05-19 13-24-47,486,18.1198,37.8737
2019-05-19 13-24-49,485,18.1885,37.8737
2019-05-19 13-24-51,486,18.0862,37.887
2019-05-19 13-24-55,486,18.1015,37.8576
2019-05-19 13-24-57,486,18.1519,37.8309
2019-05-19 13-24-59,486,18.1686,37.8176
2019-05-19 13-25-01,487,18.2388,37.7882
2019-05-19 13-25-03,487,18.2022,37.7882
2019-05-19 13-25-05,488,18.219,37.7321
2019-05-19 13-25-07,488,18.306,37.7028
2019-05-19 13-25-09,487,18.2556,37.7321
2019-05-19 13-25-13,487,18.2877,37.7028
2019-05-19 13-25-15,487,18.2663,37.6627
2019-05-19 13-25-17,487,18.3197,37.6627
2019-05-19 13-25-19,487,18.3197,37.6333
2019-05-19 13-25-21,487,18.2663,37.6467
2019-05-19 13-25-23,486,18.3197,37.6627
2019-05-19 13-25-25,487,18.3014,37.6333
2019-05-19 13-25-29,486,18.3197,37.6467
2019-05-19 13-25-31,486,18.3197,37.6627
2019-05-19 13-25-33,485,18.2846,37.6467
2019-05-19 13-25-35,485,18.3716,37.6066
2019-05-19 13-25-37,485,18.3167,37.6066
2019-05-19 13-25-40,485,18.3517,37.5906
2019-05-19 13-25-42,484,18.3334,37.5906
2019-05-19 13-25-44,484,18.335,37.62
2019-05-19 13-25-48,483,18.335,37.6333
2019-05-19 13-25-50,482,18.248,37.6467
2019-05-19 13-25-52,482,18.3197,37.6467
2019-05-19 13-25-54,482,18.3014,37.6467
2019-05-19 13-25-56,483,18.2693,37.6894
2019-05-19 13-25-58,482,18.3029,37.6627
2019-05-19 13-26-00,482,18.251,37.676
2019-05-19 13-26-02,482,18.3029,37.676
2019-05-19 13-26-06,483,18.2846,37.676
2019-05-19 13-26-08,483,18.3212,37.676
2019-05-19 13-26-10,483,18.2877,37.6894
2019-05-19 13-26-12,483,18.3029,37.676
2019-05-19 13-26-14,483,18.3029,37.6627
2019-05-19 13-26-16,482,18.2663,37.6467
2019-05-19 13-26-18,482,18.2846,37.6627
2019-05-19 13-26-22,483,18.2343,37.676
2019-05-19 13-26-24,483,18.251,37.676
2019-05-19 13-26-26,483,18.306,37.7188
2019-05-19 13-26-28,482,18.1793,37.7188
2019-05-19 13-26-30,482,18.2343,37.6894
2019-05-19 13-26-32,482,18.1793,37.7028
2019-05-19 13-26-34,482,18.1961,37.6894
2019-05-19 13-26-36,482,18.2693,37.6894
2019-05-19 13-26-40,482,18.2343,37.6894
2019-05-19 13-26-42,482,18.1778,37.676
2019-05-19 13-26-44,482,18.2373,37.7188
2019-05-19 13-26-46,482,18.219,37.7188
2019-05-19 13-26-48,483,18.1824,37.7321
2019-05-19 13-26-50,482,18.1976,37.7188
2019-05-19 13-26-52,483,18.1824,37.7455
2019-05-19 13-26-54,483,18.1824,37.7321
2019-05-19 13-26-58,483,18.2205,37.7615
2019-05-19 13-27-00,483,18.1824,37.7321
2019-05-19 13-27-02,483,18.1656,37.7615
2019-05-19 13-27-04,483,18.1473,37.7321
2019-05-19 13-27-06,483,18.1641,37.7455
2019-05-19 13-27-08,483,18.1824,37.7455
2019-05-19 13-27-10,483,18.1473,37.7321
2019-05-19 13-27-12,483,18.219,37.7188
2019-05-19 13-27-16,482,18.2526,37.7188
2019-05-19 13-27-18,481,18.219,37.7321
2019-05-19 13-27-20,482,18.2892,37.7321
2019-05-19 13-27-22,482,18.2526,37.7188
2019-05-19 13-27-24,482,18.1976,37.7188
2019-05-19 13-27-26,482,18.219,37.7188
2019-05-19 13-27-28,482,18.2373,37.7188
2019-05-19 13-27-32,483,18.2343,37.6894
2019-05-19 13-27-34,482,18.3029,37.676
2019-05-19 13-27-36,482,18.2693,37.676
2019-05-19 13-27-38,483,18.248,37.6467
2019-05-19 13-27-40,483,18.2648,37.62
2019-05-19 13-27-42,482,18.2648,37.6066
2019-05-19 13-27-44,483,18.3167,37.62
2019-05-19 13-27-46,483,18.335,37.6066
2019-05-19 13-27-50,483,18.2983,37.5772
2019-05-19 13-27-52,482,18.3151,37.5906
2019-05-19 13-27-54,482,18.3014,37.62
2019-05-19 13-27-56,482,18.2465,37.6066
2019-05-19 13-27-58,482,18.2648,37.62
2019-05-19 13-28-00,481,18.248,37.6467
2019-05-19 13-28-02,481,18.2297,37.6333
2019-05-19 13-28-04,481,18.2648,37.62
2019-05-19 13-28-08,481,18.2648,37.5906
2019-05-19 13-28-10,480,18.248,37.6333
2019-05-19 13-28-12,479,18.2663,37.6333
2019-05-19 13-28-14,480,18.3014,37.6333
2019-05-19 13-28-16,480,18.248,37.62
2019-05-19 13-28-18,479,18.248,37.62
2019-05-19 13-28-20,478,18.2983,37.6066
2019-05-19 13-28-24,478,18.3167,37.62
2019-05-19 13-28-26,478,18.2831,37.6333
2019-05-19 13-28-28,479,18.2846,37.6467
2019-05-19 13-28-30,479,18.1595,37.6467
2019-05-19 13-28-32,478,18.251,37.676
2019-05-19 13-28-34,479,18.1961,37.676
2019-05-19 13-28-36,479,18.1778,37.676
2019-05-19 13-28-38,479,18.219,37.7028
2019-05-19 13-28-42,479,18.1824,37.7455
2019-05-19 13-28-44,479,18.2388,37.7615
2019-05-19 13-28-46,479,18.1656,37.7615
2019-05-19 13-28-48,479,18.1137,37.7749
2019-05-19 13-28-50,479,18.1335,37.8016
2019-05-19 13-28-52,480,18.0817,37.8016
2019-05-19 13-28-54,480,18.0969,37.8016
2019-05-19 13-28-56,480,18.132,37.7882
2019-05-19 13-29-00,479,18.132,37.7882
2019-05-19 13-29-02,480,18.132,37.7749
2019-05-19 13-29-04,479,18.1656,37.7749
2019-05-19 13-29-06,479,18.132,37.7882
2019-05-19 13-29-08,478,18.0634,37.8016
2019-05-19 13-29-10,478,18.0649,37.8443
2019-05-19 13-29-12,479,18.0283,37.8443
2019-05-19 13-29-14,478,18.045,37.8443
2019-05-19 13-29-18,479,18.045,37.8309
2019-05-19 13-29-20,480,18.0267,37.8176
2019-05-19 13-29-22,480,18.0634,37.7882
2019-05-19 13-29-24,480,18.1152,37.7882
2019-05-19 13-29-26,480,18.042,37.7882
2019-05-19 13-29-28,481,18.0634,37.7882
2019-05-19 13-29-30,480,18.0267,37.8016
2019-05-19 13-29-32,480,18.0634,37.8016
2019-05-19 13-29-36,479,18.0267,37.8016
2019-05-19 13-29-38,479,18.0603,37.7749
2019-05-19 13-29-40,479,18.0969,37.7749
2019-05-19 13-29-42,480,18.132,37.7615
2019-05-19 13-29-44,480,18.1107,37.7321
2019-05-19 13-29-46,480,18.1458,37.7028
2019-05-19 13-29-48,479,18.161,37.7028
2019-05-19 13-29-50,479,18.1778,37.676
2019-05-19 13-29-54,479,18.1458,37.7028
2019-05-19 13-29-56,479,18.1641,37.7188
2019-05-19 13-29-58,478,18.1458,37.7028
2019-05-19 13-30-00,479,18.1793,37.7028
2019-05-19 13-30-02,479,18.1976,37.7188
2019-05-19 13-30-04,479,18.1641,37.7321
2019-05-19 13-30-06,479,18.1107,37.7321
2019-05-19 13-30-10,479,18.1137,37.7455
2019-05-19 13-30-12,479,18.1976,37.7028
2019-05-19 13-30-14,479,18.161,37.6894
2019-05-19 13-30-16,479,18.1427,37.676
2019-05-19 13-30-18,480,18.1778,37.676
2019-05-19 13-30-20,480,18.161,37.7028
2019-05-19 13-30-22,480,18.1931,37.6333
2019-05-19 13-30-24,479,18.1747,37.6333
2019-05-19 13-30-28,479,18.1778,37.6627
2019-05-19 13-30-30,479,18.1427,37.6894
2019-05-19 13-30-32,478,18.1458,37.7188
2019-05-19 13-30-34,478,18.129,37.7455
2019-05-19 13-30-36,478,18.0222,37.7321
2019-05-19 13-30-38,478,18.0954,37.7321
2019-05-19 13-30-40,478,18.0603,37.7455
2019-05-19 13-30-42,478,18.0603,37.7455
2019-05-19 13-30-46,477,18.0237,37.7615
2019-05-19 13-30-48,477,18.0603,37.7455
2019-05-19 13-30-50,477,18.0237,37.7615
2019-05-19 13-30-53,477,18.0237,37.7749
2019-05-19 13-30-55,476,17.955,37.7882
2019-05-19 13-30-57,477,18.0084,37.8016
2019-05-19 13-30-59,477,17.9733,37.8016
2019-05-19 13-31-01,478,17.9352,37.7615
2019-05-19 13-31-05,479,18.0237,37.7615
2019-05-19 13-31-07,479,18.0191,37.7028
2019-05-19 13-31-09,478,18.0191,37.7028
2019-05-19 13-31-11,477,18.0359,37.6894
2019-05-19 13-31-13,476,18.0588,37.7188
2019-05-19 13-31-15,476,18.074,37.6894
2019-05-19 13-31-17,476,18.1274,37.7028
2019-05-19 13-31-19,475,18.1107,37.7188
2019-05-19 13-31-23,474,18.0588,37.7188
2019-05-19 13-31-25,474,18.0038,37.7321
2019-05-19 13-31-27,473,18.0771,37.7455
2019-05-19 13-31-29,473,18.0588,37.7188
2019-05-19 13-31-31,472,18.0038,37.7188
2019-05-19 13-31-33,472,17.9871,37.7321
2019-05-19 13-31-35,472,18.0603,37.7455
2019-05-19 13-31-37,472,18.0054,37.7615
2019-05-19 13-31-41,472,17.9901,37.7882
2019-05-19 13-31-43,472,17.9916,37.8309
2019-05-19 13-31-45,471,17.9214,37.8176
2019-05-19 13-31-47,472,17.9398,37.8309
2019-05-19 13-31-49,472,18.0099,37.8309
2019-05-19 13-31-51,471,17.926,37.8737
2019-05-19 13-31-53,471,17.9413,37.8737
2019-05-19 13-31-55,470,17.9626,37.9004
2019-05-19 13-31-59,469,17.8894,37.9137
2019-05-19 13-32-01,470,17.8543,37.9137
2019-05-19 13-32-03,470,17.8543,37.9137
2019-05-19 13-32-05,470,17.836,37.9004
2019-05-19 13-32-07,468,17.8207,37.9137
2019-05-19 13-32-09,469,17.8177,37.8737
2019-05-19 13-32-11,469,17.7994,37.887
2019-05-19 13-32-13,470,17.7292,37.9004
2019-05-19 13-32-17,470,17.8024,37.9004
2019-05-19 13-32-19,470,17.8711,37.887
2019-05-19 13-32-21,471,17.8177,37.887
2019-05-19 13-32-23,470,17.7994,37.8737
2019-05-19 13-32-25,470,17.8177,37.887
2019-05-19 13-32-27,471,17.8177,37.9004
2019-05-19 13-32-29,471,17.8024,37.9137
2019-05-19 13-32-31,471,17.7856,37.9297
2019-05-19 13-32-35,471,17.8726,37.9297
2019-05-19 13-32-37,470,17.8909,37.9698
2019-05-19 13-32-39,469,17.807,37.9885
2019-05-19 13-32-41,469,17.804,37.9564
2019-05-19 13-32-43,469,17.7887,37.9698
2019-05-19 13-32-45,469,17.804,37.9564
2019-05-19 13-32-47,468,17.7719,38.0018
2019-05-19 13-32-49,468,17.7475,37.9431
2019-05-19 13-32-53,468,17.7887,37.9885
2019-05-19 13-32-55,469,17.7307,37.9698
2019-05-19 13-32-57,470,17.7704,37.9564
2019-05-19 13-32-59,469,17.7704,37.9564
2019-05-19 13-33-01,470,17.7856,37.9564
2019-05-19 13-33-03,469,17.804,37.9431
2019-05-19 13-33-05,468,17.8207,37.9431
2019-05-19 13-33-07,468,17.7841,37.9137
2019-05-19 13-33-11,468,17.8024,37.9137
2019-05-19 13-33-13,467,17.8207,37.9137
2019-05-19 13-33-15,466,17.8024,37.9297
2019-05-19 13-33-17,466,17.8024,37.9297
2019-05-19 13-33-19,466,17.8207,37.9431
2019-05-19 13-33-21,465,17.8543,37.9297
2019-05-19 13-33-23,465,17.8223,37.9564
2019-05-19 13-33-27,464,17.7704,37.9564
2019-05-19 13-33-29,465,17.8757,37.9698
2019-05-19 13-33-31,464,17.8574,37.9564
2019-05-19 13-33-33,464,17.8391,37.9431
2019-05-19 13-33-35,464,17.8207,37.9431
2019-05-19 13-33-37,464,17.9092,37.9004
2019-05-19 13-33-39,464,17.8711,37.887
2019-05-19 13-33-41,464,17.9581,37.8576
2019-05-19 13-33-45,464,17.9413,37.8443
2019-05-19 13-33-47,463,17.9047,37.8309
2019-05-19 13-33-49,463,17.9581,37.8309
2019-05-19 13-33-51,463,17.9077,37.8576
2019-05-19 13-33-53,463,17.9077,37.887
2019-05-19 13-33-55,463,17.9077,37.8737
2019-05-19 13-33-57,462,17.9596,37.887
2019-05-19 13-33-59,462,17.8345,37.887
2019-05-19 13-34-03,462,17.868,37.8737
2019-05-19 13-34-05,461,17.8864,37.8737
2019-05-19 13-34-07,462,17.8864,37.8576
2019-05-19 13-34-09,462,17.8848,37.8443
2019-05-19 13-34-11,462,17.8848,37.8443
2019-05-19 13-34-13,462,17.923,37.8443
2019-05-19 13-34-15,462,17.9214,37.8176
2019-05-19 13-34-17,461,17.9581,37.8443
2019-05-19 13-34-21,461,17.9733,37.8309
2019-05-19 13-34-23,461,17.9581,37.8443
2019-05-19 13-34-25,461,17.9047,37.8443
2019-05-19 13-34-27,460,17.9214,37.8176
2019-05-19 13-34-29,460,17.955,37.8176
2019-05-19 13-34-31,458,17.955,37.8016
2019-05-19 13-34-33,459,17.9764,37.8443
2019-05-19 13-34-35,458,17.955,37.8016
2019-05-19 13-34-39,459,17.9214,37.8309
2019-05-19 13-34-41,458,17.9398,37.8176
2019-05-19 13-34-43,458,17.9718,37.7882
2019-05-19 13-34-45,457,17.955,37.8176
2019-05-19 13-34-47,457,17.9718,37.7882
2019-05-19 13-34-49,457,17.9214,37.8016
2019-05-19 13-34-51,456,17.9901,37.8016
2019-05-19 13-34-55,456,17.8818,37.7882
2019-05-19 13-34-57,454,17.9047,37.8176
2019-05-19 13-34-59,454,17.9581,37.8309
2019-05-19 13-35-01,454,17.9047,37.8309
2019-05-19 13-35-03,453,17.9413,37.8443
2019-05-19 13-35-05,452,17.926,37.8737
2019-05-19 13-35-07,452,17.8345,37.8737
2019-05-19 13-35-09,453,17.9047,37.8443
2019-05-19 13-35-13,452,17.9581,37.8309
2019-05-19 13-35-15,452,17.9581,37.8576
2019-05-19 13-35-17,452,17.9367,37.8016
2019-05-19 13-35-19,452,17.9367,37.8016
2019-05-19 13-35-21,452,17.9352,37.7455
2019-05-19 13-35-23,452,17.9871,37.7321
2019-05-19 13-35-25,451,18.0222,37.7455
2019-05-19 13-35-27,450,18.0222,37.7455
2019-05-19 13-35-31,450,18.0237,37.7749
2019-05-19 13-35-33,451,17.9535,37.7455
2019-05-19 13-35-35,451,17.955,37.7882
2019-05-19 13-35-37,451,17.9184,37.7882
2019-05-19 13-35-39,451,17.9367,37.7749
2019-05-19 13-35-41,451,17.9184,37.7749
2019-05-19 13-35-43,451,17.9031,37.8016
2019-05-19 13-35-45,451,17.9352,37.7615
2019-05-19 13-35-49,451,17.955,37.7882
2019-05-19 13-35-51,451,17.9184,37.7749
2019-05-19 13-35-53,451,17.9352,37.7615
2019-05-19 13-35-55,451,17.9535,37.7615
2019-05-19 13-35-57,451,17.9352,37.7615
2019-05-19 13-35-59,451,17.9688,37.7188
2019-05-19 13-36-01,451,17.9871,37.7455
2019-05-19 13-36-03,450,17.9352,37.7615
2019-05-19 13-36-07,450,17.9184,37.7615
2019-05-19 13-36-09,451,17.8818,37.7749
2019-05-19 13-36-11,451,17.9184,37.7615
2019-05-19 13-36-13,450,17.9184,37.7615
2019-05-19 13-36-15,451,17.9001,37.7615
2019-05-19 13-36-17,452,17.9001,37.7615
2019-05-19 13-36-20,452,17.8818,37.7749
2019-05-19 13-36-22,452,17.9184,37.7749
2019-05-19 13-36-26,453,17.9184,37.7749
2019-05-19 13-36-28,452,17.9169,37.7455
2019-05-19 13-36-30,452,17.9535,37.7615
2019-05-19 13-36-32,453,17.9184,37.7615
2019-05-19 13-36-34,452,17.9184,37.7615
2019-05-19 13-36-36,452,17.9688,37.7321
2019-05-19 13-36-38,452,18.0038,37.7188
2019-05-19 13-36-42,452,18.0008,37.7028
2019-05-19 13-36-44,452,18.0374,37.7028
2019-05-19 13-36-46,452,17.9993,37.6627
2019-05-19 13-36-48,451,18.074,37.676
2019-05-19 13-36-50,450,18.0557,37.6627
2019-05-19 13-36-52,450,18.0695,37.6333
2019-05-19 13-36-54,450,17.9993,37.6467
2019-05-19 13-36-56,450,18.0923,37.6894
2019-05-19 13-37-00,449,17.9825,37.6894
2019-05-19 13-37-02,450,18.074,37.7028
2019-05-19 13-37-04,449,18.0222,37.7321
2019-05-19 13-37-06,449,18.0374,37.7321
2019-05-19 13-37-08,449,17.9688,37.7321
2019-05-19 13-37-10,449,18.0054,37.7615
2019-05-19 13-37-12,449,17.9718,37.7749
2019-05-19 13-37-14,450,17.9535,37.7615
2019-05-19 13-37-18,450,17.8818,37.7749
2019-05-19 13-37-20,450,17.8818,37.8016
2019-05-19 13-37-22,451,17.9031,37.8016
2019-05-19 13-37-24,452,17.9047,37.8176
2019-05-19 13-37-26,453,17.9367,37.7882
2019-05-19 13-37-28,453,17.8818,37.7882
2019-05-19 13-37-30,452,17.9001,37.7749
2019-05-19 13-37-32,452,17.9901,37.7749
2019-05-19 13-37-36,452,17.9535,37.7749
2019-05-19 13-37-38,450,17.9916,37.8176
2019-05-19 13-37-40,450,17.8482,37.8016
2019-05-19 13-37-42,450,17.9047,37.8443
2019-05-19 13-37-44,450,17.868,37.8443
2019-05-19 13-37-46,451,17.9077,37.8576
2019-05-19 13-37-48,451,17.8818,37.8016
2019-05-19 13-37-50,452,17.9688,37.7455
2019-05-19 13-37-54,453,17.9504,37.7321
2019-05-19 13-37-56,453,17.9504,37.7321
2019-05-19 13-37-58,453,17.9688,37.7188
2019-05-19 13-38-00,453,17.9504,37.7028
2019-05-19 13-38-02,452,17.9504,37.7188
2019-05-19 13-38-04,452,17.9688,37.7188
2019-05-19 13-38-06,452,17.9688,37.7321
2019-05-19 13-38-10,452,17.9688,37.7321
2019-05-19 13-38-12,452,18.0237,37.7615
2019-05-19 13-38-14,452,17.9871,37.7615
2019-05-19 13-38-16,452,17.9352,37.7615
2019-05-19 13-38-18,451,17.9718,37.7882
2019-05-19 13-38-20,452,17.9367,37.7749
2019-05-19 13-38-22,453,17.9352,37.7455
2019-05-19 13-38-24,452,17.8986,37.7321
2019-05-19 13-38-28,453,17.8986,37.7321
2019-05-19 13-38-30,453,18.0008,37.6894
2019-05-19 13-38-32,453,17.9672,37.6894
2019-05-19 13-38-34,452,17.9504,37.7188
2019-05-19 13-38-36,451,17.9825,37.6627
2019-05-19 13-38-38,450,17.9504,37.7321
2019-05-19 13-38-40,450,17.9535,37.7455
2019-05-19 13-38-42,450,17.9169,37.7321
2019-05-19 13-38-46,450,17.9001,37.7615
2019-05-19 13-38-48,450,17.9169,37.7321
2019-05-19 13-38-50,449,17.9001,37.7455
2019-05-19 13-38-52,449,17.9352,37.7321
2019-05-19 13-38-54,450,17.9672,37.7028
2019-05-19 13-38-56,449,17.9169,37.7321
2019-05-19 13-38-58,449,17.9504,37.7321
2019-05-19 13-39-00,448,17.9535,37.7749
2019-05-19 13-39-04,448,17.8635,37.7882
2019-05-19 13-39-06,449,17.8818,37.7882
2019-05-19 13-39-08,449,17.9367,37.7882
2019-05-19 13-39-10,448,17.9504,37.7321
2019-05-19 13-39-12,449,17.9352,37.7321
2019-05-19 13-39-14,448,17.9169,37.7188
2019-05-19 13-39-16,449,17.9352,37.7321
2019-05-19 13-39-18,448,17.9001,37.7455
2019-05-19 13-39-22,448,17.9001,37.7455
2019-05-19 13-39-24,447,17.8772,37.7321
2019-05-19 13-39-26,447,17.8986,37.7321
2019-05-19 13-39-28,447,17.8619,37.7455
2019-05-19 13-39-30,447,17.9169,37.7321
2019-05-19 13-39-32,447,17.9138,37.6894
2019-05-19 13-39-34,446,17.8757,37.6894
2019-05-19 13-39-36,445,17.8955,37.6894
2019-05-19 13-39-40,445,17.9169,37.7188
2019-05-19 13-39-42,445,17.8619,37.7455
2019-05-19 13-39-44,445,17.8986,37.7188
2019-05-19 13-39-46,444,17.8619,37.7455
2019-05-19 13-39-48,444,17.8268,37.7455
2019-05-19 13-39-50,443,17.7933,37.7615
2019-05-19 13-39-52,442,17.8116,37.7749
2019-05-19 13-39-56,442,17.8299,37.7749
2019-05-19 13-39-58,442,17.775,37.7615
2019-05-19 13-40-00,442,17.8116,37.7615
2019-05-19 13-40-02,441,17.775,37.7615
2019-05-19 13-40-04,441,17.8116,37.7615
2019-05-19 13-40-06,441,17.7933,37.7455
2019-05-19 13-40-08,442,17.8619,37.7188
2019-05-19 13-40-10,442,17.8406,37.676
2019-05-19 13-40-14,442,17.9123,37.6333
2019-05-19 13-40-16,442,17.926,37.5906
2019-05-19 13-40-18,441,18.0099,37.5505
2019-05-19 13-40-20,440,17.9596,37.5639
2019-05-19 13-40-22,440,18.013,37.5639
2019-05-19 13-40-24,440,17.9077,37.5639
2019-05-19 13-40-26,440,17.9764,37.5505
2019-05-19 13-40-28,440,17.9413,37.5772
2019-05-19 13-40-32,439,17.9443,37.5906
2019-05-19 13-40-34,439,17.9276,37.62
2019-05-19 13-40-36,438,17.9276,37.6333
2019-05-19 13-40-38,438,17.8391,37.6333
2019-05-19 13-40-40,438,17.8726,37.6333
2019-05-19 13-40-42,438,17.8955,37.676
2019-05-19 13-40-44,438,17.7887,37.6627
2019-05-19 13-40-46,439,17.8253,37.7028
2019-05-19 13-40-50,438,17.72,37.7321
2019-05-19 13-40-52,438,17.7353,37.7188
2019-05-19 13-40-54,437,17.7383,37.7749
2019-05-19 13-40-56,437,17.7032,37.7615
2019-05-19 13-40-58,437,17.7383,37.7749
2019-05-19 13-41-00,437,17.688,37.8016
2019-05-19 13-41-02,436,17.6712,37.8176
2019-05-19 13-41-04,436,17.6712,37.8309
2019-05-19 13-41-08,437,17.6529,37.8309
2019-05-19 13-41-10,436,17.5797,37.8176
2019-05-19 13-41-12,436,17.5659,37.8576
2019-05-19 13-41-14,436,17.5659,37.8576
2019-05-19 13-41-16,436,17.5827,37.8309
2019-05-19 13-41-18,436,17.5613,37.8016
2019-05-19 13-41-20,436,17.6712,37.8176
2019-05-19 13-41-24,436,17.688,37.7882
2019-05-19 13-41-26,435,17.688,37.8016
2019-05-19 13-41-28,435,17.6529,37.8016
2019-05-19 13-41-30,434,17.6529,37.8309
2019-05-19 13-41-32,433,17.6559,37.8443
2019-05-19 13-41-34,433,17.6025,37.8576
2019-05-19 13-41-36,433,17.5644,37.8443
2019-05-19 13-41-38,434,17.6025,37.8576
2019-05-19 13-41-42,433,17.6025,37.8576
2019-05-19 13-41-44,432,17.6056,37.8737
2019-05-19 13-41-46,431,17.6376,37.8443
2019-05-19 13-41-48,430,17.6208,37.8443
2019-05-19 13-41-50,430,17.6193,37.8309
2019-05-19 13-41-53,431,17.6559,37.8443
2019-05-19 13-41-55,430,17.6712,37.8176
2019-05-19 13-41-57,429,17.6529,37.8176
2019-05-19 13-42-01,427,17.6514,37.7882
2019-05-19 13-42-03,426,17.6163,37.8016
2019-05-19 13-42-05,424,17.6529,37.8309
2019-05-19 13-42-07,423,17.6193,37.8309
2019-05-19 13-42-09,424,17.601,37.8176
2019-05-19 13-42-11,423,17.6193,37.8176
2019-05-19 13-42-13,423,17.6529,37.8176
2019-05-19 13-42-15,423,17.6163,37.7882
2019-05-19 13-42-19,423,17.5644,37.8443
2019-05-19 13-42-21,423,17.6529,37.8176
2019-05-19 13-42-23,422,17.6529,37.8176
2019-05-19 13-42-25,422,17.5797,37.8176
2019-05-19 13-42-27,421,17.5476,37.8443
2019-05-19 13-42-29,421,17.6025,37.8309
2019-05-19 13-42-31,421,17.5644,37.8443
2019-05-19 13-42-33,420,17.6529,37.8309
2019-05-19 13-42-37,421,17.6392,37.8576
2019-05-19 13-42-39,420,17.6392,37.8737
2019-05-19 13-42-41,421,17.6025,37.8576
2019-05-19 13-42-43,420,17.6376,37.8443
2019-05-19 13-42-45,421,17.7078,37.8443
2019-05-19 13-42-47,420,17.6559,37.8576
2019-05-19 13-42-49,421,17.6712,37.8176
2019-05-19 13-42-51,421,17.6025,37.8443
2019-05-19 13-42-55,421,17.6193,37.8309
2019-05-19 13-42-57,421,17.5827,37.8309
2019-05-19 13-42-59,420,17.6025,37.8443
2019-05-19 13-43-01,421,17.5659,37.8576
2019-05-19 13-43-03,421,17.6025,37.8309
2019-05-19 13-43-05,421,17.6376,37.8309
2019-05-19 13-43-07,422,17.5827,37.8309
2019-05-19 13-43-09,422,17.601,37.8016
2019-05-19 13-43-13,422,17.6346,37.8016
2019-05-19 13-43-15,422,17.6376,37.8176
2019-05-19 13-43-17,422,17.6193,37.8309
2019-05-19 13-43-19,421,17.6529,37.8016
2019-05-19 13-43-21,421,17.6712,37.8443
2019-05-19 13-43-23,420,17.6208,37.8576
2019-05-19 13-43-25,420,17.5644,37.8309
2019-05-19 13-43-29,420,17.6025,37.8309
2019-05-19 13-43-31,420,17.5797,37.8176
2019-05-19 13-43-33,421,17.6376,37.8176
2019-05-19 13-43-35,421,17.688,37.8016
2019-05-19 13-43-37,421,17.6712,37.8176
2019-05-19 13-43-39,420,17.6514,37.7882
2019-05-19 13-43-41,421,17.6163,37.8016
2019-05-19 13-43-43,420,17.5781,37.7749
2019-05-19 13-43-47,421,17.601,37.8176
2019-05-19 13-43-49,421,17.6376,37.8176
2019-05-19 13-43-51,420,17.6376,37.8443
2019-05-19 13-43-53,420,17.5827,37.8576
2019-05-19 13-43-55,420,17.569,37.9004
2019-05-19 13-43-57,419,17.569,37.9004
2019-05-19 13-43-59,419,17.5507,37.9004
2019-05-19 13-44-01,418,17.569,37.9137
2019-05-19 13-44-05,419,17.5003,37.9297
2019-05-19 13-44-07,419,17.5003,37.9297
2019-05-19 13-44-09,419,17.4454,37.8737
2019-05-19 13-44-11,419,17.4606,37.8737
2019-05-19 13-44-13,419,17.5476,37.8443
2019-05-19 13-44-15,419,17.514,37.8576
2019-05-19 13-44-17,419,17.5659,37.8576
2019-05-19 13-44-19,418,17.5323,37.887
2019-05-19 13-44-23,419,17.482,37.9004
2019-05-19 13-44-25,419,17.5186,37.9297
2019-05-19 13-44-27,419,17.482,37.9297
2019-05-19 13-44-29,419,17.4286,37.9698
2019-05-19 13-44-31,419,17.4652,37.9564
2019-05-19 13-44-33,420,17.4652,37.9564
2019-05-19 13-44-35,420,17.4652,37.9297
2019-05-19 13-44-37,420,17.4652,37.9297
2019-05-19 13-44-41,420,17.5186,37.9297
2019-05-19 13-44-43,420,17.5003,37.9137
2019-05-19 13-44-45,421,17.4789,37.887
2019-05-19 13-44-47,420,17.5293,37.8309
2019-05-19 13-44-49,420,17.5644,37.8176
2019-05-19 13-44-51,419,17.6193,37.8176
2019-05-19 13-44-53,419,17.601,37.8016
2019-05-19 13-44-55,419,17.6193,37.8176
2019-05-19 13-44-59,418,17.5644,37.8176
2019-05-19 13-45-01,418,17.5827,37.8309
2019-05-19 13-45-03,418,17.6025,37.8309
2019-05-19 13-45-05,418,17.6056,37.887
2019-05-19 13-45-07,418,17.5507,37.9137
2019-05-19 13-45-09,418,17.569,37.9004
2019-05-19 13-45-11,418,17.5369,37.9431
2019-05-19 13-45-13,417,17.5186,37.9297
2019-05-19 13-45-17,418,17.5339,37.9297
2019-05-19 13-45-19,417,17.5507,37.9137
2019-05-19 13-45-21,417,17.5003,37.9297
2019-05-19 13-45-23,418,17.5186,37.9297
2019-05-19 13-45-25,418,17.5003,37.9137
2019-05-19 13-45-27,418,17.5842,37.9004
2019-05-19 13-45-29,418,17.5323,37.887
2019-05-19 13-45-33,418,17.5156,37.887
2019-05-19 13-45-35,418,17.6056,37.8737
2019-05-19 13-45-37,419,17.6193,37.8309
2019-05-19 13-45-39,419,17.6514,37.7882
2019-05-19 13-45-41,418,17.6697,37.7749
2019-05-19 13-45-43,418,17.6987,37.7028
2019-05-19 13-45-45,418,17.6804,37.6894
2019-05-19 13-45-47,418,17.6804,37.6627
2019-05-19 13-45-51,418,17.7338,37.676
2019-05-19 13-45-53,418,17.7887,37.676
2019-05-19 13-45-55,418,17.7856,37.6467
2019-05-19 13-45-57,418,17.7704,37.6467
2019-05-19 13-45-59,418,17.7856,37.6467
2019-05-19 13-46-01,417,17.8024,37.62
2019-05-19 13-46-03,417,17.8207,37.6333
2019-05-19 13-46-05,417,17.8177,37.6066
2019-05-19 13-46-09,417,17.7673,37.6066
2019-05-19 13-46-11,417,17.8345,37.5772
2019-05-19 13-46-13,417,17.8024,37.6066
2019-05-19 13-46-15,416,17.8177,37.5906
2019-05-19 13-46-17,416,17.7521,37.6333
2019-05-19 13-46-19,415,17.7307,37.6627
2019-05-19 13-46-21,416,17.7704,37.676
2019-05-19 13-46-23,415,17.717,37.7188
2019-05-19 13-46-27,415,17.6666,37.7455
2019-05-19 13-46-29,415,17.6849,37.7615
2019-05-19 13-46-31,414,17.7216,37.7882
2019-05-19 13-46-33,414,17.6163,37.7882
2019-05-19 13-46-35,414,17.6712,37.8176
2019-05-19 13-46-37,414,17.5461,37.8016
2019-05-19 13-46-39,414,17.601,37.8016
2019-05-19 13-46-41,415,17.5827,37.8443
2019-05-19 13-46-45,414,17.5659,37.8576
2019-05-19 13-46-47,414,17.5156,37.9004
2019-05-19 13-46-49,414,17.5842,37.887
2019-05-19 13-46-51,414,17.4973,37.9004
2019-05-19 13-46-53,413,17.4637,37.887
2019-05-19 13-46-55,414,17.3904,37.9137
2019-05-19 13-46-57,414,17.395,37.9564
2019-05-19 13-47-01,415,17.3767,37.9564
2019-05-19 13-47-03,415,17.4133,37.9698
2019-05-19 13-47-05,416,17.3782,37.9885
2019-05-19 13-47-07,415,17.3599,37.9698
2019-05-19 13-47-09,415,17.4133,37.9698
2019-05-19 13-47-11,415,17.4316,37.9885
2019-05-19 13-47-13,416,17.45,37.9885
2019-05-19 13-47-15,417,17.45,37.9564
2019-05-19 13-47-19,417,17.5186,37.9431
2019-05-19 13-47-21,417,17.4957,37.8443
2019-05-19 13-47-23,417,17.543,37.7882
2019-05-19 13-47-26,416,17.5415,37.7455
2019-05-19 13-47-28,416,17.5964,37.7188
2019-05-19 13-47-30,415,17.6651,37.6894
2019-05-19 13-47-32,414,17.6788,37.6467
2019-05-19 13-47-34,414,17.7521,37.6333
2019-05-19 13-47-38,413,17.7673,37.6333
2019-05-19 13-47-40,412,17.7856,37.6333
2019-05-19 13-47-42,411,17.7673,37.6066
2019-05-19 13-47-44,409,17.7673,37.62
2019-05-19 13-47-46,402,17.7521,37.6333
2019-05-19 13-47-48,396,17.7856,37.6333
2019-05-19 13-47-50,402,17.7124,37.6467
2019-05-19 13-47-52,404,17.7521,37.6467
2019-05-19 13-47-56,399,17.7704,37.676
2019-05-19 13-47-58,396,17.6804,37.6627
2019-05-19 13-48-00,391,17.6651,37.7028
2019-05-19 13-48-02,389,17.63,37.7188
2019-05-19 13-48-04,386,17.5598,37.7455
2019-05-19 13-48-06,391,17.6331,37.7455
2019-05-19 13-48-08,390,17.63,37.7321
2019-05-19 13-48-10,391,17.6666,37.7321
2019-05-19 13-48-14,395,17.63,37.7321
2019-05-19 13-48-16,394,17.6117,37.7028
2019-05-19 13-48-18,393,17.7017,37.7321
2019-05-19 13-48-20,392,17.6147,37.7455
2019-05-19 13-48-22,390,17.6331,37.7615
2019-05-19 13-48-24,389,17.6514,37.7882
2019-05-19 13-48-26,388,17.6147,37.7615
2019-05-19 13-48-28,390,17.5613,37.7882
2019-05-19 13-48-32,391,17.5797,37.7882
2019-05-19 13-48-34,391,17.6331,37.7615
2019-05-19 13-48-36,390,17.5781,37.7455
2019-05-19 13-48-38,390,17.6697,37.7749
2019-05-19 13-48-40,391,17.5415,37.7455
2019-05-19 13-48-42,390,17.598,37.7615
2019-05-19 13-48-44,391,17.6514,37.7615
2019-05-19 13-48-46,391,17.6697,37.7882
2019-05-19 13-48-50,390,17.598,37.7749
2019-05-19 13-48-52,388,17.5613,37.7749
2019-05-19 13-48-54,390,17.6346,37.7882
2019-05-19 13-48-56,389,17.6193,37.8309
2019-05-19 13-48-58,388,17.5644,37.8443
2019-05-19 13-49-00,390,17.5461,37.8176
2019-05-19 13-49-02,390,17.5613,37.7882
2019-05-19 13-49-06,390,17.6193,37.8176
2019-05-19 13-49-08,391,17.6163,37.7882
2019-05-19 13-49-10,390,17.6331,37.7615
2019-05-19 13-49-12,391,17.6147,37.7455
2019-05-19 13-49-14,391,17.6483,37.7188
2019-05-19 13-49-16,390,17.6331,37.7749
2019-05-19 13-49-18,390,17.6514,37.7615
2019-05-19 13-49-20,389,17.6483,37.7455
2019-05-19 13-49-24,389,17.6331,37.7615
2019-05-19 13-49-26,389,17.6331,37.7455
2019-05-19 13-49-28,388,17.6514,37.7749
2019-05-19 13-49-30,389,17.6514,37.7749
2019-05-19 13-49-32,389,17.6331,37.7749
2019-05-19 13-49-34,389,17.6666,37.7455
2019-05-19 13-49-36,389,17.6514,37.7749
2019-05-19 13-49-38,389,17.6331,37.7749
2019-05-19 13-49-42,389,17.7063,37.8176
2019-05-19 13-49-44,389,17.6163,37.8016
2019-05-19 13-49-46,388,17.6346,37.8016
2019-05-19 13-49-48,388,17.6346,37.7882
2019-05-19 13-49-50,388,17.6193,37.8176
2019-05-19 13-49-52,388,17.5461,37.8309
2019-05-19 13-49-54,388,17.5644,37.8443
2019-05-19 13-49-56,387,17.4789,37.887
2019-05-19 13-50-00,388,17.4973,37.887
2019-05-19 13-50-02,386,17.5339,37.9137
2019-05-19 13-50-04,387,17.4652,37.9297
2019-05-19 13-50-06,387,17.5003,37.9431
2019-05-19 13-50-08,388,17.4286,37.9564
2019-05-19 13-50-10,388,17.395,37.9885
2019-05-19 13-50-12,388,17.3782,37.9885
2019-05-19 13-50-14,389,17.4133,37.9885
2019-05-19 13-50-18,391,17.4316,37.9885
2019-05-19 13-50-20,391,17.3965,38.0018
2019-05-19 13-50-22,392,17.3782,37.9885
2019-05-19 13-50-24,392,17.3965,38.0152
2019-05-19 13-50-26,391,17.3767,37.9698
2019-05-19 13-50-28,392,17.395,37.9885
2019-05-19 13-50-30,393,17.4652,37.9564
2019-05-19 13-50-32,394,17.4286,37.9431
2019-05-19 13-50-36,394,17.4637,37.9137
2019-05-19 13-50-38,394,17.482,37.9137
2019-05-19 13-50-40,393,17.4454,37.887
2019-05-19 13-50-42,394,17.5156,37.9004
2019-05-19 13-50-44,393,17.5156,37.9004
2019-05-19 13-50-46,393,17.5507,37.9004
2019-05-19 13-50-48,394,17.514,37.8737
2019-05-19 13-50-50,394,17.5293,37.8576
2019-05-19 13-50-54,394,17.5644,37.8309
2019-05-19 13-50-56,395,17.5827,37.8309
2019-05-19 13-50-58,395,17.6163,37.7882
2019-05-19 13-51-00,394,17.6193,37.8176
2019-05-19 13-51-02,394,17.6346,37.7882
2019-05-19 13-51-04,393,17.5827,37.8443
2019-05-19 13-51-06,393,17.6025,37.8576
2019-05-19 13-51-10,393,17.6056,37.9004
2019-05-19 13-51-12,393,17.569,37.9004
2019-05-19 13-51-14,392,17.5339,37.9297
2019-05-19 13-51-16,392,17.4835,37.9564
2019-05-19 13-51-18,392,17.5018,37.9885
2019-05-19 13-51-20,392,17.5201,38.0018
2019-05-19 13-51-22,392,17.4316,37.9885
2019-05-19 13-51-24,393,17.4332,38.0446
2019-05-19 13-51-28,393,17.3965,38.0152
2019-05-19 13-51-30,393,17.4698,38.0446
2019-05-19 13-51-32,394,17.4698,38.0285
2019-05-19 13-51-34,394,17.3782,38.0018
2019-05-19 13-51-36,395,17.4332,38.0285
2019-05-19 13-51-38,395,17.4515,38.0152
2019-05-19 13-51-40,395,17.4515,38.0285
2019-05-19 13-51-42,395,17.4133,37.9885
2019-05-19 13-51-46,395,17.45,37.9698
2019-05-19 13-51-48,395,17.4683,37.9698
2019-05-19 13-51-50,396,17.5186,37.9297
2019-05-19 13-51-52,396,17.5003,37.9137
2019-05-19 13-51-54,396,17.4789,37.887
2019-05-19 13-51-56,397,17.6025,37.8576
2019-05-19 13-51-58,397,17.6376,37.8176
2019-05-19 13-52-00,396,17.5797,37.8176
2019-05-19 13-52-04,396,17.6346,37.8016
2019-05-19 13-52-06,395,17.6529,37.8016
2019-05-19 13-52-08,394,17.6376,37.8176
2019-05-19 13-52-10,395,17.6697,37.7882
2019-05-19 13-52-12,396,17.6697,37.7882
2019-05-19 13-52-14,396,17.6834,37.7321
2019-05-19 13-52-16,395,17.6483,37.7455
2019-05-19 13-52-18,394,17.6483,37.7321
2019-05-19 13-52-22,396,17.6666,37.7321
2019-05-19 13-52-24,395,17.6483,37.7321
2019-05-19 13-52-26,395,17.6834,37.7188
2019-05-19 13-52-28,394,17.6651,37.7188
2019-05-19 13-52-30,393,17.6834,37.7188
2019-05-19 13-52-32,394,17.6651,37.7188
2019-05-19 13-52-34,393,17.6666,37.7455
2019-05-19 13-52-36,393,17.6697,37.7749
2019-05-19 13-52-40,392,17.6163,37.8016
2019-05-19 13-52-42,391,17.6163,37.7749
2019-05-19 13-52-44,389,17.5613,37.8016
2019-05-19 13-52-46,388,17.5644,37.8176
2019-05-19 13-52-48,392,17.5797,37.8176
2019-05-19 13-52-50,398,17.5797,37.8016
2019-05-19 13-52-52,398,17.601,37.8016
2019-05-19 13-52-56,400,17.6147,37.7455
2019-05-19 13-52-58,399,17.6147,37.7321
2019-05-19 13-53-00,397,17.6666,37.7615
2019-05-19 13-53-02,398,17.6849,37.7749
2019-05-19 13-53-04,397,17.6163,37.8016
2019-05-19 13-53-06,398,17.6147,37.7455
2019-05-19 13-53-08,398,17.6331,37.7615
2019-05-19 13-53-10,397,17.6666,37.7615
2019-05-19 13-53-15,397,17.7032,37.7615
2019-05-19 13-53-17,397,17.6514,37.7749
2019-05-19 13-53-19,397,17.6147,37.7455
2019-05-19 13-53-21,397,17.7017,37.7455
2019-05-19 13-53-23,396,17.6483,37.7188
2019-05-19 13-53-25,394,17.6651,37.7188
2019-05-19 13-53-27,394,17.6651,37.7188
2019-05-19 13-53-29,394,17.6147,37.7321
2019-05-19 13-53-33,395,17.6987,37.7028
2019-05-19 13-53-35,396,17.6804,37.6894
2019-05-19 13-53-37,396,17.7521,37.6627
2019-05-19 13-53-39,395,17.8207,37.6333
2019-05-19 13-53-41,395,17.7292,37.6066
2019-05-19 13-53-43,395,17.8177,37.6066
2019-05-19 13-53-45,394,17.8177,37.5906
2019-05-19 13-53-47,392,17.7994,37.5906
2019-05-19 13-53-51,393,17.8024,37.6066
2019-05-19 13-53-53,392,17.749,37.62
2019-05-19 13-53-55,392,17.7994,37.5906
2019-05-19 13-53-57,392,17.749,37.62
2019-05-19 13-53-59,392,17.8024,37.62
2019-05-19 13-54-01,392,17.7856,37.6333
2019-05-19 13-54-03,391,17.7673,37.62
2019-05-19 13-54-05,391,17.7704,37.6467
2019-05-19 13-54-09,390,17.6941,37.6066
2019-05-19 13-54-11,391,17.7704,37.676
2019-05-19 13-54-13,391,17.7338,37.6894
2019-05-19 13-54-15,391,17.6804,37.6627
2019-05-19 13-54-17,392,17.6971,37.6467
2019-05-19 13-54-19,391,17.7124,37.62
2019-05-19 13-54-21,391,17.749,37.6066
2019-05-19 13-54-23,390,17.7292,37.6066
2019-05-19 13-54-27,391,17.7338,37.676
2019-05-19 13-54-29,390,17.7124,37.62
2019-05-19 13-54-31,390,17.7292,37.6066
2019-05-19 13-54-33,390,17.7521,37.6333
2019-05-19 13-54-35,391,17.7338,37.676
2019-05-19 13-54-37,390,17.6804,37.6894
2019-05-19 13-54-39,389,17.717,37.7028
2019-05-19 13-54-43,389,17.72,37.7321
2019-05-19 13-54-45,388,17.6514,37.7749
2019-05-19 13-54-47,388,17.5461,37.8176
2019-05-19 13-54-49,388,17.5293,37.8443
2019-05-19 13-54-51,388,17.5323,37.8737
2019-05-19 13-54-53,389,17.4973,37.887
2019-05-19 13-54-55,390,17.482,37.9004
2019-05-19 13-54-57,390,17.4469,37.9137
2019-05-19 13-55-01,390,17.482,37.9297
2019-05-19 13-55-03,390,17.482,37.9137
2019-05-19 13-55-05,391,17.4652,37.9297
2019-05-19 13-55-07,390,17.4973,37.8737
2019-05-19 13-55-09,391,17.5644,37.8443
2019-05-19 13-55-11,391,17.5827,37.8309
2019-05-19 13-55-13,392,17.543,37.7882
2019-05-19 13-55-15,391,17.5781,37.7615
2019-05-19 13-55-19,392,17.6147,37.7321
2019-05-19 13-55-21,391,17.5964,37.7321
2019-05-19 13-55-23,391,17.6849,37.7749
2019-05-19 13-55-25,390,17.6666,37.7455
2019-05-19 13-55-27,391,17.63,37.7188
2019-05-19 13-55-29,390,17.6666,37.7321
2019-05-19 13-55-31,389,17.717,37.7188
2019-05-19 13-55-33,388,17.7017,37.7188
2019-05-19 13-55-37,389,17.717,37.7028
2019-05-19 13-55-39,389,17.6804,37.6894
2019-05-19 13-55-41,390,17.72,37.7455
2019-05-19 13-55-43,389,17.6666,37.7321
2019-05-19 13-55-45,388,17.6666,37.7615
2019-05-19 13-55-47,387,17.6666,37.7615
2019-05-19 13-55-49,386,17.6666,37.7615
2019-05-19 13-55-51,386,17.6346,37.8016
2019-05-19 13-55-55,386,17.6331,37.7615
2019-05-19 13-55-57,386,17.598,37.7882
2019-05-19 13-55-59,386,17.5797,37.8176
2019-05-19 13-56-01,385,17.6376,37.8443
2019-05-19 13-56-03,386,17.5797,37.8176
2019-05-19 13-56-05,386,17.5659,37.8737
2019-05-19 13-56-07,386,17.5476,37.8576
2019-05-19 13-56-11,387,17.5293,37.8576
2019-05-19 13-56-13,387,17.5293,37.8576
2019-05-19 13-56-15,387,17.5659,37.8576
2019-05-19 13-56-17,386,17.5659,37.8737
2019-05-19 13-56-19,387,17.5476,37.8737
2019-05-19 13-56-21,387,17.5323,37.8737
2019-05-19 13-56-23,387,17.5842,37.8737
2019-05-19 13-56-25,387,17.5827,37.8443
2019-05-19 13-56-29,386,17.6056,37.887
2019-05-19 13-56-31,385,17.4973,37.887
2019-05-19 13-56-33,386,17.6392,37.887
2019-05-19 13-56-35,385,17.5827,37.8576
2019-05-19 13-56-37,386,17.5827,37.8443
2019-05-19 13-56-39,385,17.5095,37.8016
2019-05-19 13-56-41,385,17.5797,37.7882
2019-05-19 13-56-43,385,17.6529,37.8016
2019-05-19 13-56-47,385,17.598,37.7749
2019-05-19 13-56-49,384,17.598,37.7749
2019-05-19 13-56-51,384,17.5613,37.7882
2019-05-19 13-56-53,385,17.6666,37.7615
2019-05-19 13-56-55,385,17.6483,37.7455
2019-05-19 13-56-57,385,17.6147,37.7615
2019-05-19 13-56-59,385,17.598,37.7749
2019-05-19 13-57-01,386,17.6483,37.7455
2019-05-19 13-57-05,386,17.7017,37.7455
2019-05-19 13-57-07,386,17.6834,37.7188
2019-05-19 13-57-09,387,17.6331,37.7455
2019-05-19 13-57-11,386,17.7353,37.7188
2019-05-19 13-57-13,386,17.6666,37.7321
2019-05-19 13-57-15,386,17.6666,37.7321
2019-05-19 13-57-17,386,17.6651,37.7188
2019-05-19 13-57-19,386,17.7017,37.7321
2019-05-19 13-57-23,385,17.6514,37.7615
2019-05-19 13-57-25,386,17.6147,37.7615
2019-05-19 13-57-27,386,17.6331,37.7615
2019-05-19 13-57-29,386,17.6666,37.7615
2019-05-19 13-57-31,385,17.6697,37.7882
2019-05-19 13-57-33,386,17.6147,37.7615
2019-05-19 13-57-35,386,17.6163,37.7749
2019-05-19 13-57-37,386,17.6834,37.7321
2019-05-19 13-57-41,387,17.6666,37.7615
2019-05-19 13-57-43,388,17.6483,37.7188
2019-05-19 13-57-45,387,17.6483,37.7321
2019-05-19 13-57-47,387,17.6483,37.7455
2019-05-19 13-57-49,388,17.6514,37.7749
2019-05-19 13-57-51,387,17.6712,37.8176
2019-05-19 13-57-53,386,17.6025,37.8309
2019-05-19 13-57-57,387,17.5507,37.887
2019-05-19 13-57-59,387,17.5659,37.8576
2019-05-19 13-58-01,387,17.4789,37.887
2019-05-19 13-58-03,388,17.482,37.9004
2019-05-19 13-58-05,388,17.5156,37.887
2019-05-19 13-58-07,388,17.4454,37.9004
2019-05-19 13-58-09,389,17.482,37.9297
2019-05-19 13-58-11,388,17.4789,37.8737
2019-05-19 13-58-15,389,17.5659,37.8576
2019-05-19 13-58-17,389,17.5293,37.8576
2019-05-19 13-58-19,388,17.5476,37.8576
2019-05-19 13-58-21,388,17.5659,37.8737
2019-05-19 13-58-23,388,17.5156,37.887
2019-05-19 13-58-25,388,17.5293,37.8576
2019-05-19 13-58-27,388,17.5156,37.887
2019-05-19 13-58-29,388,17.4973,37.887
2019-05-19 13-58-33,388,17.4637,37.887
2019-05-19 13-58-35,388,17.4957,37.8443
2019-05-19 13-58-37,388,17.5323,37.8737
2019-05-19 13-58-39,388,17.4973,37.8737
2019-05-19 13-58-41,388,17.5476,37.8737
2019-05-19 13-58-43,388,17.5476,37.8576
2019-05-19 13-58-45,388,17.5644,37.8443
2019-05-19 13-58-47,388,17.5476,37.8737
2019-05-19 13-58-51,388,17.5293,37.8576
2019-05-19 13-58-53,388,17.5659,37.887
2019-05-19 13-58-55,387,17.5156,37.9004
2019-05-19 13-58-58,388,17.4973,37.9004
2019-05-19 13-59-00,387,17.5003,37.9137
2019-05-19 13-59-02,387,17.5186,37.9297
2019-05-19 13-59-04,387,17.4652,37.9564
2019-05-19 13-59-06,387,17.4286,37.9431
2019-05-19 13-59-10,388,17.4286,37.9564
2019-05-19 13-59-12,388,17.4286,37.9564
2019-05-19 13-59-14,388,17.4286,37.9564
2019-05-19 13-59-16,388,17.4683,38.0018
2019-05-19 13-59-18,388,17.4286,37.9698
2019-05-19 13-59-20,388,17.395,37.9885
2019-05-19 13-59-22,389,17.45,37.9564
2019-05-19 13-59-24,389,17.4271,37.9297
2019-05-19 13-59-28,388,17.5003,37.9137
2019-05-19 13-59-30,388,17.5156,37.9137
2019-05-19 13-59-32,388,17.482,37.9004
2019-05-19 13-59-34,388,17.4789,37.887
2019-05-19 13-59-36,388,17.5003,37.9137
2019-05-19 13-59-38,388,17.4973,37.9004
2019-05-19 13-59-40,388,17.5323,37.887
2019-05-19 13-59-42,388,17.5644,37.8443
2019-05-19 13-59-46,388,17.5644,37.8309
2019-05-19 13-59-48,388,17.5827,37.8443
2019-05-19 13-59-50,388,17.5797,37.8176
2019-05-19 13-59-52,388,17.6193,37.8176
2019-05-19 13-59-54,387,17.6376,37.8176
2019-05-19 13-59-56,388,17.6346,37.7882
2019-05-19 13-59-58,387,17.5797,37.7882
2019-05-19 14-00-02,387,17.5613,37.8016
2019-05-19 14-00-04,387,17.5613,37.7882
2019-05-19 14-00-06,387,17.5613,37.8016
2019-05-19 14-00-08,387,17.5797,37.7882
2019-05-19 14-00-10,386,17.5781,37.7749
2019-05-19 14-00-12,387,17.6193,37.8176
2019-05-19 14-00-14,387,17.5278,37.8176
2019-05-19 14-00-16,388,17.4927,37.8016
2019-05-19 14-00-20,388,17.5278,37.7882
2019-05-19 14-00-22,389,17.5598,37.7615
2019-05-19 14-00-24,388,17.6163,37.7749
2019-05-19 14-00-26,388,17.6147,37.7615
2019-05-19 14-00-28,388,17.6697,37.7749
2019-05-19 14-00-30,388,17.598,37.7882
2019-05-19 14-00-32,388,17.5461,37.8176
2019-05-19 14-00-34,388,17.4927,37.8309
2019-05-19 14-00-38,387,17.511,37.8443
2019-05-19 14-00-40,387,17.511,37.8443
2019-05-19 14-00-42,387,17.4957,37.8443
2019-05-19 14-00-44,387,17.4789,37.8576
2019-05-19 14-00-46,386,17.4789,37.8576
2019-05-19 14-00-48,386,17.3904,37.887
2019-05-19 14-00-50,387,17.424,37.887
2019-05-19 14-00-52,387,17.482,37.9004
2019-05-19 14-00-56,388,17.482,37.9137
2019-05-19 14-00-58,388,17.4469,37.9297
2019-05-19 14-01-00,388,17.4469,37.9137
2019-05-19 14-01-02,387,17.4271,37.9297
2019-05-19 14-01-04,387,17.4835,37.9564
2019-05-19 14-01-06,387,17.4103,37.9564
2019-05-19 14-01-08,388,17.4133,37.9698
2019-05-19 14-01-10,388,17.3767,37.9698
2019-05-19 14-01-14,388,17.4133,37.9698
2019-05-19 14-01-16,388,17.4286,37.9698
2019-05-19 14-01-18,388,17.45,37.9885
2019-05-19 14-01-20,388,17.4316,38.0018
2019-05-19 14-01-22,388,17.395,37.9885
2019-05-19 14-01-24,388,17.4286,37.9698
2019-05-19 14-01-26,388,17.395,37.9885
2019-05-19 14-01-28,388,17.3447,38.0152
2019-05-19 14-01-32,390,17.395,37.9885
2019-05-19 14-01-34,390,17.3782,38.0152
2019-05-19 14-01-36,391,17.4683,37.9885
2019-05-19 14-01-38,391,17.395,37.9564
2019-05-19 14-01-40,391,17.395,37.9564
2019-05-19 14-01-42,391,17.4286,37.9431
2019-05-19 14-01-44,391,17.4286,37.9431
2019-05-19 14-01-48,391,17.4286,37.9431
2019-05-19 14-01-50,392,17.4637,37.887
2019-05-19 14-01-52,392,17.4423,37.8576
2019-05-19 14-01-54,393,17.511,37.8309
2019-05-19 14-01-56,393,17.5781,37.7749
2019-05-19 14-01-58,392,17.6147,37.7321
2019-05-19 14-02-00,392,17.6651,37.7028
2019-05-19 14-02-02,392,17.63,37.7188
2019-05-19 14-02-06,392,17.6651,37.7028
2019-05-19 14-02-08,392,17.6483,37.7188
2019-05-19 14-02-10,391,17.6483,37.7321
2019-05-19 14-02-12,391,17.6483,37.7321
2019-05-19 14-02-14,390,17.6666,37.7321
2019-05-19 14-02-16,390,17.6514,37.7615
2019-05-19 14-02-18,390,17.6483,37.7455
2019-05-19 14-02-20,390,17.6483,37.7455
2019-05-19 14-02-24,390,17.6666,37.7615
2019-05-19 14-02-26,390,17.6651,37.7188
2019-05-19 14-02-28,390,17.6987,37.7028
2019-05-19 14-02-30,390,17.6788,37.6333
2019-05-19 14-02-32,389,17.6575,37.6066
2019-05-19 14-02-34,390,17.7475,37.5505
2019-05-19 14-02-36,391,17.8162,37.5345
2019-05-19 14-02-38,390,17.7765,37.4758
2019-05-19 14-02-42,390,17.8131,37.5051
2019-05-19 14-02-44,390,17.8635,37.4918
2019-05-19 14-02-46,389,17.8848,37.4758
2019-05-19 14-02-48,389,17.8131,37.5051
2019-05-19 14-02-50,389,17.8162,37.5505
2019-05-19 14-02-52,388,17.8177,37.5906
2019-05-19 14-02-54,388,17.804,37.6467
2019-05-19 14-02-56,388,17.6987,37.6894
2019-05-19 14-03-00,388,17.6666,37.7615
2019-05-19 14-03-02,389,17.6331,37.7615
2019-05-19 14-03-04,389,17.5598,37.7615
2019-05-19 14-03-06,389,17.598,37.7749
2019-05-19 14-03-08,389,17.6346,37.8016
2019-05-19 14-03-10,389,17.6193,37.8176
2019-05-19 14-03-12,389,17.601,37.8176
2019-05-19 14-03-14,389,17.5293,37.8309
2019-05-19 14-03-18,389,17.5827,37.8309
2019-05-19 14-03-20,389,17.5293,37.8443
2019-05-19 14-03-22,389,17.5293,37.8576
2019-05-19 14-03-24,389,17.4927,37.8176
2019-05-19 14-03-26,389,17.5461,37.8176
2019-05-19 14-03-28,390,17.5613,37.7749
2019-05-19 14-03-30,390,17.6163,37.7749
2019-05-19 14-03-34,390,17.5781,37.7615
2019-05-19 14-03-36,390,17.5964,37.7321
2019-05-19 14-03-38,390,17.63,37.7321
2019-05-19 14-03-40,390,17.6666,37.7321
2019-05-19 14-03-42,390,17.5964,37.7321
2019-05-19 14-03-44,390,17.5751,37.7188
2019-05-19 14-03-46,390,17.5964,37.7455
2019-05-19 14-03-48,390,17.6147,37.7615
2019-05-19 14-03-52,390,17.6147,37.7321
2019-05-19 14-03-54,391,17.6117,37.7188
2019-05-19 14-03-56,391,17.6468,37.7028
2019-05-19 14-03-58,392,17.6468,37.676
2019-05-19 14-04-00,392,17.6468,37.6894
2019-05-19 14-04-02,391,17.6468,37.6894
2019-05-19 14-04-04,391,17.6285,37.676
2019-05-19 14-04-06,390,17.6483,37.7321
2019-05-19 14-04-10,389,17.6331,37.7455
2019-05-19 14-04-12,389,17.6697,37.7749
2019-05-19 14-04-14,389,17.598,37.7615
2019-05-19 14-04-16,389,17.543,37.7882
2019-05-19 14-04-18,390,17.5613,37.7882
2019-05-19 14-04-20,390,17.5613,37.7882
2019-05-19 14-04-22,390,17.5278,37.8016
2019-05-19 14-04-24,390,17.5827,37.8443
2019-05-19 14-04-28,389,17.4927,37.8309
2019-05-19 14-04-30,389,17.4957,37.8576
2019-05-19 14-04-32,389,17.5461,37.8309
2019-05-19 14-04-34,389,17.511,37.8309
2019-05-19 14-04-37,388,17.514,37.8737
2019-05-19 14-04-39,388,17.4423,37.8576
2019-05-19 14-04-41,388,17.3904,37.9137
2019-05-19 14-04-43,388,17.4469,37.9137
2019-05-19 14-04-47,388,17.4835,37.9431
2019-05-19 14-04-49,388,17.4835,37.9431
2019-05-19 14-04-51,389,17.4835,37.9431
2019-05-19 14-04-53,388,17.4103,37.9297
2019-05-19 14-04-55,388,17.4286,37.9698
2019-05-19 14-04-57,389,17.3782,37.9885
2019-05-19 14-04-59,389,17.3599,37.9698
2019-05-19 14-05-01,390,17.3782,37.9885
2019-05-19 14-05-05,391,17.3599,38.0018
2019-05-19 14-05-07,391,17.3233,37.9564
2019-05-19 14-05-09,391,17.4133,37.9885
2019-05-19 14-05-11,391,17.392,37.9431
2019-05-19 14-05-13,392,17.3904,37.9137
2019-05-19 14-05-15,393,17.424,37.9004
2019-05-19 14-05-17,393,17.4454,37.8737
2019-05-19 14-05-19,393,17.424,37.9004
2019-05-19 14-05-23,393,17.4957,37.8443
2019-05-19 14-05-25,394,17.5293,37.8309
2019-05-19 14-05-27,393,17.5278,37.8176
2019-05-19 14-05-29,393,17.5644,37.8176
2019-05-19 14-05-31,393,17.5797,37.8016
2019-05-19 14-05-33,393,17.5797,37.8016
2019-05-19 14-05-35,393,17.5797,37.7882
2019-05-19 14-05-37,393,17.543,37.7749
2019-05-19 14-05-41,393,17.5781,37.7615
2019-05-19 14-05-43,394,17.5781,37.7455
2019-05-19 14-05-45,394,17.5598,37.7455
2019-05-19 14-05-47,394,17.63,37.7321
2019-05-19 14-05-49,394,17.5934,37.676
2019-05-19 14-05-51,394,17.662,37.6627
2019-05-19 14-05-53,394,17.6437,37.6467
2019-05-19 14-05-55,394,17.6941,37.62
2019-05-19 14-05-59,393,17.6575,37.6066
2019-05-19 14-06-01,392,17.6437,37.6333
2019-05-19 14-06-03,392,17.7307,37.6627
2019-05-19 14-06-05,391,17.6651,37.7028
2019-05-19 14-06-07,391,17.6468,37.6894
2019-05-19 14-06-09,391,17.63,37.7028
2019-05-19 14-06-11,391,17.5781,37.7455
2019-05-19 14-06-15,391,17.5781,37.7455
2019-05-19 14-06-17,391,17.598,37.7615
2019-05-19 14-06-19,390,17.5095,37.7749
2019-05-19 14-06-21,390,17.5461,37.8176
2019-05-19 14-06-23,389,17.5613,37.8016
2019-05-19 14-06-25,389,17.5476,37.8576
2019-05-19 14-06-27,389,17.4789,37.8737
2019-05-19 14-06-29,388,17.5323,37.8737
2019-05-19 14-06-33,389,17.4637,37.9004
2019-05-19 14-06-35,389,17.4973,37.9004
2019-05-19 14-06-37,389,17.5659,37.8576
2019-05-19 14-06-39,390,17.4789,37.8576
2019-05-19 14-06-41,389,17.4789,37.8737
2019-05-19 14-06-43,390,17.4637,37.9004
2019-05-19 14-06-45,390,17.3874,37.8737
2019-05-19 14-06-47,390,17.4088,37.9137
2019-05-19 14-06-51,390,17.3721,37.887
2019-05-19 14-06-53,391,17.4088,37.9004
2019-05-19 14-06-55,392,17.4271,37.9137
2019-05-19 14-06-57,392,17.424,37.8737
2019-05-19 14-06-59,392,17.4774,37.8309
2019-05-19 14-07-01,393,17.5247,37.7749
2019-05-19 14-07-03,394,17.4881,37.7455
2019-05-19 14-07-05,394,17.6102,37.6627
2019-05-19 14-07-09,394,17.6437,37.6333
2019-05-19 14-07-11,393,17.6743,37.5772
2019-05-19 14-07-13,393,17.7292,37.5906
2019-05-19 14-07-15,394,17.7109,37.6066
2019-05-19 14-07-17,393,17.7673,37.62
2019-05-19 14-07-19,393,17.6788,37.6333
2019-05-19 14-07-21,393,17.7124,37.6333
2019-05-19 14-07-23,392,17.6651,37.6894
2019-05-19 14-07-27,391,17.6285,37.6894
2019-05-19 14-07-29,391,17.6468,37.6894
2019-05-19 14-07-31,392,17.5598,37.7321
2019-05-19 14-07-33,392,17.5751,37.7188
2019-05-19 14-07-35,392,17.5598,37.7321
2019-05-19 14-07-37,392,17.5598,37.7321
2019-05-19 14-07-39,393,17.5247,37.7749
2019-05-19 14-07-41,392,17.5598,37.7615
2019-05-19 14-07-45,392,17.5415,37.7321
2019-05-19 14-07-47,392,17.5247,37.7749
2019-05-19 14-07-49,391,17.5461,37.8176
2019-05-19 14-07-51,391,17.5278,37.8176
2019-05-19 14-07-53,392,17.4606,37.8443
2019-05-19 14-07-55,391,17.4423,37.8309
2019-05-19 14-07-57,391,17.4789,37.8737
2019-05-19 14-07-59,392,17.424,37.9004
2019-05-19 14-08-03,392,17.3904,37.9137
2019-05-19 14-08-05,391,17.3767,37.9431
2019-05-19 14-08-07,393,17.3599,38.0018
2019-05-19 14-08-09,393,17.3599,38.0018
2019-05-19 14-08-11,392,17.3279,38.0285
2019-05-19 14-08-13,393,17.2897,38.0152
2019-05-19 14-08-15,393,17.2913,38.0446
2019-05-19 14-08-19,393,17.363,38.0285
2019-05-19 14-08-21,393,17.3096,38.0285
2019-05-19 14-08-23,393,17.2729,38.0446
2019-05-19 14-08-25,393,17.3096,38.0285
2019-05-19 14-08-27,393,17.2897,38.0152
2019-05-19 14-08-29,393,17.2729,38.0446
2019-05-19 14-08-31,393,17.2729,38.0446
2019-05-19 14-08-33,394,17.3447,38.0018
2019-05-19 14-08-37,394,17.3599,37.9885
2019-05-19 14-08-39,394,17.4286,37.9698
2019-05-19 14-08-41,394,17.3599,38.0018
2019-05-19 14-08-43,394,17.3782,37.9885
2019-05-19 14-08-45,395,17.4133,37.9885
2019-05-19 14-08-47,395,17.4271,37.9297
2019-05-19 14-08-49,395,17.3904,37.9137
2019-05-19 14-08-51,395,17.482,37.9004
2019-05-19 14-08-55,395,17.482,37.9004
2019-05-19 14-08-57,395,17.5156,37.887
2019-05-19 14-08-59,394,17.5507,37.887
2019-05-19 14-09-01,394,17.4973,37.9004
2019-05-19 14-09-03,394,17.5507,37.9004
2019-05-19 14-09-05,394,17.4973,37.8737
2019-05-19 14-09-07,394,17.5476,37.8443
2019-05-19 14-09-09,394,17.6025,37.8576
2019-05-19 14-09-13,394,17.5461,37.8309
2019-05-19 14-09-15,394,17.511,37.8443
2019-05-19 14-09-17,394,17.5797,37.8176
2019-05-19 14-09-19,394,17.598,37.7882
2019-05-19 14-09-21,394,17.6514,37.7749
2019-05-19 14-09-23,394,17.5613,37.8016
2019-05-19 14-09-25,394,17.598,37.7749
2019-05-19 14-09-27,393,17.598,37.7749
2019-05-19 14-09-31,392,17.6529,37.8016
2019-05-19 14-09-33,393,17.5797,37.7882
2019-05-19 14-09-35,394,17.5797,37.7882
2019-05-19 14-09-37,393,17.5797,37.8176
2019-05-19 14-09-39,393,17.601,37.8176
2019-05-19 14-09-41,393,17.5797,37.8176
2019-05-19 14-09-43,394,17.5797,37.8176
2019-05-19 14-09-45,394,17.5461,37.8016
2019-05-19 14-09-49,395,17.5613,37.8016
2019-05-19 14-09-51,395,17.6193,37.8176
2019-05-19 14-09-53,395,17.5613,37.8016
2019-05-19 14-09-55,395,17.5644,37.8176
2019-05-19 14-09-57,395,17.4957,37.8443
2019-05-19 14-09-59,395,17.5293,37.8443
2019-05-19 14-10-01,395,17.5278,37.8016
2019-05-19 14-10-05,395,17.5461,37.8309
2019-05-19 14-10-07,395,17.5278,37.8176
2019-05-19 14-10-09,395,17.5476,37.8443
2019-05-19 14-10-11,395,17.5293,37.8309
2019-05-19 14-10-13,396,17.514,37.8576
2019-05-19 14-10-15,396,17.514,37.8576
2019-05-19 14-10-17,397,17.4973,37.887
2019-05-19 14-10-20,397,17.5186,37.9297
2019-05-19 14-10-24,397,17.4088,37.9137
2019-05-19 14-10-26,397,17.4286,37.9431
2019-05-19 14-10-28,396,17.45,37.9564
2019-05-19 14-10-30,396,17.4683,37.9698
2019-05-19 14-10-32,396,17.4103,37.9564
2019-05-19 14-10-34,397,17.3767,37.9564
2019-05-19 14-10-36,397,17.4286,37.9564
2019-05-19 14-10-38,397,17.482,37.9137
2019-05-19 14-10-42,397,17.4973,37.887
2019-05-19 14-10-44,398,17.4789,37.887
2019-05-19 14-10-46,399,17.4606,37.8576
2019-05-19 14-10-48,398,17.4423,37.8443
2019-05-19 14-10-50,398,17.4957,37.8443
2019-05-19 14-10-52,398,17.5644,37.8176
2019-05-19 14-10-54,398,17.5613,37.7749
2019-05-19 14-10-56,398,17.543,37.7882
2019-05-19 14-11-00,398,17.6193,37.8176
2019-05-19 14-11-02,397,17.6025,37.8309
2019-05-19 14-11-04,398,17.5278,37.7882
2019-05-19 14-11-06,398,17.5293,37.8309
2019-05-19 14-11-08,398,17.5644,37.8309
2019-05-19 14-11-10,398,17.4591,37.8176
2019-05-19 14-11-12,397,17.4774,37.8176
2019-05-19 14-11-14,396,17.5293,37.8443
2019-05-19 14-11-18,396,17.511,37.8443
2019-05-19 14-11-20,397,17.4225,37.8309
2019-05-19 14-11-22,397,17.511,37.8176
2019-05-19 14-11-24,397,17.4744,37.7882
2019-05-19 14-11-26,397,17.5064,37.7455
2019-05-19 14-11-28,397,17.5232,37.7321
2019-05-19 14-11-30,397,17.5751,37.7321
2019-05-19 14-11-32,396,17.4881,37.7188
2019-05-19 14-11-36,396,17.5568,37.7188
2019-05-19 14-11-38,397,17.6468,37.7028
2019-05-19 14-11-40,397,17.5735,37.676
2019-05-19 14-11-42,396,17.5735,37.676
2019-05-19 14-11-44,396,17.5934,37.6894
2019-05-19 14-11-46,395,17.5751,37.7188
2019-05-19 14-11-48,395,17.6331,37.7455
2019-05-19 14-11-52,394,17.5598,37.7321
2019-05-19 14-11-54,395,17.5751,37.7321
2019-05-19 14-11-56,394,17.6117,37.7028
2019-05-19 14-11-58,395,17.5385,37.7028
2019-05-19 14-12-00,396,17.5934,37.676
2019-05-19 14-12-02,396,17.6117,37.6894
2019-05-19 14-12-04,395,17.5751,37.7188
2019-05-19 14-12-06,395,17.6483,37.7188
2019-05-19 14-12-10,394,17.6147,37.7615
2019-05-19 14-12-12,394,17.598,37.7882
2019-05-19 14-12-14,394,17.598,37.7882
2019-05-19 14-12-16,395,17.4911,37.7882
2019-05-19 14-12-18,395,17.5247,37.7749
2019-05-19 14-12-20,395,17.4911,37.7749
2019-05-19 14-12-22,395,17.5278,37.7882
2019-05-19 14-12-24,394,17.5095,37.8016
2019-05-19 14-12-28,394,17.4774,37.8443
2019-05-19 14-12-30,395,17.511,37.8309
2019-05-19 14-12-32,395,17.4927,37.8309
2019-05-19 14-12-34,395,17.4606,37.8443
2019-05-19 14-12-36,396,17.5095,37.8016
2019-05-19 14-12-38,395,17.511,37.8176
2019-05-19 14-12-40,395,17.5278,37.8016
2019-05-19 14-12-42,395,17.5278,37.8016
2019-05-19 14-12-46,395,17.4744,37.8016
2019-05-19 14-12-48,396,17.4927,37.8176
2019-05-19 14-12-50,396,17.4744,37.7749
2019-05-19 14-12-52,396,17.543,37.7615
2019-05-19 14-12-54,397,17.5415,37.7321
2019-05-19 14-12-56,397,17.5964,37.7321
2019-05-19 14-12-58,397,17.63,37.7028
2019-05-19 14-13-00,397,17.6117,37.7028
2019-05-19 14-13-04,397,17.6468,37.676
2019-05-19 14-13-06,396,17.5934,37.6894
2019-05-19 14-13-08,396,17.5934,37.7028
2019-05-19 14-13-10,396,17.5568,37.7188
2019-05-19 14-13-12,396,17.6117,37.6894
2019-05-19 14-13-14,396,17.5964,37.7321
2019-05-19 14-13-16,396,17.5964,37.7455
2019-05-19 14-13-18,395,17.5644,37.8176
2019-05-19 14-13-22,395,17.511,37.8176
2019-05-19 14-13-24,395,17.5293,37.8309
2019-05-19 14-13-26,395,17.4927,37.8309
2019-05-19 14-13-28,395,17.4637,37.887
2019-05-19 14-13-30,396,17.4454,37.8737
2019-05-19 14-13-32,396,17.4454,37.887
2019-05-19 14-13-34,396,17.4088,37.9004
2019-05-19 14-13-38,395,17.4271,37.9297
2019-05-19 14-13-40,396,17.392,37.9431
2019-05-19 14-13-42,396,17.3767,37.9431
2019-05-19 14-13-44,396,17.3767,37.9698
2019-05-19 14-13-46,395,17.3264,38.0018
2019-05-19 14-13-48,396,17.3813,38.0285
2019-05-19 14-13-50,396,17.3096,38.0446
2019-05-19 14-13-52,396,17.2913,38.0446
2019-05-19 14-13-56,395,17.3309,38.0873
2019-05-19 14-13-58,397,17.2577,38.0873
2019-05-19 14-14-00,396,17.2256,38.114
2019-05-19 14-14-02,397,17.2592,38.1006
2019-05-19 14-14-04,399,17.2592,38.1006
2019-05-19 14-14-06,398,17.2226,38.1006
2019-05-19 14-14-08,398,17.2577,38.0713
2019-05-19 14-14-10,399,17.3141,38.0873
2019-05-19 14-14-14,400,17.2729,38.0579
2019-05-19 14-14-16,401,17.2729,38.0579
2019-05-19 14-14-18,401,17.3096,38.0285
2019-05-19 14-14-20,402,17.3264,38.0018
2019-05-19 14-14-22,402,17.3782,37.9885
2019-05-19 14-14-24,402,17.3416,37.9698
2019-05-19 14-14-26,402,17.3599,37.9885
2019-05-19 14-14-28,401,17.395,37.9698
2019-05-19 14-14-32,400,17.305,37.9431
2019-05-19 14-14-34,399,17.4271,37.9297
2019-05-19 14-14-36,399,17.4103,37.9564
2019-05-19 14-14-38,399,17.305,37.9564
2019-05-19 14-14-40,399,17.3767,37.9431
2019-05-19 14-14-42,399,17.3584,37.9564
2019-05-19 14-14-44,399,17.3584,37.9564
2019-05-19 14-14-46,400,17.3767,37.9698
2019-05-19 14-14-50,400,17.3233,37.9431
2019-05-19 14-14-52,400,17.3416,37.9564
2019-05-19 14-14-54,399,17.3767,37.9564
2019-05-19 14-14-56,399,17.3416,37.9698
2019-05-19 14-14-58,398,17.3782,37.9885
2019-05-19 14-15-00,397,17.3264,38.0018
2019-05-19 14-15-02,398,17.3782,38.0018
2019-05-19 14-15-04,398,17.2729,38.0446
2019-05-19 14-15-08,398,17.3279,38.0446
2019-05-19 14-15-10,398,17.2729,38.0285
2019-05-19 14-15-12,397,17.3096,38.0285
2019-05-19 14-15-14,397,17.3279,38.0285
2019-05-19 14-15-16,396,17.3279,38.0579
2019-05-19 14-15-18,396,17.2577,38.0579
2019-05-19 14-15-20,397,17.2577,38.0579
2019-05-19 14-15-22,397,17.2729,38.0579
2019-05-19 14-15-26,398,17.2729,38.0446
2019-05-19 14-15-28,397,17.2546,38.0285
2019-05-19 14-15-30,398,17.2729,38.0446
2019-05-19 14-15-32,398,17.2897,38.0285
2019-05-19 14-15-34,398,17.2546,38.0285
2019-05-19 14-15-36,398,17.3096,38.0152
2019-05-19 14-15-38,398,17.3462,38.0446
2019-05-19 14-15-40,398,17.2913,38.0446
2019-05-19 14-15-44,398,17.2943,38.0873
2019-05-19 14-15-46,398,17.2394,38.0579
2019-05-19 14-15-48,399,17.3126,38.0713
2019-05-19 14-15-50,399,17.276,38.0713
2019-05-19 14-15-52,398,17.2729,38.0446
2019-05-19 14-15-54,399,17.2943,38.0873
2019-05-19 14-15-56,399,17.2592,38.1006
2019-05-19 14-15-58,399,17.2409,38.1006
2019-05-19 14-16-03,398,17.2073,38.1273
2019-05-19 14-16-05,398,17.2256,38.1273
2019-05-19 14-16-07,398,17.2409,38.114
2019-05-19 14-16-09,398,17.2256,38.114
2019-05-19 14-16-11,399,17.1158,38.1006
2019-05-19 14-16-13,399,17.2577,38.0713
2019-05-19 14-16-15,399,17.2363,38.0285
2019-05-19 14-16-19,399,17.3279,38.0579
2019-05-19 14-16-21,400,17.2913,38.0446
2019-05-19 14-16-23,399,17.308,38.0018
2019-05-19 14-16-25,399,17.2897,38.0152
2019-05-19 14-16-27,400,17.3279,38.0285
2019-05-19 14-16-29,401,17.308,38.0018
2019-05-19 14-16-31,401,17.3447,38.0018
2019-05-19 14-16-33,402,17.3782,38.0018
2019-05-19 14-16-37,402,17.395,37.9885
2019-05-19 14-16-39,402,17.3264,38.0018
2019-05-19 14-16-41,402,17.308,37.9698
2019-05-19 14-16-43,402,17.3782,37.9885
2019-05-19 14-16-45,402,17.3264,37.9885
2019-05-19 14-16-47,402,17.3599,38.0018
2019-05-19 14-16-49,403,17.2897,38.0152
2019-05-19 14-16-51,404,17.2867,38.0018
2019-05-19 14-16-55,405,17.3767,37.9698
2019-05-19 14-16-57,405,17.3401,37.9431
2019-05-19 14-16-59,405,17.3767,37.9431
2019-05-19 14-17-01,404,17.3584,37.9564
2019-05-19 14-17-03,405,17.392,37.9431
2019-05-19 14-17-05,406,17.4103,37.9431
2019-05-19 14-17-07,406,17.3584,37.9297
2019-05-19 14-17-09,405,17.3767,37.9431
2019-05-19 14-17-13,404,17.395,37.9564
2019-05-19 14-17-15,405,17.3767,37.9564
2019-05-19 14-17-17,405,17.3767,37.9431
2019-05-19 14-17-19,405,17.3584,37.9297
2019-05-19 14-17-21,405,17.4271,37.9137
2019-05-19 14-17-23,405,17.4469,37.9297
2019-05-19 14-17-25,406,17.4088,37.9137
2019-05-19 14-17-27,405,17.4469,37.9137
2019-05-19 14-17-31,406,17.424,37.8737
2019-05-19 14-17-33,406,17.4454,37.8737
2019-05-19 14-17-35,406,17.4789,37.8737
2019-05-19 14-17-37,405,17.482,37.9004
2019-05-19 14-17-39,406,17.482,37.9004
2019-05-19 14-17-41,407,17.4454,37.9004
2019-05-19 14-17-43,407,17.424,37.8737
2019-05-19 14-17-47,408,17.4454,37.9004
2019-05-19 14-17-49,408,17.3721,37.887
2019-05-19 14-17-51,408,17.3874,37.8737
2019-05-19 14-17-53,409,17.424,37.887
2019-05-19 14-17-55,408,17.4423,37.8443
2019-05-19 14-17-57,408,17.4591,37.8309
2019-05-19 14-17-59,408,17.4927,37.8016
2019-05-19 14-18-01,408,17.5278,37.7882
2019-05-19 14-18-05,407,17.5415,37.7455
2019-05-19 14-18-07,407,17.5247,37.7749
2019-05-19 14-18-09,406,17.5781,37.7455
2019-05-19 14-18-11,407,17.5735,37.7028
2019-05-19 14-18-13,407,17.5919,37.6333
2019-05-19 14-18-15,407,17.6392,37.5906
2019-05-19 14-18-17,407,17.569,37.62
2019-05-19 14-18-19,406,17.6422,37.62
2019-05-19 14-18-23,406,17.6071,37.6333
2019-05-19 14-18-25,406,17.5659,37.5505
2019-05-19 14-18-27,405,17.6193,37.5051
2019-05-19 14-18-29,405,17.6239,37.5772
2019-05-19 14-18-31,405,17.6193,37.5212
2019-05-19 14-18-33,405,17.5476,37.5639
2019-05-19 14-18-35,405,17.5293,37.5345
2019-05-19 14-18-37,404,17.5293,37.5345
2019-05-19 14-18-41,403,17.514,37.5505
2019-05-19 14-18-43,401,17.5003,37.62
2019-05-19 14-18-45,401,17.5003,37.6333
2019-05-19 14-18-47,399,17.5018,37.6627
2019-05-19 14-18-49,399,17.3965,37.7028
2019-05-19 14-18-51,401,17.3096,37.7028
2019-05-19 14-18-53,400,17.3599,37.6894
2019-05-19 14-18-55,400,17.3599,37.6894
2019-05-19 14-18-59,399,17.3782,37.676
2019-05-19 14-19-01,399,17.3416,37.6467
2019-05-19 14-19-03,399,17.3416,37.6467
2019-05-19 14-19-05,399,17.3737,37.6066
2019-05-19 14-19-07,399,17.4057,37.5505
2019-05-19 14-19-09,399,17.4591,37.5051
2019-05-19 14-19-11,399,17.5095,37.4758
2019-05-19 14-19-13,399,17.598,37.4491
2019-05-19 14-19-17,399,17.6483,37.4063
2019-05-19 14-19-19,397,17.6117,37.393
2019-05-19 14-19-21,396,17.5964,37.4357
2019-05-19 14-19-23,397,17.5232,37.4063
2019-05-19 14-19-25,397,17.4179,37.4197
2019-05-19 14-19-27,396,17.4698,37.4197
2019-05-19 14-19-29,395,17.5598,37.4491
2019-05-19 14-19-33,394,17.4225,37.4624
2019-05-19 14-19-35,394,17.4225,37.4918
2019-05-19 14-19-37,394,17.4927,37.5051
2019-05-19 14-19-39,395,17.3645,37.4491
2019-05-19 14-19-41,395,17.3309,37.4491
2019-05-19 14-19-43,396,17.3462,37.4197
2019-05-19 14-19-45,397,17.3965,37.4063
2019-05-19 14-19-47,397,17.4149,37.3636
2019-05-19 14-19-51,396,17.4316,37.3369
2019-05-19 14-19-53,396,17.4133,37.3075
2019-05-19 14-19-55,396,17.4133,37.3236
2019-05-19 14-19-57,395,17.4683,37.3503
2019-05-19 14-19-59,395,17.4545,37.4197
2019-05-19 14-20-01,395,17.4225,37.4624
2019-05-19 14-20-03,395,17.4225,37.4918
2019-05-19 14-20-05,394,17.3828,37.4624
2019-05-19 14-20-09,394,17.4561,37.4624
2019-05-19 14-20-11,395,17.4362,37.4197
2019-05-19 14-20-13,394,17.4362,37.4197
2019-05-19 14-20-15,395,17.4515,37.4063
2019-05-19 14-20-17,394,17.4515,37.3796
2019-05-19 14-20-19,394,17.4698,37.393
2019-05-19 14-20-21,394,17.5369,37.3503
2019-05-19 14-20-23,393,17.45,37.3636
2019-05-19 14-20-27,393,17.5201,37.3636
2019-05-19 14-20-29,394,17.4652,37.3369
2019-05-19 14-20-31,393,17.4835,37.3236
2019-05-19 14-20-33,394,17.4286,37.2942
2019-05-19 14-20-35,394,17.4454,37.2808
2019-05-19 14-20-37,392,17.4454,37.2648
2019-05-19 14-20-39,392,17.4606,37.2381
2019-05-19 14-20-41,391,17.4606,37.2381
2019-05-19 14-20-45,391,17.514,37.2515
2019-05-19 14-20-47,390,17.4789,37.2648
2019-05-19 14-20-49,390,17.5003,37.3236
2019-05-19 14-20-51,389,17.5018,37.3503
2019-05-19 14-20-53,388,17.4332,37.3636
2019-05-19 14-20-55,388,17.4149,37.3636
2019-05-19 14-20-57,387,17.3782,37.3796
2019-05-19 14-20-59,387,17.3599,37.3796
2019-05-19 14-21-03,387,17.4133,37.3075
2019-05-19 14-21-05,387,17.3401,37.3236
2019-05-19 14-21-07,386,17.2714,37.3369
2019-05-19 14-21-09,385,17.2729,37.393
2019-05-19 14-21-11,385,17.2226,37.4624
2019-05-19 14-21-13,384,17.157,37.5051
2019-05-19 14-21-15,384,17.1387,37.5212
2019-05-19 14-21-19,385,17.157,37.5345
2019-05-19 14-21-21,385,17.067,37.5345
2019-05-19 14-21-23,384,17.1219,37.5505
2019-05-19 14-21-25,384,17.1249,37.5906
2019-05-19 14-21-27,383,17.0532,37.5906
2019-05-19 14-21-29,382,17.0715,37.62
2019-05-19 14-21-31,382,17.0013,37.62
2019-05-19 14-21-33,384,17.0029,37.6333
2019-05-19 14-21-38,384,16.9662,37.6333
2019-05-19 14-21-40,384,16.9846,37.6333
2019-05-19 14-21-42,384,16.9479,37.6333
2019-05-19 14-21-44,383,16.9708,37.676
2019-05-19 14-21-46,383,16.9891,37.6894
2019-05-19 14-21-48,384,16.9525,37.7321
2019-05-19 14-21-50,385,16.9189,37.7615
2019-05-19 14-21-52,387,16.9189,37.7455
2019-05-19 14-21-56,389,16.864,37.7028
2019-05-19 14-21-58,389,16.9342,37.7028
2019-05-19 14-22-00,390,16.9327,37.6894
2019-05-19 14-22-02,383,16.9739,37.7321
2019-05-19 14-22-04,378,16.9373,37.7455
2019-05-19 14-22-06,375,16.9373,37.7749
2019-05-19 14-22-08,374,16.9022,37.7615
2019-05-19 14-22-10,373,16.9556,37.7615
2019-05-19 14-22-14,375,16.9189,37.7615
2019-05-19 14-22-16,376,16.8869,37.7749
2019-05-19 14-22-18,376,16.9418,37.8309
2019-05-19 14-22-20,377,16.8518,37.8176
2019-05-19 14-22-22,379,16.8732,37.8443
2019-05-19 14-22-24,377,16.8549,37.8576
2019-05-19 14-22-26,376,16.8747,37.9137
2019-05-19 14-22-28,377,16.8228,37.9137
2019-05-19 14-22-32,378,16.8243,37.9297
2019-05-19 14-22-34,378,16.7877,37.9564
2019-05-19 14-22-36,378,16.7542,37.9885
2019-05-19 14-22-38,379,16.7358,37.9564
2019-05-19 14-22-40,381,16.7557,38.0018
2019-05-19 14-22-42,381,16.774,38.0285
2019-05-19 14-22-44,381,16.7725,37.9885
2019-05-19 14-22-46,384,16.7374,37.9885
2019-05-19 14-22-50,384,16.7877,37.9564
2019-05-19 14-22-52,383,16.8243,37.9564
2019-05-19 14-22-54,385,16.8228,37.9004
2019-05-19 14-22-56,386,16.7831,37.8737
2019-05-19 14-22-58,385,16.8732,37.8737
2019-05-19 14-23-00,385,16.8549,37.8576
2019-05-19 14-23-02,383,16.8198,37.8737
2019-05-19 14-23-04,382,16.8198,37.8576
2019-05-19 14-23-08,382,16.8198,37.8737
2019-05-19 14-23-10,383,16.8564,37.8737
2019-05-19 14-23-12,383,16.8564,37.887
2019-05-19 14-23-14,382,16.893,37.9004
2019-05-19 14-23-16,383,16.8411,37.9137
2019-05-19 14-23-18,382,16.8015,37.887
2019-05-19 14-23-20,382,16.8594,37.9431
2019-05-19 14-23-22,381,16.8045,37.9431
2019-05-19 14-23-26,382,16.8015,37.887
2019-05-19 14-23-28,381,16.8015,37.887
2019-05-19 14-23-30,382,16.8198,37.8443
2019-05-19 14-23-32,381,16.8701,37.8176
2019-05-19 14-23-34,380,16.8884,37.8443
2019-05-19 14-23-36,379,16.8732,37.8576
2019-05-19 14-23-38,378,16.8228,37.9004
2019-05-19 14-23-40,377,16.8411,37.9137
2019-05-19 14-23-44,377,16.8045,37.9297
2019-05-19 14-23-46,376,16.7877,37.9564
2019-05-19 14-23-48,376,16.806,37.9698
2019-05-19 14-23-50,376,16.7542,37.9698
2019-05-19 14-23-52,375,16.7221,38.0152
2019-05-19 14-23-54,375,16.7374,38.0018
2019-05-19 14-23-56,375,16.7236,38.0579
2019-05-19 14-24-00,375,16.6168,38.0579
2019-05-19 14-24-02,375,16.7267,38.1006
2019-05-19 14-24-04,375,16.6534,38.1006
2019-05-19 14-24-06,375,16.7099,38.1273
2019-05-19 14-24-08,375,16.6214,38.1434
2019-05-19 14-24-10,377,16.6031,38.1434
2019-05-19 14-24-12,377,16.6,38.1006
2019-05-19 14-24-14,378,16.5817,38.0873
2019-05-19 14-24-18,378,16.6183,38.1006
2019-05-19 14-24-20,378,16.6168,38.0713
2019-05-19 14-24-22,378,16.6183,38.1273
2019-05-19 14-24-24,377,16.5634,38.0873
2019-05-19 14-24-26,378,16.6504,38.0713
2019-05-19 14-24-28,379,16.6504,38.0713
2019-05-19 14-24-30,379,16.6672,38.0446
2019-05-19 14-24-32,379,16.6855,38.0152
2019-05-19 14-24-36,380,16.7404,38.0285
2019-05-19 14-24-38,379,16.7374,37.9885
2019-05-19 14-24-40,380,16.7694,37.9564
2019-05-19 14-24-42,379,16.8045,37.9297
2019-05-19 14-24-44,379,16.8015,37.9004
2019-05-19 14-24-46,379,16.8381,37.8576
2019-05-19 14-24-48,379,16.8365,37.8176
2019-05-19 14-24-50,379,16.9373,37.7749
2019-05-19 14-24-54,378,16.9373,37.7615
2019-05-19 14-24-56,377,16.9556,37.7749
2019-05-19 14-24-58,378,16.9556,37.7749
2019-05-19 14-25-00,377,16.9022,37.7615
2019-05-19 14-25-02,377,16.9785,37.8016
2019-05-19 14-25-04,375,16.9571,37.8176
2019-05-19 14-25-06,376,16.9098,37.8737
2019-05-19 14-25-08,376,16.9067,37.8576
2019-05-19 14-25-12,376,16.8915,37.8737
2019-05-19 14-25-14,375,16.9601,37.8576
2019-05-19 14-25-16,376,16.8732,37.8443
2019-05-19 14-25-18,376,16.8884,37.8443
2019-05-19 14-25-20,376,16.8884,37.8309
2019-05-19 14-25-22,377,16.8365,37.8176
2019-05-19 14-25-24,376,16.8518,37.8176
2019-05-19 14-25-26,376,16.9205,37.7882
2019-05-19 14-25-30,376,16.9052,37.8176
2019-05-19 14-25-32,376,16.8701,37.8016
2019-05-19 14-25-34,376,16.8686,37.7615
2019-05-19 14-25-36,375,16.9922,37.7615
2019-05-19 14-25-38,375,16.9189,37.7455
2019-05-19 14-25-40,375,16.8686,37.7749
2019-05-19 14-25-42,375,16.9754,37.7749
2019-05-19 14-25-44,374,16.9388,37.7882
2019-05-19 14-25-48,374,16.8884,37.8176
2019-05-19 14-25-50,374,16.9022,37.7882
2019-05-19 14-25-52,374,16.8701,37.8309
2019-05-19 14-25-54,373,16.9235,37.8176
2019-05-19 14-25-56,373,16.8884,37.8443
2019-05-19 14-25-58,373,16.8518,37.8176
2019-05-19 14-26-00,374,16.9067,37.8576
2019-05-19 14-26-02,373,16.9067,37.8576
2019-05-19 14-26-06,374,16.7999,37.8576
2019-05-19 14-26-08,374,16.8701,37.8309
2019-05-19 14-26-10,374,16.8549,37.8443
2019-05-19 14-26-12,374,16.9235,37.8309
2019-05-19 14-26-14,374,17.012,37.8176
2019-05-19 14-26-16,374,17.012,37.7882
2019-05-19 14-26-18,374,16.9571,37.8016
2019-05-19 14-26-22,374,17.0288,37.7882
2019-05-19 14-26-24,374,17.0975,37.7455
2019-05-19 14-26-26,374,17.0258,37.7321
2019-05-19 14-26-28,374,17.0441,37.7455
2019-05-19 14-26-30,373,17.0258,37.7321
2019-05-19 14-26-32,373,16.9754,37.7615
2019-05-19 14-26-34,373,16.9388,37.8176
2019-05-19 14-26-36,373,16.9571,37.8176
2019-05-19 14-26-40,372,16.8549,37.8443
2019-05-19 14-26-42,372,16.9601,37.8737
2019-05-19 14-26-44,372,16.9281,37.9004
2019-05-19 14-26-46,372,16.925,37.887
2019-05-19 14-26-48,373,16.98,37.8737
2019-05-19 14-26-50,373,16.9067,37.8443
2019-05-19 14-26-52,373,16.9785,37.8176
2019-05-19 14-26-54,374,16.9571,37.8176
2019-05-19 14-26-58,374,17.0258,37.7615
2019-05-19 14-27-00,374,17.0074,37.7321
2019-05-19 14-27-02,375,17.0441,37.7615
2019-05-19 14-27-04,375,17.0288,37.7882
2019-05-19 14-27-06,374,16.9388,37.8016
2019-05-19 14-27-08,373,16.8701,37.8309
2019-05-19 14-27-11,373,16.8732,37.8443
2019-05-19 14-27-13,372,16.8915,37.8737
2019-05-19 14-27-17,373,16.8915,37.8576
2019-05-19 14-27-19,373,16.925,37.8737
2019-05-19 14-27-21,374,16.9968,37.8309
2019-05-19 14-27-23,374,16.9571,37.8176
2019-05-19 14-27-25,374,16.9785,37.8309
2019-05-19 14-27-27,374,16.9571,37.8176
2019-05-19 14-27-29,374,16.9571,37.8016
2019-05-19 14-27-31,374,17.0258,37.7615
2019-05-19 14-27-35,374,16.9922,37.7455
2019-05-19 14-27-37,374,16.9556,37.7615
2019-05-19 14-27-39,375,16.9373,37.7749
2019-05-19 14-27-41,375,16.9556,37.7615
2019-05-19 14-27-43,374,16.9556,37.7615
2019-05-19 14-27-45,375,16.9556,37.7615
2019-05-19 14-27-47,374,17.0425,37.7188
2019-05-19 14-27-49,375,17.0242,37.6894
2019-05-19 14-27-53,374,17.0059,37.676
2019-05-19 14-27-55,374,16.9159,37.7028
2019-05-19 14-27-57,374,16.8823,37.7028
2019-05-19 14-27-59,373,16.8472,37.7321
2019-05-19 14-28-01,373,16.7587,37.7455
2019-05-19 14-28-03,373,16.7587,37.7615
2019-05-19 14-28-05,372,16.777,37.7749
2019-05-19 14-28-07,371,16.7099,37.8176
2019-05-19 14-28-11,372,16.7099,37.8176
2019-05-19 14-28-13,372,16.6916,37.8176
2019-05-19 14-28-15,372,16.655,37.8176
2019-05-19 14-28-17,371,16.7236,37.7455
2019-05-19 14-28-19,372,16.687,37.7188
2019-05-19 14-28-21,373,16.6855,37.676
2019-05-19 14-28-23,373,16.8091,37.6467
2019-05-19 14-28-25,373,16.7694,37.62
2019-05-19 14-28-29,373,16.8045,37.5906
2019-05-19 14-28-31,372,16.9067,37.5505
2019-05-19 14-28-33,372,16.9418,37.5051
2019-05-19 14-28-35,372,16.8686,37.4758
2019-05-19 14-28-37,372,17.0074,37.393
2019-05-19 14-28-39,372,17.0929,37.3636
2019-05-19 14-28-41,371,17.1478,37.3503
2019-05-19 14-28-43,370,17.1982,37.3236
2019-05-19 14-28-47,369,17.2501,37.3236
2019-05-19 14-28-49,368,17.1494,37.393
2019-05-19 14-28-51,367,17.186,37.4197
2019-05-19 14-28-53,367,17.186,37.4357
2019-05-19 14-28-55,367,17.1127,37.3796
2019-05-19 14-28-57,368,17.1997,37.3636
2019-05-19 14-28-59,368,17.1631,37.3236
2019-05-19 14-29-03,367,17.2272,37.2515
2019-05-19 14-29-05,367,17.2455,37.2648
2019-05-19 14-29-07,366,17.2302,37.2648
2019-05-19 14-29-09,365,17.1616,37.2942
2019-05-19 14-29-11,365,17.1585,37.2515
2019-05-19 14-29-13,365,17.2119,37.2648
2019-05-19 14-29-15,364,17.2684,37.3075
2019-05-19 14-29-17,364,17.1799,37.3075
2019-05-19 14-29-21,365,17.2348,37.3369
2019-05-19 14-29-23,365,17.1295,37.3503
2019-05-19 14-29-25,364,17.1814,37.3503
2019-05-19 14-29-27,364,17.131,37.3796
2019-05-19 14-29-29,364,17.1127,37.3796
2019-05-19 14-29-31,364,17.1158,37.393
2019-05-19 14-29-33,364,17.0944,37.393
2019-05-19 14-29-35,364,17.0242,37.393
2019-05-19 14-29-39,364,17.0792,37.4197
2019-05-19 14-29-41,365,17.0425,37.4197
2019-05-19 14-29-43,364,17.1127,37.3796
2019-05-19 14-29-45,364,17.1295,37.3636
2019-05-19 14-29-47,365,17.1661,37.393
2019-05-19 14-29-49,365,17.0944,37.4063
2019-05-19 14-29-51,365,17.1494,37.4197
2019-05-19 14-29-53,365,17.0441,37.4357
2019-05-19 14-29-57,365,16.9922,37.4491
2019-05-19 14-29-59,365,16.9754,37.4491
2019-05-19 14-30-01,365,17.0471,37.4758
2019-05-19 14-30-03,365,17.0624,37.4624
2019-05-19 14-30-05,365,16.9937,37.4918
2019-05-19 14-30-07,365,17.0288,37.4758
2019-05-19 14-30-09,365,17.0303,37.4918
2019-05-19 14-30-11,365,17.0624,37.4758
2019-05-19 14-30-15,365,17.0624,37.4491
2019-05-19 14-30-17,365,17.0807,37.4758
2019-05-19 14-30-19,366,17.0975,37.4491
2019-05-19 14-30-21,366,17.1341,37.4197
2019-05-19 14-30-23,366,17.1158,37.4063
2019-05-19 14-30-25,366,17.1341,37.4197
2019-05-19 14-30-27,365,17.1494,37.4063
2019-05-19 14-30-29,365,17.1341,37.4357
2019-05-19 14-30-33,366,17.0975,37.4624
2019-05-19 14-30-35,366,17.0486,37.5051
2019-05-19 14-30-37,366,17.0624,37.4491
2019-05-19 14-30-39,367,17.0792,37.4197
2019-05-19 14-30-41,368,17.0929,37.3636
2019-05-19 14-30-43,368,17.0929,37.3636
2019-05-19 14-30-45,367,17.0944,37.393
2019-05-19 14-30-49,367,17.1127,37.3796
2019-05-19 14-30-51,366,17.1707,37.4357
2019-05-19 14-30-53,364,17.0975,37.4357
2019-05-19 14-30-55,366,17.0792,37.4357
2019-05-19 14-30-57,366,17.0792,37.4197
2019-05-19 14-30-59,365,17.0624,37.4491
2019-05-19 14-31-01,365,17.0105,37.4357
2019-05-19 14-31-03,365,17.0288,37.4758
2019-05-19 14-31-07,370,16.9922,37.4197
2019-05-19 14-31-09,371,16.9739,37.4063
2019-05-19 14-31-11,370,17.0258,37.4197
2019-05-19 14-31-13,370,17.0624,37.4491
2019-05-19 14-31-15,369,17.0303,37.4918
2019-05-19 14-31-17,371,16.9418,37.5345
2019-05-19 14-31-19,369,16.9067,37.5505
2019-05-19 14-31-21,367,16.9281,37.6066
2019-05-19 14-31-25,366,16.8793,37.6627
2019-05-19 14-31-27,367,16.8274,37.6627
2019-05-19 14-31-29,369,16.8106,37.676
2019-05-19 14-31-31,372,16.8274,37.6627
2019-05-19 14-31-33,372,16.7557,37.7028
2019-05-19 14-31-35,373,16.774,37.7188
2019-05-19 14-31-37,373,16.8289,37.6894
2019-05-19 14-31-39,372,16.7725,37.6894
2019-05-19 14-31-43,373,16.7542,37.6627
2019-05-19 14-31-45,373,16.7877,37.6333
2019-05-19 14-31-47,375,16.8243,37.6467
2019-05-19 14-31-49,375,16.7542,37.676
2019-05-19 14-31-51,373,16.8289,37.6894
2019-05-19 14-31-53,373,16.7557,37.7188
2019-05-19 14-31-55,373,16.8106,37.7028
2019-05-19 14-31-59,373,16.8106,37.7028
2019-05-19 14-32-01,372,16.7557,37.7028
2019-05-19 14-32-03,372,16.774,37.7188
2019-05-19 14-32-05,373,16.8243,37.6467
2019-05-19 14-32-07,374,16.8091,37.6333
2019-05-19 14-32-09,375,16.806,37.62
2019-05-19 14-32-11,376,16.8732,37.5639
2019-05-19 14-32-13,376,16.98,37.5345
2019-05-19 14-32-17,374,16.8915,37.5639
2019-05-19 14-32-19,373,16.9281,37.5772
2019-05-19 14-32-21,371,16.925,37.5639
2019-05-19 14-32-23,371,16.9281,37.5906
2019-05-19 14-32-25,370,16.9098,37.5906
2019-05-19 14-32-27,370,16.8228,37.5906
2019-05-19 14-32-29,369,16.8777,37.6333
2019-05-19 14-32-31,369,16.8091,37.6627
2019-05-19 14-32-35,369,16.8289,37.6894
2019-05-19 14-32-37,370,16.8106,37.7028
2019-05-19 14-32-39,371,16.774,37.7028
2019-05-19 14-32-41,372,16.8106,37.676
2019-05-19 14-32-43,370,16.7908,37.7028
2019-05-19 14-32-46,370,16.774,37.7188
2019-05-19 14-32-48,368,16.7587,37.7321
2019-05-19 14-32-50,368,16.777,37.7615
2019-05-19 14-32-54,368,16.8152,37.7749
2019-05-19 14-32-56,369,16.8152,37.7615
2019-05-19 14-32-58,369,16.7267,37.8016
2019-05-19 14-33-00,370,16.7084,37.7882
2019-05-19 14-33-02,370,16.7282,37.8176
2019-05-19 14-33-04,369,16.6779,37.887
2019-05-19 14-33-06,368,16.6595,37.9137
2019-05-19 14-33-08,368,16.6443,37.9431
2019-05-19 14-33-12,368,16.6275,37.9698
2019-05-19 14-33-14,369,16.5909,37.9431
2019-05-19 14-33-16,371,16.5756,37.9698
2019-05-19 14-33-18,372,16.539,37.9297
2019-05-19 14-33-20,373,16.6412,37.9137
2019-05-19 14-33-22,375,16.6077,37.887
2019-05-19 14-33-24,374,16.5894,37.887
2019-05-19 14-33-26,374,16.6046,37.8576
2019-05-19 14-33-30,372,16.6077,37.9004
2019-05-19 14-33-32,372,16.6229,37.887
2019-05-19 14-33-34,374,16.5894,37.9004
2019-05-19 14-33-36,376,16.6046,37.8443
2019-05-19 14-33-38,373,16.6916,37.8016
2019-05-19 14-33-40,372,16.6946,37.8309
2019-05-19 14-33-42,371,16.655,37.8176
2019-05-19 14-33-44,370,16.655,37.8309
2019-05-19 14-33-48,371,16.6763,37.8176
2019-05-19 14-33-50,371,16.7084,37.7749
2019-05-19 14-33-52,371,16.745,37.7882
2019-05-19 14-33-54,370,16.6901,37.7615
2019-05-19 14-33-56,372,16.6901,37.7615
2019-05-19 14-33-58,371,16.7587,37.7321
2019-05-19 14-34-00,371,16.774,37.7188
2019-05-19 14-34-02,371,16.7725,37.6894
2019-05-19 14-34-06,370,16.8289,37.6894
2019-05-19 14-34-08,369,16.8289,37.7188
2019-05-19 14-34-10,370,16.777,37.7455
2019-05-19 14-34-12,371,16.7923,37.7321
2019-05-19 14-34-14,371,16.7908,37.7028
2019-05-19 14-34-16,370,16.8457,37.6894
2019-05-19 14-34-18,370,16.8289,37.6894
2019-05-19 14-34-20,369,16.7587,37.7321
2019-05-19 14-34-24,370,16.7908,37.7028
2019-05-19 14-34-26,369,16.8289,37.7028
2019-05-19 14-34-28,370,16.7908,37.676
2019-05-19 14-34-30,369,16.8274,37.676
2019-05-19 14-34-32,369,16.8106,37.676
2019-05-19 14-34-34,368,16.8976,37.7028
2019-05-19 14-34-36,369,16.861,37.6467
2019-05-19 14-34-40,369,16.8976,37.676
2019-05-19 14-34-42,368,16.861,37.676
2019-05-19 14-34-44,368,16.9327,37.676
2019-05-19 14-34-46,369,16.8793,37.6894
2019-05-19 14-34-48,369,16.8976,37.6894
2019-05-19 14-34-50,370,16.861,37.6467
2019-05-19 14-34-52,370,16.7877,37.6467
2019-05-19 14-34-54,370,16.7877,37.6467
2019-05-19 14-34-58,371,16.8427,37.6333
2019-05-19 14-35-00,371,16.8091,37.6333
2019-05-19 14-35-02,372,16.8243,37.62
2019-05-19 14-35-04,372,16.8564,37.5906
2019-05-19 14-35-06,372,16.8915,37.5639
2019-05-19 14-35-08,373,16.8564,37.5639
2019-05-19 14-35-10,373,16.893,37.5906
2019-05-19 14-35-12,373,16.8564,37.5772
2019-05-19 14-35-16,372,16.9434,37.5505
2019-05-19 14-35-18,372,16.925,37.5505
2019-05-19 14-35-20,372,16.9434,37.5505
2019-05-19 14-35-22,371,16.9281,37.5772
2019-05-19 14-35-24,370,16.8747,37.6066
2019-05-19 14-35-26,370,16.8747,37.6066
2019-05-19 14-35-28,369,16.8747,37.5906
2019-05-19 14-35-30,370,16.8427,37.6333
2019-05-19 14-35-34,369,16.861,37.6627
2019-05-19 14-35-36,370,16.8777,37.6467
2019-05-19 14-35-38,370,16.8961,37.6467
2019-05-19 14-35-40,370,16.8427,37.6333
2019-05-19 14-35-42,371,16.806,37.62
2019-05-19 14-35-44,371,16.893,37.62
2019-05-19 14-35-46,371,16.8243,37.6467
2019-05-19 14-35-48,370,16.8274,37.6627
2019-05-19 14-35-52,371,16.8457,37.6627
2019-05-19 14-35-54,371,16.8289,37.7028
2019-05-19 14-35-56,371,16.8137,37.7188
2019-05-19 14-35-58,371,16.864,37.7028
2019-05-19 14-36-00,372,16.7908,37.7028
2019-05-19 14-36-02,371,16.8137,37.7188
2019-05-19 14-36-04,371,16.8289,37.7028
2019-05-19 14-36-06,371,16.7923,37.7321
2019-05-19 14-36-10,370,16.7587,37.7321
2019-05-19 14-36-12,370,16.7404,37.7188
2019-05-19 14-36-14,370,16.7953,37.7615
2019-05-19 14-36-16,371,16.7267,37.7749
2019-05-19 14-36-18,371,16.777,37.7615
2019-05-19 14-36-20,371,16.777,37.7615
2019-05-19 14-36-22,371,16.7053,37.7455
2019-05-19 14-36-24,371,16.6901,37.7749
2019-05-19 14-36-28,371,16.745,37.7882
2019-05-19 14-36-30,371,16.7419,37.7749
2019-05-19 14-36-32,371,16.7603,37.7882
2019-05-19 14-36-34,371,16.8152,37.7615
2019-05-19 14-36-36,372,16.832,37.7455
2019-05-19 14-36-38,372,16.7923,37.7321
2019-05-19 14-36-40,372,16.8793,37.6894
2019-05-19 14-36-44,373,16.8457,37.676
2019-05-19 14-36-46,373,16.8243,37.6467
2019-05-19 14-36-48,372,16.8961,37.6467
2019-05-19 14-36-50,371,16.861,37.6467
2019-05-19 14-36-52,371,16.8823,37.7028
2019-05-19 14-36-54,371,16.8457,37.6894
2019-05-19 14-36-56,371,16.864,37.6894
2019-05-19 14-36-58,371,16.8289,37.7028
2019-05-19 14-37-02,371,16.7725,37.6894
2019-05-19 14-37-04,371,16.8823,37.7188
2019-05-19 14-37-06,371,16.8289,37.7028
2019-05-19 14-37-08,371,16.7557,37.7188
2019-05-19 14-37-10,371,16.774,37.7321
2019-05-19 14-37-12,371,16.8137,37.7321
2019-05-19 14-37-14,371,16.7236,37.7615
2019-05-19 14-37-16,371,16.7084,37.7749
2019-05-19 14-37-20,372,16.7084,37.7882
2019-05-19 14-37-22,372,16.7603,37.7882
2019-05-19 14-37-24,372,16.7419,37.7615
2019-05-19 14-37-26,372,16.8137,37.7321
2019-05-19 14-37-28,372,16.8106,37.6894
2019-05-19 14-37-30,372,16.864,37.7028
2019-05-19 14-37-32,372,16.8457,37.7028
2019-05-19 14-37-34,371,16.774,37.7321
2019-05-19 14-37-38,371,16.8137,37.7188
2019-05-19 14-37-40,371,16.774,37.7028
2019-05-19 14-37-42,371,16.8137,37.7321
2019-05-19 14-37-44,371,16.8152,37.7615
2019-05-19 14-37-46,371,16.7923,37.7455
2019-05-19 14-37-48,371,16.8335,37.7882
2019-05-19 14-37-50,371,16.7953,37.7749
2019-05-19 14-37-52,371,16.745,37.8016
2019-05-19 14-37-56,370,16.7084,37.7882
2019-05-19 14-37-58,371,16.745,37.8176
2019-05-19 14-38-01,371,16.655,37.8176
2019-05-19 14-38-03,371,16.745,37.8176
2019-05-19 14-38-05,371,16.6763,37.8309
2019-05-19 14-38-07,371,16.655,37.8309
2019-05-19 14-38-09,370,16.658,37.8576
2019-05-19 14-38-11,370,16.658,37.8576
2019-05-19 14-38-15,371,16.7313,37.8576
2019-05-19 14-38-17,371,16.6412,37.8737
2019-05-19 14-38-19,371,16.6779,37.8576
2019-05-19 14-38-21,371,16.6763,37.8309
2019-05-19 14-38-23,370,16.6916,37.8176
2019-05-19 14-38-25,370,16.7084,37.7749
2019-05-19 14-38-27,370,16.745,37.8176
2019-05-19 14-38-31,371,16.7267,37.8016
2019-05-19 14-38-33,371,16.7099,37.8309
2019-05-19 14-38-35,371,16.745,37.8176
2019-05-19 14-38-37,371,16.7282,37.8309
2019-05-19 14-38-39,371,16.713,37.8443
2019-05-19 14-38-41,371,16.6946,37.8443
2019-05-19 14-38-43,371,16.7099,37.8309
2019-05-19 14-38-45,371,16.655,37.8443
2019-05-19 14-38-49,371,16.6763,37.8443
2019-05-19 14-38-51,371,16.658,37.8737
2019-05-19 14-38-53,370,16.6962,37.8737
2019-05-19 14-38-55,370,16.6779,37.8737
2019-05-19 14-38-57,371,16.6962,37.887
2019-05-19 14-38-59,371,16.6962,37.9004
2019-05-19 14-39-01,371,16.6809,37.9004
2019-05-19 14-39-03,371,16.6077,37.9004
2019-05-19 14-39-07,371,16.6412,37.9137
2019-05-19 14-39-09,371,16.6962,37.9004
2019-05-19 14-39-11,371,16.6595,37.9137
2019-05-19 14-39-13,372,16.5894,37.9004
2019-05-19 14-39-15,371,16.626,37.9004
2019-05-19 14-39-17,371,16.6275,37.9564
2019-05-19 14-39-19,371,16.6412,37.9137
2019-05-19 14-39-21,371,16.626,37.9004
2019-05-19 14-39-25,371,16.626,37.9004
2019-05-19 14-39-27,371,16.6412,37.9004
2019-05-19 14-39-29,371,16.6412,37.9004
2019-05-19 14-39-31,371,16.6809,37.9137
2019-05-19 14-39-33,371,16.6275,37.9564
2019-05-19 14-39-35,371,16.6443,37.9431
2019-05-19 14-39-37,371,16.6458,37.9564
2019-05-19 14-39-39,371,16.6458,37.9564
2019-05-19 14-39-43,371,16.6306,37.9885
2019-05-19 14-39-45,371,16.6306,38.0152
2019-05-19 14-39-47,372,16.6122,37.9885
2019-05-19 14-39-49,372,16.5588,37.9885
2019-05-19 14-39-51,373,16.5222,37.9698
2019-05-19 14-39-53,373,16.5588,37.9885
2019-05-19 14-39-55,372,16.507,38.0152
2019-05-19 14-39-57,372,16.4719,38.0579
2019-05-19 14-40-01,372,16.4566,38.0713
2019-05-19 14-40-03,372,16.4902,38.0713
2019-05-19 14-40-05,373,16.4749,38.0873
2019-05-19 14-40-07,373,16.4398,38.0873
2019-05-19 14-40-09,373,16.4246,38.114
2019-05-19 14-40-11,373,16.4398,38.1006
2019-05-19 14-40-13,372,16.4062,38.1006
2019-05-19 14-40-15,372,16.4429,38.1434
2019-05-19 14-40-19,372,16.3925,38.1701
2019-05-19 14-40-21,372,16.4078,38.1567
2019-05-19 14-40-23,372,16.3925,38.1701
2019-05-19 14-40-25,372,16.4261,38.1834
2019-05-19 14-40-27,372,16.3925,38.1701
2019-05-19 14-40-29,372,16.394,38.1994
2019-05-19 14-40-31,373,16.3559,38.1994
2019-05-19 14-40-33,373,16.3742,38.1701
2019-05-19 14-40-37,374,16.3925,38.1834
2019-05-19 14-40-39,373,16.3925,38.1834
2019-05-19 14-40-41,373,16.3742,38.1701
2019-05-19 14-40-43,373,16.3925,38.1834
2019-05-19 14-40-45,373,16.4108,38.1834
2019-05-19 14-40-47,373,16.4078,38.1434
2019-05-19 14-40-49,372,16.3895,38.1434
2019-05-19 14-40-53,372,16.4246,38.1273
2019-05-19 14-40-55,371,16.4246,38.114
2019-05-19 14-40-57,371,16.4032,38.0873
2019-05-19 14-40-59,371,16.4062,38.1006
2019-05-19 14-41-01,371,16.4749,38.1006
2019-05-19 14-41-03,371,16.5298,38.0873
2019-05-19 14-41-05,371,16.5802,38.0579
2019-05-19 14-41-07,371,16.507,38.0446
2019-05-19 14-41-11,371,16.5451,38.0446
2019-05-19 14-41-13,371,16.507,38.0446
2019-05-19 14-41-15,370,16.5634,38.0579
2019-05-19 14-41-17,370,16.5451,38.0713
2019-05-19 14-41-19,370,16.5817,38.0873
2019-05-19 14-41-21,370,16.5085,38.0873
2019-05-19 14-41-23,371,16.5298,38.0713
2019-05-19 14-41-25,370,16.4902,38.0713
2019-05-19 14-41-29,370,16.5665,38.1006
2019-05-19 14-41-31,371,16.4932,38.1006
2019-05-19 14-41-33,371,16.5451,38.0579
2019-05-19 14-41-35,370,16.5619,38.0446
2019-05-19 14-41-37,370,16.4902,38.0579
2019-05-19 14-41-39,371,16.5268,38.0579
2019-05-19 14-41-41,371,16.5817,38.0873
2019-05-19 14-41-43,371,16.5451,38.0713
2019-05-19 14-41-47,371,16.5268,38.0446
2019-05-19 14-41-49,371,16.5253,38.0152
2019-05-19 14-41-51,371,16.5253,38.0152
2019-05-19 14-41-53,372,16.6122,38.0018
2019-05-19 14-41-55,372,16.6122,37.9698
2019-05-19 14-41-57,373,16.6443,37.9297
2019-05-19 14-41-59,373,16.6412,37.887
2019-05-19 14-42-01,373,16.7145,37.887
2019-05-19 14-42-05,373,16.7496,37.8737
2019-05-19 14-42-07,373,16.7816,37.8576
2019-05-19 14-42-09,372,16.6779,37.8737
2019-05-19 14-42-11,372,16.7496,37.8737
2019-05-19 14-42-13,372,16.7999,37.8737
2019-05-19 14-42-15,372,16.7648,37.8737
2019-05-19 14-42-17,372,16.7145,37.887
2019-05-19 14-42-19,372,16.6992,37.9137
2019-05-19 14-42-23,372,16.6412,37.9137
2019-05-19 14-42-25,372,16.6809,37.9004
2019-05-19 14-42-27,373,16.6962,37.8737
2019-05-19 14-42-29,373,16.6412,37.9004
2019-05-19 14-42-31,372,16.6275,37.9431
2019-05-19 14-42-33,372,16.5909,37.9297
2019-05-19 14-42-35,372,16.5939,37.9698
2019-05-19 14-42-39,371,16.539,37.9431
2019-05-19 14-42-41,371,16.5756,37.9564
2019-05-19 14-42-43,371,16.6092,37.9564
2019-05-19 14-42-45,371,16.5726,37.9137
2019-05-19 14-42-47,371,16.5573,37.9431
2019-05-19 14-42-49,371,16.5543,37.9004
2019-05-19 14-42-51,371,16.571,37.8576
2019-05-19 14-42-53,372,16.6214,37.8309
2019-05-19 14-42-57,372,16.6367,37.8016
2019-05-19 14-42-59,372,16.6733,37.7749
2019-05-19 14-43-01,372,16.7587,37.7321
2019-05-19 14-43-03,372,16.7725,37.676
2019-05-19 14-43-05,371,16.8594,37.6333
2019-05-19 14-43-07,371,16.8961,37.6333
2019-05-19 14-43-09,370,16.9098,37.5906
2019-05-19 14-43-11,370,16.893,37.6066
2019-05-19 14-43-15,369,16.8747,37.5772
2019-05-19 14-43-17,368,16.8961,37.6467
2019-05-19 14-43-19,368,16.9113,37.6333
2019-05-19 14-43-22,367,16.8976,37.6894
2019-05-19 14-43-24,366,16.8823,37.7028
2019-05-19 14-43-26,367,16.7923,37.7321
2019-05-19 14-43-28,367,16.8137,37.7188
2019-05-19 14-43-30,368,16.8655,37.7455
2019-05-19 14-43-34,368,16.832,37.7455
2019-05-19 14-43-36,368,16.8152,37.7749
2019-05-19 14-43-38,368,16.7969,37.8016
2019-05-19 14-43-40,368,16.7282,37.8176
2019-05-19 14-43-42,368,16.7267,37.7882
2019-05-19 14-43-44,368,16.7282,37.8176
2019-05-19 14-43-46,368,16.7099,37.8309
2019-05-19 14-43-48,368,16.6946,37.8309
2019-05-19 14-43-52,367,16.7099,37.8309
2019-05-19 14-43-54,367,16.7282,37.8176
2019-05-19 14-43-56,367,16.6916,37.7882
2019-05-19 14-43-58,367,16.6916,37.8016
2019-05-19 14-44-00,367,16.6367,37.8176
2019-05-19 14-44-02,367,16.6214,37.8576
2019-05-19 14-44-04,368,16.655,37.8443
2019-05-19 14-44-06,368,16.655,37.8443
2019-05-19 14-44-10,369,16.6397,37.8443
2019-05-19 14-44-12,369,16.6031,37.8176
2019-05-19 14-44-14,369,16.6367,37.8176
2019-05-19 14-44-16,368,16.6351,37.7882
2019-05-19 14-44-18,368,16.6916,37.8016
2019-05-19 14-44-20,368,16.745,37.7882
2019-05-19 14-44-22,368,16.7267,37.7882
2019-05-19 14-44-24,368,16.7282,37.8176
2019-05-19 14-44-28,368,16.7282,37.8309
2019-05-19 14-44-30,367,16.6214,37.8576
2019-05-19 14-44-32,367,16.6077,37.887
2019-05-19 14-44-34,367,16.6046,37.8443
2019-05-19 14-44-36,367,16.568,37.8443
2019-05-19 14-44-38,367,16.6214,37.8309
2019-05-19 14-44-40,367,16.6,37.8016
2019-05-19 14-44-44,367,16.6901,37.7455
2019-05-19 14-44-46,367,16.7557,37.7188
2019-05-19 14-44-48,367,16.7557,37.7188
2019-05-19 14-44-50,367,16.7221,37.7028
2019-05-19 14-44-52,368,16.7404,37.7188
2019-05-19 14-44-54,368,16.7374,37.7028
2019-05-19 14-44-56,368,16.7374,37.7028
2019-05-19 14-44-58,368,16.7908,37.7028
2019-05-19 14-45-02,367,16.8106,37.7028
2019-05-19 14-45-04,367,16.8106,37.7028
2019-05-19 14-45-06,366,16.7923,37.7188
2019-05-19 14-45-08,367,16.7404,37.7321
2019-05-19 14-45-10,366,16.7404,37.7321
2019-05-19 14-45-12,366,16.7084,37.7615
2019-05-19 14-45-14,367,16.6901,37.7455
2019-05-19 14-45-16,367,16.6351,37.7882
2019-05-19 14-45-20,367,16.6351,37.7749
2019-05-19 14-45-22,367,16.655,37.8176
2019-05-19 14-45-24,367,16.655,37.8176
2019-05-19 14-45-26,367,16.6183,37.8016
2019-05-19 14-45-28,366,16.5497,37.8309
2019-05-19 14-45-30,366,16.6763,37.8443
2019-05-19 14-45-32,366,16.6412,37.8737
2019-05-19 14-45-34,366,16.655,37.8443
2019-05-19 14-45-38,367,16.6779,37.8737
2019-05-19 14-45-40,366,16.568,37.8443
2019-05-19 14-45-42,367,16.6229,37.8737
2019-05-19 14-45-44,367,16.6046,37.8443
2019-05-19 14-45-46,367,16.658,37.8576
2019-05-19 14-45-48,367,16.5863,37.8576
2019-05-19 14-45-50,366,16.6946,37.8576
2019-05-19 14-45-52,367,16.658,37.887
2019-05-19 14-45-56,367,16.5359,37.887
2019-05-19 14-45-58,367,16.4978,37.887
2019-05-19 14-46-00,367,16.394,37.9004
2019-05-19 14-46-02,368,16.4474,37.9137
2019-05-19 14-46-04,368,16.4124,37.9004
2019-05-19 14-46-06,369,16.4474,37.887
2019-05-19 14-46-08,369,16.5359,37.887
2019-05-19 14-46-10,369,16.5527,37.8576
2019-05-19 14-46-14,369,16.5497,37.8309
2019-05-19 14-46-16,370,16.5665,37.7882
2019-05-19 14-46-18,369,16.6168,37.7455
2019-05-19 14-46-20,369,16.5955,37.7028
2019-05-19 14-46-22,368,16.6306,37.676
2019-05-19 14-46-24,366,16.6306,37.7028
2019-05-19 14-46-26,366,16.6672,37.6627
2019-05-19 14-46-28,366,16.7038,37.7028
2019-05-19 14-46-32,366,16.6855,37.6894
2019-05-19 14-46-34,365,16.7053,37.7188
2019-05-19 14-46-36,364,16.7725,37.6894
2019-05-19 14-46-38,364,16.687,37.7028
2019-05-19 14-46-40,364,16.7221,37.7188
2019-05-19 14-46-42,364,16.7221,37.7028
2019-05-19 14-46-44,364,16.7542,37.6467
2019-05-19 14-46-46,364,16.7862,37.6066
2019-05-19 14-46-50,364,16.7313,37.5505
2019-05-19 14-46-52,364,16.8884,37.5212
2019-05-19 14-46-54,364,16.9754,37.4491
2019-05-19 14-46-56,364,16.9876,37.3503
2019-05-19 14-46-58,364,17.0563,37.3503
2019-05-19 14-47-00,363,17.1082,37.2942
2019-05-19 14-47-02,364,17.1432,37.2648
2019-05-19 14-47-04,364,17.2073,37.182
2019-05-19 14-47-08,363,17.2638,37.1954
2019-05-19 14-47-10,362,17.244,37.2087
2019-05-19 14-47-12,361,17.2485,37.2942
2019-05-19 14-47-14,361,17.1799,37.3236
2019-05-19 14-47-16,360,17.1661,37.3636
2019-05-19 14-47-18,359,17.1173,37.4357
2019-05-19 14-47-20,359,17.012,37.4758
2019-05-19 14-47-24,359,17.0837,37.4918
2019-05-19 14-47-26,360,17.067,37.5505
2019-05-19 14-47-28,360,17.0349,37.5772
2019-05-19 14-47-30,360,16.9647,37.5906
2019-05-19 14-47-32,359,16.9662,37.6333
2019-05-19 14-47-34,359,16.9144,37.6627
2019-05-19 14-47-36,360,16.951,37.676
2019-05-19 14-47-38,361,16.8793,37.676
2019-05-19 14-47-42,363,16.8961,37.6627
2019-05-19 14-47-44,368,16.8961,37.6333
2019-05-19 14-47-46,371,16.8777,37.6467
2019-05-19 14-47-48,374,16.8793,37.6627
2019-05-19 14-47-50,376,16.8274,37.6627
2019-05-19 14-47-52,379,16.8777,37.6333
2019-05-19 14-47-54,377,16.893,37.62
2019-05-19 14-47-56,381,16.806,37.62
2019-05-19 14-48-00,383,16.8594,37.62
2019-05-19 14-48-02,383,16.8747,37.5906
2019-05-19 14-48-04,380,16.893,37.5906
2019-05-19 14-48-06,381,16.8747,37.6066
2019-05-19 14-48-08,379,16.9113,37.6066
2019-05-19 14-48-10,381,16.8564,37.5772
2019-05-19 14-48-12,382,16.8915,37.5505
2019-05-19 14-48-14,383,16.9067,37.5505
2019-05-19 14-48-18,382,16.9235,37.5051
2019-05-19 14-48-20,382,17.0303,37.4918
2019-05-19 14-48-22,381,17.0624,37.4491
2019-05-19 14-48-24,381,17.0105,37.4357
2019-05-19 14-48-26,381,16.9891,37.3796
2019-05-19 14-48-28,382,17.0212,37.3503
2019-05-19 14-48-30,381,17.0395,37.3503
2019-05-19 14-48-32,382,17.0929,37.3503
2019-05-19 14-48-36,383,17.038,37.3236
2019-05-19 14-48-38,382,17.0563,37.3236
2019-05-19 14-48-40,380,17.1082,37.2942
2019-05-19 14-48-42,380,17.0929,37.3503
2019-05-19 14-48-44,378,17.0746,37.3636
2019-05-19 14-48-46,379,17.0746,37.3503
2019-05-19 14-48-48,377,16.9754,37.4491
2019-05-19 14-48-51,375,16.9388,37.4918
2019-05-19 14-48-55,374,16.8732,37.5345
2019-05-19 14-48-57,374,16.8228,37.5772
2019-05-19 14-48-59,377,16.7496,37.5772
2019-05-19 14-49-01,378,16.7313,37.5505
2019-05-19 14-49-03,380,16.8015,37.5345
2019-05-19 14-49-05,375,16.7831,37.5772
2019-05-19 14-49-07,374,16.7694,37.62
2019-05-19 14-49-09,377,16.7358,37.6467
2019-05-19 14-49-13,380,16.7175,37.6467
2019-05-19 14-49-15,384,16.6458,37.676
2019-05-19 14-49-17,389,16.6687,37.6894
2019-05-19 14-49-19,388,16.6306,37.7028
2019-05-19 14-49-21,387,16.6306,37.7028
2019-05-19 14-49-23,387,16.6458,37.676
2019-05-19 14-49-25,387,16.6458,37.6627
2019-05-19 14-49-27,388,16.6275,37.6467
2019-05-19 14-49-31,387,16.6458,37.6467
2019-05-19 14-49-33,386,16.6687,37.6894
2019-05-19 14-49-35,386,16.7725,37.676
2019-05-19 14-49-37,387,16.6672,37.676
2019-05-19 14-49-39,387,16.6672,37.6627
2019-05-19 14-49-41,388,16.7007,37.6467
2019-05-19 14-49-43,388,16.7877,37.6333
2019-05-19 14-49-45,388,16.7007,37.6467
2019-05-19 14-49-49,389,16.7358,37.6467
2019-05-19 14-49-51,388,16.6992,37.6333
2019-05-19 14-49-53,388,16.6824,37.6467
2019-05-19 14-49-55,388,16.6275,37.6333
2019-05-19 14-49-57,389,16.6824,37.62
2019-05-19 14-49-59,389,16.6779,37.5505
2019-05-19 14-50-01,389,16.7999,37.5051
2019-05-19 14-50-03,388,16.9373,37.4491
2019-05-19 14-50-07,388,16.9342,37.4197
2019-05-19 14-50-09,386,16.9571,37.4357
2019-05-19 14-50-11,386,16.8823,37.4063
2019-05-19 14-50-13,386,16.9342,37.4197
2019-05-19 14-50-15,386,16.8839,37.4357
2019-05-19 14-50-17,385,16.8335,37.4624
2019-05-19 14-50-19,383,16.9022,37.4491
2019-05-19 14-50-21,381,16.7999,37.4758
2019-05-19 14-50-25,381,16.8518,37.5051
2019-05-19 14-50-27,380,16.8182,37.4918
2019-05-19 14-50-29,380,16.7831,37.5639
2019-05-19 14-50-31,380,16.806,37.6066
2019-05-19 14-50-33,380,16.6824,37.6333
2019-05-19 14-50-35,380,16.6992,37.6333
2019-05-19 14-50-37,378,16.7542,37.6627
2019-05-19 14-50-39,380,16.7908,37.676
2019-05-19 14-50-43,379,16.7191,37.6627
2019-05-19 14-50-45,381,16.7358,37.6627
2019-05-19 14-50-47,382,16.7175,37.6333
2019-05-19 14-50-49,382,16.7694,37.6467
2019-05-19 14-50-51,383,16.8106,37.676
2019-05-19 14-50-53,383,16.7725,37.676
2019-05-19 14-50-55,384,16.7511,37.6333
2019-05-19 14-50-57,383,16.8045,37.5772
2019-05-19 14-51-01,383,16.8045,37.5906
2019-05-19 14-51-03,383,16.8243,37.62
2019-05-19 14-51-05,383,16.8228,37.5906
2019-05-19 14-51-07,383,16.8564,37.5906
2019-05-19 14-51-09,383,16.7862,37.5906
2019-05-19 14-51-11,383,16.806,37.62
2019-05-19 14-51-13,383,16.8243,37.62
2019-05-19 14-51-17,383,16.8777,37.62
2019-05-19 14-51-19,383,16.8243,37.6333
2019-05-19 14-51-21,383,16.7694,37.6467
2019-05-19 14-51-23,382,16.7908,37.676
2019-05-19 14-51-25,382,16.7374,37.676
2019-05-19 14-51-27,383,16.6855,37.6894
2019-05-19 14-51-29,383,16.7542,37.6467
2019-05-19 14-51-31,383,16.7191,37.6627
2019-05-19 14-51-35,383,16.7007,37.6627
2019-05-19 14-51-37,383,16.7221,37.7028
2019-05-19 14-51-39,383,16.7404,37.7321
2019-05-19 14-51-41,384,16.7084,37.7615
2019-05-19 14-51-43,384,16.7236,37.7455
2019-05-19 14-51-45,385,16.6718,37.7615
2019-05-19 14-51-47,386,16.6534,37.7749
2019-05-19 14-51-49,385,16.6351,37.7615
2019-05-19 14-51-53,385,16.6733,37.8016
2019-05-19 14-51-55,386,16.6504,37.7321
2019-05-19 14-51-57,387,16.6901,37.7615
2019-05-19 14-51-59,387,16.6901,37.7455
2019-05-19 14-52-01,386,16.6718,37.7455
2019-05-19 14-52-03,386,16.6504,37.7455
2019-05-19 14-52-05,385,16.6183,37.7882
2019-05-19 14-52-07,385,16.6183,37.8016
2019-05-19 14-52-11,386,16.6214,37.8443
2019-05-19 14-52-13,386,16.6397,37.8443
2019-05-19 14-52-15,386,16.6412,37.9004
2019-05-19 14-52-17,386,16.571,37.887
2019-05-19 14-52-19,385,16.626,37.9004
2019-05-19 14-52-21,386,16.5527,37.8737
2019-05-19 14-52-23,387,16.6077,37.9004
2019-05-19 14-52-25,387,16.6092,37.9297
2019-05-19 14-52-29,387,16.5207,37.9297
2019-05-19 14-52-31,387,16.5573,37.9297
2019-05-19 14-52-33,387,16.539,37.9431
2019-05-19 14-52-35,387,16.4673,37.9698
2019-05-19 14-52-37,387,16.4673,37.9431
2019-05-19 14-52-39,389,16.5222,37.9564
2019-05-19 14-52-41,389,16.5207,37.9137
2019-05-19 14-52-43,388,16.5207,37.9297
2019-05-19 14-52-47,389,16.539,37.9137
2019-05-19 14-52-49,389,16.5726,37.9137
2019-05-19 14-52-51,388,16.571,37.887
2019-05-19 14-52-53,388,16.5543,37.9137
2019-05-19 14-52-55,388,16.4841,37.9297
2019-05-19 14-52-57,389,16.4658,37.9137
2019-05-19 14-52-59,390,16.4993,37.9137
2019-05-19 14-53-01,390,16.5359,37.8737
2019-05-19 14-53-05,390,16.571,37.8737
2019-05-19 14-53-07,390,16.5863,37.8576
2019-05-19 14-53-09,390,16.5848,37.7882
2019-05-19 14-53-11,390,16.6367,37.8016
2019-05-19 14-53-13,390,16.6351,37.7749
2019-05-19 14-53-15,390,16.6168,37.7615
2019-05-19 14-53-17,390,16.6168,37.7455
2019-05-19 14-53-19,389,16.6168,37.7615
2019-05-19 14-53-23,389,16.5985,37.7455
2019-05-19 14-53-25,388,16.6504,37.7321
2019-05-19 14-53-27,389,16.6489,37.7028
2019-05-19 14-53-29,389,16.7038,37.6894
2019-05-19 14-53-31,389,16.6489,37.6894
2019-05-19 14-53-33,388,16.6306,37.6894
2019-05-19 14-53-35,388,16.5619,37.7188
2019-05-19 14-53-37,388,16.5588,37.6627
2019-05-19 14-53-41,388,16.5726,37.62
2019-05-19 14-53-43,388,16.6412,37.5906
2019-05-19 14-53-45,388,16.6779,37.5772
2019-05-19 14-53-47,388,16.6443,37.6066
2019-05-19 14-53-49,388,16.6626,37.5639
2019-05-19 14-53-51,388,16.6779,37.5505
2019-05-19 14-53-53,388,16.6946,37.5505
2019-05-19 14-53-55,388,16.7282,37.5345
2019-05-19 14-53-59,388,16.6397,37.5505
2019-05-19 14-54-02,388,16.6809,37.5906
2019-05-19 14-54-04,388,16.6824,37.6333
2019-05-19 14-54-06,388,16.6855,37.676
2019-05-19 14-54-08,388,16.6855,37.6894
2019-05-19 14-54-10,388,16.6855,37.6894
2019-05-19 14-54-12,388,16.6718,37.7321
2019-05-19 14-54-14,388,16.6718,37.7455
2019-05-19 14-54-18,389,16.5985,37.7455
2019-05-19 14-54-20,389,16.6321,37.7188
2019-05-19 14-54-22,389,16.6306,37.7028
2019-05-19 14-54-24,389,16.7007,37.676
2019-05-19 14-54-26,389,16.687,37.7188
2019-05-19 14-54-28,389,16.7191,37.6894
2019-05-19 14-54-30,389,16.7191,37.6894
2019-05-19 14-54-32,389,16.7542,37.6467
2019-05-19 14-54-36,390,16.7725,37.676
2019-05-19 14-54-38,390,16.7725,37.6627
2019-05-19 14-54-40,389,16.7542,37.6627
2019-05-19 14-54-42,389,16.7038,37.6894
2019-05-19 14-54-44,389,16.7007,37.676
2019-05-19 14-54-46,389,16.687,37.7188
2019-05-19 14-54-48,389,16.7221,37.7188
2019-05-19 14-54-50,389,16.7557,37.7028
2019-05-19 14-54-54,390,16.5955,37.6894
2019-05-19 14-54-56,390,16.6489,37.6894
2019-05-19 14-54-58,390,16.6855,37.6894
2019-05-19 14-55-00,390,16.6672,37.676
2019-05-19 14-55-02,390,16.6855,37.6894
2019-05-19 14-55-04,390,16.6458,37.6467
2019-05-19 14-55-06,390,16.6992,37.6333
2019-05-19 14-55-08,390,16.6458,37.6627
2019-05-19 14-55-12,390,16.6855,37.6627
2019-05-19 14-55-14,390,16.6092,37.6467
2019-05-19 14-55-16,390,16.6992,37.6333
2019-05-19 14-55-18,389,16.6489,37.6894
2019-05-19 14-55-20,390,16.5436,37.6894
2019-05-19 14-55-22,390,16.5436,37.676
2019-05-19 14-55-24,390,16.5436,37.6894
2019-05-19 14-55-26,391,16.5588,37.6627
2019-05-19 14-55-30,392,16.5756,37.6467
2019-05-19 14-55-32,392,16.5726,37.6066
2019-05-19 14-55-34,391,16.5909,37.6066
2019-05-19 14-55-36,391,16.5909,37.62
2019-05-19 14-55-38,393,16.5863,37.5505
2019-05-19 14-55-40,396,16.5482,37.4758
2019-05-19 14-55-42,395,16.6168,37.4491
2019-05-19 14-55-44,394,16.7404,37.4197
2019-05-19 14-55-48,391,16.7557,37.3796
2019-05-19 14-55-50,391,16.861,37.3236
2019-05-19 14-55-52,392,16.8594,37.2942
2019-05-19 14-55-54,391,16.8594,37.2942
2019-05-19 14-55-56,387,16.8457,37.3636
2019-05-19 14-55-58,384,16.7404,37.393
2019-05-19 14-56-00,385,16.7374,37.3636
2019-05-19 14-56-04,388,16.7038,37.3796
2019-05-19 14-56-06,390,16.7175,37.3236
2019-05-19 14-56-08,392,16.7542,37.3236
2019-05-19 14-56-10,394,16.7496,37.2648
2019-05-19 14-56-12,392,16.8045,37.2381
2019-05-19 14-56-14,388,16.8228,37.2515
2019-05-19 14-56-16,389,16.8228,37.2648
2019-05-19 14-56-18,385,16.806,37.2808
2019-05-19 14-56-22,386,16.8411,37.2808
2019-05-19 14-56-24,385,16.8594,37.2808
2019-05-19 14-56-26,385,16.7862,37.2381
2019-05-19 14-56-28,387,16.8564,37.2515
2019-05-19 14-56-30,387,16.8701,37.1954
2019-05-19 14-56-32,387,16.7831,37.1954
2019-05-19 14-56-34,384,16.8518,37.1954
2019-05-19 14-56-36,386,16.8549,37.2087
2019-05-19 14-56-40,386,16.8182,37.182
2019-05-19 14-56-42,382,16.8518,37.1954
2019-05-19 14-56-44,384,16.8686,37.1687
2019-05-19 14-56-46,385,16.8869,37.1687
2019-05-19 14-56-48,384,16.8518,37.1954
2019-05-19 14-56-50,383,16.8015,37.2248
2019-05-19 14-56-52,382,16.925,37.2381
2019-05-19 14-56-54,383,16.7648,37.2381
2019-05-19 14-56-58,386,16.745,37.1954
2019-05-19 14-57-00,387,16.8182,37.1954
2019-05-19 14-57-02,387,16.8335,37.1687
2019-05-19 14-57-04,390,16.8686,37.1687
2019-05-19 14-57-06,390,16.8686,37.1393
2019-05-19 14-57-08,390,16.8655,37.1126
2019-05-19 14-57-10,391,16.8655,37.126
2019-05-19 14-57-12,391,16.7969,37.1126
2019-05-19 14-57-16,392,16.8015,37.1954
2019-05-19 14-57-18,393,16.7267,37.1527
2019-05-19 14-57-20,393,16.6733,37.1527
2019-05-19 14-57-22,392,16.6916,37.1687
2019-05-19 14-57-24,392,16.7099,37.1954
2019-05-19 14-57-26,391,16.6946,37.2087
2019-05-19 14-57-28,392,16.6626,37.2808
2019-05-19 14-57-32,392,16.6809,37.2942
2019-05-19 14-57-34,392,16.6641,37.3236
2019-05-19 14-57-36,393,16.6275,37.3236
2019-05-19 14-57-38,393,16.6534,37.4063
2019-05-19 14-57-40,394,16.5619,37.4063
2019-05-19 14-57-42,395,16.4948,37.4491
2019-05-19 14-57-44,396,16.5115,37.4357
2019-05-19 14-57-46,397,16.5131,37.4491
2019-05-19 14-57-50,397,16.5268,37.4197
2019-05-19 14-57-52,397,16.5451,37.4197
2019-05-19 14-57-54,398,16.6,37.4624
2019-05-19 14-57-56,398,16.5482,37.4624
2019-05-19 14-57-58,398,16.5848,37.4758
2019-05-19 14-58-00,399,16.5344,37.5212
2019-05-19 14-58-02,399,16.4795,37.5212
2019-05-19 14-58-04,399,16.5344,37.5212
2019-05-19 14-58-08,400,16.5161,37.5212
2019-05-19 14-58-10,400,16.5344,37.5051
2019-05-19 14-58-12,400,16.5482,37.4758
2019-05-19 14-58-14,400,16.4978,37.4758
2019-05-19 14-58-16,401,16.5665,37.4624
2019-05-19 14-58-18,401,16.5817,37.4357
2019-05-19 14-58-20,401,16.655,37.4357
2019-05-19 14-58-22,400,16.6733,37.4624
2019-05-19 14-58-26,400,16.7084,37.4758
2019-05-19 14-58-28,399,16.6901,37.4624
2019-05-19 14-58-30,399,16.655,37.4758
2019-05-19 14-58-32,399,16.658,37.4918
2019-05-19 14-58-34,399,16.6595,37.5212
2019-05-19 14-58-36,398,16.6031,37.5212
2019-05-19 14-58-38,400,16.6397,37.5212
2019-05-19 14-58-40,401,16.5848,37.4918
2019-05-19 14-58-44,402,16.5863,37.5212
2019-05-19 14-58-46,403,16.5863,37.5212
2019-05-19 14-58-48,403,16.6046,37.5505
2019-05-19 14-58-50,403,16.568,37.5345
2019-05-19 14-58-52,403,16.6412,37.5639
2019-05-19 14-58-54,403,16.6763,37.5345
2019-05-19 14-58-56,404,16.6214,37.5212
2019-05-19 14-59-00,404,16.6214,37.5345
2019-05-19 14-59-02,404,16.6626,37.5772
2019-05-19 14-59-04,404,16.626,37.5906
2019-05-19 14-59-06,404,16.5207,37.5906
2019-05-19 14-59-08,403,16.4673,37.6467
2019-05-19 14-59-11,404,16.449,37.6333
2019-05-19 14-59-13,404,16.5039,37.6066
2019-05-19 14-59-15,403,16.4673,37.6467
2019-05-19 14-59-19,403,16.4673,37.6627
2019-05-19 14-59-21,402,16.4703,37.7028
2019-05-19 14-59-23,403,16.4169,37.676
2019-05-19 14-59-25,403,16.4566,37.7321
2019-05-19 14-59-27,403,16.3849,37.7321
2019-05-19 14-59-29,403,16.4215,37.7615
2019-05-19 14-59-31,404,16.3696,37.7455
2019-05-19 14-59-33,405,16.3116,37.7321
2019-05-19 14-59-37,405,16.2964,37.7615
2019-05-19 14-59-39,406,16.3116,37.7455
2019-05-19 14-59-41,406,16.4032,37.7321
2019-05-19 14-59-43,406,16.33,37.7455
2019-05-19 14-59-45,407,16.3483,37.7188
2019-05-19 14-59-47,406,16.2933,37.7321
2019-05-19 14-59-49,406,16.3849,37.7188
2019-05-19 14-59-51,405,16.4215,37.7455
2019-05-19 14-59-55,406,16.2964,37.7455
2019-05-19 14-59-57,407,16.4017,37.7188
2019-05-19 14-59-59,407,16.3651,37.676
2019-05-19 15-00-01,408,16.4673,37.6333
2019-05-19 15-00-03,408,16.4841,37.62
2019-05-19 15-00-05,408,16.5207,37.6066
2019-05-19 15-00-07,408,16.539,37.62
2019-05-19 15-00-09,408,16.5726,37.6066
2019-05-19 15-00-13,408,16.6229,37.5772
2019-05-19 15-00-15,407,16.6946,37.5505
2019-05-19 15-00-17,407,16.7511,37.6066
2019-05-19 15-00-19,406,16.7679,37.5906
2019-05-19 15-00-21,407,16.7145,37.6066
2019-05-19 15-00-23,406,16.6824,37.62
2019-05-19 15-00-25,406,16.7175,37.6333
2019-05-19 15-00-29,406,16.6672,37.6467
2019-05-19 15-00-31,406,16.6458,37.6627
2019-05-19 15-00-33,406,16.7175,37.6467
2019-05-19 15-00-35,406,16.6458,37.6467
2019-05-19 15-00-37,406,16.6443,37.62
2019-05-19 15-00-39,405,16.6641,37.62
2019-05-19 15-00-41,407,16.7175,37.6333
2019-05-19 15-00-43,408,16.6092,37.6467
2019-05-19 15-00-47,409,16.6275,37.6467
2019-05-19 15-00-49,409,16.5756,37.6333
2019-05-19 15-00-51,411,16.5726,37.62
2019-05-19 15-00-53,411,16.6824,37.6467
2019-05-19 15-00-55,411,16.5939,37.6627
2019-05-19 15-00-57,412,16.6489,37.6894
2019-05-19 15-00-59,413,16.6122,37.6627
2019-05-19 15-01-01,414,16.7038,37.6894
2019-05-19 15-01-05,414,16.7038,37.7028
2019-05-19 15-01-07,414,16.5955,37.7188
2019-05-19 15-01-09,416,16.6122,37.6894
2019-05-19 15-01-11,416,16.5955,37.7028
2019-05-19 15-01-13,416,16.6122,37.6894
2019-05-19 15-01-15,416,16.6321,37.7188
2019-05-19 15-01-17,416,16.6687,37.6894
2019-05-19 15-01-19,415,16.5955,37.7188
2019-05-19 15-01-23,416,16.687,37.7188
2019-05-19 15-01-25,415,16.6168,37.7455
2019-05-19 15-01-27,415,16.5985,37.7455
2019-05-19 15-01-29,416,16.6168,37.7455
2019-05-19 15-01-31,416,16.6351,37.7615
2019-05-19 15-01-33,417,16.5665,37.7749
2019-05-19 15-01-35,418,16.6351,37.7882
2019-05-19 15-01-37,420,16.6504,37.7615
2019-05-19 15-01-41,420,16.6901,37.7455
2019-05-19 15-01-43,421,16.6138,37.7321
2019-05-19 15-01-45,421,16.6351,37.7615
2019-05-19 15-01-47,420,16.5817,37.7455
2019-05-19 15-01-49,419,16.5817,37.7615
2019-05-19 15-01-51,417,16.5131,37.7882
2019-05-19 15-01-53,417,16.5817,37.7749
2019-05-19 15-01-55,418,16.4581,37.7882
2019-05-19 15-01-59,419,16.3712,37.7882
2019-05-19 15-02-01,418,16.2643,37.7882
2019-05-19 15-02-03,417,16.333,37.7882
2019-05-19 15-02-05,416,16.3345,37.8176
2019-05-19 15-02-07,415,16.2842,37.8443
2019-05-19 15-02-09,414,16.2872,37.887
2019-05-19 15-02-11,415,16.1789,37.9137
2019-05-19 15-02-13,417,16.2155,37.9004
2019-05-19 15-02-17,418,16.2689,37.887
2019-05-19 15-02-19,420,16.2186,37.9297
2019-05-19 15-02-21,419,16.2521,37.9137
2019-05-19 15-02-23,418,16.2369,37.9431
2019-05-19 15-02-25,416,16.1682,38.0018
2019-05-19 15-02-27,416,16.1835,38.0018
2019-05-19 15-02-29,417,16.0812,38.0446
2019-05-19 15-02-33,418,16.1331,38.0285
2019-05-19 15-02-35,419,16.1331,38.0446
2019-05-19 15-02-37,421,16.1514,38.0285
2019-05-19 15-02-39,422,16.1865,38.0285
2019-05-19 15-02-41,423,16.2231,38.0018
2019-05-19 15-02-43,423,16.1865,38.0152
2019-05-19 15-02-45,422,16.2567,38.0152
2019-05-19 15-02-47,422,16.2415,38.0285
2019-05-19 15-02-51,420,16.1865,38.0446
2019-05-19 15-02-53,422,16.2598,38.0579
2019-05-19 15-02-55,424,16.2247,38.0446
2019-05-19 15-02-57,424,16.2064,38.0446
2019-05-19 15-02-59,424,16.2415,38.0285
2019-05-19 15-03-01,425,16.2918,38.0018
2019-05-19 15-03-03,426,16.2384,37.9698
2019-05-19 15-03-05,426,16.3422,37.9431
2019-05-19 15-03-09,425,16.4307,37.9431
2019-05-19 15-03-11,425,16.5222,37.9431
2019-05-19 15-03-13,426,16.5909,37.9137
2019-05-19 15-03-15,424,16.6092,37.9297
2019-05-19 15-03-17,425,16.6046,37.8576
2019-05-19 15-03-19,426,16.5344,37.8576
2019-05-19 15-03-21,426,16.5344,37.8443
2019-05-19 15-03-23,427,16.6077,37.887
2019-05-19 15-03-27,428,16.5543,37.887
2019-05-19 15-03-29,429,16.6412,37.8737
2019-05-19 15-03-31,430,16.6946,37.8443
2019-05-19 15-03-33,430,16.713,37.8576
2019-05-19 15-03-35,429,16.6779,37.8576
2019-05-19 15-03-37,429,16.658,37.8576
2019-05-19 15-03-39,429,16.6229,37.8737
2019-05-19 15-03-41,429,16.626,37.9004
2019-05-19 15-03-45,429,16.6077,37.9004
2019-05-19 15-03-47,427,16.5756,37.9431
2019-05-19 15-03-49,428,16.5222,37.9431
2019-05-19 15-03-51,428,16.4841,37.9297
2019-05-19 15-03-53,428,16.5771,37.9885
2019-05-19 15-03-55,428,16.4337,37.9698
2019-05-19 15-03-57,428,16.3834,38.0018
2019-05-19 15-03-59,427,16.3666,38.0285
2019-05-19 15-04-03,427,16.3666,38.0446
2019-05-19 15-04-05,428,16.2964,38.0713
2019-05-19 15-04-07,429,16.2613,38.1006
2019-05-19 15-04-09,430,16.243,38.0873
2019-05-19 15-04-11,430,16.243,38.0579
2019-05-19 15-04-13,430,16.33,38.0446
2019-05-19 15-04-15,430,16.3116,38.0446
2019-05-19 15-04-17,429,16.3116,38.0285
2019-05-19 15-04-21,429,16.3101,38.0152
2019-05-19 15-04-23,428,16.3422,37.9698
2019-05-19 15-04-25,427,16.362,37.9564
2019-05-19 15-04-27,427,16.362,37.9698
2019-05-19 15-04-29,428,16.3834,38.0018
2019-05-19 15-04-31,429,16.3101,38.0018
2019-05-19 15-04-33,429,16.3101,38.0018
2019-05-19 15-04-38,429,16.2933,38.0446
2019-05-19 15-04-40,429,16.2964,38.0713
2019-05-19 15-04-42,427,16.243,38.0873
2019-05-19 15-04-44,427,16.2827,38.1273
2019-05-19 15-04-46,428,16.156,38.1434
2019-05-19 15-04-48,430,16.156,38.1273
2019-05-19 15-04-50,433,16.2109,38.1434
2019-05-19 15-04-52,434,16.1194,38.1006
2019-05-19 15-04-56,435,16.188,38.0579
2019-05-19 15-04-58,435,16.188,38.0713
2019-05-19 15-05-00,437,16.2064,38.0579
2019-05-19 15-05-02,436,16.2415,38.0446
2019-05-19 15-05-04,438,16.2415,38.0152
2019-05-19 15-05-06,438,16.2384,38.0018
2019-05-19 15-05-08,437,16.2415,38.0285
2019-05-19 15-05-10,435,16.243,38.0579
2019-05-19 15-05-14,436,16.2247,38.0446
2019-05-19 15-05-16,437,16.2048,38.0152
2019-05-19 15-05-18,437,16.2048,38.0152
2019-05-19 15-05-20,438,16.2048,38.0018
2019-05-19 15-05-22,437,16.2201,37.9885
2019-05-19 15-05-24,435,16.2384,38.0018
2019-05-19 15-05-26,435,16.2369,37.9564
2019-05-19 15-05-28,437,16.2735,37.9885
2019-05-19 15-05-32,438,16.2369,37.9297
2019-05-19 15-05-34,438,16.3193,37.8576
2019-05-19 15-05-36,437,16.3742,37.8309
2019-05-19 15-05-38,437,16.3559,37.8443
2019-05-19 15-05-40,436,16.4261,37.8309
2019-05-19 15-05-42,435,16.4429,37.8016
2019-05-19 15-05-44,434,16.3895,37.8176
2019-05-19 15-05-46,434,16.4764,37.8309
2019-05-19 15-05-50,433,16.4444,37.8737
2019-05-19 15-05-52,432,16.4108,37.8737
2019-05-19 15-05-54,433,16.3742,37.8443
2019-05-19 15-05-56,433,16.3925,37.8576
2019-05-19 15-05-58,431,16.3559,37.8443
2019-05-19 15-06-00,430,16.394,37.9004
2019-05-19 15-06-02,431,16.3788,37.9137
2019-05-19 15-06-04,430,16.3239,37.9137
2019-05-19 15-06-08,430,16.362,37.9431
2019-05-19 15-06-10,432,16.3788,37.9297
2019-05-19 15-06-12,432,16.362,37.9431
2019-05-19 15-06-14,432,16.3422,37.9431
2019-05-19 15-06-16,431,16.3971,37.9564
2019-05-19 15-06-18,432,16.4154,37.9564
2019-05-19 15-06-20,432,16.3254,37.9698
2019-05-19 15-06-22,432,16.362,37.9698
2019-05-19 15-06-26,432,16.3101,37.9885
2019-05-19 15-06-28,431,16.2918,37.9885
2019-05-19 15-06-30,431,16.3437,37.9885
2019-05-19 15-06-32,431,16.275,38.0285
2019-05-19 15-06-34,431,16.3284,38.0285
2019-05-19 15-06-36,432,16.275,38.0285
2019-05-19 15-06-38,431,16.2781,38.0446
2019-05-19 15-06-40,430,16.333,38.0873
2019-05-19 15-06-44,430,16.2979,38.1273
2019-05-19 15-06-46,431,16.2659,38.1567
2019-05-19 15-06-48,431,16.1926,38.1567
2019-05-19 15-06-50,432,16.214,38.1701
2019-05-19 15-06-52,433,16.2323,38.1834
2019-05-19 15-06-54,433,16.2506,38.1834
2019-05-19 15-06-56,435,16.1774,38.1834
2019-05-19 15-06-58,436,16.1606,38.2128
2019-05-19 15-07-02,437,16.127,38.2128
2019-05-19 15-07-04,438,16.2338,38.2128
2019-05-19 15-07-06,439,16.1789,38.2261
2019-05-19 15-07-08,440,16.1957,38.1834
2019-05-19 15-07-10,439,16.1591,38.1834
2019-05-19 15-07-12,439,16.1774,38.1701
2019-05-19 15-07-14,438,16.1606,38.1994
2019-05-19 15-07-16,438,16.1926,38.1701
2019-05-19 15-07-20,438,16.1591,38.1701
2019-05-19 15-07-22,439,16.243,38.0873
2019-05-19 15-07-24,439,16.2796,38.1006
2019-05-19 15-07-26,439,16.2292,38.1273
2019-05-19 15-07-28,438,16.2277,38.114
2019-05-19 15-07-30,438,16.2109,38.114
2019-05-19 15-07-32,437,16.246,38.1273
2019-05-19 15-07-34,437,16.2796,38.1006
2019-05-19 15-07-38,437,16.2796,38.114
2019-05-19 15-07-40,436,16.2109,38.1273
2019-05-19 15-07-42,435,16.1743,38.1434
2019-05-19 15-07-44,435,16.2643,38.1434
2019-05-19 15-07-46,434,16.2292,38.1567
2019-05-19 15-07-48,435,16.1407,38.1434
2019-05-19 15-07-50,435,16.1926,38.1701
2019-05-19 15-07-54,436,16.2109,38.1434
2019-05-19 15-07-56,436,16.1911,38.1273
2019-05-19 15-07-58,435,16.2109,38.1434
2019-05-19 15-08-00,436,16.2292,38.1434
2019-05-19 15-08-02,437,16.246,38.1273
2019-05-19 15-08-04,436,16.2292,38.1434
2019-05-19 15-08-06,437,16.214,38.1834
2019-05-19 15-08-08,436,16.1606,38.1994
2019-05-19 15-08-12,436,16.2155,38.2128
2019-05-19 15-08-14,436,16.2155,38.2261
2019-05-19 15-08-16,437,16.1972,38.2261
2019-05-19 15-08-18,437,16.1819,38.2555
2019-05-19 15-08-20,436,16.1819,38.2689
2019-05-19 15-08-22,437,16.1636,38.2555
2019-05-19 15-08-24,438,16.1453,38.2555
2019-05-19 15-08-26,438,16.1285,38.2555
2019-05-19 15-08-30,440,16.1285,38.2822
2019-05-19 15-08-32,440,16.1636,38.2689
2019-05-19 15-08-34,440,16.1285,38.2822
2019-05-19 15-08-36,441,16.1102,38.2689
2019-05-19 15-08-38,441,16.1972,38.2555
2019-05-19 15-08-40,441,16.1453,38.2555
2019-05-19 15-08-42,440,16.1789,38.2395
2019-05-19 15-08-44,440,16.1774,38.1994
2019-05-19 15-08-48,439,16.1423,38.2128
2019-05-19 15-08-50,439,16.1789,38.2128
2019-05-19 15-08-52,439,16.1774,38.1994
2019-05-19 15-08-54,440,16.2506,38.1834
2019-05-19 15-08-56,441,16.1957,38.1834
2019-05-19 15-08-58,442,16.2323,38.1994
2019-05-19 15-09-00,442,16.1774,38.1994
2019-05-19 15-09-02,441,16.2323,38.1701
2019-05-19 15-09-06,439,16.2659,38.1834
2019-05-19 15-09-08,437,16.2506,38.2128
2019-05-19 15-09-10,439,16.2323,38.1834
2019-05-19 15-09-12,439,16.2476,38.1701
2019-05-19 15-09-14,439,16.214,38.1834
2019-05-19 15-09-16,438,16.2842,38.1701
2019-05-19 15-09-18,437,16.2323,38.1994
2019-05-19 15-09-20,436,16.2689,38.2128
2019-05-19 15-09-24,436,16.214,38.1834
2019-05-19 15-09-26,436,16.2689,38.2128
2019-05-19 15-09-28,437,16.2842,38.1834
2019-05-19 15-09-30,438,16.1774,38.1701
2019-05-19 15-09-32,438,16.2186,38.2395
2019-05-19 15-09-34,438,16.1926,38.1701
2019-05-19 15-09-36,438,16.2506,38.1834
2019-05-19 15-09-40,437,16.2506,38.1834
2019-05-19 15-09-42,437,16.2842,38.1701
2019-05-19 15-09-44,437,16.2476,38.1567
2019-05-19 15-09-47,437,16.2323,38.1701
2019-05-19 15-09-49,437,16.301,38.1567
2019-05-19 15-09-51,437,16.214,38.1701
2019-05-19 15-09-53,438,16.2323,38.1994
2019-05-19 15-09-55,438,16.1972,38.2261
2019-05-19 15-09-59,438,16.1606,38.2128
2019-05-19 15-10-01,438,16.1636,38.2395
2019-05-19 15-10-03,439,16.1453,38.2261
2019-05-19 15-10-05,439,16.1423,38.1994
2019-05-19 15-10-07,439,16.2109,38.1273
2019-05-19 15-10-09,440,16.1728,38.114
2019-05-19 15-10-11,439,16.243,38.0713
2019-05-19 15-10-13,439,16.2064,38.0285
2019-05-19 15-10-17,438,16.2231,38.0285
2019-05-19 15-10-19,438,16.2598,38.0285
2019-05-19 15-10-21,438,16.2415,38.0285
2019-05-19 15-10-23,437,16.2933,38.0285
2019-05-19 15-10-25,438,16.2415,38.0152
2019-05-19 15-10-27,439,16.275,38.0018
2019-05-19 15-10-29,439,16.3239,37.9431
2019-05-19 15-10-31,439,16.394,37.9137
2019-05-19 15-10-35,438,16.3757,37.8737
2019-05-19 15-10-37,437,16.3574,37.8576
2019-05-19 15-10-39,437,16.4612,37.8176
2019-05-19 15-10-41,437,16.4581,37.7882
2019-05-19 15-10-43,436,16.4078,37.8309
2019-05-19 15-10-45,436,16.4948,37.8309
2019-05-19 15-10-47,436,16.5298,37.7615
2019-05-19 15-10-49,435,16.5268,37.7321
2019-05-19 15-10-53,435,16.5955,37.7028
2019-05-19 15-10-55,435,16.5451,37.7188
2019-05-19 15-10-57,433,16.6138,37.7188
2019-05-19 15-10-59,433,16.5955,37.7028
2019-05-19 15-11-01,433,16.5405,37.6467
2019-05-19 15-11-03,434,16.6672,37.6467
2019-05-19 15-11-05,434,16.6443,37.6333
2019-05-19 15-11-07,434,16.6641,37.6333
2019-05-19 15-11-11,433,16.7358,37.6627
2019-05-19 15-11-13,433,16.6824,37.6333
2019-05-19 15-11-15,433,16.7328,37.6066
2019-05-19 15-11-17,432,16.7313,37.5639
2019-05-19 15-11-19,433,16.7862,37.5906
2019-05-19 15-11-21,432,16.7679,37.6066
2019-05-19 15-11-23,432,16.7175,37.6467
2019-05-19 15-11-25,432,16.7374,37.676
2019-05-19 15-11-29,432,16.7038,37.6894
2019-05-19 15-11-31,432,16.6855,37.676
2019-05-19 15-11-33,432,16.687,37.7188
2019-05-19 15-11-35,432,16.687,37.7188
2019-05-19 15-11-37,434,16.6672,37.676
2019-05-19 15-11-39,435,16.7542,37.6467
2019-05-19 15-11-41,434,16.7542,37.6467
2019-05-19 15-11-43,435,16.7175,37.6467
2019-05-19 15-11-47,434,16.7358,37.6627
2019-05-19 15-11-49,434,16.7007,37.6627
2019-05-19 15-11-51,435,16.6458,37.6467
2019-05-19 15-11-53,435,16.6855,37.676
2019-05-19 15-11-55,434,16.5436,37.7028
2019-05-19 15-11-57,434,16.5451,37.7455
2019-05-19 15-11-59,433,16.4932,37.8016
2019-05-19 15-12-01,434,16.5161,37.8309
2019-05-19 15-12-05,434,16.4612,37.8443
2019-05-19 15-12-07,434,16.4291,37.8737
2019-05-19 15-12-09,435,16.449,37.9297
2019-05-19 15-12-11,435,16.4337,37.9698
2019-05-19 15-12-13,436,16.33,38.0446
2019-05-19 15-12-15,436,16.33,38.0579
2019-05-19 15-12-17,437,16.2964,38.0873
2019-05-19 15-12-21,436,16.243,38.0713
2019-05-19 15-12-23,438,16.2827,38.1273
2019-05-19 15-12-25,440,16.3696,38.1006
2019-05-19 15-12-27,442,16.3879,38.114
2019-05-19 15-12-29,444,16.3879,38.1006
2019-05-19 15-12-31,451,16.33,38.0579
2019-05-19 15-12-33,454,16.3284,38.0285
2019-05-19 15-12-35,452,16.3437,38.0018
2019-05-19 15-12-39,456,16.3834,38.0018
2019-05-19 15-12-41,456,16.4169,38.0018
2019-05-19 15-12-43,454,16.4337,37.9698
2019-05-19 15-12-45,453,16.4841,37.9297
2019-05-19 15-12-47,453,16.4993,37.9004
2019-05-19 15-12-49,453,16.4978,37.887
2019-05-19 15-12-51,452,16.6046,37.8576
2019-05-19 15-12-53,452,16.5344,37.8576
2019-05-19 15-12-57,452,16.571,37.887
2019-05-19 15-12-59,453,16.5863,37.8576
2019-05-19 15-13-01,452,16.5207,37.9137
2019-05-19 15-13-03,450,16.539,37.9137
2019-05-19 15-13-05,450,16.5588,37.9885
2019-05-19 15-13-07,448,16.4856,37.9698
2019-05-19 15-13-09,448,16.4886,38.0285
2019-05-19 15-13-11,448,16.42,38.0579
2019-05-19 15-13-15,449,16.3696,38.0873
2019-05-19 15-13-17,450,16.3696,38.1006
2019-05-19 15-13-19,449,16.333,38.1006
2019-05-19 15-13-21,450,16.3193,38.1701
2019-05-19 15-13-23,450,16.2476,38.1567
2019-05-19 15-13-25,451,16.2506,38.1994
2019-05-19 15-13-27,453,16.2659,38.1834
2019-05-19 15-13-29,453,16.2506,38.1994
2019-05-19 15-13-33,453,16.1957,38.2128
2019-05-19 15-13-35,454,16.1957,38.1994
2019-05-19 15-13-37,454,16.1972,38.2395
2019-05-19 15-13-39,454,16.2155,38.2128
2019-05-19 15-13-41,455,16.1972,38.2395
2019-05-19 15-13-43,455,16.2186,38.2555
2019-05-19 15-13-45,455,16.1972,38.2395
2019-05-19 15-13-47,455,16.1972,38.2261
2019-05-19 15-13-51,454,16.1636,38.2395
2019-05-19 15-13-53,455,16.2338,38.2128
2019-05-19 15-13-55,456,16.2323,38.1994
2019-05-19 15-13-57,455,16.2323,38.1994
2019-05-19 15-13-59,455,16.2842,38.1994
2019-05-19 15-14-01,455,16.2842,38.1994
2019-05-19 15-14-03,455,16.2689,38.2128
2019-05-19 15-14-07,455,16.3055,38.2261
2019-05-19 15-14-09,456,16.3391,38.2128
2019-05-19 15-14-11,455,16.2842,38.1994
2019-05-19 15-14-13,456,16.2323,38.1994
2019-05-19 15-14-15,456,16.2842,38.1834
2019-05-19 15-14-17,457,16.2842,38.1701
2019-05-19 15-14-19,457,16.3025,38.1834
2019-05-19 15-14-21,457,16.2827,38.1567
2019-05-19 15-14-25,457,16.3162,38.1273
2019-05-19 15-14-27,457,16.3162,38.114
2019-05-19 15-14-29,456,16.3162,38.114
2019-05-19 15-14-31,457,16.2643,38.114
2019-05-19 15-14-33,457,16.3147,38.0873
2019-05-19 15-14-35,457,16.2964,38.0579
2019-05-19 15-14-37,457,16.33,38.0446
2019-05-19 15-14-39,457,16.2933,38.0285
2019-05-19 15-14-43,457,16.2933,38.0152
2019-05-19 15-14-45,456,16.3116,38.0285
2019-05-19 15-14-47,456,16.3467,38.0285
2019-05-19 15-14-49,457,16.3651,38.0152
2019-05-19 15-14-51,457,16.3651,37.9885
2019-05-19 15-14-53,455,16.3651,37.9885
2019-05-19 15-14-55,455,16.3651,38.0018
2019-05-19 15-14-57,455,16.362,37.9698
2019-05-19 15-15-01,454,16.4337,37.9885
2019-05-19 15-15-03,455,16.3391,37.887
2019-05-19 15-15-05,454,16.4474,37.887
2019-05-19 15-15-07,455,16.4124,37.9004
2019-05-19 15-15-09,454,16.4627,37.8737
2019-05-19 15-15-11,454,16.5161,37.8443
2019-05-19 15-15-13,454,16.5359,37.8737
2019-05-19 15-15-15,454,16.4474,37.9004
2019-05-19 15-15-20,454,16.4658,37.9004
2019-05-19 15-15-22,454,16.4658,37.9137
2019-05-19 15-15-24,454,16.4627,37.887
2019-05-19 15-15-26,455,16.4474,37.887
2019-05-19 15-15-28,455,16.4444,37.8576
2019-05-19 15-15-30,455,16.4948,37.8176
2019-05-19 15-15-32,455,16.5497,37.8016
2019-05-19 15-15-34,456,16.5817,37.7615
2019-05-19 15-15-38,456,16.5634,37.7455
2019-05-19 15-15-40,456,16.5634,37.7321
2019-05-19 15-15-42,456,16.6168,37.7455
2019-05-19 15-15-44,454,16.6168,37.7615
2019-05-19 15-15-46,455,16.6504,37.7455
2019-05-19 15-15-48,455,16.6718,37.7321
2019-05-19 15-15-50,455,16.5985,37.7321
2019-05-19 15-15-52,455,16.5985,37.7321
2019-05-19 15-15-56,455,16.6321,37.7188
2019-05-19 15-15-58,455,16.6306,37.6894
2019-05-19 15-16-00,454,16.6489,37.7028
2019-05-19 15-16-02,453,16.687,37.7028
2019-05-19 15-16-04,453,16.6168,37.7455
2019-05-19 15-16-06,453,16.6351,37.7749
2019-05-19 15-16-08,454,16.5817,37.7615
2019-05-19 15-16-10,454,16.6138,37.7188
2019-05-19 15-16-14,453,16.6122,37.6894
2019-05-19 15-16-16,454,16.687,37.7028
2019-05-19 15-16-18,453,16.7191,37.6894
2019-05-19 15-16-20,454,16.7908,37.7028
2019-05-19 15-16-22,454,16.7725,37.676
2019-05-19 15-16-24,453,16.7908,37.6894
2019-05-19 15-16-26,454,16.8289,37.7188
2019-05-19 15-16-28,453,16.8106,37.6894
2019-05-19 15-16-32,455,16.8243,37.6467
2019-05-19 15-16-34,454,16.9144,37.6627
2019-05-19 15-16-36,454,16.861,37.676
2019-05-19 15-16-38,453,16.864,37.6894
2019-05-19 15-16-40,453,16.9159,37.7028
2019-05-19 15-16-42,452,16.8976,37.6894
2019-05-19 15-16-44,453,16.864,37.7188
2019-05-19 15-16-48,453,16.8137,37.7455
2019-05-19 15-16-50,453,16.832,37.7455
2019-05-19 15-16-52,454,16.777,37.7615
2019-05-19 15-16-54,455,16.7953,37.7882
2019-05-19 15-16-56,455,16.8839,37.7455
2019-05-19 15-16-58,455,16.7786,37.7882
2019-05-19 15-17-00,455,16.7084,37.7749
2019-05-19 15-17-02,455,16.6916,37.8176
2019-05-19 15-17-06,455,16.6214,37.8176
2019-05-19 15-17-08,455,16.6214,37.8443
2019-05-19 15-17-10,455,16.713,37.8443
2019-05-19 15-17-12,456,16.7648,37.8737
2019-05-19 15-17-14,457,16.6962,37.8737
2019-05-19 15-17-16,457,16.713,37.8737
2019-05-19 15-17-18,457,16.7313,37.8576
2019-05-19 15-17-20,458,16.7816,37.8576
2019-05-19 15-17-24,458,16.7496,37.8737
2019-05-19 15-17-26,457,16.6779,37.887
2019-05-19 15-17-28,459,16.6992,37.9137
2019-05-19 15-17-30,459,16.6229,37.887
2019-05-19 15-17-32,459,16.626,37.9297
2019-05-19 15-17-34,459,16.5939,37.9698
2019-05-19 15-17-36,459,16.5756,37.9431
2019-05-19 15-17-38,459,16.5253,38.0018
2019-05-19 15-17-42,459,16.6122,37.9698
2019-05-19 15-17-44,460,16.5588,37.9698
2019-05-19 15-17-46,460,16.5253,38.0018
2019-05-19 15-17-48,460,16.507,38.0152
2019-05-19 15-17-50,460,16.4719,38.0285
2019-05-19 15-17-52,460,16.4719,38.0446
2019-05-19 15-17-54,460,16.4398,38.0873
2019-05-19 15-17-56,460,16.4398,38.0873
2019-05-19 15-18-00,461,16.4215,38.1006
2019-05-19 15-18-02,461,16.4398,38.0873
2019-05-19 15-18-04,462,16.4566,38.0873
2019-05-19 15-18-06,464,16.507,38.0446
2019-05-19 15-18-08,465,16.4886,38.0018
2019-05-19 15-18-10,467,16.5573,37.9431
2019-05-19 15-18-12,462,16.5909,37.9297
2019-05-19 15-18-14,464,16.5909,37.9137
2019-05-19 15-18-18,458,16.6077,37.9137
2019-05-19 15-18-20,455,16.5726,37.9004
2019-05-19 15-18-22,455,16.5726,37.9137
2019-05-19 15-18-24,454,16.6458,37.9564
2019-05-19 15-18-26,452,16.6595,37.9004
2019-05-19 15-18-28,453,16.7511,37.9137
2019-05-19 15-18-30,454,16.7831,37.8737
2019-05-19 15-18-32,455,16.7831,37.887
2019-05-19 15-18-36,453,16.7679,37.9004
2019-05-19 15-18-38,452,16.7511,37.9431
2019-05-19 15-18-40,453,16.6458,37.9564
2019-05-19 15-18-42,453,16.6458,37.9885
2019-05-19 15-18-44,454,16.6824,37.9698
2019-05-19 15-18-46,455,16.6306,37.9885
2019-05-19 15-18-48,455,16.6306,38.0018
2019-05-19 15-18-50,456,16.6138,38.0152
2019-05-19 15-18-54,457,16.6306,38.0152
2019-05-19 15-18-56,460,16.5771,38.0018
2019-05-19 15-18-58,459,16.5222,37.9698
2019-05-19 15-19-00,461,16.4886,38.0152
2019-05-19 15-19-02,462,16.4154,37.9698
2019-05-19 15-19-04,464,16.449,37.9564
2019-05-19 15-19-06,464,16.4856,37.9698
2019-05-19 15-19-08,462,16.4856,37.9564
2019-05-19 15-19-12,463,16.4352,38.0152
2019-05-19 15-19-14,462,16.4169,38.0152
2019-05-19 15-19-16,462,16.4703,38.0018
2019-05-19 15-19-18,461,16.507,38.0152
2019-05-19 15-19-20,461,16.4352,38.0152
2019-05-19 15-19-22,463,16.4703,38.0152
2019-05-19 15-19-24,464,16.452,37.9885
2019-05-19 15-19-26,463,16.4856,37.9698
2019-05-19 15-19-30,463,16.4703,37.9885
2019-05-19 15-19-32,464,16.5039,37.9885
2019-05-19 15-19-34,463,16.4856,37.9564
2019-05-19 15-19-36,464,16.5024,37.9431
2019-05-19 15-19-38,466,16.5176,37.8576
2019-05-19 15-19-40,466,16.5863,37.8443
2019-05-19 15-19-42,466,16.5665,37.7882
2019-05-19 15-19-44,467,16.5817,37.7615
2019-05-19 15-19-48,466,16.6321,37.7188
2019-05-19 15-19-50,467,16.7038,37.6894
2019-05-19 15-19-52,466,16.7374,37.7028
2019-05-19 15-19-54,465,16.7221,37.7188
2019-05-19 15-19-56,464,16.7236,37.7455
2019-05-19 15-19-58,462,16.7282,37.8176
2019-05-19 15-20-00,462,16.6946,37.8309
2019-05-19 15-20-04,462,16.6367,37.8309
2019-05-19 15-20-06,462,16.5894,37.887
2019-05-19 15-20-08,461,16.6077,37.9004
2019-05-19 15-20-10,461,16.5726,37.9297
2019-05-19 15-20-12,462,16.5222,37.9564
2019-05-19 15-20-14,463,16.5939,37.9885
2019-05-19 15-20-16,464,16.5405,37.9885
2019-05-19 15-20-18,464,16.5039,37.9885
2019-05-19 15-20-22,465,16.5039,37.9885
2019-05-19 15-20-24,465,16.452,38.0018
2019-05-19 15-20-26,465,16.4719,38.0446
2019-05-19 15-20-28,464,16.4886,38.0285
2019-05-19 15-20-30,464,16.4352,38.0018
2019-05-19 15-20-32,465,16.507,38.0285
2019-05-19 15-20-34,465,16.5268,38.0446
2019-05-19 15-20-36,466,16.4902,38.0713
2019-05-19 15-20-41,465,16.4398,38.1006
2019-05-19 15-20-43,464,16.4429,38.1273
2019-05-19 15-20-45,466,16.4246,38.114
2019-05-19 15-20-47,466,16.3513,38.114
2019-05-19 15-20-49,468,16.3513,38.1273
2019-05-19 15-20-51,469,16.4062,38.1273
2019-05-19 15-20-53,469,16.3895,38.1273
2019-05-19 15-20-55,469,16.4444,38.1701
2019-05-19 15-20-59,470,16.4246,38.1434
2019-05-19 15-21-01,471,16.4246,38.1273
2019-05-19 15-21-03,472,16.4246,38.114
2019-05-19 15-21-05,473,16.4581,38.114
2019-05-19 15-21-07,474,16.4215,38.1006
2019-05-19 15-21-09,473,16.4932,38.1006
2019-05-19 15-21-11,473,16.4246,38.114
2019-05-19 15-21-13,474,16.4749,38.0713
2019-05-19 15-21-17,474,16.4078,38.1434
2019-05-19 15-21-19,475,16.4932,38.1006
2019-05-19 15-21-21,476,16.4749,38.0713
2019-05-19 15-21-23,476,16.4566,38.0873
2019-05-19 15-21-25,476,16.4719,38.0579
2019-05-19 15-21-27,475,16.42,38.0579
2019-05-19 15-21-29,475,16.4566,38.0713
2019-05-19 15-21-31,474,16.4383,38.0579
2019-05-19 15-21-35,476,16.4886,38.0285
2019-05-19 15-21-37,476,16.4719,38.0285
2019-05-19 15-21-39,476,16.4886,38.0285
2019-05-19 15-21-41,475,16.4902,38.0446
2019-05-19 15-21-43,476,16.5268,38.0285
2019-05-19 15-21-45,476,16.4856,37.9885
2019-05-19 15-21-47,477,16.5253,38.0152
2019-05-19 15-21-49,477,16.4856,37.9885
2019-05-19 15-21-53,477,16.5268,38.0285
2019-05-19 15-21-55,476,16.5253,38.0152
2019-05-19 15-21-57,476,16.5436,38.0285
2019-05-19 15-21-59,477,16.5268,38.0285
2019-05-19 15-22-01,478,16.5405,37.9698
2019-05-19 15-22-03,478,16.5756,37.9698
2019-05-19 15-22-05,478,16.5939,37.9698
2019-05-19 15-22-09,478,16.5588,37.9698
2019-05-19 15-22-11,477,16.5955,38.0152
2019-05-19 15-22-13,477,16.5268,38.0446
2019-05-19 15-22-15,478,16.5298,38.0713
2019-05-19 15-22-17,479,16.5451,38.0446
2019-05-19 15-22-19,479,16.5085,38.0873
2019-05-19 15-22-21,479,16.5085,38.0873
2019-05-19 15-22-23,479,16.4932,38.0873
2019-05-19 15-22-27,479,16.5131,38.1434
2019-05-19 15-22-29,480,16.4581,38.1273
2019-05-19 15-22-31,480,16.4612,38.1567
2019-05-19 15-22-33,480,16.4078,38.1701
2019-05-19 15-22-35,480,16.3925,38.1701
2019-05-19 15-22-37,481,16.4108,38.1834
2019-05-19 15-22-39,481,16.394,38.1994
2019-05-19 15-22-41,481,16.4108,38.1994
2019-05-19 15-22-45,481,16.394,38.1994
2019-05-19 15-22-47,482,16.3757,38.2128
2019-05-19 15-22-49,482,16.4108,38.1834
2019-05-19 15-22-51,482,16.4108,38.1834
2019-05-19 15-22-53,482,16.4078,38.1434
2019-05-19 15-22-55,483,16.3895,38.1567
2019-05-19 15-22-57,484,16.4398,38.1006
2019-05-19 15-22-59,483,16.4215,38.0713
2019-05-19 15-23-03,482,16.4749,38.1006
2019-05-19 15-23-05,481,16.4566,38.0873
2019-05-19 15-23-07,478,16.4749,38.1006
2019-05-19 15-23-09,473,16.4932,38.1006
2019-05-19 15-23-11,474,16.4062,38.114
2019-05-19 15-23-13,467,16.4581,38.1006
2019-05-19 15-23-15,467,16.4932,38.0873
2019-05-19 15-23-19,462,16.4932,38.0873
2019-05-19 15-23-21,466,16.5298,38.1006
2019-05-19 15-23-23,471,16.6168,38.0873
2019-05-19 15-23-25,474,16.5298,38.0873
2019-05-19 15-23-27,475,16.5634,38.0873
2019-05-19 15-23-29,476,16.6367,38.114
2019-05-19 15-23-31,478,16.5665,38.1006
2019-05-19 15-23-33,479,16.5665,38.114
2019-05-19 15-23-37,477,16.5985,38.0713
2019-05-19 15-23-39,475,16.5665,38.1006
2019-05-19 15-23-41,476,16.4932,38.114
2019-05-19 15-23-43,477,16.5085,38.0873
2019-05-19 15-23-45,477,16.4932,38.0873
2019-05-19 15-23-47,476,16.5314,38.1273
2019-05-19 15-23-49,476,16.4932,38.114
2019-05-19 15-23-51,476,16.4581,38.1273
2019-05-19 15-23-55,476,16.5131,38.1701
2019-05-19 15-23-57,478,16.4429,38.1567
2019-05-19 15-23-59,478,16.4246,38.1434
2019-05-19 15-24-01,478,16.4612,38.1434
2019-05-19 15-24-03,478,16.4764,38.1434
2019-05-19 15-24-05,478,16.4429,38.1567
2019-05-19 15-24-07,477,16.4261,38.1701
2019-05-19 15-24-09,476,16.4108,38.1834
2019-05-19 15-24-13,478,16.3925,38.1701
2019-05-19 15-24-15,479,16.4612,38.1434
2019-05-19 15-24-17,480,16.4581,38.1273
2019-05-19 15-24-19,481,16.4932,38.1006
2019-05-19 15-24-21,481,16.5298,38.0713
2019-05-19 15-24-23,481,16.5802,38.0446
2019-05-19 15-24-25,482,16.5802,38.0446
2019-05-19 15-24-27,481,16.5436,38.0285
2019-05-19 15-24-31,481,16.6138,38.0285
2019-05-19 15-24-33,482,16.5619,38.0152
2019-05-19 15-24-35,483,16.5405,37.9698
2019-05-19 15-24-37,481,16.452,37.9885
2019-05-19 15-24-39,482,16.452,37.9698
2019-05-19 15-24-41,483,16.3986,37.9698
2019-05-19 15-24-43,480,16.4154,37.9564
2019-05-19 15-24-45,480,16.4154,37.9698
2019-05-19 15-24-49,478,16.4154,37.9564
2019-05-19 15-24-51,475,16.452,37.9885
2019-05-19 15-24-53,472,16.4337,37.9698
2019-05-19 15-24-55,468,16.452,38.0018
2019-05-19 15-24-57,473,16.4719,38.0285
2019-05-19 15-24-59,474,16.5436,38.0285
2019-05-19 15-25-01,473,16.5253,38.0018
2019-05-19 15-25-05,472,16.4703,38.0018
2019-05-19 15-25-07,474,16.4352,38.0152
2019-05-19 15-25-09,469,16.4536,38.0152
2019-05-19 15-25-11,471,16.4352,38.0285
2019-05-19 15-25-13,472,16.42,38.0285
2019-05-19 15-25-15,475,16.4215,38.0713
2019-05-19 15-25-17,475,16.4383,38.0713
2019-05-19 15-25-19,472,16.4719,38.0446
2019-05-19 15-25-23,471,16.5085,38.0579
2019-05-19 15-25-25,470,16.5451,38.0446
2019-05-19 15-25-27,469,16.4566,38.0873
2019-05-19 15-25-29,468,16.4398,38.1006
2019-05-19 15-25-31,468,16.4062,38.1006
2019-05-19 15-25-33,469,16.4032,38.0873
2019-05-19 15-25-35,471,16.4566,38.0873
2019-05-19 15-25-37,471,16.3849,38.0713
2019-05-19 15-25-41,471,16.4749,38.0873
2019-05-19 15-25-43,473,16.4749,38.1006
2019-05-19 15-25-45,473,16.4749,38.1006
2019-05-19 15-25-47,473,16.4581,38.1273
2019-05-19 15-25-49,473,16.4429,38.1273
2019-05-19 15-25-51,473,16.4429,38.1567
2019-05-19 15-25-53,474,16.4444,38.1834
2019-05-19 15-25-55,474,16.3742,38.1701
2019-05-19 15-25-59,475,16.4474,38.2128
2019-05-19 15-26-01,477,16.3742,38.1567
2019-05-19 15-26-03,479,16.3925,38.1834
2019-05-19 15-26-05,480,16.3376,38.1701
2019-05-19 15-26-07,478,16.3757,38.2128
2019-05-19 15-26-09,477,16.3742,38.1701
2019-05-19 15-26-12,477,16.3376,38.1994
2019-05-19 15-26-14,478,16.3391,38.2128
2019-05-19 15-26-18,479,16.3025,38.1834
2019-05-19 15-26-20,479,16.3208,38.2128
2019-05-19 15-26-22,479,16.3391,38.2128
2019-05-19 15-26-24,480,16.2842,38.1994
2019-05-19 15-26-26,482,16.3208,38.1994
2019-05-19 15-26-28,483,16.3025,38.2128
2019-05-19 15-26-30,483,16.3239,38.2395
2019-05-19 15-26-32,484,16.3025,38.1834
2019-05-19 15-26-36,485,16.3376,38.1701
2019-05-19 15-26-38,484,16.3742,38.1701
2019-05-19 15-26-40,483,16.3025,38.2128
2019-05-19 15-26-42,484,16.3208,38.1994
2019-05-19 15-26-44,482,16.2872,38.2128
2019-05-19 15-26-46,480,16.3055,38.2395
2019-05-19 15-26-48,481,16.3239,38.2555
2019-05-19 15-26-52,483,16.3391,38.2261
2019-05-19 15-26-54,484,16.4078,38.1701
2019-05-19 15-26-56,485,16.4612,38.1434
2019-05-19 15-26-58,485,16.5298,38.0713
2019-05-19 15-27-00,484,16.6306,38.0152
2019-05-19 15-27-02,483,16.687,38.0446
2019-05-19 15-27-04,482,16.6672,38.0446
2019-05-19 15-27-06,480,16.687,38.0579
2019-05-19 15-27-10,478,16.6168,38.0713
2019-05-19 15-27-12,478,16.6534,38.0873
2019-05-19 15-27-14,479,16.5802,38.0446
2019-05-19 15-27-16,479,16.7038,38.0152
2019-05-19 15-27-18,478,16.6489,38.0285
2019-05-19 15-27-20,478,16.7038,38.0018
2019-05-19 15-27-22,479,16.7221,38.0285
2019-05-19 15-27-24,478,16.7221,38.0446
2019-05-19 15-27-28,477,16.7053,38.0446
2019-05-19 15-27-30,477,16.6687,38.0873
2019-05-19 15-27-32,477,16.6687,38.0873
2019-05-19 15-27-34,477,16.6168,38.0873
2019-05-19 15-27-36,478,16.5298,38.1006
2019-05-19 15-27-38,477,16.5482,38.114
2019-05-19 15-27-40,478,16.4948,38.1567
2019-05-19 15-27-42,478,16.3925,38.1701
2019-05-19 15-27-46,479,16.4108,38.1834
2019-05-19 15-27-48,480,16.3925,38.1701
2019-05-19 15-27-50,481,16.4261,38.1834
2019-05-19 15-27-52,483,16.4795,38.1834
2019-05-19 15-27-54,484,16.4291,38.1994
2019-05-19 15-27-56,483,16.4795,38.1701
2019-05-19 15-27-58,483,16.5115,38.114
2019-05-19 15-28-00,483,16.5665,38.1273
2019-05-19 15-28-04,482,16.6031,38.1273
2019-05-19 15-28-06,483,16.6183,38.1273
2019-05-19 15-28-08,484,16.5848,38.114
2019-05-19 15-28-10,483,16.6183,38.1273
2019-05-19 15-28-12,484,16.5817,38.1006
2019-05-19 15-28-14,484,16.6183,38.1006
2019-05-19 15-28-16,484,16.5115,38.1006
2019-05-19 15-28-18,485,16.6,38.0873
2019-05-19 15-28-22,486,16.6168,38.0713
2019-05-19 15-28-24,485,16.6504,38.0579
2019-05-19 15-28-26,485,16.5985,38.0446
2019-05-19 15-28-28,485,16.5634,38.0579
2019-05-19 15-28-30,485,16.6138,38.0446
2019-05-19 15-28-32,485,16.5451,38.0579
2019-05-19 15-28-34,486,16.5451,38.0446
2019-05-19 15-28-38,485,16.6504,38.0446
2019-05-19 15-28-40,485,16.5802,38.0446
2019-05-19 15-28-42,485,16.5985,38.0713
2019-05-19 15-28-44,485,16.5817,38.0713
2019-05-19 15-28-46,485,16.6,38.0873
2019-05-19 15-28-48,484,16.5634,38.0873
2019-05-19 15-28-50,485,16.4902,38.0579
2019-05-19 15-28-52,486,16.5436,38.0285
2019-05-19 15-28-56,486,16.5253,38.0152
2019-05-19 15-28-58,487,16.5039,37.9885
2019-05-19 15-29-00,487,16.5756,37.9564
2019-05-19 15-29-02,487,16.5573,37.9564
2019-05-19 15-29-04,487,16.5909,37.9297
2019-05-19 15-29-06,487,16.5939,37.9564
2019-05-19 15-29-08,486,16.6092,37.9297
2019-05-19 15-29-10,487,16.6092,37.9297
2019-05-19 15-29-14,485,16.5939,37.9564
2019-05-19 15-29-16,484,16.5588,37.9885
2019-05-19 15-29-18,486,16.5939,37.9698
2019-05-19 15-29-20,485,16.5756,37.9698
2019-05-19 15-29-22,485,16.5909,37.9431
2019-05-19 15-29-24,485,16.6092,37.9431
2019-05-19 15-29-26,485,16.5909,37.9297
2019-05-19 15-29-28,485,16.6443,37.9431
2019-05-19 15-29-32,484,16.626,37.9137
2019-05-19 15-29-34,482,16.626,37.9137
2019-05-19 15-29-36,481,16.6412,37.9137
2019-05-19 15-29-38,481,16.6992,37.9137
2019-05-19 15-29-40,481,16.6626,37.9431
2019-05-19 15-29-42,482,16.7145,37.9137
2019-05-19 15-29-44,481,16.7175,37.9297
2019-05-19 15-29-46,482,16.7328,37.9004
2019-05-19 15-29-50,482,16.7175,37.9297
2019-05-19 15-29-52,482,16.7175,37.9297
2019-05-19 15-29-54,484,16.7175,37.9297
2019-05-19 15-29-56,484,16.6992,37.9137
2019-05-19 15-29-58,483,16.7328,37.9297
2019-05-19 15-30-00,483,16.7175,37.9297
2019-05-19 15-30-02,482,16.7358,37.9431
2019-05-19 15-30-04,482,16.7175,37.9297
2019-05-19 15-30-08,483,16.6824,37.9431
2019-05-19 15-30-10,483,16.7191,37.9698
2019-05-19 15-30-12,484,16.7328,37.9297
2019-05-19 15-30-14,485,16.7328,37.9297
2019-05-19 15-30-16,486,16.6992,37.9137
2019-05-19 15-30-18,486,16.7313,37.887
2019-05-19 15-30-20,486,16.6962,37.8737
2019-05-19 15-30-24,487,16.7679,37.9004
2019-05-19 15-30-26,488,16.6992,37.9297
2019-05-19 15-30-28,487,16.7175,37.9297
2019-05-19 15-30-30,487,16.6809,37.9137
2019-05-19 15-30-32,488,16.6992,37.9431
2019-05-19 15-30-34,488,16.6595,37.9297
2019-05-19 15-30-36,488,16.6824,37.9431
2019-05-19 15-30-38,488,16.6824,37.9564
2019-05-19 15-30-42,487,16.6824,37.9431
2019-05-19 15-30-44,488,16.6275,37.9564
2019-05-19 15-30-46,488,16.6092,37.9564
2019-05-19 15-30-48,488,16.7191,38.0018
2019-05-19 15-30-50,488,16.7007,37.9564
2019-05-19 15-30-52,489,16.6626,37.9564
2019-05-19 15-30-54,489,16.6412,37.9137
2019-05-19 15-30-56,489,16.6595,37.9004
2019-05-19 15-31-00,489,16.7145,37.887
2019-05-19 15-31-02,490,16.7313,37.8576
2019-05-19 15-31-04,490,16.8381,37.8737
2019-05-19 15-31-06,490,16.7831,37.8737
2019-05-19 15-31-08,490,16.7496,37.8737
2019-05-19 15-31-10,488,16.7831,37.887
2019-05-19 15-31-12,488,16.7496,37.8737
2019-05-19 15-31-14,488,16.7862,37.9004
2019-05-19 15-31-18,488,16.6809,37.9004
2019-05-19 15-31-20,487,16.7862,37.9137
2019-05-19 15-31-22,488,16.7511,37.9137
2019-05-19 15-31-24,488,16.7679,37.9137
2019-05-19 15-31-26,489,16.7877,37.9431
2019-05-19 15-31-28,489,16.8594,37.9431
2019-05-19 15-31-30,488,16.8427,37.9431
2019-05-19 15-31-34,487,16.8243,37.9297
2019-05-19 15-31-36,488,16.7877,37.9564
2019-05-19 15-31-38,488,16.806,37.9698
2019-05-19 15-31-40,488,16.7908,38.0018
2019-05-19 15-31-42,489,16.8091,38.0285
2019-05-19 15-31-44,490,16.7221,38.0285
2019-05-19 15-31-46,491,16.7404,38.0579
2019-05-19 15-31-49,493,16.7923,38.0446
2019-05-19 15-31-53,493,16.777,38.0579
2019-05-19 15-31-55,494,16.7221,38.0446
2019-05-19 15-31-57,495,16.7587,38.0579
2019-05-19 15-31-59,496,16.7419,38.0713
2019-05-19 15-32-01,497,16.687,38.0446
2019-05-19 15-32-03,498,16.7404,38.0446
2019-05-19 15-32-05,496,16.7557,38.0152
2019-05-19 15-32-07,497,16.8274,38.0018
2019-05-19 15-32-11,498,16.7374,37.9885
2019-05-19 15-32-13,497,16.7557,38.0018
2019-05-19 15-32-15,499,16.7374,38.0018
2019-05-19 15-32-17,500,16.7557,38.0018
2019-05-19 15-32-19,499,16.7923,38.0579
2019-05-19 15-32-21,500,16.7923,38.0285
2019-05-19 15-32-23,500,16.774,38.0152
2019-05-19 15-32-25,500,16.7603,38.0873
2019-05-19 15-32-29,499,16.6901,38.1006
2019-05-19 15-32-31,500,16.6367,38.114
2019-05-19 15-32-33,500,16.5848,38.1434
2019-05-19 15-32-35,501,16.4795,38.1834
2019-05-19 15-32-37,502,16.4978,38.1701
2019-05-19 15-32-39,501,16.4978,38.1834
2019-05-19 15-32-41,502,16.5161,38.1994
2019-05-19 15-32-43,503,16.4978,38.1701
2019-05-19 15-32-47,504,16.4124,38.2261
2019-05-19 15-32-49,503,16.449,38.2555
2019-05-19 15-32-51,503,16.4673,38.2689
2019-05-19 15-32-53,504,16.449,38.2555
2019-05-19 15-32-55,505,16.4307,38.2395
2019-05-19 15-32-57,506,16.4627,38.2128
2019-05-19 15-32-59,506,16.4612,38.1701
2019-05-19 15-33-01,507,16.4627,38.1834
2019-05-19 15-33-05,508,16.4581,38.114
2019-05-19 15-33-07,509,16.4932,38.1006
2019-05-19 15-33-09,510,16.5085,38.0579
2019-05-19 15-33-11,509,16.5451,38.0579
2019-05-19 15-33-13,508,16.507,38.0446
2019-05-19 15-33-15,508,16.5619,38.0446
2019-05-19 15-33-17,508,16.5451,38.0446
2019-05-19 15-33-19,507,16.6489,38.0152
2019-05-19 15-33-23,506,16.6641,38.0152
2019-05-19 15-33-25,505,16.7038,38.0285
2019-05-19 15-33-27,505,16.687,38.0579
2019-05-19 15-33-29,505,16.7221,38.0446
2019-05-19 15-33-31,505,16.687,38.0285
2019-05-19 15-33-33,504,16.6641,38.0152
2019-05-19 15-33-35,503,16.7419,38.0713
2019-05-19 15-33-37,503,16.6672,38.0446
2019-05-19 15-33-41,503,16.7236,38.0579
2019-05-19 15-33-43,503,16.7587,38.0713
2019-05-19 15-33-45,503,16.7419,38.0873
2019-05-19 15-33-47,503,16.6718,38.1006
2019-05-19 15-33-49,503,16.6367,38.1273
2019-05-19 15-33-51,502,16.658,38.1701
2019-05-19 15-33-53,503,16.5863,38.1567
2019-05-19 15-33-57,504,16.5863,38.1701
2019-05-19 15-33-59,505,16.5497,38.1567
2019-05-19 15-34-01,505,16.6214,38.1701
2019-05-19 15-34-03,505,16.568,38.1701
2019-05-19 15-34-05,506,16.6397,38.1834
2019-05-19 15-34-07,507,16.568,38.1567
2019-05-19 15-34-09,508,16.6,38.0873
2019-05-19 15-34-11,508,16.6901,38.0873
2019-05-19 15-34-15,509,16.6641,38.0152
2019-05-19 15-34-17,509,16.7191,38.0018
2019-05-19 15-34-19,509,16.7374,37.9885
2019-05-19 15-34-21,508,16.7725,37.9885
2019-05-19 15-34-23,508,16.7542,37.9885
2019-05-19 15-34-25,508,16.7725,37.9698
2019-05-19 15-34-27,508,16.6824,37.9431
2019-05-19 15-34-29,508,16.6824,37.9431
2019-05-19 15-34-33,507,16.6275,37.9698
2019-05-19 15-34-35,507,16.6641,38.0018
2019-05-19 15-34-37,508,16.7007,37.9698
2019-05-19 15-34-39,509,16.6824,37.9564
2019-05-19 15-34-41,509,16.7007,37.9698
2019-05-19 15-34-43,508,16.7191,37.9698
2019-05-19 15-34-45,508,16.7175,37.9564
2019-05-19 15-34-47,508,16.7358,37.9698
2019-05-19 15-34-51,508,16.7358,37.9431
2019-05-19 15-34-53,509,16.7679,37.9004
2019-05-19 15-34-55,509,16.7679,37.9137
2019-05-19 15-34-57,509,16.8015,37.887
2019-05-19 15-34-59,509,16.8228,37.887
2019-05-19 15-35-01,509,16.7816,37.8576
2019-05-19 15-35-03,510,16.7816,37.8309
2019-05-19 15-35-05,511,16.8549,37.8309
2019-05-19 15-35-09,511,16.745,37.8016
2019-05-19 15-35-11,510,16.7633,37.8176
2019-05-19 15-35-13,509,16.8701,37.8309
2019-05-19 15-35-15,509,16.8182,37.8309
2019-05-19 15-35-17,508,16.7816,37.8443
2019-05-19 15-35-19,508,16.7816,37.8443
2019-05-19 15-35-21,507,16.8365,37.8176
2019-05-19 15-35-23,508,16.8335,37.7882
2019-05-19 15-35-27,509,16.8289,37.7188
2019-05-19 15-35-29,509,16.8793,37.6894
2019-05-19 15-35-31,509,16.9113,37.62
2019-05-19 15-35-33,508,16.9479,37.6467
2019-05-19 15-35-35,507,16.9479,37.6467
2019-05-19 15-35-37,507,16.9662,37.6333
2019-05-19 15-35-39,507,16.983,37.6066
2019-05-19 15-35-43,507,16.9983,37.5639
2019-05-19 15-35-45,506,17.0334,37.5639
2019-05-19 15-35-47,506,17.0837,37.5345
2019-05-19 15-35-49,506,17.1021,37.5212
2019-05-19 15-35-51,505,17.067,37.5212
2019-05-19 15-35-53,505,17.07,37.5772
2019-05-19 15-35-55,504,17.0486,37.5345
2019-05-19 15-35-57,504,17.067,37.5345
2019-05-19 15-36-01,503,17.0334,37.5639
2019-05-19 15-36-03,503,17.0013,37.5906
2019-05-19 15-36-05,503,16.9296,37.62
2019-05-19 15-36-07,502,16.9434,37.5772
2019-05-19 15-36-09,502,17.0013,37.62
2019-05-19 15-36-11,501,16.9662,37.6333
2019-05-19 15-36-13,502,16.9479,37.6627
2019-05-19 15-36-15,502,16.9693,37.6467
2019-05-19 15-36-19,502,16.9662,37.6333
2019-05-19 15-36-21,503,16.9296,37.62
2019-05-19 15-36-23,503,16.9113,37.6066
2019-05-19 15-36-25,503,16.983,37.6066
2019-05-19 15-36-27,502,16.893,37.6066
2019-05-19 15-36-29,503,16.893,37.5906
2019-05-19 15-36-31,503,16.9464,37.6066
2019-05-19 15-36-33,503,16.9113,37.62
2019-05-19 15-36-37,502,16.951,37.676
2019-05-19 15-36-39,503,16.9327,37.676
2019-05-19 15-36-41,503,16.951,37.676
2019-05-19 15-36-43,504,16.9327,37.6627
2019-05-19 15-36-45,505,16.9144,37.6627
2019-05-19 15-36-47,504,16.864,37.7188
2019-05-19 15-36-49,504,16.7923,37.7321
2019-05-19 15-36-51,503,16.7908,37.7028
2019-05-19 15-36-55,502,16.7053,37.7455
2019-05-19 15-36-57,503,16.6916,37.8016
2019-05-19 15-36-59,504,16.7099,37.8176
2019-05-19 15-37-02,504,16.6397,37.8576
2019-05-19 15-37-04,504,16.6412,37.8737
2019-05-19 15-37-06,505,16.5894,37.9004
2019-05-19 15-37-08,504,16.5894,37.9004
2019-05-19 15-37-10,504,16.5573,37.9431
2019-05-19 15-37-14,504,16.4841,37.9297
2019-05-19 15-37-16,505,16.4841,37.9431
2019-05-19 15-37-18,505,16.4856,37.9564
2019-05-19 15-37-20,505,16.5039,37.9885
2019-05-19 15-37-22,504,16.4673,37.9431
2019-05-19 15-37-24,504,16.4658,37.9297
2019-05-19 15-37-26,505,16.4474,37.887
2019-05-19 15-37-30,505,16.4612,37.8443
2019-05-19 15-37-32,505,16.4948,37.8309
2019-05-19 15-37-34,505,16.6214,37.8443
2019-05-19 15-37-36,505,16.568,37.8309
2019-05-19 15-37-38,504,16.5527,37.8576
2019-05-19 15-37-40,503,16.568,37.8309
2019-05-19 15-37-42,503,16.5863,37.8443
2019-05-19 15-37-44,504,16.6214,37.8309
2019-05-19 15-37-48,504,16.5863,37.8309
2019-05-19 15-37-50,503,16.6031,37.8176
2019-05-19 15-37-52,502,16.5863,37.8309
2019-05-19 15-37-54,502,16.6031,37.8309
2019-05-19 15-37-56,503,16.6733,37.7749
2019-05-19 15-37-58,503,16.6534,37.7749
2019-05-19 15-38-00,503,16.7221,37.7188
2019-05-19 15-38-02,503,16.7557,37.7188
2019-05-19 15-38-06,502,16.7587,37.7321
2019-05-19 15-38-08,501,16.7236,37.7615
2019-05-19 15-38-10,501,16.774,37.7321
2019-05-19 15-38-12,501,16.777,37.7749
2019-05-19 15-38-14,501,16.745,37.8016
2019-05-19 15-38-16,501,16.7419,37.7749
2019-05-19 15-38-18,500,16.7267,37.8016
2019-05-19 15-38-20,501,16.6214,37.8576
2019-05-19 15-38-24,501,16.713,37.8443
2019-05-19 15-38-26,500,16.658,37.8737
2019-05-19 15-38-28,499,16.6412,37.9137
2019-05-19 15-38-30,498,16.6275,37.9431
2019-05-19 15-38-32,499,16.6092,37.9431
2019-05-19 15-38-34,499,16.5756,37.9564
2019-05-19 15-38-36,500,16.6122,37.9698
2019-05-19 15-38-38,499,16.5588,37.9885
2019-05-19 15-38-42,501,16.5955,38.0018
2019-05-19 15-38-44,501,16.5405,37.9885
2019-05-19 15-38-46,501,16.5588,37.9885
2019-05-19 15-38-48,502,16.5024,37.9698
2019-05-19 15-38-50,502,16.5756,37.9431
2019-05-19 15-38-52,502,16.5909,37.9297
2019-05-19 15-38-54,502,16.5909,37.9431
2019-05-19 15-38-56,503,16.6092,37.9297
2019-05-19 15-39-00,504,16.6077,37.9004
2019-05-19 15-39-02,504,16.6214,37.8576
2019-05-19 15-39-04,505,16.6031,37.8176
2019-05-19 15-39-06,505,16.6367,37.8176
2019-05-19 15-39-08,504,16.6367,37.8309
2019-05-19 15-39-10,504,16.7084,37.7882
2019-05-19 15-39-12,505,16.6733,37.7882
2019-05-19 15-39-14,504,16.7282,37.8309
2019-05-19 15-39-18,504,16.7099,37.8016
2019-05-19 15-39-20,504,16.6901,37.7749
2019-05-19 15-39-22,505,16.7236,37.7455
2019-05-19 15-39-24,505,16.7404,37.7188
2019-05-19 15-39-26,505,16.7236,37.7321
2019-05-19 15-39-28,504,16.7221,37.7028
2019-05-19 15-39-30,505,16.7908,37.6894
2019-05-19 15-39-32,505,16.7557,37.7028
2019-05-19 15-39-36,504,16.6855,37.676
2019-05-19 15-39-38,504,16.8091,37.6627
2019-05-19 15-39-40,504,16.7908,37.676
2019-05-19 15-39-42,503,16.8106,37.676
2019-05-19 15-39-44,503,16.8243,37.6467
2019-05-19 15-39-46,503,16.7877,37.6627
2019-05-19 15-39-48,503,16.8457,37.6894
2019-05-19 15-39-50,503,16.774,37.7028
2019-05-19 15-39-54,502,16.687,37.7188
2019-05-19 15-39-56,503,16.7587,37.7321
2019-05-19 15-39-58,503,16.7236,37.7321
2019-05-19 15-40-00,503,16.7404,37.7188
2019-05-19 15-40-02,502,16.687,37.7321
2019-05-19 15-40-04,502,16.7404,37.7455
2019-05-19 15-40-06,503,16.6901,37.7749
2019-05-19 15-40-10,503,16.7084,37.7615
2019-05-19 15-40-12,503,16.7038,37.7028
2019-05-19 15-40-14,504,16.7191,37.6894
2019-05-19 15-40-16,504,16.7725,37.6627
2019-05-19 15-40-18,504,16.8198,37.5639
2019-05-19 15-40-20,505,16.8549,37.5212
2019-05-19 15-40-22,504,16.9205,37.4758
2019-05-19 15-40-24,504,16.9601,37.4758
2019-05-19 15-40-28,504,16.9571,37.4357
2019-05-19 15-40-30,502,17.0074,37.4197
2019-05-19 15-40-32,502,17.0303,37.5051
2019-05-19 15-40-34,500,16.925,37.5345
2019-05-19 15-40-36,500,16.9434,37.5639
2019-05-19 15-40-38,502,16.9434,37.5639
2019-05-19 15-40-40,500,16.9846,37.62
2019-05-19 15-40-42,501,16.9464,37.6066
2019-05-19 15-40-46,500,16.9281,37.6066
2019-05-19 15-40-48,500,16.9113,37.6066
2019-05-19 15-40-50,501,16.9098,37.5772
2019-05-19 15-40-52,501,16.9067,37.5505
2019-05-19 15-40-54,501,16.925,37.5505
2019-05-19 15-40-56,503,16.9617,37.5212
2019-05-19 15-40-58,503,16.98,37.5345
2019-05-19 15-41-00,506,16.9022,37.4624
2019-05-19 15-41-04,506,16.9937,37.4624
2019-05-19 15-41-06,507,16.9922,37.4357
2019-05-19 15-41-08,507,16.9937,37.4624
2019-05-19 15-41-10,507,16.9601,37.5051
2019-05-19 15-41-12,507,16.9983,37.5639
2019-05-19 15-41-14,505,16.8884,37.5345
2019-05-19 15-41-16,503,16.8701,37.5212
2019-05-19 15-41-18,503,16.8549,37.5505
2019-05-19 15-41-22,502,16.8564,37.5906
2019-05-19 15-41-24,502,16.8045,37.5906
2019-05-19 15-41-26,502,16.7694,37.62
2019-05-19 15-41-28,502,16.7542,37.6467
2019-05-19 15-41-30,501,16.774,37.7028
2019-05-19 15-41-32,500,16.7419,37.7615
2019-05-19 15-41-34,500,16.6916,37.7882
2019-05-19 15-41-36,500,16.5497,37.8176
2019-05-19 15-41-40,501,16.5344,37.8443
2019-05-19 15-41-42,501,16.5527,37.8737
2019-05-19 15-41-44,501,16.5207,37.9004
2019-05-19 15-41-46,502,16.5207,37.9004
2019-05-19 15-41-48,504,16.4658,37.9004
2019-05-19 15-41-50,504,16.481,37.8737
2019-05-19 15-41-52,505,16.5359,37.887
2019-05-19 15-41-54,505,16.539,37.9137
2019-05-19 15-41-58,505,16.4658,37.9137
2019-05-19 15-42-01,505,16.4627,37.887
2019-05-19 15-42-03,505,16.481,37.887
2019-05-19 15-42-05,504,16.4108,37.887
2019-05-19 15-42-07,502,16.4841,37.9297
2019-05-19 15-42-09,503,16.4154,37.9431
2019-05-19 15-42-11,503,16.4307,37.9431
2019-05-19 15-42-15,504,16.394,37.9137
2019-05-19 15-42-17,504,16.449,37.9297
2019-05-19 15-42-19,504,16.3422,37.9564
2019-05-19 15-42-21,504,16.4154,37.9431
2019-05-19 15-42-23,504,16.4673,37.9698
2019-05-19 15-42-25,505,16.449,37.9564
2019-05-19 15-42-27,505,16.4337,37.9698
2019-05-19 15-42-29,504,16.452,37.9698
2019-05-19 15-42-33,505,16.394,37.9137
2019-05-19 15-42-35,504,16.4307,37.9297
2019-05-19 15-42-37,504,16.4108,37.887
2019-05-19 15-42-39,504,16.4474,37.9004
2019-05-19 15-42-41,505,16.4444,37.8737
2019-05-19 15-42-43,504,16.481,37.9137
2019-05-19 15-42-45,505,16.4841,37.9297
2019-05-19 15-42-47,504,16.4658,37.9137
2019-05-19 15-42-51,504,16.4474,37.887
2019-05-19 15-42-53,505,16.4124,37.9297
2019-05-19 15-42-55,506,16.4291,37.9004
2019-05-19 15-42-57,506,16.4658,37.9004
2019-05-19 15-42-59,506,16.5207,37.9137
2019-05-19 15-43-01,506,16.4658,37.9137
2019-05-19 15-43-03,507,16.4841,37.9297
2019-05-19 15-43-05,506,16.5207,37.9297
2019-05-19 15-43-09,506,16.452,37.9698
2019-05-19 15-43-11,505,16.4337,37.9564
2019-05-19 15-43-13,504,16.4673,37.9431
2019-05-19 15-43-15,505,16.4673,37.9698
2019-05-19 15-43-17,504,16.4673,37.9698
2019-05-19 15-43-19,504,16.4719,38.0285
2019-05-19 15-43-21,504,16.4719,38.0285
2019-05-19 15-43-23,504,16.4902,38.0713
2019-05-19 15-43-27,503,16.4215,38.1006
2019-05-19 15-43-29,504,16.4398,38.1006
2019-05-19 15-43-31,506,16.4062,38.1006
2019-05-19 15-43-33,506,16.3513,38.1006
2019-05-19 15-43-35,507,16.4062,38.114
2019-05-19 15-43-37,508,16.3162,38.114
2019-05-19 15-43-39,509,16.3513,38.114
2019-05-19 15-43-41,509,16.2827,38.1273
2019-05-19 15-43-45,509,16.3513,38.1273
2019-05-19 15-43-47,509,16.3895,38.1273
2019-05-19 15-43-49,510,16.3528,38.1567
2019-05-19 15-43-51,510,16.3742,38.1567
2019-05-19 15-43-53,510,16.3162,38.1434
2019-05-19 15-43-55,510,16.3345,38.1567
2019-05-19 15-43-57,509,16.3025,38.1834
2019-05-19 15-43-59,510,16.2842,38.1834
2019-05-19 15-44-03,511,16.2506,38.2128
2019-05-19 15-44-05,511,16.2872,38.2128
2019-05-19 15-44-07,511,16.3208,38.1994
2019-05-19 15-44-09,511,16.2506,38.1994
2019-05-19 15-44-11,512,16.2521,38.2261
2019-05-19 15-44-13,513,16.2872,38.2261
2019-05-19 15-44-15,513,16.3055,38.2261
2019-05-19 15-44-17,514,16.2521,38.2555
2019-05-19 15-44-21,514,16.2338,38.2261
2019-05-19 15-44-23,515,16.214,38.1834
2019-05-19 15-44-25,514,16.2659,38.1701
2019-05-19 15-44-27,514,16.301,38.1434
2019-05-19 15-44-29,513,16.3345,38.1567
2019-05-19 15-44-31,512,16.3193,38.1567
2019-05-19 15-44-33,511,16.2689,38.1994
2019-05-19 15-44-37,510,16.2521,38.2555
2019-05-19 15-44-39,510,16.2521,38.2261
2019-05-19 15-44-41,510,16.2888,38.2555
2019-05-19 15-44-43,510,16.2888,38.2555
2019-05-19 15-44-45,510,16.1819,38.2689
2019-05-19 15-44-47,510,16.2521,38.2555
2019-05-19 15-44-49,511,16.2369,38.2555
2019-05-19 15-44-51,511,16.2186,38.2395
2019-05-19 15-44-55,511,16.1972,38.2395
2019-05-19 15-44-57,510,16.2186,38.2555
2019-05-19 15-44-59,510,16.2369,38.2689
2019-05-19 15-45-01,511,16.1819,38.2555
2019-05-19 15-45-03,511,16.1972,38.2555
2019-05-19 15-45-05,512,16.2521,38.2261
2019-05-19 15-45-07,511,16.2704,38.2555
2019-05-19 15-45-09,511,16.2888,38.2555
2019-05-19 15-45-13,510,16.2338,38.2395
2019-05-19 15-45-15,509,16.2872,38.2261
2019-05-19 15-45-17,509,16.2872,38.2261
2019-05-19 15-45-19,509,16.2689,38.2128
2019-05-19 15-45-21,510,16.2689,38.1994
2019-05-19 15-45-23,510,16.3208,38.1994
2019-05-19 15-45-25,510,16.3757,38.1994
2019-05-19 15-45-27,510,16.2842,38.1834
2019-05-19 15-45-31,510,16.3559,38.2128
2019-05-19 15-45-33,509,16.3559,38.2128
2019-05-19 15-45-35,509,16.4291,38.1994
2019-05-19 15-45-37,510,16.3559,38.1994
2019-05-19 15-45-39,510,16.3193,38.1701
2019-05-19 15-45-41,510,16.3162,38.114
2019-05-19 15-45-43,510,16.2979,38.1273
2019-05-19 15-45-45,509,16.3513,38.1006
2019-05-19 15-45-49,509,16.3513,38.114
2019-05-19 15-45-51,509,16.4062,38.1006
2019-05-19 15-45-53,509,16.4215,38.1006
2019-05-19 15-45-55,509,16.4566,38.0713
2019-05-19 15-45-57,508,16.4169,38.0152
2019-05-19 15-45-59,507,16.4017,38.0285
2019-05-19 15-46-01,507,16.4536,38.0285
2019-05-19 15-46-03,507,16.5253,38.0152
2019-05-19 15-46-07,506,16.4703,37.9885
2019-05-19 15-46-09,507,16.5024,37.9431
2019-05-19 15-46-11,507,16.539,37.9297
2019-05-19 15-46-13,506,16.5359,37.887
2019-05-19 15-46-15,506,16.5359,37.8737
2019-05-19 15-46-17,506,16.5909,37.9137
2019-05-19 15-46-19,505,16.5222,37.9564
2019-05-19 15-46-21,505,16.5405,37.9564
2019-05-19 15-46-25,505,16.5588,37.9885
2019-05-19 15-46-27,505,16.452,37.9698
2019-05-19 15-46-29,505,16.5222,37.9698
2019-05-19 15-46-31,505,16.4886,38.0152
2019-05-19 15-46-33,505,16.4673,37.9698
2019-05-19 15-46-35,505,16.5222,37.9698
2019-05-19 15-46-37,505,16.5039,37.9885
2019-05-19 15-46-41,505,16.452,37.9698
2019-05-19 15-46-43,505,16.5039,37.9885
2019-05-19 15-46-45,505,16.507,38.0152
2019-05-19 15-46-47,505,16.4703,38.0018
2019-05-19 15-46-49,504,16.4536,38.0285
2019-05-19 15-46-51,504,16.4352,38.0285
2019-05-19 15-46-53,504,16.42,38.0285
2019-05-19 15-46-55,504,16.4536,38.0285
2019-05-19 15-46-59,505,16.4856,37.9698
2019-05-19 15-47-01,505,16.4856,37.9564
2019-05-19 15-47-03,505,16.5024,37.9698
2019-05-19 15-47-05,505,16.5222,37.9564
2019-05-19 15-47-07,505,16.5222,37.9431
2019-05-19 15-47-09,505,16.5222,37.9431
2019-05-19 15-47-12,505,16.5573,37.9297
2019-05-19 15-47-14,505,16.5543,37.887
2019-05-19 15-47-18,505,16.5359,37.8737
2019-05-19 15-47-20,504,16.571,37.8737
2019-05-19 15-47-22,504,16.6214,37.8576
2019-05-19 15-47-24,504,16.6214,37.8309
2019-05-19 15-47-26,504,16.6763,37.8176
2019-05-19 15-47-28,503,16.6916,37.7882
2019-05-19 15-47-30,503,16.7587,37.7615
2019-05-19 15-47-32,503,16.687,37.7188
2019-05-19 15-47-36,503,16.7191,37.6894
2019-05-19 15-47-38,502,16.7191,37.6894
2019-05-19 15-47-40,502,16.7374,37.6894
2019-05-19 15-47-42,503,16.8106,37.676
2019-05-19 15-47-44,502,16.7725,37.6894
2019-05-19 15-47-46,501,16.7725,37.676
2019-05-19 15-47-48,502,16.7542,37.6627
2019-05-19 15-47-50,502,16.7694,37.62
2019-05-19 15-47-54,502,16.8411,37.6066
2019-05-19 15-47-56,502,16.8427,37.6333
2019-05-19 15-47-58,501,16.8427,37.6333
2019-05-19 15-48-00,501,16.8594,37.6333
2019-05-19 15-48-02,502,16.8243,37.6333
2019-05-19 15-48-04,502,16.8091,37.6467
2019-05-19 15-48-06,501,16.8777,37.6467
2019-05-19 15-48-08,502,16.8243,37.6333
2019-05-19 15-48-12,502,16.7908,37.676
2019-05-19 15-48-14,502,16.9144,37.6627
2019-05-19 15-48-16,502,16.8457,37.6894
2019-05-19 15-48-18,502,16.774,37.7028
2019-05-19 15-48-20,502,16.8106,37.7028
2019-05-19 15-48-22,502,16.7587,37.7455
2019-05-19 15-48-24,502,16.7236,37.7615
2019-05-19 15-48-26,503,16.777,37.7455
2019-05-19 15-48-30,504,16.7236,37.7455
2019-05-19 15-48-32,504,16.8152,37.7615
2019-05-19 15-48-34,504,16.7419,37.7615
2019-05-19 15-48-36,505,16.7419,37.7615
2019-05-19 15-48-38,506,16.7603,37.7882
2019-05-19 15-48-40,506,16.7786,37.7882
2019-05-19 15-48-42,506,16.7786,37.8176
2019-05-19 15-48-44,506,16.7282,37.8176
2019-05-19 15-48-48,506,16.7633,37.8176
2019-05-19 15-48-50,507,16.7633,37.8443
2019-05-19 15-48-52,508,16.7313,37.8737
2019-05-19 15-48-54,509,16.6412,37.887
2019-05-19 15-48-56,509,16.7648,37.8737
2019-05-19 15-48-58,510,16.7496,37.887
2019-05-19 15-49-00,510,16.7328,37.9137
2019-05-19 15-49-02,511,16.7175,37.9297
2019-05-19 15-49-06,513,16.6992,37.9137
2019-05-19 15-49-08,514,16.6962,37.9004
2019-05-19 15-49-10,515,16.7648,37.8737
2019-05-19 15-49-12,517,16.713,37.8737
2019-05-19 15-49-14,519,16.713,37.8443
2019-05-19 15-49-16,518,16.7099,37.8016
2019-05-19 15-49-18,522,16.7267,37.7882
2019-05-19 15-49-22,521,16.777,37.7749
2019-05-19 15-49-24,524,16.832,37.7455
2019-05-19 15-49-26,525,16.774,37.7188
2019-05-19 15-49-28,526,16.8655,37.7455
2019-05-19 15-49-30,526,16.8289,37.7028
2019-05-19 15-49-32,525,16.8976,37.6894
2019-05-19 15-49-34,522,16.8976,37.7028
2019-05-19 15-49-36,519,16.9189,37.7615
2019-05-19 15-49-40,517,16.8335,37.7882
2019-05-19 15-49-42,516,16.8869,37.7882
2019-05-19 15-49-44,515,16.7786,37.7882
2019-05-19 15-49-46,515,16.8381,37.8737
2019-05-19 15-49-48,514,16.8015,37.887
2019-05-19 15-49-50,513,16.8243,37.9297
2019-05-19 15-49-52,512,16.7694,37.9564
2019-05-19 15-49-54,513,16.7725,38.0018
2019-05-19 15-49-58,515,16.7542,37.9698
2019-05-19 15-50-00,515,16.7007,37.9885
2019-05-19 15-50-02,517,16.6275,37.9698
2019-05-19 15-50-04,518,16.6824,37.9698
2019-05-19 15-50-06,520,16.6275,37.9698
2019-05-19 15-50-08,520,16.5955,38.0285
2019-05-19 15-50-10,521,16.5955,38.0285
2019-05-19 15-50-12,521,16.507,38.0152
2019-05-19 15-50-16,521,16.5039,38.0018
2019-05-19 15-50-18,522,16.5253,38.0018
2019-05-19 15-50-20,521,16.5619,38.0152
2019-05-19 15-50-22,521,16.507,38.0152
2019-05-19 15-50-24,519,16.5436,38.0152
2019-05-19 15-50-26,520,16.5039,38.0018
2019-05-19 15-50-28,519,16.5955,38.0152
2019-05-19 15-50-30,517,16.5405,37.9885
2019-05-19 15-50-34,517,16.5039,37.9885
2019-05-19 15-50-36,516,16.452,37.9885
2019-05-19 15-50-38,517,16.5588,37.9885
2019-05-19 15-50-40,517,16.5939,37.9698
2019-05-19 15-50-42,517,16.5771,37.9885
2019-05-19 15-50-44,517,16.5222,37.9564
2019-05-19 15-50-46,516,16.5024,37.9297
2019-05-19 15-50-48,514,16.4856,37.9698
2019-05-19 15-50-52,513,16.4841,37.9297
2019-05-19 15-50-54,511,16.4307,37.9137
2019-05-19 15-50-56,511,16.4658,37.9297
2019-05-19 15-50-58,512,16.5359,37.887
2019-05-19 15-51-00,509,16.5726,37.9137
2019-05-19 15-51-02,509,16.5543,37.9137
2019-05-19 15-51-04,509,16.5756,37.9564
2019-05-19 15-51-08,508,16.5405,37.9564
2019-05-19 15-51-10,507,16.6122,37.9698
2019-05-19 15-51-12,508,16.5405,37.9885
2019-05-19 15-51-14,511,16.5771,38.0018
2019-05-19 15-51-16,510,16.5268,38.0446
2019-05-19 15-51-18,508,16.5268,38.0446
2019-05-19 15-51-20,507,16.5451,38.0713
2019-05-19 15-51-22,507,16.5115,38.1006
2019-05-19 15-51-26,508,16.4429,38.1273
2019-05-19 15-51-28,508,16.4612,38.1434
2019-05-19 15-51-30,509,16.5115,38.114
2019-05-19 15-51-32,510,16.4932,38.0873
2019-05-19 15-51-34,512,16.5298,38.0873
2019-05-19 15-51-36,513,16.5451,38.0713
2019-05-19 15-51-38,513,16.4902,38.0713
2019-05-19 15-51-40,513,16.5634,38.0579
2019-05-19 15-51-44,513,16.5634,38.0873
2019-05-19 15-51-46,515,16.4932,38.114
2019-05-19 15-51-48,516,16.4764,38.114
2019-05-19 15-51-50,516,16.4948,38.1273
2019-05-19 15-51-52,517,16.4612,38.1434
2019-05-19 15-51-54,517,16.4764,38.1273
2019-05-19 15-51-56,518,16.4246,38.1273
2019-05-19 15-51-58,518,16.4566,38.0873
2019-05-19 15-52-02,519,16.4215,38.0713
2019-05-19 15-52-04,520,16.4566,38.0713
2019-05-19 15-52-06,521,16.4566,38.0713
2019-05-19 15-52-08,519,16.507,38.0446
2019-05-19 15-52-10,517,16.5298,38.0873
2019-05-19 15-52-12,512,16.4932,38.1006
2019-05-19 15-52-14,518,16.4398,38.114
2019-05-19 15-52-16,516,16.3895,38.1273
2019-05-19 15-52-20,513,16.3895,38.1434
2019-05-19 15-52-22,512,16.3742,38.1701
2019-05-19 15-52-24,513,16.3528,38.1567
2019-05-19 15-52-26,516,16.4108,38.1834
2019-05-19 15-52-28,521,16.3528,38.1567
2019-05-19 15-52-30,520,16.3712,38.1434
2019-05-19 15-52-32,518,16.3925,38.1834
2019-05-19 15-52-34,518,16.4444,38.1834
2019-05-19 15-52-38,518,16.4444,38.1834
2019-05-19 15-52-40,516,16.4108,38.1834
2019-05-19 15-52-42,517,16.3757,38.1994
2019-05-19 15-52-44,516,16.3742,38.1834
2019-05-19 15-52-47,517,16.3925,38.1834
2019-05-19 15-52-49,516,16.3742,38.1834
2019-05-19 15-52-51,514,16.3559,38.1994
2019-05-19 15-52-53,514,16.394,38.2128
2019-05-19 15-52-57,515,16.4261,38.1834
2019-05-19 15-52-59,515,16.3757,38.1994
2019-05-19 15-53-01,515,16.4291,38.1994
2019-05-19 15-53-03,515,16.4108,38.1994
2019-05-19 15-53-05,515,16.3345,38.1434
2019-05-19 15-53-07,516,16.3513,38.1273
2019-05-19 15-53-09,517,16.4398,38.1006
2019-05-19 15-53-11,518,16.4383,38.0446
2019-05-19 15-53-15,519,16.4536,38.0446
2019-05-19 15-53-17,520,16.5039,38.0018
2019-05-19 15-53-19,521,16.4886,38.0018
2019-05-19 15-53-21,520,16.452,37.9698
2019-05-19 15-53-23,521,16.539,37.9137
2019-05-19 15-53-25,521,16.626,37.9137
2019-05-19 15-53-27,520,16.6077,37.9137
2019-05-19 15-53-31,519,16.5726,37.9297
2019-05-19 15-53-33,519,16.5909,37.9297
2019-05-19 15-53-35,519,16.5543,37.9137
2019-05-19 15-53-37,518,16.571,37.887
2019-05-19 15-53-39,518,16.5176,37.887
2019-05-19 15-53-41,518,16.5543,37.887
2019-05-19 15-53-43,516,16.6229,37.8737
2019-05-19 15-53-45,515,16.6229,37.8737
2019-05-19 15-53-49,515,16.5726,37.9137
2019-05-19 15-53-51,515,16.5543,37.9004
2019-05-19 15-53-53,514,16.5726,37.9297
2019-05-19 15-53-55,515,16.5573,37.9564
2019-05-19 15-53-57,516,16.5573,37.9431
2019-05-19 15-53-59,517,16.5207,37.9297
2019-05-19 15-54-01,518,16.4856,37.9564
2019-05-19 15-54-03,517,16.5405,37.9564
2019-05-19 15-54-07,517,16.5909,37.9431
2019-05-19 15-54-09,517,16.5573,37.9564
2019-05-19 15-54-11,518,16.5939,37.9564
2019-05-19 15-54-13,518,16.5726,37.9137
2019-05-19 15-54-15,519,16.5176,37.887
2019-05-19 15-54-17,518,16.6046,37.8737
2019-05-19 15-54-19,518,16.6229,37.887
2019-05-19 15-54-21,517,16.6046,37.8737
2019-05-19 15-54-25,516,16.6214,37.8576
2019-05-19 15-54-27,516,16.6214,37.8576
2019-05-19 15-54-29,514,16.6077,37.9004
2019-05-19 15-54-31,514,16.6229,37.887
2019-05-19 15-54-33,514,16.6077,37.9137
2019-05-19 15-54-35,515,16.6443,37.9297
2019-05-19 15-54-37,516,16.6092,37.9297
2019-05-19 15-54-39,515,16.6824,37.9698
2019-05-19 15-54-43,515,16.6122,37.9698
2019-05-19 15-54-45,515,16.5619,38.0446
2019-05-19 15-54-47,516,16.5802,38.0579
2019-05-19 15-54-49,517,16.4215,38.0873
2019-05-19 15-54-51,516,16.4032,38.0873
2019-05-19 15-54-53,515,16.3879,38.114
2019-05-19 15-54-55,515,16.3376,38.1834
2019-05-19 15-54-57,518,16.3513,38.1273
2019-05-19 15-55-01,519,16.3879,38.114
2019-05-19 15-55-03,519,16.3696,38.0873
2019-05-19 15-55-05,519,16.4017,38.0446
2019-05-19 15-55-07,519,16.4856,37.9698
2019-05-19 15-55-09,521,16.539,37.9431
2019-05-19 15-55-11,520,16.6077,37.9137
2019-05-19 15-55-13,519,16.5543,37.9004
2019-05-19 15-55-15,519,16.6077,37.887
2019-05-19 15-55-19,519,16.5894,37.8737
2019-05-19 15-55-21,518,16.6077,37.887
2019-05-19 15-55-23,516,16.6412,37.9137
2019-05-19 15-55-25,515,16.5573,37.9297
2019-05-19 15-55-27,513,16.5756,37.9431
2019-05-19 15-55-29,512,16.5405,37.9885
2019-05-19 15-55-31,513,16.507,38.0152
2019-05-19 15-55-35,513,16.4383,38.0446
2019-05-19 15-55-37,514,16.4032,38.0579
2019-05-19 15-55-39,513,16.4383,38.0579
2019-05-19 15-55-41,513,16.3879,38.114
2019-05-19 15-55-43,514,16.3513,38.114
2019-05-19 15-55-45,515,16.4429,38.1273
2019-05-19 15-55-47,516,16.3712,38.1273
2019-05-19 15-55-49,517,16.3345,38.1434
2019-05-19 15-55-53,518,16.3528,38.1567
2019-05-19 15-55-55,517,16.3742,38.1567
2019-05-19 15-55-57,518,16.3345,38.1567
2019-05-19 15-55-59,519,16.4078,38.1567
2019-05-19 15-56-01,520,16.3696,38.1006
2019-05-19 15-56-03,521,16.3849,38.0579
2019-05-19 15-56-05,521,16.4169,38.0152
2019-05-19 15-56-07,523,16.4841,37.9297
2019-05-19 15-56-11,523,16.5359,37.9004
2019-05-19 15-56-13,522,16.5527,37.8737
2019-05-19 15-56-15,520,16.5527,37.8576
2019-05-19 15-56-17,519,16.571,37.8576
2019-05-19 15-56-19,518,16.6229,37.8737
2019-05-19 15-56-21,517,16.6214,37.8309
2019-05-19 15-56-23,517,16.6367,37.8309
2019-05-19 15-56-25,517,16.6367,37.8176
2019-05-19 15-56-29,515,16.6397,37.8443
2019-05-19 15-56-31,515,16.568,37.8443
2019-05-19 15-56-33,515,16.6412,37.887
2019-05-19 15-56-35,515,16.626,37.9297
2019-05-19 15-56-37,514,16.539,37.9297
2019-05-19 15-56-39,514,16.5207,37.9004
2019-05-19 15-56-41,514,16.6229,37.887
2019-05-19 15-56-43,514,16.6397,37.8576
2019-05-19 15-56-47,514,16.6229,37.8737
2019-05-19 15-56-49,513,16.6763,37.8443
2019-05-19 15-56-51,513,16.655,37.8176
2019-05-19 15-56-53,513,16.655,37.8309
2019-05-19 15-56-55,512,16.7465,37.8576
2019-05-19 15-56-57,513,16.6779,37.8576
2019-05-19 15-56-59,513,16.658,37.8737
2019-05-19 15-57-01,513,16.6779,37.8576
2019-05-19 15-57-05,513,16.6367,37.8309
2019-05-19 15-57-07,512,16.5894,37.8737
2019-05-19 15-57-09,512,16.571,37.887
2019-05-19 15-57-11,511,16.5894,37.9004
2019-05-19 15-57-13,510,16.5756,37.9698
2019-05-19 15-57-15,509,16.5588,37.9885
2019-05-19 15-57-17,510,16.5405,37.9698
2019-05-19 15-57-19,511,16.5039,38.0018
2019-05-19 15-57-23,513,16.4886,38.0285
2019-05-19 15-57-25,515,16.5802,38.0285
2019-05-19 15-57-27,516,16.5619,38.0152
2019-05-19 15-57-29,521,16.5771,38.0152
2019-05-19 15-57-31,522,16.5405,37.9564
2019-05-19 15-57-33,525,16.5222,37.9698
2019-05-19 15-57-35,518,16.5588,37.9698
2019-05-19 15-57-39,516,16.5588,38.0018
2019-05-19 15-57-41,514,16.5268,38.0285
2019-05-19 15-57-43,514,16.5436,38.0285
2019-05-19 15-57-45,515,16.5436,38.0152
2019-05-19 15-57-47,516,16.6138,38.0446
2019-05-19 15-57-49,521,16.5771,38.0018
2019-05-19 15-57-51,522,16.5573,37.9431
2019-05-19 15-57-53,527,16.6779,37.8737
2019-05-19 15-57-57,524,16.6779,37.8737
2019-05-19 15-57-59,521,16.713,37.8576
2019-05-19 15-58-01,518,16.7648,37.8576
2019-05-19 15-58-04,514,16.7816,37.8443
2019-05-19 15-58-06,509,16.7633,37.8443
2019-05-19 15-58-08,510,16.6946,37.8309
2019-05-19 15-58-10,506,16.7786,37.7882
2019-05-19 15-58-12,501,16.7969,37.8016
2019-05-19 15-58-16,502,16.832,37.7321
2019-05-19 15-58-18,504,16.8457,37.6894
2019-05-19 15-58-20,504,16.861,37.6627
2019-05-19 15-58-22,503,16.8793,37.6894
2019-05-19 15-58-24,499,16.861,37.6627
2019-05-19 15-58-26,496,16.8976,37.676
2019-05-19 15-58-28,495,16.864,37.7188
2019-05-19 15-58-30,494,16.8472,37.7321
2019-05-19 15-58-34,494,16.8137,37.7321
2019-05-19 15-58-36,497,16.7419,37.7749
2019-05-19 15-58-38,497,16.7603,37.8016
2019-05-19 15-58-40,498,16.7099,37.8016
2019-05-19 15-58-42,500,16.7603,37.7882
2019-05-19 15-58-44,501,16.7603,37.8016
2019-05-19 15-58-46,503,16.7267,37.8016
2019-05-19 15-58-48,503,16.745,37.8016
2019-05-19 15-58-52,505,16.777,37.7615
2019-05-19 15-58-54,504,16.7953,37.7882
2019-05-19 15-58-56,503,16.8152,37.7749
2019-05-19 15-58-58,503,16.7969,37.8016
2019-05-19 15-59-00,504,16.745,37.7882
2019-05-19 15-59-02,504,16.7603,37.8016
2019-05-19 15-59-04,504,16.7953,37.7882
2019-05-19 15-59-06,503,16.8503,37.7749
2019-05-19 15-59-10,504,16.8335,37.8016
2019-05-19 15-59-12,504,16.8335,37.8016
2019-05-19 15-59-14,504,16.8152,37.7882
2019-05-19 15-59-16,504,16.7969,37.8016
2019-05-19 15-59-18,505,16.8686,37.7882
2019-05-19 15-59-20,505,16.8686,37.7749
2019-05-19 15-59-22,504,16.8686,37.7749
2019-05-19 15-59-24,504,16.8686,37.7615
2019-05-19 15-59-28,504,16.8869,37.7882
2019-05-19 15-59-30,504,16.9052,37.8016
2019-05-19 15-59-32,504,16.8518,37.8176
2019-05-19 15-59-34,504,16.8549,37.8443
2019-05-19 15-59-36,504,16.8365,37.8443
2019-05-19 15-59-38,505,16.8549,37.8576
2019-05-19 15-59-40,506,16.8564,37.8737
2019-05-19 15-59-44,506,16.8549,37.8576
2019-05-19 15-59-46,507,16.8381,37.8576
2019-05-19 15-59-48,507,16.8365,37.8309
2019-05-19 15-59-50,508,16.8381,37.8737
2019-05-19 15-59-52,508,16.8228,37.887
2019-05-19 15-59-54,509,16.8594,37.9137
2019-05-19 15-59-56,510,16.8045,37.9297
2019-05-19 15-59-58,510,16.8015,37.9137
2019-05-19 16-00-02,511,16.8243,37.9431
2019-05-19 16-00-04,511,16.8045,37.9431
2019-05-19 16-00-06,512,16.7877,37.9564
2019-05-19 16-00-08,513,16.7542,37.9564
2019-05-19 16-00-10,513,16.7679,37.9137
2019-05-19 16-00-12,514,16.8015,37.9137
2019-05-19 16-00-14,514,16.6809,37.9137
2019-05-19 16-00-16,515,16.7007,37.9564
2019-05-19 16-00-20,515,16.6824,37.9431
2019-05-19 16-00-22,515,16.7358,37.9564
2019-05-19 16-00-24,515,16.6626,37.9698
2019-05-19 16-00-26,516,16.6641,37.9885
2019-05-19 16-00-28,516,16.6458,37.9698
2019-05-19 16-00-30,517,16.6306,38.0018
2019-05-19 16-00-32,518,16.6855,38.0018
2019-05-19 16-00-34,518,16.6122,37.9885
2019-05-19 16-00-38,518,16.6138,38.0152
2019-05-19 16-00-40,518,16.5771,38.0152
2019-05-19 16-00-42,518,16.5985,38.0446
2019-05-19 16-00-44,519,16.5802,38.0446
2019-05-19 16-00-46,519,16.5619,38.0446
2019-05-19 16-00-48,520,16.5436,38.0285
2019-05-19 16-00-50,520,16.4719,38.0579
2019-05-19 16-00-52,522,16.6321,38.0446
2019-05-19 16-00-56,522,16.5955,38.0285
2019-05-19 16-00-58,523,16.5588,37.9698
2019-05-19 16-01-00,522,16.6122,38.0018
2019-05-19 16-01-02,523,16.6122,37.9698
2019-05-19 16-01-04,522,16.5955,38.0018
2019-05-19 16-01-06,522,16.5955,38.0285
2019-05-19 16-01-08,522,16.5802,38.0579
2019-05-19 16-01-10,522,16.5451,38.0579
2019-05-19 16-01-14,521,16.5634,38.0713
2019-05-19 16-01-16,520,16.5665,38.1006
2019-05-19 16-01-18,521,16.5634,38.0873
2019-05-19 16-01-20,521,16.5817,38.1006
2019-05-19 16-01-22,521,16.5497,38.1273
2019-05-19 16-01-24,520,16.4948,38.1273
2019-05-19 16-01-26,521,16.4581,38.1273
2019-05-19 16-01-28,521,16.5497,38.1434
2019-05-19 16-01-32,522,16.5497,38.1434
2019-05-19 16-01-34,522,16.4948,38.1273
2019-05-19 16-01-36,522,16.4948,38.1567
2019-05-19 16-01-38,521,16.5131,38.1701
2019-05-19 16-01-40,522,16.4795,38.1701
2019-05-19 16-01-42,523,16.5344,38.1567
2019-05-19 16-01-44,523,16.4978,38.1701
2019-05-19 16-01-46,522,16.4978,38.1994
2019-05-19 16-01-50,523,16.4764,38.1273
2019-05-19 16-01-52,524,16.4581,38.1273
2019-05-19 16-01-54,524,16.5497,38.1434
2019-05-19 16-01-56,524,16.5863,38.1701
2019-05-19 16-01-58,524,16.6,38.114
2019-05-19 16-02-00,524,16.5482,38.114
2019-05-19 16-02-02,524,16.6,38.0873
2019-05-19 16-02-04,523,16.5634,38.0579
2019-05-19 16-02-08,524,16.6138,38.0285
2019-05-19 16-02-10,524,16.6306,38.0152
2019-05-19 16-02-12,523,16.6641,38.0018
2019-05-19 16-02-14,523,16.6855,38.0152
2019-05-19 16-02-16,523,16.6321,38.0446
2019-05-19 16-02-18,522,16.6138,38.0285
2019-05-19 16-02-20,522,16.5985,38.0713
2019-05-19 16-02-24,522,16.5634,38.0579
2019-05-19 16-02-26,522,16.6168,38.0579
2019-05-19 16-02-28,522,16.6321,38.0446
2019-05-19 16-02-30,522,16.6489,38.0152
2019-05-19 16-02-32,522,16.5955,38.0285
2019-05-19 16-02-34,522,16.5802,38.0446
2019-05-19 16-02-36,521,16.6138,38.0446
2019-05-19 16-02-38,521,16.6321,38.0446
2019-05-19 16-02-42,520,16.5955,38.0285
2019-05-19 16-02-44,520,16.5985,38.0713
2019-05-19 16-02-46,520,16.5802,38.0579
2019-05-19 16-02-48,521,16.6504,38.0446
2019-05-19 16-02-50,521,16.5619,38.0446
2019-05-19 16-02-52,521,16.5955,38.0152
2019-05-19 16-02-54,521,16.6138,38.0285
2019-05-19 16-02-56,520,16.6321,38.0446
2019-05-19 16-03-00,520,16.6321,38.0446
2019-05-19 16-03-02,519,16.6321,38.0285
2019-05-19 16-03-04,519,16.6321,38.0446
2019-05-19 16-03-06,519,16.687,38.0285
2019-05-19 16-03-09,520,16.6489,38.0152
2019-05-19 16-03-11,519,16.7038,38.0285
2019-05-19 16-03-13,519,16.6672,38.0285
2019-05-19 16-03-15,520,16.6641,38.0152
2019-05-19 16-03-19,520,16.5955,38.0285
2019-05-19 16-03-21,520,16.6306,38.0018
2019-05-19 16-03-23,520,16.6489,38.0285
2019-05-19 16-03-25,520,16.6489,38.0152
2019-05-19 16-03-27,520,16.6641,38.0152
2019-05-19 16-03-29,521,16.6672,38.0285
2019-05-19 16-03-31,521,16.6504,38.0446
2019-05-19 16-03-33,521,16.6138,38.0446
2019-05-19 16-03-37,520,16.5955,38.0152
2019-05-19 16-03-39,521,16.6321,38.0285
2019-05-19 16-03-41,521,16.6138,38.0285
2019-05-19 16-03-43,522,16.6306,38.0018
2019-05-19 16-03-45,522,16.6824,37.9698
2019-05-19 16-03-47,522,16.7175,37.9564
2019-05-19 16-03-49,522,16.6962,37.9004
2019-05-19 16-03-51,521,16.6412,37.8737
2019-05-19 16-03-55,522,16.713,37.8576
2019-05-19 16-03-57,521,16.7816,37.8443
2019-05-19 16-03-59,520,16.7313,37.8737
2019-05-19 16-04-01,519,16.7328,37.9137
2019-05-19 16-04-03,517,16.7328,37.9297
2019-05-19 16-04-05,517,16.7007,37.9564
2019-05-19 16-04-07,517,16.7007,37.9564
2019-05-19 16-04-11,519,16.6824,37.9431
2019-05-19 16-04-13,519,16.6824,37.9564
2019-05-19 16-04-15,519,16.6443,37.9431
2019-05-19 16-04-17,517,16.6992,37.9431
2019-05-19 16-04-19,513,16.6824,37.9698
2019-05-19 16-04-21,516,16.5939,37.9885
2019-05-19 16-04-23,518,16.5253,37.9885
2019-05-19 16-04-25,519,16.5573,37.9564
2019-05-19 16-04-29,521,16.6077,37.9137
2019-05-19 16-04-31,520,16.6214,37.8576
2019-05-19 16-04-33,519,16.7099,37.8309
2019-05-19 16-04-35,518,16.7099,37.8176
2019-05-19 16-04-37,517,16.8152,37.7749
2019-05-19 16-04-39,516,16.8503,37.7615
2019-05-19 16-04-41,514,16.7923,37.7321
2019-05-19 16-04-43,513,16.9159,37.7188
2019-05-19 16-04-47,511,16.8823,37.7028
2019-05-19 16-04-49,512,16.8976,37.6894
2019-05-19 16-04-51,513,16.9144,37.6467
2019-05-19 16-04-53,514,16.9296,37.6333
2019-05-19 16-04-55,514,16.9479,37.6467
2019-05-19 16-04-57,513,16.893,37.62
2019-05-19 16-04-59,512,16.9479,37.6467
2019-05-19 16-05-01,510,16.9296,37.6467
2019-05-19 16-05-05,509,16.8793,37.6627
2019-05-19 16-05-07,509,16.8976,37.6894
2019-05-19 16-05-09,507,16.8457,37.6894
2019-05-19 16-05-11,507,16.9006,37.7455
2019-05-19 16-05-13,507,16.8182,37.8016
2019-05-19 16-05-15,507,16.8869,37.7882
2019-05-19 16-05-17,507,16.7969,37.8016
2019-05-19 16-05-19,507,16.7969,37.8176
2019-05-19 16-05-23,506,16.8182,37.8309
2019-05-19 16-05-25,506,16.7648,37.8737
2019-05-19 16-05-27,505,16.7328,37.9004
2019-05-19 16-05-29,506,16.7862,37.9137
2019-05-19 16-05-31,505,16.6412,37.9137
2019-05-19 16-05-33,507,16.6458,37.9698
2019-05-19 16-05-35,507,16.7358,37.9431
2019-05-19 16-05-37,508,16.7007,37.9564
2019-05-19 16-05-41,509,16.6489,38.0152
2019-05-19 16-05-43,509,16.6321,38.0285
2019-05-19 16-05-45,510,16.5802,38.0579
2019-05-19 16-05-47,512,16.5268,38.0579
2019-05-19 16-05-49,513,16.5634,38.0579
2019-05-19 16-05-51,514,16.6351,38.0713
2019-05-19 16-05-53,515,16.5985,38.0713
2019-05-19 16-05-55,515,16.5985,38.0579
2019-05-19 16-05-59,517,16.6351,38.0873
2019-05-19 16-06-01,517,16.5665,38.1006
2019-05-19 16-06-03,518,16.5817,38.0713
2019-05-19 16-06-05,520,16.5298,38.0713
2019-05-19 16-06-07,520,16.5268,38.0446
2019-05-19 16-06-09,522,16.5802,38.0285
2019-05-19 16-06-11,524,16.5451,38.0446
2019-05-19 16-06-13,525,16.5771,38.0152
2019-05-19 16-06-17,525,16.5771,37.9885
2019-05-19 16-06-19,525,16.6809,37.9137
2019-05-19 16-06-21,526,16.7145,37.9004
2019-05-19 16-06-23,527,16.6916,37.8016
2019-05-19 16-06-25,528,16.7587,37.7455
2019-05-19 16-06-27,528,16.8289,37.6894
2019-05-19 16-06-29,527,16.861,37.6467
2019-05-19 16-06-33,525,16.9296,37.6333
2019-05-19 16-06-35,523,16.9113,37.62
2019-05-19 16-06-37,522,16.9647,37.5772
2019-05-19 16-06-39,521,16.98,37.5505
2019-05-19 16-06-41,521,17.0288,37.4624
2019-05-19 16-06-43,520,17.0441,37.4624
2019-05-19 16-06-45,519,17.0807,37.4758
2019-05-19 16-06-47,517,17.0837,37.5212
2019-05-19 16-06-51,515,17.0853,37.5505
2019-05-19 16-06-53,515,17.0349,37.5772
2019-05-19 16-06-55,513,16.9662,37.6333
2019-05-19 16-06-57,513,16.9479,37.6467
2019-05-19 16-06-59,513,16.9113,37.6333
2019-05-19 16-07-01,512,16.9479,37.6467
2019-05-19 16-07-03,512,16.9693,37.6467
2019-05-19 16-07-05,511,16.9693,37.6627
2019-05-19 16-07-09,511,16.9342,37.7188
2019-05-19 16-07-11,511,16.864,37.7028
2019-05-19 16-07-13,511,16.8793,37.6894
2019-05-19 16-07-15,510,16.8793,37.6627
2019-05-19 16-07-17,509,16.8457,37.6627
2019-05-19 16-07-19,508,16.9479,37.6627
2019-05-19 16-07-21,509,16.8457,37.6627
2019-05-19 16-07-23,509,16.9144,37.676
2019-05-19 16-07-27,508,16.9159,37.7188
2019-05-19 16-07-29,509,16.9006,37.7455
2019-05-19 16-07-31,511,16.8655,37.7321
2019-05-19 16-07-33,511,16.9022,37.7749
2019-05-19 16-07-35,512,16.8823,37.7321
2019-05-19 16-07-37,513,16.7953,37.7615
2019-05-19 16-07-39,513,16.8503,37.7749
2019-05-19 16-07-41,514,16.777,37.7749
2019-05-19 16-07-45,515,16.8152,37.7882
2019-05-19 16-07-47,515,16.8182,37.8176
2019-05-19 16-07-49,515,16.8152,37.7882
2019-05-19 16-07-51,514,16.7969,37.8176
2019-05-19 16-07-53,514,16.7633,37.8443
2019-05-19 16-07-55,514,16.7465,37.8309
2019-05-19 16-07-57,514,16.7099,37.8309
2019-05-19 16-08-01,515,16.8182,37.8309
2019-05-19 16-08-03,514,16.713,37.8576
2019-05-19 16-08-05,515,16.7496,37.887
2019-05-19 16-08-07,515,16.713,37.8737
2019-05-19 16-08-09,515,16.655,37.8443
2019-05-19 16-08-11,516,16.7099,37.8309
2019-05-19 16-08-13,517,16.7313,37.8576
2019-05-19 16-08-15,517,16.7786,37.8176
2019-05-19 16-08-20,517,16.7953,37.7882
2019-05-19 16-08-22,517,16.7633,37.8176
2019-05-19 16-08-24,516,16.7465,37.8309
2019-05-19 16-08-26,516,16.7633,37.8309
2019-05-19 16-08-28,517,16.7313,37.8576
2019-05-19 16-08-30,516,16.6992,37.9137
2019-05-19 16-08-32,516,16.6779,37.887
2019-05-19 16-08-34,515,16.7145,37.9137
2019-05-19 16-08-38,515,16.6443,37.9297
2019-05-19 16-08-40,515,16.6626,37.9431
2019-05-19 16-08-42,515,16.6626,37.9564
2019-05-19 16-08-44,515,16.7007,37.9564
2019-05-19 16-08-46,516,16.6275,37.9431
2019-05-19 16-08-48,516,16.6458,37.9698
2019-05-19 16-08-50,517,16.7175,37.9431
2019-05-19 16-08-52,517,16.6595,37.9297
2019-05-19 16-08-56,516,16.6229,37.887
2019-05-19 16-08-58,517,16.6779,37.8737
2019-05-19 16-09-00,517,16.6946,37.8576
2019-05-19 16-09-02,517,16.655,37.8309
2019-05-19 16-09-04,518,16.7236,37.7615
2019-05-19 16-09-06,518,16.7953,37.7749
2019-05-19 16-09-08,517,16.7419,37.7615
2019-05-19 16-09-10,516,16.7587,37.7321
2019-05-19 16-09-14,515,16.7786,37.7882
2019-05-19 16-09-16,516,16.7633,37.8176
2019-05-19 16-09-18,517,16.7603,37.7749
2019-05-19 16-09-20,518,16.7953,37.7749
2019-05-19 16-09-22,518,16.7908,37.7028
2019-05-19 16-09-24,518,16.864,37.6894
2019-05-19 16-09-26,516,16.861,37.6627
2019-05-19 16-09-28,516,16.8961,37.6467
2019-05-19 16-09-32,515,16.8961,37.6467
2019-05-19 16-09-34,516,16.8793,37.6627
2019-05-19 16-09-36,516,16.9296,37.6333
2019-05-19 16-09-38,516,16.9846,37.62
2019-05-19 16-09-40,516,16.9662,37.6066
2019-05-19 16-09-42,515,16.9434,37.5772
2019-05-19 16-09-44,515,17.0349,37.5906
2019-05-19 16-09-48,516,16.9464,37.5906
2019-05-19 16-09-50,516,16.983,37.5772
2019-05-19 16-09-52,517,16.983,37.6066
2019-05-19 16-09-54,516,16.9662,37.6066
2019-05-19 16-09-56,517,16.9662,37.62
2019-05-19 16-09-58,517,16.9479,37.6333
2019-05-19 16-10-00,516,16.9327,37.676
2019-05-19 16-10-02,515,16.8976,37.676
2019-05-19 16-10-06,515,16.8823,37.7188
2019-05-19 16-10-08,514,16.8655,37.7455
2019-05-19 16-10-10,514,16.777,37.7749
2019-05-19 16-10-12,514,16.8335,37.7882
2019-05-19 16-10-14,514,16.7786,37.8016
2019-05-19 16-10-16,514,16.7465,37.8443
2019-05-19 16-10-18,515,16.713,37.8576
2019-05-19 16-10-20,515,16.7496,37.887
2019-05-19 16-10-24,516,16.7496,37.887
2019-05-19 16-10-26,517,16.7313,37.8737
2019-05-19 16-10-28,517,16.7465,37.8443
2019-05-19 16-10-30,518,16.7465,37.8443
2019-05-19 16-10-32,519,16.7786,37.8016
2019-05-19 16-10-34,520,16.7267,37.7749
2019-05-19 16-10-36,520,16.8152,37.7749
2019-05-19 16-10-38,520,16.7953,37.7882
2019-05-19 16-10-42,519,16.7603,37.8016
2019-05-19 16-10-44,518,16.7633,37.8176
2019-05-19 16-10-46,518,16.8182,37.8309
2019-05-19 16-10-48,517,16.7633,37.8443
2019-05-19 16-10-50,517,16.7465,37.8443
2019-05-19 16-10-52,518,16.745,37.8176
2019-05-19 16-10-54,518,16.7786,37.7882
2019-05-19 16-10-56,519,16.8137,37.7455
2019-05-19 16-11-00,519,16.777,37.7455
2019-05-19 16-11-02,519,16.8655,37.7321
2019-05-19 16-11-04,519,16.8503,37.7455
2019-05-19 16-11-06,519,16.8152,37.7749
2019-05-19 16-11-08,519,16.8182,37.8016
2019-05-19 16-11-10,518,16.7786,37.8176
2019-05-19 16-11-12,518,16.8335,37.7749
2019-05-19 16-11-14,519,16.8655,37.7455
2019-05-19 16-11-18,520,16.864,37.7028
2019-05-19 16-11-20,521,16.864,37.7188
2019-05-19 16-11-22,520,16.8823,37.7321
2019-05-19 16-11-24,520,16.8823,37.7321
2019-05-19 16-11-26,520,16.8839,37.7455
2019-05-19 16-11-28,520,16.9006,37.7188
2019-05-19 16-11-30,520,16.9159,37.6894
2019-05-19 16-11-34,520,16.8793,37.676
2019-05-19 16-11-36,520,16.9846,37.6467
2019-05-19 16-11-38,520,16.983,37.6066
2019-05-19 16-11-40,520,16.9968,37.5345
2019-05-19 16-11-42,521,17.0624,37.4758
2019-05-19 16-11-44,521,17.1173,37.4357
2019-05-19 16-11-46,521,17.1341,37.4357
2019-05-19 16-11-48,520,17.1341,37.4197
2019-05-19 16-11-52,519,17.1173,37.4357
2019-05-19 16-11-54,519,17.1722,37.4758
2019-05-19 16-11-56,519,17.1204,37.4918
2019-05-19 16-11-58,519,17.157,37.5212
2019-05-19 16-12-00,519,17.0517,37.5505
2019-05-19 16-12-02,519,17.07,37.5639
2019-05-19 16-12-04,519,17.0898,37.6333
2019-05-19 16-12-06,520,17.0212,37.6467
2019-05-19 16-12-10,520,17.0563,37.6627
2019-05-19 16-12-12,520,16.9342,37.7188
2019-05-19 16-12-14,520,16.9739,37.7188
2019-05-19 16-12-16,521,16.9159,37.7028
2019-05-19 16-12-18,521,16.9022,37.7615
2019-05-19 16-12-20,521,16.9006,37.7455
2019-05-19 16-12-22,522,16.9525,37.7321
2019-05-19 16-12-24,522,16.9022,37.7615
2019-05-19 16-12-28,522,16.8839,37.7615
2019-05-19 16-12-30,523,16.832,37.7615
2019-05-19 16-12-32,524,16.8869,37.7749
2019-05-19 16-12-34,524,16.9022,37.7882
2019-05-19 16-12-36,523,16.9205,37.7749
2019-05-19 16-12-38,524,16.9022,37.7882
2019-05-19 16-12-40,524,16.9235,37.8176
2019-05-19 16-12-42,524,16.9235,37.8176
2019-05-19 16-12-46,524,16.9418,37.8309
2019-05-19 16-12-48,525,16.8884,37.8176
2019-05-19 16-12-50,525,16.8549,37.8443
2019-05-19 16-12-52,526,16.8381,37.8737
2019-05-19 16-12-54,527,16.7862,37.9004
2019-05-19 16-12-56,527,16.8015,37.887
2019-05-19 16-12-58,527,16.7496,37.887
2019-05-19 16-13-00,528,16.7831,37.887
2019-05-19 16-13-04,529,16.8015,37.887
2019-05-19 16-13-06,529,16.7831,37.8737
2019-05-19 16-13-08,528,16.8015,37.887
2019-05-19 16-13-10,528,16.7862,37.9137
2019-05-19 16-13-12,527,16.7145,37.9137
2019-05-19 16-13-14,528,16.7679,37.9004
2019-05-19 16-13-16,528,16.7328,37.9297
2019-05-19 16-13-18,529,16.7328,37.9297
2019-05-19 16-13-22,528,16.7175,37.9431
2019-05-19 16-13-24,528,16.7328,37.9297
2019-05-19 16-13-26,529,16.6595,37.9297
2019-05-19 16-13-28,528,16.7694,37.9431
2019-05-19 16-13-31,528,16.7328,37.9297
2019-05-19 16-13-33,528,16.7877,37.9698
2019-05-19 16-13-35,529,16.7007,37.9698
2019-05-19 16-13-37,529,16.7191,37.9698
2019-05-19 16-13-41,529,16.7191,37.9698
2019-05-19 16-13-43,529,16.6824,37.9564
2019-05-19 16-13-45,529,16.6855,38.0152
2019-05-19 16-13-47,530,16.7542,37.9885
2019-05-19 16-13-49,529,16.7007,37.9698
2019-05-19 16-13-51,530,16.7007,37.9885
2019-05-19 16-13-53,530,16.7007,37.9885
2019-05-19 16-13-55,530,16.7007,37.9564
2019-05-19 16-13-59,530,16.7328,37.9297
2019-05-19 16-14-01,530,16.7511,37.9137
2019-05-19 16-14-03,530,16.7175,37.9297
2019-05-19 16-14-05,528,16.7145,37.9137
2019-05-19 16-14-07,528,16.7511,37.9137
2019-05-19 16-14-09,528,16.7328,37.9297
2019-05-19 16-14-11,528,16.7694,37.9297
2019-05-19 16-14-15,527,16.7145,37.9137
2019-05-19 16-14-17,527,16.6595,37.9137
2019-05-19 16-14-19,528,16.8015,37.887
2019-05-19 16-14-21,528,16.7633,37.8443
2019-05-19 16-14-23,528,16.8198,37.8443
2019-05-19 16-14-25,527,16.7969,37.8309
2019-05-19 16-14-27,527,16.8549,37.8309
2019-05-19 16-14-29,526,16.8365,37.8176
2019-05-19 16-14-33,525,16.7831,37.8737
2019-05-19 16-14-35,525,16.7816,37.8576
2019-05-19 16-14-37,525,16.7465,37.8443
2019-05-19 16-14-39,525,16.7831,37.8737
2019-05-19 16-14-41,524,16.7679,37.9004
2019-05-19 16-14-43,524,16.7328,37.9004
2019-05-19 16-14-45,522,16.7511,37.9137
2019-05-19 16-14-47,523,16.7328,37.9137
2019-05-19 16-14-51,524,16.6962,37.9004
2019-05-19 16-14-53,525,16.7175,37.9297
2019-05-19 16-14-55,526,16.7145,37.9004
2019-05-19 16-14-57,527,16.7862,37.9137
2019-05-19 16-14-59,527,16.7328,37.9137
2019-05-19 16-15-01,526,16.7862,37.9004
2019-05-19 16-15-03,525,16.7175,37.9431
2019-05-19 16-15-05,524,16.7358,37.9431
2019-05-19 16-15-09,525,16.7175,37.9564
2019-05-19 16-15-11,525,16.6824,37.9564
2019-05-19 16-15-13,526,16.7007,37.9698
2019-05-19 16-15-15,526,16.6809,37.9297
2019-05-19 16-15-17,526,16.6824,37.9698
2019-05-19 16-15-19,526,16.7007,37.9698
2019-05-19 16-15-21,526,16.7862,37.9297
2019-05-19 16-15-23,526,16.7694,37.9297
2019-05-19 16-15-27,525,16.7511,37.9297
2019-05-19 16-15-29,524,16.7862,37.9137
2019-05-19 16-15-31,524,16.7496,37.9004
2019-05-19 16-15-33,523,16.7145,37.9137
2019-05-19 16-15-35,522,16.8045,37.9297
2019-05-19 16-15-37,522,16.7175,37.9297
2019-05-19 16-15-39,523,16.8045,37.9431
2019-05-19 16-15-41,522,16.7358,37.9431
2019-05-19 16-15-45,523,16.7358,37.9698
2019-05-19 16-15-47,522,16.7007,37.9698
2019-05-19 16-15-49,523,16.7007,37.9885
2019-05-19 16-15-51,522,16.7191,37.9885
2019-05-19 16-15-53,523,16.7542,37.9698
2019-05-19 16-15-55,523,16.7542,37.9564
2019-05-19 16-15-57,524,16.7175,37.9564
2019-05-19 16-15-59,524,16.7328,37.9297
2019-05-19 16-16-03,524,16.7328,37.9137
2019-05-19 16-16-05,525,16.8015,37.887
2019-05-19 16-16-07,526,16.7816,37.8309
2019-05-19 16-16-09,527,16.8518,37.7882
2019-05-19 16-16-11,528,16.9189,37.7455
2019-05-19 16-16-13,528,16.9159,37.6894
2019-05-19 16-16-15,528,16.9327,37.676
2019-05-19 16-16-19,527,16.9662,37.6066
2019-05-19 16-16-21,527,17.0532,37.5906
2019-05-19 16-16-23,526,16.9662,37.6066
2019-05-19 16-16-25,525,17.0898,37.6467
2019-05-19 16-16-27,524,17.0197,37.62
2019-05-19 16-16-29,524,16.9693,37.6627
2019-05-19 16-16-31,523,17.0242,37.6894
2019-05-19 16-16-33,523,16.9556,37.7615
2019-05-19 16-16-37,524,16.9205,37.7749
2019-05-19 16-16-39,526,16.8686,37.7615
2019-05-19 16-16-41,526,16.9022,37.7749
2019-05-19 16-16-43,525,16.9052,37.8016
2019-05-19 16-16-45,526,16.8503,37.7615
2019-05-19 16-16-47,526,16.9525,37.7188
2019-05-19 16-16-49,526,16.951,37.6894
2019-05-19 16-16-51,525,16.951,37.676
2019-05-19 16-16-55,526,17.0029,37.6333
2019-05-19 16-16-57,526,17.1249,37.5639
2019-05-19 16-16-59,526,17.0486,37.5345
2019-05-19 16-17-01,526,17.1722,37.4918
2019-05-19 16-17-03,526,17.1753,37.5212
2019-05-19 16-17-05,527,17.1021,37.5345
2019-05-19 16-17-07,527,17.1219,37.5505
2019-05-19 16-17-09,527,17.157,37.5212
2019-05-19 16-17-13,527,17.1219,37.5345
2019-05-19 16-17-15,527,17.1539,37.4758
2019-05-19 16-17-17,526,17.1387,37.4918
2019-05-19 16-17-19,527,17.1173,37.4491
2019-05-19 16-17-21,526,17.189,37.4624
2019-05-19 16-17-23,525,17.1539,37.4624
2019-05-19 16-17-25,526,17.2577,37.4491
2019-05-19 16-17-27,525,17.1387,37.5051
2019-05-19 16-17-31,525,17.0883,37.5772
2019-05-19 16-17-33,523,17.0898,37.6467
2019-05-19 16-17-35,522,16.9922,37.7321
2019-05-19 16-17-37,521,16.8701,37.8016
2019-05-19 16-17-39,520,16.8198,37.8576
2019-05-19 16-17-41,520,16.6412,37.9137
2019-05-19 16-17-43,520,16.6626,37.9564
2019-05-19 16-17-45,521,16.6458,37.9885
2019-05-19 16-17-49,521,16.5955,38.0285
2019-05-19 16-17-51,522,16.5985,38.0713
2019-05-19 16-17-53,520,16.5314,38.1273
2019-05-19 16-17-55,520,16.5131,38.1434
2019-05-19 16-17-57,521,16.4108,38.2128
2019-05-19 16-17-59,521,16.4627,38.1994
2019-05-19 16-18-01,523,16.394,38.1994
2019-05-19 16-18-03,525,16.4429,38.1567
2019-05-19 16-18-07,524,16.4993,38.2128
2019-05-19 16-18-09,523,16.4307,38.2555
2019-05-19 16-18-11,526,16.4078,38.1567
2019-05-19 16-18-13,530,16.4764,38.114
2019-05-19 16-18-15,538,16.4703,38.0018
2019-05-19 16-18-17,506,16.5802,38.0446
2019-05-19 16-18-19,525,16.5802,38.0446
2019-05-19 16-18-23,526,16.5436,38.0152
2019-05-19 16-18-25,524,16.5253,38.0152
2019-05-19 16-18-27,524,16.5405,37.9885
2019-05-19 16-18-29,526,16.5588,37.9698
2019-05-19 16-18-31,522,16.5253,37.9885
2019-05-19 16-18-33,521,16.5588,37.9698
2019-05-19 16-18-35,516,16.5207,37.9297
2019-05-19 16-18-37,516,16.4978,37.8737
2019-05-19 16-18-41,508,16.5543,37.887
2019-05-19 16-18-43,506,16.539,37.9297
2019-05-19 16-18-45,505,16.5176,37.8737
2019-05-19 16-18-47,501,16.5222,37.9431
2019-05-19 16-18-49,503,16.4673,37.9698
2019-05-19 16-18-51,504,16.4337,37.9564
2019-05-19 16-18-53,503,16.4169,37.9885
2019-05-19 16-18-56,498,16.4017,38.0285
2019-05-19 16-19-00,496,16.2964,38.0579
2019-05-19 16-19-02,495,16.333,38.1006
2019-05-19 16-19-04,497,16.301,38.1434
2019-05-19 16-19-06,499,16.3345,38.1434
2019-05-19 16-19-08,501,16.2476,38.1567
2019-05-19 16-19-10,501,16.2659,38.1567
2019-05-19 16-19-12,502,16.2109,38.1273
2019-05-19 16-19-14,505,16.2277,38.1006
2019-05-19 16-19-18,506,16.243,38.0713
2019-05-19 16-19-20,506,16.3284,38.0285
2019-05-19 16-19-22,505,16.3651,38.0018
2019-05-19 16-19-24,503,16.362,37.9698
2019-05-19 16-19-26,502,16.362,37.9698
2019-05-19 16-19-28,501,16.449,37.9564
2019-05-19 16-19-30,499,16.4169,38.0152
2019-05-19 16-19-32,498,16.4566,38.0713
2019-05-19 16-19-36,496,16.3712,38.1273
2019-05-19 16-19-38,495,16.2827,38.1273
2019-05-19 16-19-40,498,16.2109,38.1434
2019-05-19 16-19-42,497,16.1926,38.1434
2019-05-19 16-19-44,500,16.2109,38.1273
2019-05-19 16-19-46,502,16.2292,38.1434
2019-05-19 16-19-48,501,16.1911,38.114
2019-05-19 16-19-50,500,16.2613,38.0873
2019-05-19 16-19-54,500,16.2796,38.0873
2019-05-19 16-19-56,499,16.3284,38.0285
2019-05-19 16-19-58,498,16.2781,38.0579
2019-05-19 16-20-00,497,16.3696,38.0713
2019-05-19 16-20-02,496,16.3849,38.0446
2019-05-19 16-20-04,495,16.3483,38.0873
2019-05-19 16-20-06,494,16.333,38.114
2019-05-19 16-20-08,495,16.3147,38.0873
2019-05-19 16-20-12,495,16.3696,38.0873
2019-05-19 16-20-14,495,16.3696,38.0873
2019-05-19 16-20-16,495,16.333,38.0873
2019-05-19 16-20-18,496,16.2964,38.0873
2019-05-19 16-20-20,496,16.333,38.1006
2019-05-19 16-20-22,495,16.3147,38.0713
2019-05-19 16-20-24,494,16.246,38.1006
2019-05-19 16-20-26,493,16.3162,38.114
2019-05-19 16-20-30,493,16.3193,38.1567
2019-05-19 16-20-32,494,16.3162,38.1273
2019-05-19 16-20-34,493,16.3345,38.1273
2019-05-19 16-20-36,493,16.3528,38.1701
2019-05-19 16-20-38,494,16.3376,38.1834
2019-05-19 16-20-40,494,16.2659,38.1834
2019-05-19 16-20-42,494,16.301,38.1567
2019-05-19 16-20-44,494,16.3193,38.1701
2019-05-19 16-20-48,495,16.2476,38.1567
2019-05-19 16-20-50,495,16.2659,38.1834
2019-05-19 16-20-52,495,16.3376,38.1834
2019-05-19 16-20-54,495,16.3376,38.1701
2019-05-19 16-20-56,496,16.301,38.1701
2019-05-19 16-20-58,496,16.3193,38.1567
2019-05-19 16-21-00,495,16.246,38.1273
2019-05-19 16-21-04,495,16.2842,38.1701
2019-05-19 16-21-06,495,16.2827,38.1273
2019-05-19 16-21-08,495,16.3696,38.1006
2019-05-19 16-21-10,495,16.2979,38.114
2019-05-19 16-21-12,496,16.2109,38.114
2019-05-19 16-21-14,496,16.1911,38.1006
2019-05-19 16-21-16,496,16.156,38.1273
2019-05-19 16-21-18,496,16.2064,38.0579
2019-05-19 16-21-22,497,16.1728,38.0873
2019-05-19 16-21-24,496,16.188,38.0713
2019-05-19 16-21-26,495,16.1697,38.0579
2019-05-19 16-21-28,495,16.2094,38.0713
2019-05-19 16-21-30,495,16.188,38.0713
2019-05-19 16-21-32,494,16.2064,38.0579
2019-05-19 16-21-34,494,16.1865,38.0446
2019-05-19 16-21-36,494,16.1362,38.0579
2019-05-19 16-21-40,494,16.1865,38.0152
2019-05-19 16-21-42,494,16.2018,37.9698
2019-05-19 16-21-44,494,16.2018,37.9698
2019-05-19 16-21-46,494,16.2552,37.9431
2019-05-19 16-21-48,494,16.3025,37.8737
2019-05-19 16-21-50,494,16.4078,37.8309
2019-05-19 16-21-52,493,16.3559,37.8176
2019-05-19 16-21-54,492,16.3345,37.8176
2019-05-19 16-21-58,492,16.3712,37.8176
2019-05-19 16-22-00,490,16.3559,37.8309
2019-05-19 16-22-02,489,16.3025,37.8737
2019-05-19 16-22-04,489,16.3391,37.887
2019-05-19 16-22-06,488,16.2704,37.9137
2019-05-19 16-22-08,489,16.2689,37.9004
2019-05-19 16-22-10,490,16.2872,37.9004
2019-05-19 16-22-12,489,16.2689,37.887
2019-05-19 16-22-16,489,16.3345,37.8443
2019-05-19 16-22-18,489,16.301,37.8309
2019-05-19 16-22-20,489,16.3559,37.8443
2019-05-19 16-22-22,488,16.3742,37.8309
2019-05-19 16-22-24,488,16.3345,37.8176
2019-05-19 16-22-26,487,16.301,37.8309
2019-05-19 16-22-28,487,16.2827,37.8176
2019-05-19 16-22-30,486,16.2476,37.8443
2019-05-19 16-22-34,486,16.301,37.8443
2019-05-19 16-22-36,486,16.2643,37.8176
2019-05-19 16-22-38,486,16.2979,37.8016
2019-05-19 16-22-40,485,16.3345,37.8176
2019-05-19 16-22-42,484,16.3559,37.8309
2019-05-19 16-22-44,484,16.3345,37.8443
2019-05-19 16-22-46,483,16.3025,37.887
2019-05-19 16-22-48,483,16.2872,37.887
2019-05-19 16-22-52,484,16.3055,37.9004
2019-05-19 16-22-54,483,16.2872,37.9004
2019-05-19 16-22-56,484,16.2521,37.9004
2019-05-19 16-22-58,484,16.2186,37.9297
2019-05-19 16-23-00,483,16.2521,37.9137
2019-05-19 16-23-02,484,16.2338,37.9137
2019-05-19 16-23-04,483,16.2338,37.9137
2019-05-19 16-23-08,483,16.2521,37.9004
2019-05-19 16-23-10,484,16.2552,37.9431
2019-05-19 16-23-12,484,16.2552,37.9431
2019-05-19 16-23-14,484,16.2369,37.9564
2019-05-19 16-23-16,484,16.1835,37.9698
2019-05-19 16-23-18,484,16.0965,37.9885
2019-05-19 16-23-20,484,16.1865,38.0152
2019-05-19 16-23-22,484,16.0782,38.0018
2019-05-19 16-23-26,484,16.0812,38.0152
2019-05-19 16-23-28,484,16.0812,38.0446
2019-05-19 16-23-30,484,16.0995,38.0579
2019-05-19 16-23-32,483,16.1362,38.0579
2019-05-19 16-23-34,482,16.0828,38.0713
2019-05-19 16-23-36,482,16.1011,38.1006
2019-05-19 16-23-38,483,16.1011,38.0873
2019-05-19 16-23-40,483,16.0675,38.0873
2019-05-19 16-23-44,483,16.0278,38.0713
2019-05-19 16-23-46,482,16.0278,38.0873
2019-05-19 16-23-48,482,16.0492,38.114
2019-05-19 16-23-50,481,16.0126,38.1006
2019-05-19 16-23-52,482,16.0645,38.0713
2019-05-19 16-23-54,482,16.0812,38.0446
2019-05-19 16-23-56,481,16.0645,38.0446
2019-05-19 16-23-58,480,16.0812,38.0446
2019-05-19 16-24-02,481,16.0416,38.0285
2019-05-19 16-24-04,481,15.9912,38.0285
2019-05-19 16-24-06,479,16.0416,38.0152
2019-05-19 16-24-08,479,16.1865,38.0152
2019-05-19 16-24-10,478,16.0965,38.0018
2019-05-19 16-24-12,479,16.0965,38.0018
2019-05-19 16-24-14,479,16.095,37.9698
2019-05-19 16-24-17,479,16.0919,37.9297
2019-05-19 16-24-21,478,16.127,37.9137
2019-05-19 16-24-23,477,16.1652,37.9885
2019-05-19 16-24-25,476,16.1652,37.9698
2019-05-19 16-24-27,475,16.1316,38.0018
2019-05-19 16-24-29,474,16.0812,38.0446
2019-05-19 16-24-31,471,16.0995,38.0579
2019-05-19 16-24-33,464,16.0828,38.0579
2019-05-19 16-24-35,459,16.0828,38.0873
2019-05-19 16-24-39,459,16.0324,38.1434
2019-05-19 16-24-41,463,15.9805,38.1567
2019-05-19 16-24-43,461,15.9775,38.1273
2019-05-19 16-24-45,462,15.9805,38.1434
2019-05-19 16-24-47,463,15.9622,38.1273
2019-05-19 16-24-49,463,15.9088,38.1567
2019-05-19 16-24-51,464,15.9805,38.1567
2019-05-19 16-24-55,462,15.9805,38.1567
2019-05-19 16-24-57,462,15.889,38.1567
2019-05-19 16-24-59,463,15.9271,38.1567
2019-05-19 16-25-01,463,15.9622,38.1273
2019-05-19 16-25-03,462,15.9256,38.1273
2019-05-19 16-25-05,462,15.9958,38.1434
2019-05-19 16-25-07,458,15.9088,38.1434
2019-05-19 16-25-09,457,15.9622,38.1567
2019-05-19 16-25-13,458,15.9088,38.1567
2019-05-19 16-25-15,460,15.8859,38.114
2019-05-19 16-25-17,461,15.9088,38.1434
2019-05-19 16-25-19,462,15.8859,38.114
2019-05-19 16-25-21,463,15.9439,38.1273
2019-05-19 16-25-23,462,15.9256,38.1006
2019-05-19 16-25-25,463,15.9439,38.114
2019-05-19 16-25-27,462,15.9943,38.0873
2019-05-19 16-25-31,463,15.9592,38.0873
2019-05-19 16-25-33,463,15.9775,38.1006
2019-05-19 16-25-35,462,16.0278,38.0873
2019-05-19 16-25-37,462,16.0278,38.0713
2019-05-19 16-25-39,463,16.0461,38.1006
2019-05-19 16-25-41,463,16.0446,38.0446
2019-05-19 16-25-43,464,16.0095,38.0713
2019-05-19 16-25-45,465,16.0446,38.0713
2019-05-19 16-25-49,464,16.0263,38.0446
2019-05-19 16-25-51,464,16.0263,38.0285
2019-05-19 16-25-53,463,16.0233,38.0152
2019-05-19 16-25-55,463,16.0965,38.0018
2019-05-19 16-25-57,464,16.04,37.9431
2019-05-19 16-25-59,464,16.1087,37.887
2019-05-19 16-26-01,464,16.0553,37.9004
2019-05-19 16-26-03,463,16.1591,37.8576
2019-05-19 16-26-07,463,16.1743,37.8176
2019-05-19 16-26-09,462,16.1591,37.8309
2019-05-19 16-26-11,460,16.1743,37.8176
2019-05-19 16-26-13,460,16.2109,37.8176
2019-05-19 16-26-15,458,16.1407,37.8176
2019-05-19 16-26-17,456,16.1743,37.8309
2019-05-19 16-26-19,455,16.1957,37.8309
2019-05-19 16-26-21,456,16.1407,37.8176
2019-05-19 16-26-25,457,16.1041,37.8176
2019-05-19 16-26-27,457,16.1926,37.7882
2019-05-19 16-26-29,456,16.2109,37.8016
2019-05-19 16-26-31,457,16.2415,37.7188
2019-05-19 16-26-33,458,16.2415,37.6894
2019-05-19 16-26-35,456,16.275,37.676
2019-05-19 16-26-37,455,16.2735,37.6467
2019-05-19 16-26-39,456,16.3101,37.6627
2019-05-19 16-26-43,455,16.2384,37.676
2019-05-19 16-26-45,454,16.2567,37.6894
2019-05-19 16-26-47,454,16.2598,37.7028
2019-05-19 16-26-49,454,16.275,37.7028
2019-05-19 16-26-51,453,16.1697,37.7188
2019-05-19 16-26-53,453,16.2064,37.7028
2019-05-19 16-26-55,454,16.2598,37.7188
2019-05-19 16-26-57,452,16.2064,37.7321
2019-05-19 16-27-01,451,16.2247,37.7188
2019-05-19 16-27-03,451,16.2064,37.7028
2019-05-19 16-27-05,452,16.2384,37.6627
2019-05-19 16-27-07,450,16.2231,37.6894
2019-05-19 16-27-09,450,16.2247,37.7321
2019-05-19 16-27-11,449,16.1697,37.7455
2019-05-19 16-27-13,449,16.1179,37.7321
2019-05-19 16-27-17,450,16.1179,37.7188
2019-05-19 16-27-19,451,16.2048,37.676
2019-05-19 16-27-21,451,16.1865,37.6467
2019-05-19 16-27-23,452,16.2018,37.6333
2019-05-19 16-27-25,452,16.2003,37.6066
2019-05-19 16-27-27,452,16.2186,37.6066
2019-05-19 16-27-29,449,16.2506,37.5639
2019-05-19 16-27-31,449,16.2369,37.6066
2019-05-19 16-27-35,450,16.2888,37.6333
2019-05-19 16-27-37,449,16.2888,37.6333
2019-05-19 16-27-39,450,16.2735,37.6467
2019-05-19 16-27-41,450,16.2384,37.6627
2019-05-19 16-27-43,451,16.3055,37.62
2019-05-19 16-27-45,452,16.3025,37.5639
2019-05-19 16-27-47,452,16.3391,37.5212
2019-05-19 16-27-49,453,16.4062,37.4758
2019-05-19 16-27-53,453,16.3879,37.4624
2019-05-19 16-27-55,452,16.3895,37.4758
2019-05-19 16-27-57,451,16.4078,37.5212
2019-05-19 16-27-59,450,16.3559,37.5212
2019-05-19 16-28-01,453,16.3345,37.4491
2019-05-19 16-28-03,455,16.4215,37.4491
2019-05-19 16-28-05,457,16.4169,37.3796
2019-05-19 16-28-07,455,16.452,37.3369
2019-05-19 16-28-11,452,16.4886,37.3236
2019-05-19 16-28-13,447,16.5253,37.3636
2019-05-19 16-28-15,448,16.4932,37.4063
2019-05-19 16-28-17,446,16.4703,37.3796
2019-05-19 16-28-19,444,16.42,37.4063
2019-05-19 16-28-21,444,16.5085,37.393
2019-05-19 16-28-23,442,16.4032,37.4491
2019-05-19 16-28-25,439,16.3879,37.4624
2019-05-19 16-28-29,436,16.3559,37.5051
2019-05-19 16-28-31,431,16.3422,37.5639
2019-05-19 16-28-33,432,16.2186,37.5906
2019-05-19 16-28-35,431,16.2521,37.5906
2019-05-19 16-28-37,432,16.2201,37.6333
2019-05-19 16-28-39,432,16.2521,37.5906
2019-05-19 16-28-41,431,16.2018,37.62
2019-05-19 16-28-43,429,16.1469,37.6467
2019-05-19 16-28-47,430,16.1133,37.6627
2019-05-19 16-28-49,432,16.1316,37.6627
2019-05-19 16-28-51,432,16.2048,37.676
2019-05-19 16-28-53,432,16.1499,37.676
2019-05-19 16-28-55,433,16.1316,37.6627
2019-05-19 16-28-57,434,16.0599,37.6627
2019-05-19 16-28-59,434,16.0965,37.676
2019-05-19 16-29-01,435,16.0599,37.6627
2019-05-19 16-29-05,434,16.0629,37.7028
2019-05-19 16-29-07,434,16.0263,37.7028
2019-05-19 16-29-09,433,16.0263,37.7188
2019-05-19 16-29-11,433,15.9912,37.7321
2019-05-19 16-29-14,432,16.008,37.7028
2019-05-19 16-29-16,432,15.9546,37.7028
2019-05-19 16-29-18,432,15.9393,37.7028
2019-05-19 16-29-20,432,15.976,37.7615
2019-05-19 16-29-24,431,15.9073,37.7615
2019-05-19 16-29-26,431,15.976,37.7615
2019-05-19 16-29-28,432,15.9622,37.8176
2019-05-19 16-29-30,433,15.9958,37.7882
2019-05-19 16-29-32,434,15.9073,37.7749
2019-05-19 16-29-34,433,15.9256,37.8016
2019-05-19 16-29-36,433,15.9256,37.7749
2019-05-19 16-29-40,433,15.976,37.7455
2019-05-19 16-29-42,432,16.0095,37.7455
2019-05-19 16-29-44,430,15.9943,37.7455
2019-05-19 16-29-46,429,15.976,37.7615
2019-05-19 16-29-48,430,15.976,37.7321
2019-05-19 16-29-50,432,16.0263,37.6894
2019-05-19 16-29-52,432,16.0782,37.6627
2019-05-19 16-29-54,431,16.0919,37.5906
2019-05-19 16-29-58,431,16.1102,37.6066
2019-05-19 16-30-00,432,16.1102,37.5906
2019-05-19 16-30-02,431,16.127,37.5772
2019-05-19 16-30-04,430,16.1972,37.5505
2019-05-19 16-30-06,429,16.1423,37.5505
2019-05-19 16-30-08,429,16.1423,37.5505
2019-05-19 16-30-10,429,16.1789,37.5345
2019-05-19 16-30-12,429,16.1591,37.5212
2019-05-19 16-30-16,427,16.2796,37.4758
2019-05-19 16-30-18,427,16.2643,37.4918
2019-05-19 16-30-20,427,16.156,37.4758
2019-05-19 16-30-22,427,16.2109,37.4758
2019-05-19 16-30-24,426,16.1591,37.5051
2019-05-19 16-30-26,425,16.1789,37.5505
2019-05-19 16-30-28,426,16.069,37.5051
2019-05-19 16-30-30,427,16.1545,37.4491
2019-05-19 16-30-34,425,16.2247,37.4063
2019-05-19 16-30-36,424,16.2781,37.4063
2019-05-19 16-30-38,424,16.2781,37.4063
2019-05-19 16-30-40,425,16.2415,37.3636
2019-05-19 16-30-42,427,16.2384,37.3236
2019-05-19 16-30-44,427,16.2369,37.2942
2019-05-19 16-30-46,427,16.3574,37.2248
2019-05-19 16-30-48,426,16.3559,37.1954
2019-05-19 16-30-52,425,16.4398,37.1527
2019-05-19 16-30-54,426,16.4215,37.1126
2019-05-19 16-30-56,425,16.4566,37.0966
2019-05-19 16-30-58,423,16.5131,37.1527
2019-05-19 16-31-00,420,16.5131,37.1687
2019-05-19 16-31-02,413,16.5497,37.1687
2019-05-19 16-31-04,406,16.4429,37.182
2019-05-19 16-31-06,429,16.4246,37.1687
2019-05-19 16-31-10,431,16.4581,37.1687
2019-05-19 16-31-12,422,16.5314,37.1527
2019-05-19 16-31-14,421,16.4581,37.1527
2019-05-19 16-31-16,420,16.4398,37.1527
2019-05-19 16-31-18,415,16.4978,37.182
2019-05-19 16-31-20,416,16.4429,37.1687
2019-05-19 16-31-22,414,16.3391,37.2087
2019-05-19 16-31-26,412,16.3422,37.2381
2019-05-19 16-31-28,413,16.3422,37.2515
2019-05-19 16-31-30,410,16.3605,37.2808
2019-05-19 16-31-32,411,16.3788,37.2942
2019-05-19 16-31-34,410,16.2918,37.3369
2019-05-19 16-31-36,409,16.3483,37.3796
2019-05-19 16-31-38,408,16.246,37.4491
2019-05-19 16-31-40,411,16.2476,37.4918
2019-05-19 16-31-44,415,16.246,37.4758
2019-05-19 16-31-46,419,16.2094,37.4197
2019-05-19 16-31-48,425,16.1728,37.4197
2019-05-19 16-31-50,418,16.2247,37.4063
2019-05-19 16-31-52,418,16.243,37.4063
2019-05-19 16-31-54,422,16.243,37.4197
2019-05-19 16-31-56,428,16.2064,37.393
2019-05-19 16-31-58,433,16.2384,37.3369
2019-05-19 16-32-02,435,16.2018,37.3075
2019-05-19 16-32-04,432,16.2369,37.3075
2019-05-19 16-32-06,436,16.2872,37.2648
2019-05-19 16-32-08,430,16.2521,37.2942
2019-05-19 16-32-10,425,16.3467,37.3236
2019-05-19 16-32-12,422,16.3284,37.3236
2019-05-19 16-32-14,419,16.2415,37.3796
2019-05-19 16-32-16,421,16.2231,37.3796
2019-05-19 16-32-20,419,16.2094,37.4491
2019-05-19 16-32-22,417,16.2277,37.4624
2019-05-19 16-32-24,417,16.1957,37.4918
2019-05-19 16-32-26,419,16.2476,37.5212
2019-05-19 16-32-28,419,16.1819,37.5772
2019-05-19 16-32-30,419,16.1102,37.5906
2019-05-19 16-32-32,420,16.0583,37.6066
2019-05-19 16-32-36,421,16.1285,37.62
2019-05-19 16-32-38,423,16.0767,37.62
2019-05-19 16-32-40,424,16.0767,37.6066
2019-05-19 16-32-42,423,16.1469,37.62
2019-05-19 16-32-44,423,16.0767,37.6333
2019-05-19 16-32-46,424,16.095,37.6467
2019-05-19 16-32-48,424,16.0767,37.62
2019-05-19 16-32-50,426,16.0767,37.6333
2019-05-19 16-32-54,426,16.0919,37.5906
2019-05-19 16-32-56,424,16.0767,37.6066
2019-05-19 16-32-58,425,16.0736,37.5906
2019-05-19 16-33-00,427,16.1606,37.5505
2019-05-19 16-33-02,430,16.1407,37.4918
2019-05-19 16-33-04,439,16.2277,37.4491
2019-05-19 16-33-06,431,16.2781,37.4063
2019-05-19 16-33-08,428,16.2231,37.3796
2019-05-19 16-33-12,417,16.2064,37.4063
2019-05-19 16-33-14,417,16.2781,37.4197
2019-05-19 16-33-16,417,16.246,37.4491
2019-05-19 16-33-18,418,16.1926,37.4491
2019-05-19 16-33-20,421,16.1911,37.4357
2019-05-19 16-33-22,421,16.188,37.3796
2019-05-19 16-33-24,420,16.243,37.4197
2019-05-19 16-33-26,420,16.2598,37.4197
2019-05-19 16-33-30,419,16.243,37.4357
2019-05-19 16-33-32,420,16.1774,37.4758
2019-05-19 16-33-34,419,16.1926,37.4758
2019-05-19 16-33-36,418,16.1423,37.5345
2019-05-19 16-33-38,421,16.1407,37.5212
2019-05-19 16-33-40,423,16.0721,37.5212
2019-05-19 16-33-42,424,16.0355,37.5051
2019-05-19 16-33-44,424,16.1224,37.4918
2019-05-19 16-33-48,426,16.0904,37.5345
2019-05-19 16-33-50,424,16.1087,37.5505
2019-05-19 16-33-52,425,16.0538,37.5345
2019-05-19 16-33-54,426,16.069,37.5051
2019-05-19 16-33-56,429,16.1224,37.4918
2019-05-19 16-33-58,428,16.0507,37.4918
2019-05-19 16-34-00,427,16.0721,37.5212
2019-05-19 16-34-04,425,16.04,37.5906
2019-05-19 16-34-06,427,15.9851,37.6066
2019-05-19 16-34-08,425,16.0553,37.5772
2019-05-19 16-34-10,423,15.9348,37.6467
2019-05-19 16-34-12,421,15.976,37.7321
2019-05-19 16-34-14,417,15.834,37.7455
2019-05-19 16-34-16,423,15.7791,37.7028
2019-05-19 16-34-18,435,15.7608,37.6894
2019-05-19 16-34-22,441,15.7745,37.6467
2019-05-19 16-34-24,442,15.8081,37.62
2019-05-19 16-34-26,445,15.8432,37.5906
2019-05-19 16-34-28,445,15.8752,37.5212
2019-05-19 16-34-30,445,15.9271,37.4918
2019-05-19 16-34-32,432,15.9622,37.4758
2019-05-19 16-34-35,422,16.0355,37.4918
2019-05-19 16-34-37,422,15.9775,37.4758
2019-05-19 16-34-41,420,16.0141,37.5051
2019-05-19 16-34-43,419,15.9637,37.5345
2019-05-19 16-34-45,419,15.9821,37.5505
2019-05-19 16-34-47,416,15.9821,37.5345
2019-05-19 16-34-49,417,15.9805,37.5051
2019-05-19 16-34-51,417,15.9958,37.4918
2019-05-19 16-34-53,420,15.9943,37.4491
2019-05-19 16-34-55,420,16.0461,37.4063
2019-05-19 16-34-59,419,16.0461,37.3796
2019-05-19 16-35-01,415,16.0461,37.393
2019-05-19 16-35-03,414,16.0645,37.393
2019-05-19 16-35-05,412,16.1331,37.3636
2019-05-19 16-35-07,414,16.1316,37.3503
2019-05-19 16-35-09,413,16.0965,37.3369
2019-05-19 16-35-11,412,16.1331,37.3636
2019-05-19 16-35-13,412,16.1697,37.3636
2019-05-19 16-35-17,413,16.1682,37.3369
2019-05-19 16-35-19,415,16.1865,37.3236
2019-05-19 16-35-21,413,16.2384,37.3369
2019-05-19 16-35-23,410,16.0965,37.3636
2019-05-19 16-35-25,406,16.0995,37.4063
2019-05-19 16-35-27,411,16.0278,37.393
2019-05-19 16-35-29,414,16.0812,37.3636
2019-05-19 16-35-33,412,16.0278,37.393
2019-05-19 16-35-35,408,16.0812,37.3796
2019-05-19 16-35-37,406,16.0492,37.4197
2019-05-19 16-35-39,407,16.1148,37.3796
2019-05-19 16-35-41,409,16.0782,37.3503
2019-05-19 16-35-43,407,16.0629,37.3503
2019-05-19 16-35-45,407,16.1148,37.3503
2019-05-19 16-35-47,408,16.1453,37.2942
2019-05-19 16-35-51,407,16.2338,37.2515
2019-05-19 16-35-53,406,16.2186,37.2648
2019-05-19 16-35-55,400,16.2018,37.3075
2019-05-19 16-35-57,399,16.1331,37.3796
2019-05-19 16-35-59,397,16.1362,37.4197
2019-05-19 16-36-01,399,16.0812,37.393
2019-05-19 16-36-03,401,16.0645,37.4063
2019-05-19 16-36-05,399,16.0309,37.4197
2019-05-19 16-36-09,398,15.9775,37.4758
2019-05-19 16-36-11,398,15.9592,37.4624
2019-05-19 16-36-13,400,15.9805,37.5051
2019-05-19 16-36-15,399,15.9805,37.5212
2019-05-19 16-36-17,399,15.8768,37.5345
2019-05-19 16-36-19,400,15.8401,37.5639
2019-05-19 16-36-21,401,15.8768,37.5505
2019-05-19 16-36-23,402,15.8798,37.5772
2019-05-19 16-36-27,403,15.9805,37.5212
2019-05-19 16-36-29,405,15.9576,37.4197
2019-05-19 16-36-31,406,16.0812,37.393
2019-05-19 16-36-33,407,16.0782,37.3503
2019-05-19 16-36-35,407,16.0416,37.2942
2019-05-19 16-36-37,408,16.1423,37.2515
2019-05-19 16-36-39,409,16.1057,37.2087
2019-05-19 16-36-41,409,16.1606,37.2087
2019-05-19 16-36-45,408,16.2476,37.182
2019-05-19 16-36-47,408,16.1377,37.1527
2019-05-19 16-36-49,406,16.1041,37.1687
2019-05-19 16-36-51,406,16.1957,37.1954
2019-05-19 16-36-53,406,16.1606,37.2087
2019-05-19 16-36-55,405,16.214,37.2087
2019-05-19 16-36-57,404,16.2476,37.182
2019-05-19 16-36-59,405,16.2643,37.182
2019-05-19 16-37-03,405,16.2109,37.1687
2019-05-19 16-37-05,404,16.246,37.1393
2019-05-19 16-37-07,404,16.2277,37.1393
2019-05-19 16-37-09,404,16.2613,37.1393
2019-05-19 16-37-11,404,16.2094,37.1126
2019-05-19 16-37-13,403,16.2781,37.0966
2019-05-19 16-37-15,401,16.2292,37.1687
2019-05-19 16-37-19,399,16.2476,37.2087
2019-05-19 16-37-21,398,16.1819,37.2515
2019-05-19 16-37-23,396,16.1469,37.3075
2019-05-19 16-37-25,397,16.1133,37.3236
2019-05-19 16-37-27,396,16.0263,37.3236
2019-05-19 16-37-29,397,16.0049,37.3236
2019-05-19 16-37-31,398,15.9363,37.3369
2019-05-19 16-37-33,398,16.008,37.3636
2019-05-19 16-37-37,398,15.9912,37.4063
2019-05-19 16-37-39,397,15.9225,37.4197
2019-05-19 16-37-41,398,15.9409,37.4491
2019-05-19 16-37-43,396,15.9271,37.5051
2019-05-19 16-37-45,396,15.8936,37.5051
2019-05-19 16-37-47,397,15.8752,37.5051
2019-05-19 16-37-49,397,15.802,37.5051
2019-05-19 16-37-51,398,15.8035,37.5345
2019-05-19 16-37-55,398,15.8768,37.5639
2019-05-19 16-37-57,398,15.77,37.5639
2019-05-19 16-37-59,398,15.7883,37.5772
2019-05-19 16-38-01,398,15.8066,37.5772
2019-05-19 16-38-03,399,15.7898,37.5906
2019-05-19 16-38-05,398,15.8066,37.5772
2019-05-19 16-38-07,398,15.7898,37.62
2019-05-19 16-38-09,397,15.7562,37.6066
2019-05-19 16-38-13,395,15.8112,37.6467
2019-05-19 16-38-15,395,15.7944,37.7028
2019-05-19 16-38-17,396,15.7425,37.676
2019-05-19 16-38-19,398,15.7898,37.62
2019-05-19 16-38-21,399,15.7532,37.5772
2019-05-19 16-38-23,402,15.8569,37.5345
2019-05-19 16-38-25,402,15.8386,37.5051
2019-05-19 16-38-27,402,15.8539,37.5051
2019-05-19 16-38-31,403,15.8752,37.4918
2019-05-19 16-38-33,403,15.8936,37.5051
2019-05-19 16-38-35,403,15.8752,37.5051
2019-05-19 16-38-37,400,15.9119,37.5505
2019-05-19 16-38-39,401,15.9271,37.5212
2019-05-19 16-38-41,402,15.9805,37.5212
2019-05-19 16-38-43,403,15.9119,37.5212
2019-05-19 16-38-45,404,15.8569,37.5212
2019-05-19 16-38-49,404,15.8768,37.5345
2019-05-19 16-38-51,402,15.8768,37.5505
2019-05-19 16-38-53,401,15.9134,37.5639
2019-05-19 16-38-55,400,15.8401,37.5505
2019-05-19 16-38-57,400,15.8249,37.6066
2019-05-19 16-38-59,401,15.8264,37.6333
2019-05-19 16-39-01,401,15.8447,37.6333
2019-05-19 16-39-03,403,15.8112,37.6467
2019-05-19 16-39-07,401,15.8112,37.6627
2019-05-19 16-39-09,399,15.831,37.7028
2019-05-19 16-39-11,397,15.8157,37.7615
2019-05-19 16-39-13,401,15.744,37.7455
2019-05-19 16-39-15,402,15.657,37.8016
2019-05-19 16-39-17,403,15.7303,37.8176
2019-05-19 16-39-19,403,15.7486,37.8016
2019-05-19 16-39-23,403,15.7471,37.7882
2019-05-19 16-39-25,406,15.657,37.7882
2019-05-19 16-39-27,406,15.6738,37.7749
2019-05-19 16-39-29,405,15.744,37.7455
2019-05-19 16-39-31,405,15.7059,37.7188
2019-05-19 16-39-33,405,15.7257,37.7188
2019-05-19 16-39-35,404,15.7623,37.7455
2019-05-19 16-39-37,404,15.7608,37.7188
2019-05-19 16-39-41,405,15.7761,37.676
2019-05-19 16-39-43,407,15.8264,37.6467
2019-05-19 16-39-45,406,15.7425,37.676
2019-05-19 16-39-47,406,15.7928,37.6467
2019-05-19 16-39-49,404,15.7425,37.676
2019-05-19 16-39-51,404,15.8295,37.6894
2019-05-19 16-39-53,404,15.7745,37.62
2019-05-19 16-39-55,403,15.7578,37.6467
2019-05-19 16-39-59,401,15.7578,37.6627
2019-05-19 16-40-01,401,15.7074,37.7321
2019-05-19 16-40-03,399,15.6372,37.7321
2019-05-19 16-40-05,397,15.5838,37.7188
2019-05-19 16-40-07,395,15.5685,37.7321
2019-05-19 16-40-10,394,15.6204,37.7615
2019-05-19 16-40-12,395,15.6418,37.8016
2019-05-19 16-40-14,395,15.5884,37.8176
2019-05-19 16-40-18,395,15.5502,37.8016
2019-05-19 16-40-20,396,15.6601,37.8309
2019-05-19 16-40-22,395,15.5731,37.8576
2019-05-19 16-40-24,395,15.5914,37.8737
2019-05-19 16-40-26,395,15.5914,37.8576
2019-05-19 16-40-28,395,15.625,37.8576
2019-05-19 16-40-30,395,15.5365,37.8576
2019-05-19 16-40-32,395,15.5365,37.8737
2019-05-19 16-40-36,395,15.5518,37.8443
2019-05-19 16-40-38,396,15.5548,37.8576
2019-05-19 16-40-40,396,15.5914,37.8576
2019-05-19 16-40-42,395,15.5548,37.8737
2019-05-19 16-40-44,395,15.5548,37.8737
2019-05-19 16-40-46,394,15.5045,37.9137
2019-05-19 16-40-48,394,15.4877,37.9297
2019-05-19 16-40-50,393,15.5045,37.9297
2019-05-19 16-40-54,394,15.596,37.9297
2019-05-19 16-40-56,394,15.4861,37.9137
2019-05-19 16-40-58,393,15.451,37.9137
2019-05-19 16-41-00,393,15.5197,37.9004
2019-05-19 16-41-02,395,15.538,37.9137
2019-05-19 16-41-04,395,15.5548,37.887
2019-05-19 16-41-06,395,15.5228,37.9137
2019-05-19 16-41-10,395,15.5914,37.8737
2019-05-19 16-41-12,394,15.5914,37.8737
2019-05-19 16-41-14,394,15.538,37.887
2019-05-19 16-41-16,394,15.6097,37.8737
2019-05-19 16-41-18,394,15.593,37.9137
2019-05-19 16-41-20,394,15.5411,37.9297
2019-05-19 16-41-22,394,15.5563,37.9137
2019-05-19 16-41-24,394,15.5563,37.9004
2019-05-19 16-41-28,394,15.5563,37.9137
2019-05-19 16-41-30,394,15.5746,37.9004
2019-05-19 16-41-32,394,15.5548,37.887
2019-05-19 16-41-34,394,15.5746,37.9004
2019-05-19 16-41-36,394,15.5746,37.9004
2019-05-19 16-41-38,394,15.6464,37.887
2019-05-19 16-41-40,394,15.6281,37.8737
2019-05-19 16-41-42,394,15.5777,37.9137
2019-05-19 16-41-46,393,15.593,37.9004
2019-05-19 16-41-48,393,15.6296,37.9297
2019-05-19 16-41-50,393,15.6097,37.887
2019-05-19 16-41-52,393,15.6464,37.9004
2019-05-19 16-41-54,393,15.6647,37.9004
2019-05-19 16-41-56,393,15.6647,37.9297
2019-05-19 16-41-58,393,15.6281,37.887
2019-05-19 16-42-00,392,15.6982,37.887
2019-05-19 16-42-04,393,15.6982,37.9137
2019-05-19 16-42-06,393,15.6982,37.887
2019-05-19 16-42-08,392,15.6982,37.887
2019-05-19 16-42-10,393,15.7166,37.9297
2019-05-19 16-42-12,393,15.7532,37.9137
2019-05-19 16-42-14,392,15.7166,37.9297
2019-05-19 16-42-16,393,15.6982,37.9004
2019-05-19 16-42-18,393,15.6296,37.9137
2019-05-19 16-42-22,393,15.7532,37.887
2019-05-19 16-42-24,394,15.6982,37.9004
2019-05-19 16-42-26,395,15.6799,37.8737
2019-05-19 16-42-28,395,15.7516,37.8576
2019-05-19 16-42-30,395,15.7516,37.8576
2019-05-19 16-42-32,395,15.7333,37.8309
2019-05-19 16-42-34,396,15.712,37.8309
2019-05-19 16-42-38,396,15.7669,37.8176
2019-05-19 16-42-40,396,15.7852,37.8309
2019-05-19 16-42-42,396,15.7516,37.8443
2019-05-19 16-42-44,396,15.8218,37.8737
2019-05-19 16-42-46,395,15.7852,37.8443
2019-05-19 16-42-48,396,15.77,37.8737
2019-05-19 16-42-50,396,15.8035,37.8443
2019-05-19 16-42-52,397,15.77,37.8576
2019-05-19 16-42-56,396,15.7516,37.8443
2019-05-19 16-42-58,396,15.802,37.8309
2019-05-19 16-43-00,396,15.7333,37.8309
2019-05-19 16-43-02,396,15.7333,37.8576
2019-05-19 16-43-04,396,15.7669,37.8443
2019-05-19 16-43-06,396,15.7349,37.887
2019-05-19 16-43-08,396,15.712,37.8443
2019-05-19 16-43-10,396,15.715,37.8576
2019-05-19 16-43-14,395,15.6784,37.8443
2019-05-19 16-43-16,395,15.7333,37.8309
2019-05-19 16-43-18,395,15.6433,37.8443
2019-05-19 16-43-20,395,15.6784,37.8443
2019-05-19 16-43-22,395,15.6601,37.8443
2019-05-19 16-43-24,394,15.6784,37.8576
2019-05-19 16-43-26,394,15.7333,37.8576
2019-05-19 16-43-28,394,15.7486,37.8309
2019-05-19 16-43-32,395,15.6799,37.8737
2019-05-19 16-43-34,394,15.6967,37.8443
2019-05-19 16-43-36,395,15.6601,37.8176
2019-05-19 16-43-38,395,15.6754,37.8176
2019-05-19 16-43-40,395,15.7303,37.8016
2019-05-19 16-43-42,396,15.7104,37.8016
2019-05-19 16-43-44,395,15.7623,37.7455
2019-05-19 16-43-46,395,15.7608,37.7188
2019-05-19 16-43-50,395,15.7578,37.676
2019-05-19 16-43-52,395,15.7745,37.6333
2019-05-19 16-43-54,395,15.8249,37.5906
2019-05-19 16-43-56,395,15.8615,37.6066
2019-05-19 16-43-58,394,15.8585,37.5772
2019-05-19 16-44-00,395,15.8432,37.5906
2019-05-19 16-44-02,395,15.8798,37.6066
2019-05-19 16-44-04,395,15.8615,37.6333
2019-05-19 16-44-08,395,15.8447,37.6333
2019-05-19 16-44-10,394,15.8615,37.62
2019-05-19 16-44-12,393,15.8813,37.62
2019-05-19 16-44-14,393,15.8813,37.62
2019-05-19 16-44-16,393,15.8264,37.6467
2019-05-19 16-44-18,394,15.8798,37.5772
2019-05-19 16-44-20,394,15.8386,37.5345
2019-05-19 16-44-24,394,15.8569,37.5345
2019-05-19 16-44-26,393,15.8798,37.5772
2019-05-19 16-44-28,392,15.9317,37.5772
2019-05-19 16-44-30,393,15.9134,37.5906
2019-05-19 16-44-32,394,15.8951,37.5505
2019-05-19 16-44-34,394,15.9622,37.4758
2019-05-19 16-44-36,394,15.9409,37.4491
2019-05-19 16-44-38,393,15.9256,37.4758
2019-05-19 16-44-42,392,15.9988,37.5051
2019-05-19 16-44-44,391,15.9637,37.5345
2019-05-19 16-44-46,391,15.8951,37.5639
2019-05-19 16-44-48,392,15.8264,37.62
2019-05-19 16-44-50,392,15.7898,37.62
2019-05-19 16-44-52,391,15.7928,37.6467
2019-05-19 16-44-54,392,15.8447,37.6467
2019-05-19 16-44-56,393,15.7578,37.676
2019-05-19 16-45-00,393,15.8295,37.676
2019-05-19 16-45-02,393,15.7608,37.6894
2019-05-19 16-45-04,394,15.6876,37.6894
2019-05-19 16-45-06,394,15.7425,37.7028
2019-05-19 16-45-08,394,15.744,37.7321
2019-05-19 16-45-10,394,15.7059,37.7028
2019-05-19 16-45-12,394,15.6921,37.7615
2019-05-19 16-45-14,393,15.6738,37.7615
2019-05-19 16-45-18,393,15.7104,37.7749
2019-05-19 16-45-20,393,15.6418,37.8309
2019-05-19 16-45-22,393,15.625,37.8309
2019-05-19 16-45-24,394,15.6784,37.8309
2019-05-19 16-45-26,395,15.6601,37.8176
2019-05-19 16-45-28,396,15.6754,37.8176
2019-05-19 16-45-30,396,15.6418,37.8309
2019-05-19 16-45-34,398,15.6418,37.8176
2019-05-19 16-45-36,399,15.6601,37.8176
2019-05-19 16-45-38,398,15.6387,37.7749
2019-05-19 16-45-40,398,15.6067,37.8176
2019-05-19 16-45-42,399,15.6387,37.7615
2019-05-19 16-45-44,399,15.6891,37.7188
2019-05-19 16-45-46,399,15.7608,37.6894
2019-05-19 16-45-48,398,15.7028,37.6467
2019-05-19 16-45-53,399,15.7745,37.6467
2019-05-19 16-45-55,399,15.7211,37.6467
2019-05-19 16-45-57,398,15.744,37.7188
2019-05-19 16-45-59,398,15.7425,37.7028
2019-05-19 16-46-01,398,15.7608,37.7188
2019-05-19 16-46-03,397,15.7257,37.7321
2019-05-19 16-46-05,397,15.7623,37.7615
2019-05-19 16-46-07,397,15.744,37.7455
2019-05-19 16-46-11,396,15.6738,37.7749
2019-05-19 16-46-13,397,15.6891,37.7188
2019-05-19 16-46-15,397,15.7425,37.6627
2019-05-19 16-46-17,398,15.7562,37.6066
2019-05-19 16-46-19,398,15.8218,37.5505
2019-05-19 16-46-21,399,15.8035,37.5212
2019-05-19 16-46-23,398,15.8356,37.4918
2019-05-19 16-46-25,398,15.9256,37.4758
2019-05-19 16-46-29,398,15.9225,37.4357
2019-05-19 16-46-31,397,16.0492,37.4197
2019-05-19 16-46-33,396,16.008,37.3796
2019-05-19 16-46-35,396,15.9912,37.3796
2019-05-19 16-46-37,396,16.0629,37.3636
2019-05-19 16-46-39,396,16.0263,37.3369
2019-05-19 16-46-41,395,16.0263,37.3503
2019-05-19 16-46-43,395,16.0416,37.3236
2019-05-19 16-46-47,394,16.0629,37.3503
2019-05-19 16-46-49,394,16.0446,37.3636
2019-05-19 16-46-51,394,16.0629,37.3503
2019-05-19 16-46-53,394,15.9897,37.3503
2019-05-19 16-46-55,395,16.0782,37.3503
2019-05-19 16-46-57,395,16.0599,37.3236
2019-05-19 16-46-59,394,16.04,37.2808
2019-05-19 16-47-01,394,16.1087,37.2381
2019-05-19 16-47-05,395,16.124,37.2087
2019-05-19 16-47-07,395,16.2292,37.182
2019-05-19 16-47-09,395,16.1774,37.1527
2019-05-19 16-47-11,395,16.2277,37.1393
2019-05-19 16-47-13,395,16.2796,37.1393
2019-05-19 16-47-15,394,16.3345,37.1126
2019-05-19 16-47-17,394,16.3849,37.0966
2019-05-19 16-47-21,395,16.42,37.0966
2019-05-19 16-47-23,394,16.4017,37.0832
2019-05-19 16-47-25,394,16.3483,37.0699
2019-05-19 16-47-27,394,16.3513,37.126
2019-05-19 16-47-29,394,16.3528,37.1527
2019-05-19 16-47-31,393,16.2659,37.1954
2019-05-19 16-47-33,392,16.2155,37.2515
2019-05-19 16-47-35,392,16.2003,37.2648
2019-05-19 16-47-39,392,16.1285,37.2942
2019-05-19 16-47-41,392,16.1285,37.3075
2019-05-19 16-47-43,392,16.1148,37.3636
2019-05-19 16-47-45,393,16.008,37.3503
2019-05-19 16-47-47,393,16.0416,37.3236
2019-05-19 16-47-49,394,16.0049,37.3369
2019-05-19 16-47-51,394,16.095,37.3075
2019-05-19 16-47-53,393,16.0599,37.3369
2019-05-19 16-47-57,394,16.0965,37.3503
2019-05-19 16-47-59,394,16.0965,37.3636
2019-05-19 16-48-01,395,16.0782,37.3369
2019-05-19 16-48-03,395,16.1148,37.3503
2019-05-19 16-48-05,395,16.0812,37.3796
2019-05-19 16-48-07,395,16.1331,37.3796
2019-05-19 16-48-09,396,16.0461,37.393
2019-05-19 16-48-11,397,16.0812,37.3636
2019-05-19 16-48-15,398,16.0599,37.3236
2019-05-19 16-48-17,397,16.1652,37.2648
2019-05-19 16-48-19,396,16.2155,37.2515
2019-05-19 16-48-21,395,16.2521,37.2648
2019-05-19 16-48-23,395,16.3025,37.2515
2019-05-19 16-48-25,396,16.2689,37.2648
2019-05-19 16-48-27,397,16.2521,37.2648
2019-05-19 16-48-29,395,16.2323,37.2248
2019-05-19 16-48-33,394,16.2155,37.2515
2019-05-19 16-48-35,394,16.2186,37.2648
2019-05-19 16-48-37,393,16.2186,37.2808
2019-05-19 16-48-39,393,16.2704,37.2942
2019-05-19 16-48-41,394,16.2018,37.2942
2019-05-19 16-48-43,394,16.1972,37.2381
2019-05-19 16-48-45,394,16.2506,37.2515
2019-05-19 16-48-47,394,16.3605,37.2808
2019-05-19 16-48-51,394,16.2704,37.2942
2019-05-19 16-48-53,394,16.2552,37.3075
2019-05-19 16-48-55,394,16.2018,37.3236
2019-05-19 16-48-57,396,16.2018,37.2942
2019-05-19 16-48-59,396,16.1682,37.3075
2019-05-19 16-49-01,396,16.2201,37.3369
2019-05-19 16-49-03,396,16.1728,37.393
2019-05-19 16-49-07,396,16.1697,37.3796
2019-05-19 16-49-09,395,16.1514,37.4197
2019-05-19 16-49-11,397,16.1041,37.4918
2019-05-19 16-49-13,398,16.069,37.5051
2019-05-19 16-49-15,399,15.9821,37.5345
2019-05-19 16-49-17,399,15.9454,37.5345
2019-05-19 16-49-19,399,15.9637,37.5345
2019-05-19 16-49-21,400,16.0172,37.5212
2019-05-19 16-49-25,400,15.9668,37.5639
2019-05-19 16-49-27,401,15.95,37.6066
2019-05-19 16-49-29,401,15.95,37.5906
2019-05-19 16-49-31,401,15.9714,37.6467
2019-05-19 16-49-33,402,15.8981,37.62
2019-05-19 16-49-35,402,15.8813,37.6467
2019-05-19 16-49-37,402,15.8997,37.6467
2019-05-19 16-49-39,402,15.8997,37.6627
2019-05-19 16-49-43,402,15.863,37.6627
2019-05-19 16-49-45,402,15.8295,37.6627
2019-05-19 16-49-47,402,15.8478,37.6894
2019-05-19 16-49-49,402,15.8859,37.7188
2019-05-19 16-49-51,403,15.7944,37.7028
2019-05-19 16-49-53,403,15.7425,37.6894
2019-05-19 16-49-55,405,15.7745,37.6467
2019-05-19 16-49-57,406,15.7532,37.5772
2019-05-19 16-50-01,406,15.8066,37.5639
2019-05-19 16-50-03,405,15.8401,37.5772
2019-05-19 16-50-05,404,15.9485,37.5639
2019-05-19 16-50-07,404,15.8951,37.5639
2019-05-19 16-50-09,402,15.8798,37.5906
2019-05-19 16-50-11,401,15.8813,37.62
2019-05-19 16-50-13,401,15.8432,37.62
2019-05-19 16-50-17,402,15.8081,37.6066
2019-05-19 16-50-19,402,15.8081,37.6333
2019-05-19 16-50-21,402,15.7745,37.62
2019-05-19 16-50-23,402,15.7898,37.6066
2019-05-19 16-50-25,402,15.7715,37.5906
2019-05-19 16-50-27,401,15.8249,37.5772
2019-05-19 16-50-29,400,15.8218,37.5639
2019-05-19 16-50-31,400,15.8768,37.5639
2019-05-19 16-50-35,400,15.8768,37.5345
2019-05-19 16-50-37,399,15.8432,37.62
2019-05-19 16-50-39,398,15.8813,37.62
2019-05-19 16-50-41,396,15.8295,37.6627
2019-05-19 16-50-43,396,15.7791,37.7188
2019-05-19 16-50-45,396,15.7623,37.7321
2019-05-19 16-50-47,397,15.7257,37.7321
2019-05-19 16-50-49,398,15.7623,37.7615
2019-05-19 16-50-53,399,15.6921,37.7749
2019-05-19 16-50-55,400,15.6891,37.7188
2019-05-19 16-50-57,399,15.6555,37.7321
2019-05-19 16-50-59,400,15.7059,37.7028
2019-05-19 16-51-01,401,15.7059,37.6894
2019-05-19 16-51-03,402,15.8081,37.6333
2019-05-19 16-51-05,402,15.7394,37.6467
2019-05-19 16-51-07,402,15.8447,37.6467
2019-05-19 16-51-11,401,15.8264,37.6333
2019-05-19 16-51-13,401,15.8615,37.62
2019-05-19 16-51-15,402,15.8951,37.5772
2019-05-19 16-51-17,403,15.9119,37.5212
2019-05-19 16-51-19,403,15.9271,37.5051
2019-05-19 16-51-21,402,15.9454,37.5051
2019-05-19 16-51-23,401,15.9454,37.5345
2019-05-19 16-51-25,401,15.9485,37.5639
2019-05-19 16-51-29,401,15.8951,37.5639
2019-05-19 16-51-31,402,15.9454,37.5051
2019-05-19 16-51-33,402,15.9271,37.5051
2019-05-19 16-51-35,402,15.9088,37.4918
2019-05-19 16-51-38,401,15.9988,37.5051
2019-05-19 16-51-40,401,15.9775,37.4624
2019-05-19 16-51-42,402,15.9592,37.4624
2019-05-19 16-51-46,402,16.0126,37.4357
2019-05-19 16-51-48,401,16.0492,37.4197
2019-05-19 16-51-50,401,16.1362,37.4357
2019-05-19 16-51-52,400,16.1362,37.4197
2019-05-19 16-51-54,400,16.0828,37.4197
2019-05-19 16-51-56,399,16.0675,37.4357
2019-05-19 16-51-58,400,16.1179,37.4197
2019-05-19 16-52-00,400,16.0278,37.393
2019-05-19 16-52-04,401,16.0309,37.4063
2019-05-19 16-52-06,401,16.0461,37.4063
2019-05-19 16-52-08,400,15.976,37.4357
2019-05-19 16-52-10,399,16.0126,37.4624
2019-05-19 16-52-12,399,15.9409,37.4491
2019-05-19 16-52-14,398,15.9805,37.5051
2019-05-19 16-52-16,398,15.9119,37.5505
2019-05-19 16-52-18,397,15.9485,37.5505
2019-05-19 16-52-22,398,15.9302,37.5345
2019-05-19 16-52-24,398,15.9668,37.5639
2019-05-19 16-52-26,398,15.8951,37.5772
2019-05-19 16-52-28,399,15.9134,37.5639
2019-05-19 16-52-30,399,15.8569,37.5345
2019-05-19 16-52-32,399,15.9119,37.5345
2019-05-19 16-52-34,399,15.9271,37.4918
2019-05-19 16-52-36,399,15.9271,37.4918
2019-05-19 16-52-40,400,15.9622,37.4918
2019-05-19 16-52-42,400,15.9409,37.4491
2019-05-19 16-52-44,399,15.9622,37.4758
2019-05-19 16-52-46,398,15.9775,37.4624
2019-05-19 16-52-48,399,16.0324,37.4624
2019-05-19 16-52-50,398,16.0095,37.4063
2019-05-19 16-52-52,398,16.0828,37.4197
2019-05-19 16-52-54,397,16.0995,37.393
2019-05-19 16-52-58,397,16.1179,37.393
2019-05-19 16-53-00,397,16.188,37.393
2019-05-19 16-53-02,398,16.1514,37.393
2019-05-19 16-53-04,398,16.1011,37.4197
2019-05-19 16-53-06,398,15.9958,37.4624
2019-05-19 16-53-08,399,15.9943,37.4491
2019-05-19 16-53-10,399,16.0126,37.4491
2019-05-19 16-53-12,399,16.0324,37.4624
2019-05-19 16-53-16,400,15.9775,37.4491
2019-05-19 16-53-18,399,15.9775,37.4758
2019-05-19 16-53-20,399,15.9958,37.4624
2019-05-19 16-53-22,399,16.0675,37.4491
2019-05-19 16-53-24,399,16.0828,37.4197
2019-05-19 16-53-26,400,16.1011,37.4197
2019-05-19 16-53-28,400,16.1148,37.3636
2019-05-19 16-53-30,399,16.1697,37.3503
2019-05-19 16-53-34,400,16.2018,37.3236
2019-05-19 16-53-36,400,16.1865,37.3503
2019-05-19 16-53-38,400,16.0965,37.3503
2019-05-19 16-53-40,400,16.0278,37.3796
2019-05-19 16-53-42,400,16.1179,37.393
2019-05-19 16-53-44,401,16.1148,37.3503
2019-05-19 16-53-46,400,16.0812,37.3796
2019-05-19 16-53-50,400,16.1148,37.3796
2019-05-19 16-53-52,400,16.1362,37.4063
2019-05-19 16-53-54,399,16.0675,37.4357
2019-05-19 16-53-56,399,16.0126,37.4624
2019-05-19 16-53-58,399,16.069,37.4918
2019-05-19 16-54-00,398,16.0141,37.4918
2019-05-19 16-54-02,398,15.9988,37.5345
2019-05-19 16-54-04,399,16.037,37.5345
2019-05-19 16-54-08,399,16.0004,37.5639
2019-05-19 16-54-10,399,15.9317,37.5772
2019-05-19 16-54-12,398,15.9668,37.5772
2019-05-19 16-54-14,398,15.9821,37.5639
2019-05-19 16-54-16,399,15.9988,37.5345
2019-05-19 16-54-18,400,15.9988,37.5345
2019-05-19 16-54-20,400,15.9637,37.5212
2019-05-19 16-54-22,400,15.9119,37.5345
2019-05-19 16-54-26,401,15.9821,37.5345
2019-05-19 16-54-28,402,15.9454,37.5051
2019-05-19 16-54-30,402,15.9271,37.5051
2019-05-19 16-54-32,402,15.9622,37.5051
2019-05-19 16-54-34,403,15.9622,37.4918
2019-05-19 16-54-36,402,15.9637,37.5212
2019-05-19 16-54-38,402,15.9622,37.4918
2019-05-19 16-54-40,403,16.0309,37.4197
2019-05-19 16-54-44,403,16.0309,37.4197
2019-05-19 16-54-46,402,16.0278,37.393
2019-05-19 16-54-48,402,16.0812,37.3636
2019-05-19 16-54-50,402,16.0629,37.3796
2019-05-19 16-54-52,401,16.0828,37.4063
2019-05-19 16-54-54,401,16.0492,37.4357
2019-05-19 16-54-56,401,16.0675,37.4357
2019-05-19 16-54-58,401,16.0492,37.4357
2019-05-19 16-55-02,401,16.0309,37.4063
2019-05-19 16-55-04,401,16.0461,37.393
2019-05-19 16-55-06,401,16.0278,37.393
2019-05-19 16-55-08,401,16.0812,37.3796
2019-05-19 16-55-10,401,16.0995,37.393
2019-05-19 16-55-12,400,16.0095,37.4063
2019-05-19 16-55-14,400,16.0309,37.4197
2019-05-19 16-55-16,400,16.1362,37.4197
2019-05-19 16-55-20,402,16.0812,37.3796
2019-05-19 16-55-22,401,16.0812,37.3636
2019-05-19 16-55-24,401,16.0995,37.3796
2019-05-19 16-55-26,401,16.0645,37.393
2019-05-19 16-55-28,401,16.0645,37.4063
2019-05-19 16-55-30,401,16.0995,37.4063
2019-05-19 16-55-32,400,16.0461,37.393
2019-05-19 16-55-36,400,16.0461,37.393
2019-05-19 16-55-38,400,16.0278,37.3796
2019-05-19 16-55-40,400,16.0461,37.3796
2019-05-19 16-55-42,399,15.9912,37.4063
2019-05-19 16-55-44,398,16.0278,37.393
2019-05-19 16-55-46,398,16.0095,37.4063
2019-05-19 16-55-48,398,15.9912,37.393
2019-05-19 16-55-50,399,16.0446,37.3636
2019-05-19 16-55-54,399,15.9897,37.3636
2019-05-19 16-55-56,398,16.0049,37.3236
2019-05-19 16-55-58,398,16.0583,37.2942
2019-05-19 16-56-00,397,16.0553,37.2515
2019-05-19 16-56-02,396,16.0919,37.2648
2019-05-19 16-56-04,396,16.095,37.3236
2019-05-19 16-56-06,394,16.0599,37.3236
2019-05-19 16-56-08,394,16.0965,37.3369
2019-05-19 16-56-12,394,16.0446,37.3369
2019-05-19 16-56-14,393,16.1133,37.3369
2019-05-19 16-56-16,394,16.0629,37.3796
2019-05-19 16-56-18,393,16.0278,37.393
2019-05-19 16-56-20,393,16.0309,37.4357
2019-05-19 16-56-22,392,15.9943,37.4491
2019-05-19 16-56-24,392,15.9592,37.4624
2019-05-19 16-56-26,393,16.0324,37.4491
2019-05-19 16-56-30,393,15.976,37.4063
2019-05-19 16-56-32,393,15.9576,37.4063
2019-05-19 16-56-34,393,15.9393,37.4063
2019-05-19 16-56-36,394,15.9912,37.393
2019-05-19 16-56-38,394,16.0278,37.393
2019-05-19 16-56-40,395,16.008,37.3636
2019-05-19 16-56-42,395,16.0446,37.3636
2019-05-19 16-56-45,395,16.0278,37.3636
2019-05-19 16-56-49,396,16.0599,37.3369
2019-05-19 16-56-51,396,16.1469,37.3369
2019-05-19 16-56-53,395,16.1682,37.3236
2019-05-19 16-56-55,395,16.1133,37.3075
2019-05-19 16-56-57,395,16.1652,37.2648
2019-05-19 16-56-59,395,16.1285,37.2942
2019-05-19 16-57-01,395,16.0736,37.2648
2019-05-19 16-57-05,394,16.1453,37.2808
2019-05-19 16-57-07,394,16.0767,37.3075
2019-05-19 16-57-09,394,16.0767,37.3075
2019-05-19 16-57-11,393,16.0446,37.3503
2019-05-19 16-57-13,392,16.0629,37.3503
2019-05-19 16-57-15,392,15.9897,37.3369
2019-05-19 16-57-17,392,15.9576,37.393
2019-05-19 16-57-19,391,15.9393,37.393
2019-05-19 16-57-23,391,15.8859,37.4063
2019-05-19 16-57-25,391,15.8722,37.4491
2019-05-19 16-57-27,391,15.8356,37.4918
2019-05-19 16-57-29,390,15.8035,37.5212
2019-05-19 16-57-31,390,15.7883,37.5505
2019-05-19 16-57-33,390,15.7852,37.5345
2019-05-19 16-57-35,389,15.7379,37.5772
2019-05-19 16-57-37,388,15.7562,37.62
2019-05-19 16-57-41,388,15.7394,37.62
2019-05-19 16-57-43,389,15.6845,37.6333
2019-05-19 16-57-45,389,15.7425,37.6627
2019-05-19 16-57-47,389,15.6845,37.6333
2019-05-19 16-57-49,389,15.7394,37.6333
2019-05-19 16-57-51,389,15.7578,37.6467
2019-05-19 16-57-53,389,15.7394,37.6467
2019-05-19 16-57-55,389,15.7211,37.6333
2019-05-19 16-57-59,388,15.6693,37.6627
2019-05-19 16-58-01,388,15.6525,37.7028
2019-05-19 16-58-03,388,15.6708,37.7028
2019-05-19 16-58-05,388,15.6555,37.7321
2019-05-19 16-58-07,387,15.6708,37.7321
2019-05-19 16-58-09,388,15.6708,37.7321
2019-05-19 16-58-11,389,15.6708,37.7321
2019-05-19 16-58-13,389,15.6555,37.7455
2019-05-19 16-58-17,389,15.6891,37.7321
2019-05-19 16-58-19,388,15.6921,37.7615
2019-05-19 16-58-21,388,15.6738,37.7615
2019-05-19 16-58-23,388,15.7104,37.7749
2019-05-19 16-58-25,388,15.6754,37.8016
2019-05-19 16-58-27,389,15.7104,37.7882
2019-05-19 16-58-29,388,15.7303,37.7882
2019-05-19 16-58-31,388,15.6921,37.7882
2019-05-19 16-58-35,388,15.6738,37.7749
2019-05-19 16-58-37,388,15.657,37.7882
2019-05-19 16-58-39,387,15.6235,37.7882
2019-05-19 16-58-41,387,15.6738,37.7749
2019-05-19 16-58-43,386,15.6738,37.7615
2019-05-19 16-58-45,387,15.6555,37.7455
2019-05-19 16-58-47,387,15.6708,37.7321
2019-05-19 16-58-51,387,15.6204,37.7615
2019-05-19 16-58-53,387,15.6555,37.7455
2019-05-19 16-58-55,386,15.6372,37.7321
2019-05-19 16-58-57,386,15.6204,37.7455
2019-05-19 16-58-59,387,15.6738,37.7455
2019-05-19 16-59-01,386,15.6891,37.7455
2019-05-19 16-59-03,386,15.6738,37.7615
2019-05-19 16-59-05,387,15.6189,37.7321
2019-05-19 16-59-09,386,15.6021,37.7188
2019-05-19 16-59-11,387,15.7257,37.7188
2019-05-19 16-59-13,387,15.6525,37.7028
2019-05-19 16-59-15,387,15.6876,37.7028
2019-05-19 16-59-17,387,15.6708,37.7028
2019-05-19 16-59-19,387,15.6876,37.6894
2019-05-19 16-59-21,387,15.7425,37.7028
2019-05-19 16-59-23,387,15.7425,37.6627
2019-05-19 16-59-27,387,15.6845,37.6627
2019-05-19 16-59-29,386,15.7394,37.6333
2019-05-19 16-59-31,385,15.7745,37.6467
2019-05-19 16-59-33,384,15.7211,37.6467
2019-05-19 16-59-35,384,15.7379,37.5906
2019-05-19 16-59-37,384,15.7715,37.6066
2019-05-19 16-59-39,384,15.8066,37.5772
2019-05-19 16-59-41,385,15.7516,37.5212
2019-05-19 16-59-45,385,15.7883,37.5639
2019-05-19 16-59-47,384,15.8218,37.5345
2019-05-19 16-59-49,384,15.8203,37.4918
2019-05-19 16-59-51,384,15.8539,37.4918
2019-05-19 16-59-53,384,15.8722,37.4758
2019-05-19 16-59-55,384,15.8752,37.5051
2019-05-19 16-59-57,383,15.8905,37.4758
2019-05-19 16-59-59,383,15.8752,37.4918
2019-05-19 17-00-03,383,15.8203,37.5051
2019-05-19 17-00-05,383,15.8401,37.5772
2019-05-19 17-00-07,383,15.8066,37.5639
2019-05-19 17-00-09,383,15.7898,37.62
2019-05-19 17-00-11,384,15.8081,37.6333
2019-05-19 17-00-13,384,15.7578,37.6627
2019-05-19 17-00-15,385,15.7394,37.6467
2019-05-19 17-00-17,384,15.7211,37.6467
2019-05-19 17-00-21,385,15.7608,37.7028
2019-05-19 17-00-23,385,15.7425,37.7028
2019-05-19 17-00-25,385,15.6876,37.7028
2019-05-19 17-00-27,386,15.6372,37.7188
2019-05-19 17-00-29,386,15.6891,37.7321
2019-05-19 17-00-31,388,15.6876,37.7028
2019-05-19 17-00-33,387,15.6876,37.676
2019-05-19 17-00-37,388,15.6845,37.6627
2019-05-19 17-00-39,387,15.6693,37.6627
2019-05-19 17-00-41,388,15.7013,37.6333
2019-05-19 17-00-43,388,15.7379,37.5906
2019-05-19 17-00-45,389,15.7166,37.5505
2019-05-19 17-00-47,389,15.7333,37.5051
2019-05-19 17-00-49,389,15.7486,37.4918
2019-05-19 17-00-51,389,15.799,37.4491
2019-05-19 17-00-55,390,15.8157,37.4197
2019-05-19 17-00-57,390,15.921,37.3796
2019-05-19 17-00-59,388,15.8859,37.4063
2019-05-19 17-01-01,388,15.8722,37.4624
2019-05-19 17-01-03,388,15.8722,37.4491
2019-05-19 17-01-05,388,15.8524,37.4624
2019-05-19 17-01-07,388,15.8905,37.4758
2019-05-19 17-01-09,388,15.8173,37.4491
2019-05-19 17-01-13,388,15.889,37.4197
2019-05-19 17-01-15,388,15.9073,37.4357
2019-05-19 17-01-17,388,15.9073,37.4491
2019-05-19 17-01-19,387,15.8524,37.4491
2019-05-19 17-01-21,387,15.9073,37.4357
2019-05-19 17-01-23,387,15.8859,37.4063
2019-05-19 17-01-25,386,15.9897,37.3636
2019-05-19 17-01-27,386,16.0812,37.3636
2019-05-19 17-01-31,386,15.9943,37.4197
2019-05-19 17-01-33,387,15.9576,37.4197
2019-05-19 17-01-35,388,15.9576,37.4197
2019-05-19 17-01-37,387,15.8524,37.4357
2019-05-19 17-01-39,385,15.834,37.4197
2019-05-19 17-01-41,385,15.7471,37.4491
2019-05-19 17-01-43,387,15.7806,37.4357
2019-05-19 17-01-45,388,15.7806,37.4197
2019-05-19 17-01-49,387,15.7288,37.4063
2019-05-19 17-01-51,384,15.799,37.4624
2019-05-19 17-01-53,384,15.802,37.4918
2019-05-19 17-01-55,384,15.802,37.5051
2019-05-19 17-01-57,385,15.8035,37.5345
2019-05-19 17-01-59,385,15.7669,37.5212
2019-05-19 17-02-01,384,15.7166,37.5505
2019-05-19 17-02-03,385,15.7349,37.5639
2019-05-19 17-02-07,386,15.7196,37.5639
2019-05-19 17-02-09,387,15.6433,37.5345
2019-05-19 17-02-12,386,15.77,37.5505
2019-05-19 17-02-14,386,15.7196,37.5906
2019-05-19 17-02-16,385,15.7211,37.6066
2019-05-19 17-02-18,384,15.7211,37.62
2019-05-19 17-02-20,383,15.6662,37.62
2019-05-19 17-02-24,383,15.6509,37.676
2019-05-19 17-02-26,384,15.6845,37.6467
2019-05-19 17-02-28,384,15.6326,37.6467
2019-05-19 17-02-30,386,15.7211,37.62
2019-05-19 17-02-32,386,15.6281,37.5639
2019-05-19 17-02-34,386,15.6281,37.5639
2019-05-19 17-02-36,385,15.7883,37.5639
2019-05-19 17-02-38,386,15.6433,37.5505
2019-05-19 17-02-42,385,15.7516,37.5212
2019-05-19 17-02-44,385,15.7532,37.5505
2019-05-19 17-02-46,385,15.715,37.5051
2019-05-19 17-02-48,385,15.7516,37.5345
2019-05-19 17-02-50,385,15.7516,37.5212
2019-05-19 17-02-52,386,15.77,37.5505
2019-05-19 17-02-54,385,15.6433,37.5212
2019-05-19 17-02-56,386,15.7333,37.5212
2019-05-19 17-03-00,385,15.7669,37.5212
2019-05-19 17-03-02,386,15.7516,37.5345
2019-05-19 17-03-04,385,15.7516,37.5212
2019-05-19 17-03-06,385,15.7669,37.4918
2019-05-19 17-03-08,385,15.7486,37.5051
2019-05-19 17-03-10,385,15.6937,37.5051
2019-05-19 17-03-12,385,15.7516,37.5345
2019-05-19 17-03-14,385,15.6799,37.5505
2019-05-19 17-03-18,385,15.6433,37.5505
2019-05-19 17-03-20,385,15.6967,37.5212
2019-05-19 17-03-22,384,15.7166,37.5212
2019-05-19 17-03-24,385,15.6937,37.4918
2019-05-19 17-03-26,385,15.7303,37.4491
2019-05-19 17-03-28,385,15.7654,37.4624
2019-05-19 17-03-30,385,15.7471,37.4624
2019-05-19 17-03-32,384,15.7623,37.4357
2019-05-19 17-03-36,384,15.7837,37.4624
2019-05-19 17-03-38,384,15.802,37.4758
2019-05-19 17-03-40,384,15.7852,37.5212
2019-05-19 17-03-42,384,15.7166,37.5212
2019-05-19 17-03-44,384,15.6982,37.5639
2019-05-19 17-03-46,384,15.6799,37.5505
2019-05-19 17-03-48,384,15.6982,37.5639
2019-05-19 17-03-50,385,15.683,37.5906
2019-05-19 17-03-54,386,15.6799,37.5639
2019-05-19 17-03-56,386,15.6967,37.5212
2019-05-19 17-03-58,386,15.7486,37.5051
2019-05-19 17-04-00,386,15.7486,37.5051
2019-05-19 17-04-02,385,15.7333,37.5212
2019-05-19 17-04-04,386,15.715,37.5051
2019-05-19 17-04-06,386,15.7166,37.5345
2019-05-19 17-04-08,387,15.7516,37.5345
2019-05-19 17-04-12,388,15.6921,37.4491
2019-05-19 17-04-14,389,15.6708,37.393
2019-05-19 17-04-16,389,15.7425,37.3503
2019-05-19 17-04-18,388,15.7394,37.3075
2019-05-19 17-04-20,388,15.8264,37.2942
2019-05-19 17-04-22,387,15.8447,37.3236
2019-05-19 17-04-24,386,15.8112,37.3236
2019-05-19 17-04-26,386,15.8447,37.3075
2019-05-19 17-04-30,385,15.8615,37.2648
2019-05-19 17-04-32,386,15.8768,37.2087
2019-05-19 17-04-34,386,15.9256,37.126
2019-05-19 17-04-36,387,15.976,37.0832
2019-05-19 17-04-38,387,16.0416,36.9978
2019-05-19 17-04-40,387,16.0583,36.9684
2019-05-19 17-04-42,387,16.1636,36.9257
2019-05-19 17-04-44,387,16.1453,36.883
2019-05-19 17-04-48,387,16.1789,36.8696
2019-05-19 17-04-50,385,16.2277,36.8269
2019-05-19 17-04-52,384,16.2643,36.8269
2019-05-19 17-04-54,381,16.2643,36.8269
2019-05-19 17-04-56,376,16.2796,36.8135
2019-05-19 17-04-58,373,16.3345,36.8269
2019-05-19 17-05-00,366,16.3559,36.8696
2019-05-19 17-05-04,365,16.2827,36.8696
2019-05-19 17-05-06,364,16.3559,36.8563
2019-05-19 17-05-08,366,16.3528,36.8429
2019-05-19 17-05-10,366,16.3712,36.8269
2019-05-19 17-05-12,369,16.4062,36.8135
2019-05-19 17-05-14,371,16.3513,36.8002
2019-05-19 17-05-16,371,16.4032,36.8002
2019-05-19 17-05-18,372,16.3696,36.8002
2019-05-19 17-05-22,372,16.3879,36.8002
2019-05-19 17-05-24,371,16.3696,36.8135
2019-05-19 17-05-26,371,16.3193,36.8429
2019-05-19 17-05-28,370,16.2659,36.883
2019-05-19 17-05-30,369,16.2506,36.9257
2019-05-19 17-05-32,369,16.2521,36.9551
2019-05-19 17-05-34,367,16.2018,36.9684
2019-05-19 17-05-36,367,16.2018,36.9978
2019-05-19 17-05-40,368,16.1148,37.0539
2019-05-19 17-05-42,370,16.0995,37.0539
2019-05-19 17-05-44,372,16.1179,37.0966
2019-05-19 17-05-46,374,16.0828,37.1126
2019-05-19 17-05-48,375,16.1011,37.126
2019-05-19 17-05-50,375,16.0675,37.1126
2019-05-19 17-05-52,374,16.0141,37.1126
2019-05-19 17-05-54,375,16.0675,37.1393
2019-05-19 17-05-58,376,16.0507,37.1687
2019-05-19 17-06-00,376,16.0324,37.1393
2019-05-19 17-06-02,377,15.9958,37.1527
2019-05-19 17-06-04,376,16.0355,37.1687
2019-05-19 17-06-06,377,16.0355,37.1687
2019-05-19 17-06-08,377,15.9622,37.1527
2019-05-19 17-06-10,377,15.9439,37.1527
2019-05-19 17-06-12,379,15.9256,37.1527
2019-05-19 17-06-16,379,16.0324,37.1393
2019-05-19 17-06-18,379,16.0492,37.126
2019-05-19 17-06-20,379,16.0828,37.0966
2019-05-19 17-06-22,378,16.0278,37.0699
2019-05-19 17-06-24,378,16.0461,37.0539
2019-05-19 17-06-26,378,16.0446,37.0111
2019-05-19 17-06-28,379,16.1652,36.9684
2019-05-19 17-06-32,379,16.1499,36.9684
2019-05-19 17-06-34,379,16.1835,36.9818
2019-05-19 17-06-36,378,16.095,36.9818
2019-05-19 17-06-38,378,16.1514,37.0111
2019-05-19 17-06-40,378,16.0812,37.0539
2019-05-19 17-06-42,378,16.0812,37.0699
2019-05-19 17-06-44,378,16.0812,37.0539
2019-05-19 17-06-46,378,16.0461,37.0539
2019-05-19 17-06-50,378,16.1331,37.0832
2019-05-19 17-06-52,377,16.0492,37.0966
2019-05-19 17-06-54,378,16.0492,37.1126
2019-05-19 17-06-56,378,16.0141,37.1393
2019-05-19 17-06-58,378,16.0675,37.126
2019-05-19 17-07-00,378,16.0645,37.0966
2019-05-19 17-07-02,378,16.0675,37.126
2019-05-19 17-07-04,378,16.0324,37.1527
2019-05-19 17-07-08,378,16.0507,37.1527
2019-05-19 17-07-10,378,16.0324,37.1527
2019-05-19 17-07-12,379,16.069,37.1527
2019-05-19 17-07-14,380,16.0873,37.1687
2019-05-19 17-07-16,379,16.0355,37.1954
2019-05-19 17-07-18,380,16.0004,37.2248
2019-05-19 17-07-20,381,15.9302,37.2248
2019-05-19 17-07-22,381,15.9668,37.2515
2019-05-19 17-07-26,381,15.8798,37.2381
2019-05-19 17-07-28,382,15.8981,37.2648
2019-05-19 17-07-30,381,15.8813,37.2808
2019-05-19 17-07-32,382,15.8844,37.3236
2019-05-19 17-07-34,382,15.9164,37.3075
2019-05-19 17-07-36,382,15.8997,37.3369
2019-05-19 17-07-38,383,15.8844,37.3236
2019-05-19 17-07-40,384,15.8813,37.3075
2019-05-19 17-07-44,384,15.8997,37.3075
2019-05-19 17-07-46,385,15.8447,37.3075
2019-05-19 17-07-48,385,15.8447,37.3075
2019-05-19 17-07-50,385,15.8112,37.3503
2019-05-19 17-07-53,384,15.7944,37.3796
2019-05-19 17-07-55,384,15.8173,37.4491
2019-05-19 17-07-57,384,15.7837,37.4624
2019-05-19 17-07-59,384,15.715,37.4918
2019-05-19 17-08-03,384,15.7669,37.4918
2019-05-19 17-08-05,384,15.7349,37.5345
2019-05-19 17-08-07,385,15.6967,37.5345
2019-05-19 17-08-09,385,15.6967,37.5345
2019-05-19 17-08-11,385,15.6967,37.5505
2019-05-19 17-08-13,385,15.6464,37.5639
2019-05-19 17-08-15,386,15.6097,37.5639
2019-05-19 17-08-19,386,15.6616,37.5505
2019-05-19 17-08-21,387,15.625,37.5212
2019-05-19 17-08-23,387,15.6754,37.4758
2019-05-19 17-08-25,387,15.7288,37.4197
2019-05-19 17-08-27,388,15.7944,37.3636
2019-05-19 17-08-29,387,15.7761,37.3636
2019-05-19 17-08-31,387,15.7608,37.393
2019-05-19 17-08-33,385,15.7791,37.4063
2019-05-19 17-08-37,385,15.7471,37.4357
2019-05-19 17-08-39,385,15.7471,37.4357
2019-05-19 17-08-41,385,15.7288,37.4357
2019-05-19 17-08-43,385,15.6921,37.4491
2019-05-19 17-08-45,384,15.7486,37.4758
2019-05-19 17-08-47,384,15.7654,37.4758
2019-05-19 17-08-49,383,15.715,37.4918
2019-05-19 17-08-51,383,15.6967,37.5212
2019-05-19 17-08-55,384,15.715,37.5051
2019-05-19 17-08-57,383,15.6937,37.4918
2019-05-19 17-08-59,383,15.7333,37.5051
2019-05-19 17-09-01,383,15.7669,37.4918
2019-05-19 17-09-03,383,15.6784,37.5212
2019-05-19 17-09-05,383,15.6937,37.5051
2019-05-19 17-09-07,383,15.6433,37.5212
2019-05-19 17-09-09,383,15.6784,37.5212
2019-05-19 17-09-13,384,15.6464,37.5639
2019-05-19 17-09-15,384,15.5914,37.5212
2019-05-19 17-09-17,383,15.6601,37.5051
2019-05-19 17-09-19,382,15.6784,37.5345
2019-05-19 17-09-21,382,15.6784,37.5345
2019-05-19 17-09-23,382,15.7333,37.5051
2019-05-19 17-09-25,383,15.6433,37.5212
2019-05-19 17-09-27,383,15.6601,37.5212
2019-05-19 17-09-31,383,15.7333,37.5051
2019-05-19 17-09-33,382,15.6616,37.5345
2019-05-19 17-09-35,382,15.7196,37.5772
2019-05-19 17-09-37,382,15.6616,37.5345
2019-05-19 17-09-39,382,15.6967,37.5505
2019-05-19 17-09-41,382,15.6982,37.5906
2019-05-19 17-09-43,382,15.6296,37.5906
2019-05-19 17-09-45,382,15.6616,37.5505
2019-05-19 17-09-49,382,15.6616,37.5639
2019-05-19 17-09-51,382,15.6464,37.5906
2019-05-19 17-09-53,382,15.596,37.6066
2019-05-19 17-09-55,381,15.6479,37.6066
2019-05-19 17-09-57,381,15.596,37.62
2019-05-19 17-09-59,381,15.5792,37.6333
2019-05-19 17-10-01,382,15.5975,37.6467
2019-05-19 17-10-03,381,15.5975,37.6333
2019-05-19 17-10-07,381,15.5792,37.6333
2019-05-19 17-10-09,382,15.564,37.6467
2019-05-19 17-10-11,382,15.506,37.62
2019-05-19 17-10-13,382,15.5792,37.6333
2019-05-19 17-10-15,382,15.506,37.6333
2019-05-19 17-10-17,381,15.6296,37.62
2019-05-19 17-10-19,382,15.5975,37.6333
2019-05-19 17-10-23,382,15.6662,37.62
2019-05-19 17-10-25,382,15.593,37.5772
2019-05-19 17-10-27,382,15.5594,37.5906
2019-05-19 17-10-29,382,15.6113,37.5906
2019-05-19 17-10-31,382,15.6281,37.5505
2019-05-19 17-10-33,382,15.5594,37.5772
2019-05-19 17-10-35,382,15.6464,37.5639
2019-05-19 17-10-37,381,15.625,37.5345
2019-05-19 17-10-41,381,15.6601,37.5212
2019-05-19 17-10-43,380,15.6937,37.4758
2019-05-19 17-10-45,380,15.657,37.4758
2019-05-19 17-10-47,380,15.7669,37.5051
2019-05-19 17-10-49,379,15.6784,37.5212
2019-05-19 17-10-51,379,15.6967,37.5505
2019-05-19 17-10-53,379,15.6647,37.5772
2019-05-19 17-10-55,378,15.6647,37.6066
2019-05-19 17-10-59,378,15.6662,37.6333
2019-05-19 17-11-01,378,15.6845,37.6333
2019-05-19 17-11-03,378,15.5792,37.6467
2019-05-19 17-11-05,378,15.564,37.676
2019-05-19 17-11-07,379,15.5975,37.6627
2019-05-19 17-11-09,379,15.5792,37.6333
2019-05-19 17-11-11,379,15.5609,37.62
2019-05-19 17-11-13,379,15.5594,37.5906
2019-05-19 17-11-17,379,15.6967,37.5505
2019-05-19 17-11-19,379,15.6464,37.5772
2019-05-19 17-11-21,379,15.6433,37.5505
2019-05-19 17-11-23,379,15.6616,37.5639
2019-05-19 17-11-25,379,15.6937,37.5051
2019-05-19 17-11-27,379,15.7333,37.5051
2019-05-19 17-11-29,379,15.6754,37.4758
2019-05-19 17-11-31,380,15.7333,37.5051
2019-05-19 17-11-35,380,15.7669,37.4918
2019-05-19 17-11-37,380,15.6921,37.4624
2019-05-19 17-11-39,380,15.7623,37.4357
2019-05-19 17-11-41,380,15.7288,37.4063
2019-05-19 17-11-43,380,15.744,37.3796
2019-05-19 17-11-45,380,15.8127,37.393
2019-05-19 17-11-47,380,15.8859,37.3796
2019-05-19 17-11-49,380,15.918,37.3369
2019-05-19 17-11-53,380,16.0049,37.3075
2019-05-19 17-11-55,380,15.9866,37.2942
2019-05-19 17-11-57,380,15.9851,37.2808
2019-05-19 17-11-59,380,15.9821,37.2248
2019-05-19 17-12-01,380,16.037,37.2087
2019-05-19 17-12-03,379,16.0187,37.1954
2019-05-19 17-12-05,380,16.0675,37.1393
2019-05-19 17-12-09,379,16.0172,37.1527
2019-05-19 17-12-11,379,16.0141,37.1126
2019-05-19 17-12-13,379,16.0492,37.126
2019-05-19 17-12-15,378,16.0324,37.1393
2019-05-19 17-12-17,377,15.9256,37.1527
2019-05-19 17-12-19,377,15.9622,37.1687
2019-05-19 17-12-21,376,15.9622,37.1687
2019-05-19 17-12-23,377,15.9775,37.126
2019-05-19 17-12-27,376,16.0324,37.1393
2019-05-19 17-12-29,376,15.976,37.0966
2019-05-19 17-12-31,376,15.9958,37.1393
2019-05-19 17-12-33,375,15.9958,37.1393
2019-05-19 17-12-35,375,16.0172,37.182
2019-05-19 17-12-37,374,15.9821,37.2087
2019-05-19 17-12-39,374,15.9134,37.2515
2019-05-19 17-12-41,374,15.8981,37.2808
2019-05-19 17-12-45,374,15.863,37.3075
2019-05-19 17-12-47,374,15.9027,37.3503
2019-05-19 17-12-49,373,15.7944,37.3796
2019-05-19 17-12-51,374,15.8157,37.4063
2019-05-19 17-12-53,375,15.831,37.393
2019-05-19 17-12-55,375,15.7104,37.4197
2019-05-19 17-12-57,375,15.7654,37.4624
2019-05-19 17-12-59,375,15.715,37.4758
2019-05-19 17-13-03,376,15.6937,37.4758
2019-05-19 17-13-05,376,15.7486,37.4758
2019-05-19 17-13-07,376,15.6937,37.4758
2019-05-19 17-13-09,376,15.7333,37.5051
2019-05-19 17-13-11,376,15.6616,37.5345
2019-05-19 17-13-13,376,15.6433,37.5212
2019-05-19 17-13-15,377,15.6967,37.5212
2019-05-19 17-13-17,378,15.6601,37.4918
2019-05-19 17-13-21,380,15.712,37.4491
2019-05-19 17-13-23,379,15.7074,37.3796
2019-05-19 17-13-25,377,15.8478,37.3503
2019-05-19 17-13-27,377,15.8447,37.3369
2019-05-19 17-13-29,375,15.7928,37.3369
2019-05-19 17-13-31,373,15.8447,37.3236
2019-05-19 17-13-34,372,15.8997,37.3075
2019-05-19 17-13-36,372,15.863,37.2942
2019-05-19 17-13-40,374,15.8066,37.2648
2019-05-19 17-13-42,373,15.8066,37.2381
2019-05-19 17-13-44,373,15.7715,37.2381
2019-05-19 17-13-46,371,15.8066,37.2648
2019-05-19 17-13-48,370,15.8249,37.2515
2019-05-19 17-13-50,369,15.7715,37.2515
2019-05-19 17-13-52,368,15.8218,37.2087
2019-05-19 17-13-54,368,15.8203,37.1687
2019-05-19 17-13-58,368,15.8722,37.1393
2019-05-19 17-14-00,368,15.9042,37.0966
2019-05-19 17-14-02,367,16.0126,37.0966
2019-05-19 17-14-04,366,15.976,37.0966
2019-05-19 17-14-06,365,16.0461,37.0699
2019-05-19 17-14-08,364,16.0461,37.0539
2019-05-19 17-14-10,363,15.9546,37.0539
2019-05-19 17-14-14,363,16.0309,37.0832
2019-05-19 17-14-16,363,16.0126,37.0699
2019-05-19 17-14-18,363,15.9912,37.0832
2019-05-19 17-14-20,362,15.9592,37.126
2019-05-19 17-14-22,362,15.9622,37.1527
2019-05-19 17-14-24,362,15.9958,37.1687
2019-05-19 17-14-26,362,15.9119,37.1954
2019-05-19 17-14-28,362,15.9622,37.182
2019-05-19 17-14-32,362,15.9454,37.2087
2019-05-19 17-14-34,363,15.9637,37.1954
2019-05-19 17-14-36,363,15.9454,37.2087
2019-05-19 17-14-38,363,15.9302,37.2087
2019-05-19 17-14-40,364,15.9454,37.2087
2019-05-19 17-14-42,364,15.9302,37.2248
2019-05-19 17-14-44,365,15.9821,37.2381
2019-05-19 17-14-46,364,15.9134,37.2381
2019-05-19 17-14-50,365,15.8615,37.2381
2019-05-19 17-14-52,366,15.8401,37.2515
2019-05-19 17-14-54,367,15.8936,37.2087
2019-05-19 17-14-56,367,15.8936,37.1954
2019-05-19 17-14-58,367,15.8936,37.1954
2019-05-19 17-15-00,367,15.9088,37.182
2019-05-19 17-15-02,368,15.8356,37.1527
2019-05-19 17-15-04,367,15.8768,37.1954
2019-05-19 17-15-08,367,15.8768,37.2087
2019-05-19 17-15-10,367,15.8798,37.2381
2019-05-19 17-15-12,367,15.8615,37.2648
2019-05-19 17-15-14,367,15.8432,37.2942
2019-05-19 17-15-16,367,15.7242,37.3236
2019-05-19 17-15-18,368,15.7394,37.3236
2019-05-19 17-15-20,368,15.7578,37.3503
2019-05-19 17-15-22,369,15.7578,37.3503
2019-05-19 17-15-26,370,15.7242,37.3236
2019-05-19 17-15-28,371,15.683,37.2942
2019-05-19 17-15-30,371,15.7562,37.2808
2019-05-19 17-15-32,370,15.7852,37.2087
2019-05-19 17-15-34,371,15.8035,37.2248
2019-05-19 17-15-36,370,15.8768,37.1954
2019-05-19 17-15-38,370,15.8752,37.1687
2019-05-19 17-15-40,370,15.9637,37.1954
2019-05-19 17-15-44,370,15.9271,37.1954
2019-05-19 17-15-46,370,15.8768,37.1954
2019-05-19 17-15-48,370,15.9271,37.182
2019-05-19 17-15-50,369,15.8951,37.2248
2019-05-19 17-15-52,368,15.8768,37.2248
2019-05-19 17-15-54,367,15.8798,37.2515
2019-05-19 17-15-56,366,15.7532,37.2515
2019-05-19 17-15-58,367,15.8218,37.2087
2019-05-19 17-16-02,367,15.802,37.182
2019-05-19 17-16-04,368,15.8569,37.1687
2019-05-19 17-16-06,368,15.8905,37.1393
2019-05-19 17-16-08,368,15.9943,37.1126
2019-05-19 17-16-10,369,16.0492,37.0966
2019-05-19 17-16-12,368,16.0629,37.0539
2019-05-19 17-16-14,369,16.0095,37.0245
2019-05-19 17-16-16,369,16.0812,37.0378
2019-05-19 17-16-20,369,16.0629,37.0245
2019-05-19 17-16-22,368,15.9546,37.0378
2019-05-19 17-16-24,368,16.0446,37.0378
2019-05-19 17-16-26,367,16.0126,37.0699
2019-05-19 17-16-28,367,15.9775,37.1393
2019-05-19 17-16-30,366,15.9256,37.1527
2019-05-19 17-16-32,365,15.9088,37.1687
2019-05-19 17-16-36,365,15.8936,37.2087
2019-05-19 17-16-38,365,15.8936,37.2087
2019-05-19 17-16-40,365,15.8905,37.1687
2019-05-19 17-16-42,365,15.9088,37.182
2019-05-19 17-16-44,366,15.9271,37.1954
2019-05-19 17-16-46,366,15.9119,37.1954
2019-05-19 17-16-48,365,15.9119,37.2087
2019-05-19 17-16-50,365,15.8798,37.2648
2019-05-19 17-16-54,365,15.8264,37.3075
2019-05-19 17-16-56,365,15.7562,37.3075
2019-05-19 17-16-58,365,15.7761,37.3236
2019-05-19 17-17-00,364,15.7791,37.3796
2019-05-19 17-17-02,364,15.7791,37.393
2019-05-19 17-17-04,364,15.7288,37.4063
2019-05-19 17-17-06,364,15.6525,37.3796
2019-05-19 17-17-08,364,15.7288,37.4357
2019-05-19 17-17-12,363,15.7104,37.4197
2019-05-19 17-17-14,364,15.7288,37.4357
2019-05-19 17-17-16,363,15.6418,37.4918
2019-05-19 17-17-18,363,15.6601,37.4918
2019-05-19 17-17-20,363,15.6601,37.5212
2019-05-19 17-17-22,363,15.6097,37.5505
2019-05-19 17-17-24,364,15.5777,37.5772
2019-05-19 17-17-26,364,15.5594,37.5906
2019-05-19 17-17-30,364,15.538,37.5639
2019-05-19 17-17-32,364,15.538,37.5906
2019-05-19 17-17-34,364,15.5594,37.5906
2019-05-19 17-17-36,364,15.4877,37.6333
2019-05-19 17-17-38,363,15.509,37.6627
2019-05-19 17-17-40,363,15.5243,37.6333
2019-05-19 17-17-42,364,15.4724,37.6467
2019-05-19 17-17-44,365,15.4724,37.6333
2019-05-19 17-17-48,365,15.4877,37.6333
2019-05-19 17-17-50,366,15.4877,37.6333
2019-05-19 17-17-52,367,15.509,37.6627
2019-05-19 17-17-54,367,15.4358,37.62
2019-05-19 17-17-56,367,15.506,37.62
2019-05-19 17-17-58,367,15.5228,37.62
2019-05-19 17-18-00,366,15.419,37.6333
2019-05-19 17-18-02,366,15.4907,37.6627
2019-05-19 17-18-06,366,15.4556,37.676
2019-05-19 17-18-08,366,15.4037,37.7028
2019-05-19 17-18-10,366,15.4221,37.676
2019-05-19 17-18-12,366,15.4556,37.676
2019-05-19 17-18-14,367,15.4221,37.676
2019-05-19 17-18-16,368,15.4404,37.676
2019-05-19 17-18-18,368,15.4221,37.676
2019-05-19 17-18-20,368,15.4007,37.6894
2019-05-19 17-18-24,368,15.4007,37.6894
2019-05-19 17-18-26,367,15.4221,37.6894
2019-05-19 17-18-28,367,15.4404,37.6894
2019-05-19 17-18-30,367,15.4739,37.676
2019-05-19 17-18-32,367,15.4373,37.6627
2019-05-19 17-18-34,368,15.4556,37.6627
2019-05-19 17-18-36,368,15.4724,37.6333
2019-05-19 17-18-40,368,15.506,37.62
2019-05-19 17-18-42,369,15.4694,37.6066
2019-05-19 17-18-44,369,15.5594,37.5639
2019-05-19 17-18-46,369,15.5197,37.5505
2019-05-19 17-18-48,368,15.5365,37.5505
2019-05-19 17-18-50,366,15.538,37.5639
2019-05-19 17-18-52,364,15.5228,37.5906
2019-05-19 17-18-54,359,15.538,37.5639
2019-05-19 17-18-58,352,15.4877,37.6066
2019-05-19 17-19-00,355,15.5411,37.62
2019-05-19 17-19-02,358,15.4541,37.62
2019-05-19 17-19-04,357,15.5228,37.6066
2019-05-19 17-19-07,350,15.4877,37.62
2019-05-19 17-19-09,350,15.4556,37.6467
2019-05-19 17-19-11,351,15.4404,37.676
2019-05-19 17-19-13,352,15.4236,37.7028
2019-05-19 17-19-17,353,15.4037,37.7028
2019-05-19 17-19-19,357,15.4236,37.7188
2019-05-19 17-19-21,360,15.3687,37.7321
2019-05-19 17-19-23,362,15.3854,37.7188
2019-05-19 17-19-25,365,15.4053,37.7455
2019-05-19 17-19-27,365,15.4037,37.7321
2019-05-19 17-19-29,364,15.4037,37.7321
2019-05-19 17-19-31,361,15.4419,37.7188
2019-05-19 17-19-35,362,15.4053,37.7749
2019-05-19 17-19-37,362,15.3351,37.7455
2019-05-19 17-19-39,359,15.3534,37.7749
2019-05-19 17-19-41,358,15.3549,37.8016
2019-05-19 17-19-43,358,15.3214,37.8176
2019-05-19 17-19-45,359,15.3214,37.8016
2019-05-19 17-19-47,360,15.303,37.7882
2019-05-19 17-19-49,361,15.303,37.8016
2019-05-19 17-19-53,362,15.3732,37.8016
2019-05-19 17-19-55,362,15.39,37.7882
2019-05-19 17-19-57,365,15.3,37.7749
2019-05-19 17-19-59,365,15.3717,37.7615
2019-05-19 17-20-01,366,15.3671,37.7028
2019-05-19 17-20-03,366,15.3854,37.7028
2019-05-19 17-20-05,366,15.3854,37.7028
2019-05-19 17-20-07,366,15.3854,37.7028
2019-05-19 17-20-11,367,15.4007,37.6894
2019-05-19 17-20-13,367,15.4373,37.6467
2019-05-19 17-20-15,367,15.419,37.6333
2019-05-19 17-20-17,367,15.4541,37.62
2019-05-19 17-20-19,367,15.419,37.62
2019-05-19 17-20-21,366,15.4358,37.5906
2019-05-19 17-20-23,366,15.4358,37.62
2019-05-19 17-20-25,366,15.419,37.6333
2019-05-19 17-20-29,366,15.419,37.6467
2019-05-19 17-20-31,365,15.419,37.6467
2019-05-19 17-20-33,364,15.4556,37.6467
2019-05-19 17-20-35,365,15.4373,37.6333
2019-05-19 17-20-37,366,15.4877,37.6066
2019-05-19 17-20-39,365,15.4724,37.6333
2019-05-19 17-20-41,364,15.451,37.5772
2019-05-19 17-20-43,365,15.4648,37.5051
2019-05-19 17-20-47,365,15.4999,37.4918
2019-05-19 17-20-49,364,15.5365,37.5212
2019-05-19 17-20-51,364,15.5182,37.5345
2019-05-19 17-20-53,363,15.5182,37.5212
2019-05-19 17-20-55,362,15.5014,37.5345
2019-05-19 17-20-57,361,15.4694,37.5772
2019-05-19 17-20-59,362,15.4861,37.5639
2019-05-19 17-21-03,362,15.5014,37.5639
2019-05-19 17-21-05,363,15.5365,37.5212
2019-05-19 17-21-07,362,15.5182,37.5212
2019-05-19 17-21-09,362,15.4648,37.4918
2019-05-19 17-21-11,361,15.5182,37.5051
2019-05-19 17-21-13,361,15.4968,37.4624
2019-05-19 17-21-15,361,15.5151,37.4624
2019-05-19 17-21-17,361,15.4648,37.4918
2019-05-19 17-21-21,361,15.4816,37.4918
2019-05-19 17-21-23,361,15.4633,37.4758
2019-05-19 17-21-25,361,15.4816,37.4918
2019-05-19 17-21-27,360,15.5319,37.4624
2019-05-19 17-21-29,360,15.5319,37.4357
2019-05-19 17-21-31,360,15.6052,37.4357
2019-05-19 17-21-33,360,15.5884,37.4624
2019-05-19 17-21-35,359,15.5319,37.4624
2019-05-19 17-21-39,359,15.5182,37.5051
2019-05-19 17-21-41,360,15.5548,37.4918
2019-05-19 17-21-43,360,15.5731,37.4918
2019-05-19 17-21-45,360,15.5548,37.4758
2019-05-19 17-21-47,360,15.5182,37.5051
2019-05-19 17-21-49,361,15.5884,37.4918
2019-05-19 17-21-51,361,15.5334,37.5051
2019-05-19 17-21-53,361,15.5151,37.4758
2019-05-19 17-21-57,361,15.5548,37.4918
2019-05-19 17-21-59,362,15.6052,37.4624
2019-05-19 17-22-01,362,15.5884,37.4758
2019-05-19 17-22-03,362,15.6235,37.4758
2019-05-19 17-22-05,363,15.6235,37.4624
2019-05-19 17-22-07,363,15.6555,37.4197
2019-05-19 17-22-09,362,15.6372,37.4063
2019-05-19 17-22-11,363,15.6738,37.4197
2019-05-19 17-22-15,363,15.5869,37.4357
2019-05-19 17-22-17,363,15.5502,37.4197
2019-05-19 17-22-19,364,15.6158,37.3503
2019-05-19 17-22-21,365,15.7379,37.2648
2019-05-19 17-22-23,367,15.8356,37.1687
2019-05-19 17-22-25,367,15.9042,37.0832
2019-05-19 17-22-27,367,15.9546,37.0539
2019-05-19 17-22-29,365,15.9164,36.9818
2019-05-19 17-22-33,365,15.8951,36.9257
2019-05-19 17-22-35,363,15.8951,36.899
2019-05-19 17-22-37,362,15.8951,36.9257
2019-05-19 17-22-39,361,15.8478,36.9818
2019-05-19 17-22-41,359,15.8493,37.0245
2019-05-19 17-22-43,358,15.8844,37.0245
2019-05-19 17-22-45,358,15.8127,37.0378
2019-05-19 17-22-47,358,15.9027,37.0539
2019-05-19 17-22-51,355,15.8524,37.0539
2019-05-19 17-22-53,354,15.889,37.1126
2019-05-19 17-22-55,354,15.8203,37.182
2019-05-19 17-22-57,356,15.802,37.182
2019-05-19 17-22-59,356,15.7516,37.182
2019-05-19 17-23-01,358,15.7013,37.2248
2019-05-19 17-23-03,357,15.7379,37.2515
2019-05-19 17-23-05,356,15.6799,37.2515
2019-05-19 17-23-09,359,15.683,37.2942
2019-05-19 17-23-11,360,15.6662,37.2942
2019-05-19 17-23-13,361,15.7211,37.2808
2019-05-19 17-23-15,361,15.7028,37.2808
2019-05-19 17-23-17,357,15.6662,37.3075
2019-05-19 17-23-19,356,15.6326,37.3075
2019-05-19 17-23-21,356,15.5472,37.3503
2019-05-19 17-23-25,355,15.5655,37.3636
2019-05-19 17-23-27,356,15.4922,37.3636
2019-05-19 17-23-29,356,15.4419,37.4063
2019-05-19 17-23-31,357,15.5106,37.4063
2019-05-19 17-23-33,357,15.5655,37.3796
2019-05-19 17-23-35,357,15.5472,37.3636
2019-05-19 17-23-37,357,15.5823,37.3636
2019-05-19 17-23-39,357,15.5655,37.3636
2019-05-19 17-23-43,358,15.5823,37.3369
2019-05-19 17-23-45,358,15.5792,37.3236
2019-05-19 17-23-47,357,15.5792,37.3236
2019-05-19 17-23-49,359,15.6479,37.3075
2019-05-19 17-23-51,360,15.6662,37.2942
2019-05-19 17-23-53,359,15.6647,37.2648
2019-05-19 17-23-55,359,15.683,37.2808
2019-05-19 17-23-57,360,15.683,37.2808
2019-05-19 17-24-01,360,15.6143,37.2942
2019-05-19 17-24-03,360,15.596,37.2942
2019-05-19 17-24-05,360,15.6113,37.2648
2019-05-19 17-24-07,360,15.6647,37.2648
2019-05-19 17-24-09,360,15.6616,37.2381
2019-05-19 17-24-11,359,15.6616,37.2087
2019-05-19 17-24-13,358,15.6982,37.1954
2019-05-19 17-24-16,358,15.7166,37.2087
2019-05-19 17-24-20,357,15.6097,37.2248
2019-05-19 17-24-22,357,15.6296,37.2515
2019-05-19 17-24-24,356,15.596,37.2942
2019-05-19 17-24-26,355,15.5243,37.3369
2019-05-19 17-24-28,355,15.4907,37.3236
2019-05-19 17-24-30,356,15.4556,37.3503
2019-05-19 17-24-32,357,15.4907,37.3369
2019-05-19 17-24-34,357,15.5106,37.3796
2019-05-19 17-24-38,357,15.4739,37.3503
2019-05-19 17-24-40,356,15.4907,37.3075
2019-05-19 17-24-42,356,15.4556,37.3369
2019-05-19 17-24-44,356,15.4556,37.3369
2019-05-19 17-24-46,356,15.4007,37.2942
2019-05-19 17-24-48,356,15.4724,37.3236
2019-05-19 17-24-50,355,15.4541,37.2942
2019-05-19 17-24-52,355,15.5243,37.3075
2019-05-19 17-24-56,354,15.5777,37.2808
2019-05-19 17-24-58,355,15.596,37.2942
2019-05-19 17-25-00,354,15.506,37.3075
2019-05-19 17-25-02,355,15.5777,37.2808
2019-05-19 17-25-04,355,15.5609,37.2808
2019-05-19 17-25-06,356,15.5426,37.2648
2019-05-19 17-25-08,355,15.5411,37.2381
2019-05-19 17-25-10,354,15.5594,37.2648
2019-05-19 17-25-14,354,15.4724,37.2942
2019-05-19 17-25-16,353,15.4739,37.3369
2019-05-19 17-25-18,353,15.4739,37.3503
2019-05-19 17-25-20,353,15.4236,37.4063
2019-05-19 17-25-22,352,15.4419,37.4197
2019-05-19 17-25-24,353,15.4266,37.4197
2019-05-19 17-25-26,353,15.4266,37.4197
2019-05-19 17-25-28,353,15.39,37.4624
2019-05-19 17-25-32,353,15.4282,37.4758
2019-05-19 17-25-34,354,15.3732,37.4918
2019-05-19 17-25-36,354,15.3046,37.5051
2019-05-19 17-25-38,354,15.3229,37.5345
2019-05-19 17-25-40,354,15.3214,37.4918
2019-05-19 17-25-42,354,15.358,37.5051
2019-05-19 17-25-44,354,15.3397,37.5051
2019-05-19 17-25-46,354,15.2542,37.5505
2019-05-19 17-25-50,354,15.3595,37.5505
2019-05-19 17-25-52,354,15.3091,37.5772
2019-05-19 17-25-54,353,15.3275,37.6066
2019-05-19 17-25-56,353,15.2954,37.676
2019-05-19 17-25-58,353,15.2222,37.6627
2019-05-19 17-26-00,353,15.152,37.6333
2019-05-19 17-26-02,355,15.184,37.5772
2019-05-19 17-26-04,356,15.3046,37.5212
2019-05-19 17-26-08,356,15.2679,37.4918
2019-05-19 17-26-10,355,15.3732,37.4918
2019-05-19 17-26-12,355,15.3397,37.5051
2019-05-19 17-26-14,354,15.358,37.5051
2019-05-19 17-26-16,353,15.3076,37.5345
2019-05-19 17-26-18,353,15.3763,37.5505
2019-05-19 17-26-20,352,15.4312,37.5345
2019-05-19 17-26-22,353,15.4327,37.5505
2019-05-19 17-26-26,351,15.3809,37.6066
2019-05-19 17-26-28,352,15.3992,37.62
2019-05-19 17-26-30,351,15.3122,37.62
2019-05-19 17-26-32,352,15.3122,37.6333
2019-05-19 17-26-34,352,15.3122,37.6467
2019-05-19 17-26-36,353,15.2618,37.676
2019-05-19 17-26-38,353,15.2771,37.6627
2019-05-19 17-26-40,354,15.2069,37.676
2019-05-19 17-26-44,355,15.1855,37.6333
2019-05-19 17-26-46,355,15.2756,37.62
2019-05-19 17-26-48,356,15.3091,37.5772
2019-05-19 17-26-50,356,15.2893,37.5212
2019-05-19 17-26-52,358,15.3397,37.5051
2019-05-19 17-26-54,357,15.4816,37.4624
2019-05-19 17-26-56,358,15.509,37.3636
2019-05-19 17-27-00,360,15.5243,37.3075
2019-05-19 17-27-02,359,15.6097,37.2248
2019-05-19 17-27-04,358,15.5914,37.1954
2019-05-19 17-27-06,357,15.5182,37.1687
2019-05-19 17-27-08,358,15.5563,37.1954
2019-05-19 17-27-10,355,15.5182,37.2087
2019-05-19 17-27-12,356,15.5884,37.1527
2019-05-19 17-27-14,356,15.6387,37.126
2019-05-19 17-27-18,354,15.6967,37.1687
2019-05-19 17-27-20,352,15.6601,37.182
2019-05-19 17-27-22,350,15.7013,37.2381
2019-05-19 17-27-24,349,15.6433,37.2087
2019-05-19 17-27-26,348,15.6097,37.2248
2019-05-19 17-27-28,347,15.6982,37.2087
2019-05-19 17-27-30,346,15.6097,37.2248
2019-05-19 17-27-32,343,15.596,37.2648
2019-05-19 17-27-36,345,15.6464,37.2515
2019-05-19 17-27-38,348,15.596,37.2648
2019-05-19 17-27-40,347,15.596,37.2808
2019-05-19 17-27-42,349,15.6509,37.3236
2019-05-19 17-27-44,350,15.509,37.3369
2019-05-19 17-27-46,351,15.5243,37.3369
2019-05-19 17-27-48,352,15.4724,37.3236
2019-05-19 17-27-50,351,15.4541,37.3075
2019-05-19 17-27-54,351,15.4221,37.3369
2019-05-19 17-27-56,351,15.4556,37.3236
2019-05-19 17-27-58,352,15.4556,37.3369
2019-05-19 17-28-00,352,15.4221,37.3369
2019-05-19 17-28-02,352,15.3687,37.393
2019-05-19 17-28-04,352,15.3534,37.4197
2019-05-19 17-28-06,353,15.3687,37.4197
2019-05-19 17-28-08,354,15.4053,37.3636
2019-05-19 17-28-12,354,15.3488,37.3503
2019-05-19 17-28-14,355,15.3671,37.3503
2019-05-19 17-28-16,353,15.3854,37.3796
2019-05-19 17-28-18,351,15.3183,37.4197
2019-05-19 17-28-20,350,15.3046,37.5051
2019-05-19 17-28-22,350,15.2176,37.5639
2019-05-19 17-28-24,349,15.2023,37.5772
2019-05-19 17-28-26,345,15.1489,37.6066
2019-05-19 17-28-30,347,15.1154,37.6066
2019-05-19 17-28-32,352,15.1978,37.5051
2019-05-19 17-28-34,356,15.181,37.5505
2019-05-19 17-28-36,365,15.1794,37.5051
2019-05-19 17-28-38,373,15.2115,37.4491
2019-05-19 17-28-40,369,15.2298,37.4357
2019-05-19 17-28-42,366,15.2115,37.4491
2019-05-19 17-28-44,364,15.2496,37.4624
2019-05-19 17-28-48,360,15.2496,37.4624
2019-05-19 17-28-50,361,15.2893,37.5212
2019-05-19 17-28-52,365,15.2176,37.5639
2019-05-19 17-28-54,369,15.1978,37.5051
2019-05-19 17-28-56,373,15.2527,37.4918
2019-05-19 17-28-58,371,15.1947,37.4491
2019-05-19 17-29-00,367,15.303,37.4624
2019-05-19 17-29-02,362,15.3214,37.4624
2019-05-19 17-29-06,356,15.2679,37.4918
2019-05-19 17-29-08,351,15.1993,37.5639
2019-05-19 17-29-10,348,15.1672,37.6066
2019-05-19 17-29-12,358,15.1337,37.6066
2019-05-19 17-29-14,364,15.1474,37.5505
2019-05-19 17-29-16,365,15.1291,37.5505
2019-05-19 17-29-18,363,15.181,37.5505
2019-05-19 17-29-22,368,15.213,37.4758
2019-05-19 17-29-24,367,15.213,37.4624
2019-05-19 17-29-26,366,15.2634,37.4063
2019-05-19 17-29-28,364,15.2817,37.4063
2019-05-19 17-29-30,362,15.2985,37.3796
2019-05-19 17-29-32,358,15.3168,37.393
2019-05-19 17-29-34,357,15.3351,37.393
2019-05-19 17-29-36,357,15.3183,37.4197
2019-05-19 17-29-40,357,15.2267,37.4197
2019-05-19 17-29-42,355,15.2817,37.4197
2019-05-19 17-29-44,355,15.2481,37.4063
2019-05-19 17-29-46,353,15.303,37.4491
2019-05-19 17-29-48,354,15.2298,37.4624
2019-05-19 17-29-50,354,15.2313,37.4918
2019-05-19 17-29-52,354,15.2664,37.4491
2019-05-19 17-29-55,355,15.2527,37.5051
2019-05-19 17-29-59,357,15.2313,37.4758
2019-05-19 17-30-01,356,15.2313,37.4758
2019-05-19 17-30-03,356,15.2298,37.4491
2019-05-19 17-30-05,356,15.2115,37.4197
2019-05-19 17-30-07,358,15.2069,37.3636
2019-05-19 17-30-09,359,15.1886,37.3236
2019-05-19 17-30-11,358,15.2435,37.3503
2019-05-19 17-30-13,359,15.2618,37.3236
2019-05-19 17-30-17,357,15.2222,37.3236
2019-05-19 17-30-19,359,15.2756,37.2648
2019-05-19 17-30-21,359,15.3076,37.2381
2019-05-19 17-30-23,361,15.3351,37.0966
2019-05-19 17-30-25,362,15.4221,37.0378
2019-05-19 17-30-27,364,15.4556,36.9978
2019-05-19 17-30-29,364,15.5243,36.9257
2019-05-19 17-30-33,365,15.6281,36.883
2019-05-19 17-30-35,363,15.6418,36.8429
2019-05-19 17-30-37,363,15.7303,36.8002
2019-05-19 17-30-39,360,15.712,36.8002
2019-05-19 17-30-41,357,15.6937,36.7868
2019-05-19 17-30-43,359,15.7623,36.7575
2019-05-19 17-30-45,355,15.7623,36.7708
2019-05-19 17-30-47,346,15.7333,36.8429
2019-05-19 17-30-51,327,15.6784,36.8269
2019-05-19 17-30-53,342,15.6418,36.8135
2019-05-19 17-30-55,355,15.6555,36.7708
2019-05-19 17-30-57,351,15.6738,36.7441
2019-05-19 17-30-59,351,15.7104,36.7441
2019-05-19 17-31-01,344,15.744,36.7308
2019-05-19 17-31-03,342,15.7074,36.7014
2019-05-19 17-31-05,339,15.7761,36.7014
2019-05-19 17-31-09,338,15.8112,36.6747
2019-05-19 17-31-11,332,15.7761,36.688
2019-05-19 17-31-13,330,15.8112,36.7014
2019-05-19 17-31-15,329,15.7974,36.7441
2019-05-19 17-31-17,334,15.7791,36.7147
2019-05-19 17-31-19,335,15.8112,36.688
2019-05-19 17-31-21,335,15.8478,36.6587
2019-05-19 17-31-23,331,15.831,36.6747
2019-05-19 17-31-27,332,15.8295,36.6587
2019-05-19 17-31-29,333,15.9348,36.6587
2019-05-19 17-31-31,334,15.9683,36.632
2019-05-19 17-31-33,334,15.8981,36.632
2019-05-19 17-31-35,334,15.8997,36.6747
2019-05-19 17-31-37,333,15.8661,36.7014
2019-05-19 17-31-39,332,15.834,36.7441
2019-05-19 17-31-41,333,15.7654,36.8135
2019-05-19 17-31-45,333,15.7303,36.8269
2019-05-19 17-31-47,334,15.715,36.8563
2019-05-19 17-31-49,335,15.6982,36.8696
2019-05-19 17-31-51,336,15.6616,36.899
2019-05-19 17-31-53,338,15.6281,36.899
2019-05-19 17-31-55,340,15.593,36.899
2019-05-19 17-31-57,342,15.6464,36.9123
2019-05-19 17-31-59,344,15.6616,36.883
2019-05-19 17-32-03,346,15.6982,36.8563
2019-05-19 17-32-05,347,15.7486,36.8269
2019-05-19 17-32-07,347,15.799,36.7868
2019-05-19 17-32-09,347,15.8386,36.8002
2019-05-19 17-32-11,345,15.7837,36.8135
2019-05-19 17-32-13,344,15.7852,36.8696
2019-05-19 17-32-15,345,15.8035,36.8696
2019-05-19 17-32-19,345,15.7516,36.883
2019-05-19 17-32-21,346,15.7532,36.899
2019-05-19 17-32-23,346,15.77,36.899
2019-05-19 17-32-25,344,15.7166,36.883
2019-05-19 17-32-27,345,15.6464,36.9257
2019-05-19 17-32-29,345,15.6143,36.9818
2019-05-19 17-32-31,343,15.6006,37.0539
2019-05-19 17-32-33,343,15.5136,37.0966
2019-05-19 17-32-37,344,15.4648,37.1687
2019-05-19 17-32-39,346,15.4144,37.2087
2019-05-19 17-32-41,348,15.3992,37.2381
2019-05-19 17-32-43,350,15.3763,37.2087
2019-05-19 17-32-45,351,15.4312,37.2087
2019-05-19 17-32-47,353,15.3946,37.1687
2019-05-19 17-32-49,353,15.4648,37.182
2019-05-19 17-32-51,355,15.3763,37.1954
2019-05-19 17-32-55,355,15.3778,37.2248
2019-05-19 17-32-57,355,15.3412,37.2248
2019-05-19 17-32-59,354,15.3778,37.2381
2019-05-19 17-33-01,354,15.4327,37.2248
2019-05-19 17-33-03,354,15.3778,37.2248
2019-05-19 17-33-05,355,15.3778,37.2381
2019-05-19 17-33-07,357,15.358,37.182
2019-05-19 17-33-09,357,15.3763,37.182
2019-05-19 17-33-13,355,15.358,37.182
2019-05-19 17-33-15,355,15.3397,37.182
2019-05-19 17-33-17,356,15.3732,37.1687
2019-05-19 17-33-19,358,15.3214,37.1527
2019-05-19 17-33-21,356,15.3229,37.1954
2019-05-19 17-33-23,355,15.3992,37.2248
2019-05-19 17-33-25,356,15.3229,37.1954
2019-05-19 17-33-27,356,15.3229,37.2087
2019-05-19 17-33-31,353,15.3595,37.2248
2019-05-19 17-33-33,352,15.3809,37.2648
2019-05-19 17-33-35,353,15.3641,37.3075
2019-05-19 17-33-37,353,15.2771,37.3369
2019-05-19 17-33-39,355,15.2618,37.3636
2019-05-19 17-33-41,356,15.2435,37.3503
2019-05-19 17-33-43,356,15.2618,37.3636
2019-05-19 17-33-45,355,15.2435,37.3503
2019-05-19 17-33-49,354,15.2451,37.3796
2019-05-19 17-33-51,354,15.2069,37.3369
2019-05-19 17-33-53,354,15.1718,37.3796
2019-05-19 17-33-55,355,15.2771,37.3369
2019-05-19 17-33-57,354,15.2771,37.3075
2019-05-19 17-33-59,353,15.2451,37.3636
2019-05-19 17-34-01,353,15.3351,37.393
2019-05-19 17-34-05,353,15.2634,37.3796
2019-05-19 17-34-07,353,15.1901,37.393
2019-05-19 17-34-09,353,15.2618,37.3503
2019-05-19 17-34-11,354,15.2039,37.3236
2019-05-19 17-34-13,354,15.3641,37.3075
2019-05-19 17-34-15,354,15.3458,37.2808
2019-05-19 17-34-17,355,15.3778,37.2248
2019-05-19 17-34-19,354,15.4495,37.2248
2019-05-19 17-34-23,353,15.4648,37.182
2019-05-19 17-34-25,354,15.5182,37.182
2019-05-19 17-34-27,355,15.4999,37.182
2019-05-19 17-34-29,354,15.4816,37.1527
2019-05-19 17-34-31,354,15.4282,37.1687
2019-05-19 17-34-33,354,15.4633,37.1393
2019-05-19 17-34-35,355,15.4633,37.126
2019-05-19 17-34-37,354,15.5136,37.1126
2019-05-19 17-34-41,355,15.4953,37.0832
2019-05-19 17-34-43,355,15.5319,37.0832
2019-05-19 17-34-45,353,15.5319,37.0832
2019-05-19 17-34-47,353,15.4236,37.0699
2019-05-19 17-34-49,353,15.4739,37.0245
2019-05-19 17-34-51,352,15.5457,37.0111
2019-05-19 17-34-53,352,15.5106,37.0378
2019-05-19 17-34-55,351,15.5472,37.0539
2019-05-19 17-34-59,351,15.5106,37.0539
2019-05-19 17-35-01,351,15.5319,37.0539
2019-05-19 17-35-03,350,15.564,37.0245
2019-05-19 17-35-05,350,15.5319,37.0539
2019-05-19 17-35-07,351,15.5472,37.0378
2019-05-19 17-35-09,351,15.4922,37.0539
2019-05-19 17-35-11,351,15.5106,37.0699
2019-05-19 17-35-13,352,15.5106,37.0378
2019-05-19 17-35-17,352,15.5975,37.0111
2019-05-19 17-35-19,352,15.5273,36.9818
2019-05-19 17-35-21,352,15.5777,36.9551
2019-05-19 17-35-23,350,15.6158,36.9978
2019-05-19 17-35-25,349,15.564,37.0245
2019-05-19 17-35-27,350,15.5823,37.0378
2019-05-19 17-35-29,350,15.4739,37.0111
2019-05-19 17-35-33,348,15.4953,37.0832
2019-05-19 17-35-36,346,15.4968,37.1126
2019-05-19 17-35-38,341,15.4312,37.1954
2019-05-19 17-35-40,347,15.4144,37.2381
2019-05-19 17-35-42,355,15.3763,37.1954
2019-05-19 17-35-44,360,15.3229,37.2087
2019-05-19 17-35-46,352,15.3595,37.2381
2019-05-19 17-35-48,354,15.3992,37.2381
2019-05-19 17-35-52,356,15.4144,37.2087
2019-05-19 17-35-54,363,15.4129,37.1687
2019-05-19 17-35-56,369,15.477,37.0699
2019-05-19 17-35-58,371,15.6342,37.0111
2019-05-19 17-36-00,376,15.6464,36.9257
2019-05-19 17-36-02,371,15.6433,36.8563
2019-05-19 17-36-04,372,15.7303,36.8269
2019-05-19 17-36-06,364,15.715,36.8429
2019-05-19 17-36-10,360,15.657,36.8135
2019-05-19 17-36-12,360,15.7471,36.7708
2019-05-19 17-36-14,363,15.7974,36.7441
2019-05-19 17-36-16,367,15.8478,36.6747
2019-05-19 17-36-18,361,15.7944,36.7014
2019-05-19 17-36-20,357,15.7608,36.7147
2019-05-19 17-36-22,354,15.7425,36.7147
2019-05-19 17-36-24,349,15.7074,36.7014
2019-05-19 17-36-28,354,15.7608,36.7014
2019-05-19 17-36-30,349,15.744,36.7308
2019-05-19 17-36-32,352,15.7578,36.6747
2019-05-19 17-36-34,349,15.7349,36.5866
2019-05-19 17-36-36,351,15.8447,36.6026
2019-05-19 17-36-38,353,15.7852,36.5438
2019-05-19 17-36-40,356,15.7654,36.4744
2019-05-19 17-36-42,355,15.889,36.445
2019-05-19 17-36-46,356,15.8386,36.4744
2019-05-19 17-36-48,352,15.8722,36.4744
2019-05-19 17-36-50,347,15.8905,36.4878
2019-05-19 17-36-52,348,15.9088,36.5305
2019-05-19 17-36-54,350,15.9302,36.5732
2019-05-19 17-36-56,345,15.8447,36.632
2019-05-19 17-36-58,341,15.7791,36.7308
2019-05-19 17-37-00,341,15.6937,36.8002
2019-05-19 17-37-04,341,15.6601,36.8269
2019-05-19 17-37-06,343,15.625,36.8696
2019-05-19 17-37-08,345,15.5746,36.899
2019-05-19 17-37-10,344,15.4831,36.883
2019-05-19 17-37-12,346,15.5228,36.883
2019-05-19 17-37-14,347,15.5594,36.899
2019-05-19 17-37-16,346,15.5228,36.883
2019-05-19 17-37-18,348,15.538,36.883
2019-05-19 17-37-22,350,15.5731,36.8696
2019-05-19 17-37-24,351,15.4831,36.8696
2019-05-19 17-37-26,350,15.4999,36.8269
2019-05-19 17-37-28,351,15.5563,36.8563
2019-05-19 17-37-30,351,15.5563,36.883
2019-05-19 17-37-32,353,15.5594,36.9257
2019-05-19 17-37-34,352,15.4694,36.9257
2019-05-19 17-37-38,352,15.4694,36.9551
2019-05-19 17-37-40,352,15.419,36.9818
2019-05-19 17-37-42,352,15.4556,36.9978
2019-05-19 17-37-44,353,15.3854,36.9684
2019-05-19 17-37-46,352,15.4373,36.9818
2019-05-19 17-37-48,351,15.4404,37.0378
2019-05-19 17-37-50,350,15.39,37.0699
2019-05-19 17-37-52,351,15.3137,37.0378
2019-05-19 17-37-56,351,15.3351,37.0832
2019-05-19 17-37-58,350,15.3183,37.0966
2019-05-19 17-38-00,350,15.3397,37.1527
2019-05-19 17-38-02,351,15.2893,37.1954
2019-05-19 17-38-04,353,15.2176,37.2248
2019-05-19 17-38-06,354,15.1993,37.2248
2019-05-19 17-38-08,354,15.2725,37.2248
2019-05-19 17-38-10,354,15.1855,37.2808
2019-05-19 17-38-14,356,15.1855,37.2808
2019-05-19 17-38-16,356,15.1123,37.2087
2019-05-19 17-38-18,357,15.1627,37.1954
2019-05-19 17-38-20,357,15.1657,37.2381
2019-05-19 17-38-22,357,15.1306,37.2648
2019-05-19 17-38-24,356,15.1855,37.2808
2019-05-19 17-38-26,358,15.1016,37.3236
2019-05-19 17-38-28,358,15.1016,37.3236
2019-05-19 17-38-32,357,15.1169,37.3075
2019-05-19 17-38-34,357,15.0833,37.3236
2019-05-19 17-38-36,356,15.1199,37.3369
2019-05-19 17-38-38,356,15.0803,37.2942
2019-05-19 17-38-40,355,15.1031,37.3636
2019-05-19 17-38-42,356,15.0299,37.3636
2019-05-19 17-38-44,356,15.0146,37.4063
2019-05-19 17-38-46,356,15.0513,37.4197
2019-05-19 17-38-50,357,15.0513,37.4491
2019-05-19 17-38-52,356,15.0162,37.4491
2019-05-19 17-38-54,355,15.0375,37.5212
2019-05-19 17-38-56,356,14.9872,37.5345
2019-05-19 17-38-58,356,14.9323,37.5639
2019-05-19 17-39-00,357,14.9338,37.5906
2019-05-19 17-39-02,356,14.8651,37.6066
2019-05-19 17-39-04,357,14.8834,37.6467
2019-05-19 17-39-08,357,14.8865,37.676
2019-05-19 17-39-10,358,14.92,37.676
2019-05-19 17-39-12,359,14.8514,37.6894
2019-05-19 17-39-14,359,14.8361,37.7321
2019-05-19 17-39-16,359,14.8224,37.7749
2019-05-19 17-39-18,359,14.7858,37.8016
2019-05-19 17-39-20,359,14.7507,37.8443
2019-05-19 17-39-24,358,14.682,37.8576
2019-05-19 17-39-26,360,14.7003,37.8737
2019-05-19 17-39-28,363,14.6805,37.8016
2019-05-19 17-39-30,365,14.7324,37.8016
2019-05-19 17-39-32,367,14.7308,37.7749
2019-05-19 17-39-34,374,14.7629,37.7188
2019-05-19 17-39-36,384,14.7598,37.6627
2019-05-19 17-39-38,385,14.9323,37.5505
2019-05-19 17-39-42,383,15.0162,37.4357
2019-05-19 17-39-44,382,14.9796,37.4063
2019-05-19 17-39-46,371,15.0299,37.3796
2019-05-19 17-39-48,368,15.1199,37.3636
2019-05-19 17-39-50,362,15.0848,37.3636
2019-05-19 17-39-52,365,15.1535,37.3369
2019-05-19 17-39-54,362,15.184,37.2648
2019-05-19 17-39-56,358,15.2023,37.2808
2019-05-19 17-40-00,354,15.1489,37.2808
2019-05-19 17-40-02,351,15.152,37.2942
2019-05-19 17-40-04,347,15.1199,37.3636
2019-05-19 17-40-06,345,15.1062,37.4063
2019-05-19 17-40-08,347,15.065,37.3796
2019-05-19 17-40-10,346,15.0299,37.393
2019-05-19 17-40-12,346,15.0513,37.4357
2019-05-19 17-40-14,346,14.9979,37.4357
2019-05-19 17-40-18,348,15.0009,37.4624
2019-05-19 17-40-20,349,14.9643,37.4357
2019-05-19 17-40-22,350,14.9277,37.4491
2019-05-19 17-40-24,350,14.9658,37.4758
2019-05-19 17-40-26,350,14.9643,37.4624
2019-05-19 17-40-28,350,15.0528,37.4624
2019-05-19 17-40-30,352,15.0162,37.4491
2019-05-19 17-40-32,353,15.0146,37.393
2019-05-19 17-40-36,354,15.065,37.3636
2019-05-19 17-40-38,355,15.0986,37.2808
2019-05-19 17-40-40,355,15.1337,37.2808
2019-05-19 17-40-42,353,15.1489,37.2515
2019-05-19 17-40-44,353,15.1993,37.2087
2019-05-19 17-40-46,353,15.3076,37.2248
2019-05-19 17-40-48,353,15.271,37.182
2019-05-19 17-40-50,354,15.2863,37.1527
2019-05-19 17-40-54,354,15.3687,37.0699
2019-05-19 17-40-56,356,15.4221,37.0378
2019-05-19 17-40-58,356,15.509,36.9978
2019-05-19 17-41-00,355,15.5777,36.9257
2019-05-19 17-41-03,354,15.5243,36.9257
2019-05-19 17-41-05,352,15.5243,36.939
2019-05-19 17-41-07,351,15.4877,36.9551
2019-05-19 17-41-11,353,15.4861,36.9123
2019-05-19 17-41-13,354,15.5365,36.8269
2019-05-19 17-41-15,354,15.5182,36.8135
2019-05-19 17-41-17,354,15.4953,36.7708
2019-05-19 17-41-19,353,15.5472,36.7147
2019-05-19 17-41-21,353,15.6342,36.7147
2019-05-19 17-41-23,352,15.6891,36.688
2019-05-19 17-41-25,351,15.6891,36.7147
2019-05-19 17-41-29,350,15.6525,36.7147
2019-05-19 17-41-31,349,15.6158,36.7014
2019-05-19 17-41-33,349,15.6342,36.7014
2019-05-19 17-41-35,349,15.6326,36.6587
2019-05-19 17-41-37,349,15.6845,36.632
2019-05-19 17-41-39,348,15.7028,36.6453
2019-05-19 17-41-41,349,15.7028,36.632
2019-05-19 17-41-43,348,15.7379,36.6186
2019-05-19 17-41-47,347,15.8081,36.6453
2019-05-19 17-41-49,347,15.7745,36.632
2019-05-19 17-41-51,346,15.8081,36.632
2019-05-19 17-41-53,346,15.8478,36.6747
2019-05-19 17-41-55,345,15.7257,36.7147
2019-05-19 17-41-57,345,15.7074,36.7147
2019-05-19 17-41-59,344,15.6372,36.7441
2019-05-19 17-42-01,344,15.6204,36.7575
2019-05-19 17-42-05,342,15.5548,36.8429
2019-05-19 17-42-07,343,15.5197,36.8563
2019-05-19 17-42-09,344,15.5045,36.9123
2019-05-19 17-42-11,343,15.451,36.939
2019-05-19 17-42-13,345,15.4037,36.9818
2019-05-19 17-42-15,346,15.4007,36.9551
2019-05-19 17-42-17,347,15.4175,36.9257
2019-05-19 17-42-19,348,15.4678,36.883
2019-05-19 17-42-23,351,15.4648,36.8429
2019-05-19 17-42-25,352,15.4968,36.8135
2019-05-19 17-42-27,352,15.4999,36.8429
2019-05-19 17-42-29,350,15.5045,36.9123
2019-05-19 17-42-31,346,15.5426,36.9684
2019-05-19 17-42-33,342,15.39,37.0699
2019-05-19 17-42-35,361,15.387,37.0378
2019-05-19 17-42-37,395,15.3137,36.9978
2019-05-19 17-42-41,391,15.3458,36.9551
2019-05-19 17-42-43,388,15.3824,36.9551
2019-05-19 17-42-45,374,15.3854,36.9818
2019-05-19 17-42-47,374,15.4053,37.0539
2019-05-19 17-42-49,366,15.2847,37.1126
2019-05-19 17-42-51,367,15.2863,37.1687
2019-05-19 17-42-53,377,15.1627,37.182
2019-05-19 17-42-57,378,15.2847,37.126
2019-05-19 17-42-59,375,15.1932,37.0832
2019-05-19 17-43-01,376,15.3183,37.1126
2019-05-19 17-43-03,377,15.2847,37.0966
2019-05-19 17-43-05,377,15.3168,37.0832
2019-05-19 17-43-07,376,15.3351,37.0832
2019-05-19 17-43-09,372,15.3214,37.1393
2019-05-19 17-43-11,373,15.3229,37.182
2019-05-19 17-43-15,373,15.2344,37.1527
2019-05-19 17-43-17,374,15.2725,37.2248
2019-05-19 17-43-19,375,15.271,37.2087
2019-05-19 17-43-21,378,15.2161,37.1954
2019-05-19 17-43-23,378,15.2847,37.126
2019-05-19 17-43-25,376,15.2863,37.1527
2019-05-19 17-43-27,373,15.3046,37.1687
2019-05-19 17-43-29,369,15.271,37.1954
2019-05-19 17-43-33,369,15.2908,37.2381
2019-05-19 17-43-35,370,15.2206,37.2648
2019-05-19 17-43-37,370,15.1855,37.2942
2019-05-19 17-43-39,368,15.2069,37.3369
2019-05-19 17-43-41,372,15.1352,37.3503
2019-05-19 17-43-43,376,15.1337,37.3075
2019-05-19 17-43-45,378,15.1489,37.2515
2019-05-19 17-43-47,379,15.2023,37.2515
2019-05-19 17-43-51,379,15.2176,37.2515
2019-05-19 17-43-53,380,15.2908,37.2381
2019-05-19 17-43-55,381,15.3076,37.2248
2019-05-19 17-43-57,381,15.4816,37.1687
2019-05-19 17-43-59,382,15.4785,37.1126
2019-05-19 17-44-01,382,15.4236,37.0699
2019-05-19 17-44-03,380,15.4404,37.0245
2019-05-19 17-44-05,378,15.4556,37.0111
2019-05-19 17-44-09,375,15.4373,36.9978
2019-05-19 17-44-11,374,15.4739,37.0378
2019-05-19 17-44-13,370,15.3687,37.0832
2019-05-19 17-44-15,369,15.2863,37.1527
2019-05-19 17-44-17,368,15.2893,37.1954
2019-05-19 17-44-19,365,15.181,37.2248
2019-05-19 17-44-21,366,15.1489,37.2808
2019-05-19 17-44-23,366,15.1016,37.3236
2019-05-19 17-44-27,363,15.0848,37.3636
2019-05-19 17-44-29,365,15.1215,37.3796
2019-05-19 17-44-31,367,15.0879,37.4063
2019-05-19 17-44-33,369,15.0513,37.4357
2019-05-19 17-44-35,371,15.0665,37.4197
2019-05-19 17-44-37,371,15.0162,37.4491
2019-05-19 17-44-39,371,15.0162,37.4624
2019-05-19 17-44-41,372,15.0345,37.4758
2019-05-19 17-44-45,371,15.0391,37.5345
2019-05-19 17-44-47,371,15.0024,37.5051
2019-05-19 17-44-49,372,14.9139,37.5505
2019-05-19 17-44-51,373,14.9872,37.5639
2019-05-19 17-44-53,375,14.9872,37.5639
2019-05-19 17-44-55,375,14.9521,37.5505
2019-05-19 17-44-57,377,14.9139,37.5212
2019-05-19 17-45-01,378,14.8773,37.5212
2019-05-19 17-45-03,378,14.9841,37.5051
2019-05-19 17-45-05,377,15.0208,37.5212
2019-05-19 17-45-07,378,14.9841,37.5212
2019-05-19 17-45-09,378,14.9841,37.5212
2019-05-19 17-45-11,377,14.9521,37.5639
2019-05-19 17-45-13,376,15.0024,37.5212
2019-05-19 17-45-15,377,14.9872,37.5505
2019-05-19 17-45-19,377,14.9139,37.5212
2019-05-19 17-45-21,378,15.0009,37.4918
2019-05-19 17-45-23,377,15.0009,37.4624
2019-05-19 17-45-25,376,14.9826,37.4758
2019-05-19 17-45-27,375,14.9841,37.5051
2019-05-19 17-45-29,375,14.9826,37.4758
2019-05-19 17-45-31,375,14.9826,37.4758
2019-05-19 17-45-33,375,14.9841,37.5051
2019-05-19 17-45-37,375,15.0192,37.4918
2019-05-19 17-45-39,376,15.0162,37.4491
2019-05-19 17-45-41,375,15.0879,37.4063
2019-05-19 17-45-43,375,15.1031,37.393
2019-05-19 17-45-45,375,15.0146,37.4197
2019-05-19 17-45-47,375,15.0513,37.4197
2019-05-19 17-45-49,374,15.0146,37.4197
2019-05-19 17-45-51,373,15.0696,37.4357
2019-05-19 17-45-55,373,15.0482,37.4063
2019-05-19 17-45-57,372,15.1215,37.4197
2019-05-19 17-45-59,373,15.0345,37.4624
2019-05-19 17-46-01,373,15.033,37.4357
2019-05-19 17-46-03,373,15.0894,37.4624
2019-05-19 17-46-05,372,15.0345,37.4758
2019-05-19 17-46-07,372,15.0192,37.4918
2019-05-19 17-46-09,372,15.0711,37.4918
2019-05-19 17-46-13,372,15.0009,37.4918
2019-05-19 17-46-15,372,14.9841,37.4918
2019-05-19 17-46-17,372,15.0375,37.4918
2019-05-19 17-46-19,371,14.9506,37.4918
2019-05-19 17-46-21,370,15.0192,37.5051
2019-05-19 17-46-23,370,15.0024,37.5345
2019-05-19 17-46-25,370,15.0055,37.5505
2019-05-19 17-46-27,370,15.0391,37.5345
2019-05-19 17-46-31,371,14.9872,37.5505
2019-05-19 17-46-33,371,15.0009,37.4918
2019-05-19 17-46-35,372,14.9658,37.4918
2019-05-19 17-46-37,371,15.0528,37.4758
2019-05-19 17-46-40,371,15.1062,37.4197
2019-05-19 17-46-42,371,15.1382,37.393
2019-05-19 17-46-44,371,15.1566,37.3796
2019-05-19 17-46-46,371,15.1016,37.3503
2019-05-19 17-46-50,371,15.2252,37.3503
2019-05-19 17-46-52,370,15.2222,37.3369
2019-05-19 17-46-54,369,15.2588,37.2942
2019-05-19 17-46-56,369,15.3091,37.2648
2019-05-19 17-46-58,369,15.3442,37.2381
2019-05-19 17-47-00,369,15.3442,37.2515
2019-05-19 17-47-02,369,15.3091,37.2515
2019-05-19 17-47-06,368,15.2908,37.2381
2019-05-19 17-47-08,368,15.2573,37.2381
2019-05-19 17-47-10,367,15.239,37.2515
2019-05-19 17-47-12,367,15.239,37.2515
2019-05-19 17-47-14,366,15.2573,37.2381
2019-05-19 17-47-16,366,15.2908,37.2648
2019-05-19 17-47-18,366,15.2023,37.2648
2019-05-19 17-47-20,366,15.184,37.2648
2019-05-19 17-47-24,366,15.2176,37.2381
2019-05-19 17-47-26,367,15.2908,37.2515
2019-05-19 17-47-28,367,15.2725,37.2248
2019-05-19 17-47-30,367,15.2542,37.1954
2019-05-19 17-47-32,367,15.3046,37.182
2019-05-19 17-47-34,367,15.3412,37.1954
2019-05-19 17-47-36,367,15.2893,37.1954
2019-05-19 17-47-38,367,15.2863,37.1527
2019-05-19 17-47-42,367,15.303,37.1527
2019-05-19 17-47-44,367,15.303,37.1527
2019-05-19 17-47-46,367,15.3366,37.1393
2019-05-19 17-47-48,368,15.2847,37.126
2019-05-19 17-47-50,368,15.3534,37.0832
2019-05-19 17-47-52,369,15.39,37.0539
2019-05-19 17-47-54,369,15.3488,37.0245
2019-05-19 17-47-56,369,15.4053,37.0245
2019-05-19 17-48-00,369,15.4587,37.0539
2019-05-19 17-48-02,368,15.4236,37.0832
2019-05-19 17-48-04,368,15.4266,37.0966
2019-05-19 17-48-06,368,15.4282,37.1527
2019-05-19 17-48-08,368,15.3229,37.1954
2019-05-19 17-48-10,369,15.3763,37.2087
2019-05-19 17-48-12,369,15.3229,37.2087
2019-05-19 17-48-16,370,15.3076,37.2248
2019-05-19 17-48-18,371,15.2893,37.2087
2019-05-19 17-48-20,371,15.3549,37.1527
2019-05-19 17-48-22,371,15.3534,37.0966
2019-05-19 17-48-24,371,15.3687,37.0832
2019-05-19 17-48-26,371,15.4083,37.0699
2019-05-19 17-48-28,371,15.4266,37.0966
2019-05-19 17-48-30,371,15.4099,37.1527
2019-05-19 17-48-34,371,15.3946,37.1393
2019-05-19 17-48-36,372,15.3214,37.1687
2019-05-19 17-48-38,371,15.3214,37.1687
2019-05-19 17-48-40,371,15.3549,37.126
2019-05-19 17-48-42,372,15.3214,37.1393
2019-05-19 17-48-44,372,15.3732,37.1393
2019-05-19 17-48-46,371,15.3717,37.126
2019-05-19 17-48-48,372,15.4099,37.1126
2019-05-19 17-48-52,372,15.3351,37.0966
2019-05-19 17-48-54,372,15.3717,37.0966
2019-05-19 17-48-56,372,15.4602,37.0966
2019-05-19 17-48-58,372,15.5136,37.0966
2019-05-19 17-49-00,372,15.4633,37.126
2019-05-19 17-49-02,372,15.4266,37.0966
2019-05-19 17-49-04,372,15.477,37.0832
2019-05-19 17-49-06,372,15.5685,37.0832
2019-05-19 17-49-10,372,15.5319,37.0699
2019-05-19 17-49-12,372,15.5655,37.0699
2019-05-19 17-49-14,372,15.5106,37.0539
2019-05-19 17-49-16,371,15.477,37.0699
2019-05-19 17-49-18,372,15.4953,37.0832
2019-05-19 17-49-20,371,15.4816,37.1393
2019-05-19 17-49-22,371,15.3732,37.1527
2019-05-19 17-49-24,372,15.4099,37.1393
2019-05-19 17-49-28,372,15.4099,37.1527
2019-05-19 17-49-30,372,15.358,37.182
2019-05-19 17-49-32,372,15.358,37.1954
2019-05-19 17-49-34,372,15.3229,37.1954
2019-05-19 17-49-36,373,15.3595,37.2087
2019-05-19 17-49-38,372,15.3412,37.2087
2019-05-19 17-49-40,373,15.3229,37.1954
2019-05-19 17-49-44,373,15.3046,37.182
2019-05-19 17-49-46,373,15.3763,37.182
2019-05-19 17-49-48,373,15.303,37.1527
2019-05-19 17-49-50,374,15.3397,37.1687
2019-05-19 17-49-52,373,15.3763,37.2087
2019-05-19 17-49-54,373,15.4129,37.1954
2019-05-19 17-49-56,374,15.358,37.182
2019-05-19 17-49-58,374,15.3229,37.2087
2019-05-19 17-50-02,373,15.2908,37.2515
2019-05-19 17-50-04,373,15.3992,37.2648
2019-05-19 17-50-06,374,15.2588,37.3075
2019-05-19 17-50-08,374,15.3122,37.3236
2019-05-19 17-50-10,375,15.2725,37.2381
2019-05-19 17-50-12,376,15.3076,37.2087
2019-05-19 17-50-14,376,15.3076,37.2087
2019-05-19 17-50-16,376,15.3412,37.1954
2019-05-19 17-50-20,377,15.3214,37.1527
2019-05-19 17-50-22,377,15.3534,37.1126
2019-05-19 17-50-24,377,15.3915,37.126
2019-05-19 17-50-26,377,15.3717,37.126
2019-05-19 17-50-28,377,15.3946,37.1527
2019-05-19 17-50-30,376,15.4465,37.1527
2019-05-19 17-50-32,376,15.4129,37.1687
2019-05-19 17-50-34,376,15.3732,37.1687
2019-05-19 17-50-38,375,15.3946,37.1687
2019-05-19 17-50-40,376,15.3946,37.1687
2019-05-19 17-50-42,376,15.4129,37.182
2019-05-19 17-50-44,376,15.3763,37.182
2019-05-19 17-50-46,375,15.3763,37.182
2019-05-19 17-50-48,375,15.3229,37.1954
2019-05-19 17-50-50,375,15.3412,37.2087
2019-05-19 17-50-52,376,15.3732,37.1687
2019-05-19 17-50-56,376,15.3595,37.2087
2019-05-19 17-50-58,376,15.3763,37.2087
2019-05-19 17-51-00,376,15.3229,37.182
2019-05-19 17-51-02,375,15.3763,37.182
2019-05-19 17-51-04,376,15.358,37.1954
2019-05-19 17-51-06,376,15.3961,37.182
2019-05-19 17-51-08,376,15.3046,37.1954
2019-05-19 17-51-10,375,15.4129,37.1954
2019-05-19 17-51-14,375,15.3397,37.182
2019-05-19 17-51-16,376,15.3961,37.2087
2019-05-19 17-51-18,376,15.3763,37.1954
2019-05-19 17-51-20,377,15.4312,37.1954
2019-05-19 17-51-22,377,15.3961,37.1954
2019-05-19 17-51-24,377,15.3763,37.1954
2019-05-19 17-51-26,376,15.4312,37.182
2019-05-19 17-51-30,376,15.4816,37.1687
2019-05-19 17-51-32,377,15.4999,37.1527
2019-05-19 17-51-34,377,15.4968,37.1126
2019-05-19 17-51-36,377,15.4633,37.126
2019-05-19 17-51-38,377,15.5151,37.1393
2019-05-19 17-51-40,377,15.4785,37.126
2019-05-19 17-51-42,377,15.4266,37.126
2019-05-19 17-51-44,377,15.5151,37.1393
2019-05-19 17-51-48,378,15.4785,37.1126
2019-05-19 17-51-50,378,15.5151,37.1393
2019-05-19 17-51-52,378,15.4816,37.1393
2019-05-19 17-51-54,378,15.4816,37.1687
2019-05-19 17-51-56,378,15.4648,37.182
2019-05-19 17-51-58,378,15.4831,37.1954
2019-05-19 17-52-00,379,15.4495,37.2087
2019-05-19 17-52-02,379,15.3961,37.2087
2019-05-19 17-52-06,380,15.4327,37.2248
2019-05-19 17-52-08,380,15.451,37.2515
2019-05-19 17-52-10,381,15.451,37.2381
2019-05-19 17-52-12,381,15.4861,37.2381
2019-05-19 17-52-14,382,15.4861,37.2381
2019-05-19 17-52-16,383,15.4495,37.2087
2019-05-19 17-52-18,383,15.4312,37.182
2019-05-19 17-52-20,383,15.5884,37.1687
2019-05-19 17-52-25,383,15.4999,37.1687
2019-05-19 17-52-27,384,15.5884,37.1527
2019-05-19 17-52-29,384,15.5548,37.1527
2019-05-19 17-52-31,385,15.5685,37.1126
2019-05-19 17-52-33,385,15.5502,37.0966
2019-05-19 17-52-35,386,15.6021,37.0832
2019-05-19 17-52-37,386,15.5472,37.0378
2019-05-19 17-52-39,386,15.5823,37.0111
2019-05-19 17-52-43,386,15.7425,37.0111
2019-05-19 17-52-45,386,15.6693,37.0111
2019-05-19 17-52-47,387,15.6509,36.9978
2019-05-19 17-52-49,386,15.6509,37.0111
2019-05-19 17-52-51,386,15.6479,36.9684
2019-05-19 17-52-53,387,15.6693,36.9978
2019-05-19 17-52-55,387,15.6479,36.9551
2019-05-19 17-52-57,387,15.7379,36.9257
2019-05-19 17-53-01,388,15.7898,36.9551
2019-05-19 17-53-03,388,15.7013,36.9257
2019-05-19 17-53-05,389,15.7883,36.9257
2019-05-19 17-53-07,388,15.7883,36.899
2019-05-19 17-53-09,388,15.8066,36.939
2019-05-19 17-53-11,388,15.7532,36.9123
2019-05-19 17-53-13,388,15.7562,36.939
2019-05-19 17-53-15,388,15.7211,36.9551
2019-05-19 17-53-19,388,15.7578,36.9818
2019-05-19 17-53-21,389,15.7745,36.9684
2019-05-19 17-53-23,389,15.7394,36.9684
2019-05-19 17-53-25,390,15.8081,36.9551
2019-05-19 17-53-27,390,15.7028,36.9551
2019-05-19 17-53-29,390,15.7242,37.0111
2019-05-19 17-53-31,389,15.6921,37.0699
2019-05-19 17-53-33,389,15.6387,37.0966
2019-05-19 17-53-37,389,15.5701,37.1393
2019-05-19 17-53-39,389,15.4816,37.1527
2019-05-19 17-53-41,390,15.4999,37.182
2019-05-19 17-53-43,389,15.5563,37.1954
2019-05-19 17-53-45,390,15.5151,37.1527
2019-05-19 17-53-47,391,15.5518,37.1393
2019-05-19 17-53-49,391,15.5869,37.1126
2019-05-19 17-53-53,391,15.6372,37.0699
2019-05-19 17-53-55,392,15.6525,37.0378
2019-05-19 17-53-57,391,15.6693,37.0245
2019-05-19 17-53-59,390,15.7761,37.0111
2019-05-19 17-54-01,390,15.7394,36.9978
2019-05-19 17-54-03,391,15.7761,36.9978
2019-05-19 17-54-05,390,15.7074,37.0378
2019-05-19 17-54-07,389,15.6372,37.0699
2019-05-19 17-54-11,390,15.6372,37.0832
2019-05-19 17-54-13,391,15.6006,37.0539
2019-05-19 17-54-15,392,15.6158,37.0245
2019-05-19 17-54-17,392,15.7059,37.0111
2019-05-19 17-54-19,392,15.7562,36.9684
2019-05-19 17-54-21,393,15.8081,36.9551
2019-05-19 17-54-23,393,15.7562,36.939
2019-05-19 17-54-25,393,15.8218,36.883
2019-05-19 17-54-29,392,15.8585,36.8696
2019-05-19 17-54-31,392,15.8569,36.8269
2019-05-19 17-54-33,391,15.8203,36.8429
2019-05-19 17-54-35,391,15.77,36.8696
2019-05-19 17-54-37,391,15.8401,36.8696
2019-05-19 17-54-39,391,15.715,36.8563
2019-05-19 17-54-41,390,15.77,36.883
2019-05-19 17-54-43,389,15.7532,36.9123
2019-05-19 17-54-47,389,15.7532,36.899
2019-05-19 17-54-49,389,15.7516,36.8696
2019-05-19 17-54-51,388,15.77,36.8696
2019-05-19 17-54-53,388,15.7349,36.899
2019-05-19 17-54-55,388,15.7883,36.899
2019-05-19 17-54-57,389,15.7516,36.8696
2019-05-19 17-54-59,389,15.7852,36.8563
2019-05-19 17-55-01,389,15.7013,36.899
2019-05-19 17-55-05,389,15.7379,36.939
2019-05-19 17-55-07,389,15.6876,36.9818
2019-05-19 17-55-09,388,15.7242,37.0111
2019-05-19 17-55-11,388,15.6555,37.0699
2019-05-19 17-55-13,388,15.6204,37.1126
2019-05-19 17-55-15,388,15.6052,37.1393
2019-05-19 17-55-17,389,15.5884,37.1527
2019-05-19 17-55-21,389,15.5548,37.1527
2019-05-19 17-55-23,389,15.5701,37.1527
2019-05-19 17-55-25,389,15.6235,37.1393
2019-05-19 17-55-27,389,15.5014,37.1954
2019-05-19 17-55-29,390,15.538,37.182
2019-05-19 17-55-31,390,15.5365,37.1527
2019-05-19 17-55-33,390,15.5136,37.1126
2019-05-19 17-55-35,391,15.4953,37.0832
2019-05-19 17-55-39,391,15.5685,37.0966
2019-05-19 17-55-41,391,15.5502,37.0966
2019-05-19 17-55-43,391,15.5518,37.1393
2019-05-19 17-55-45,391,15.5151,37.1393
2019-05-19 17-55-47,391,15.4816,37.1527
2019-05-19 17-55-49,391,15.4678,37.2248
2019-05-19 17-55-51,391,15.4694,37.2648
2019-05-19 17-55-53,391,15.4541,37.2942
2019-05-19 17-55-57,390,15.419,37.3236
2019-05-19 17-55-59,391,15.3671,37.3503
2019-05-19 17-56-01,391,15.3671,37.3503
2019-05-19 17-56-03,391,15.4053,37.393
2019-05-19 17-56-05,391,15.3351,37.4063
2019-05-19 17-56-07,391,15.3,37.4357
2019-05-19 17-56-09,392,15.3183,37.4491
2019-05-19 17-56-11,392,15.2847,37.4624
2019-05-19 17-56-15,393,15.2496,37.4758
2019-05-19 17-56-17,393,15.2527,37.5212
2019-05-19 17-56-19,393,15.2527,37.5212
2019-05-19 17-56-21,393,15.271,37.5345
2019-05-19 17-56-23,393,15.2344,37.5345
2019-05-19 17-56-25,393,15.2344,37.5345
2019-05-19 17-56-27,394,15.2863,37.5051
2019-05-19 17-56-29,394,15.2679,37.4918
2019-05-19 17-56-33,394,15.2313,37.4918
2019-05-19 17-56-35,395,15.2893,37.5212
2019-05-19 17-56-37,394,15.2863,37.4918
2019-05-19 17-56-39,394,15.2527,37.5212
2019-05-19 17-56-41,393,15.2542,37.5345
2019-05-19 17-56-43,392,15.2908,37.5772
2019-05-19 17-56-45,392,15.2206,37.62
2019-05-19 17-56-49,392,15.2405,37.6627
2019-05-19 17-56-51,393,15.239,37.6333
2019-05-19 17-56-53,393,15.2588,37.6333
2019-05-19 17-56-55,392,15.239,37.6467
2019-05-19 17-56-57,393,15.2634,37.7028
2019-05-19 17-56-59,394,15.1749,37.7321
2019-05-19 17-57-01,393,15.1749,37.7321
2019-05-19 17-57-03,393,15.1932,37.7615
2019-05-19 17-57-07,396,15.2451,37.7455
2019-05-19 17-57-09,398,15.1566,37.7321
2019-05-19 17-57-11,398,15.2267,37.7321
2019-05-19 17-57-13,399,15.2069,37.676
2019-05-19 17-57-15,399,15.2023,37.62
2019-05-19 17-57-17,400,15.2359,37.5772
2019-05-19 17-57-19,400,15.2161,37.5345
2019-05-19 17-57-21,399,15.2527,37.5051
2019-05-19 17-57-25,399,15.2679,37.4758
2019-05-19 17-57-27,398,15.3183,37.4491
2019-05-19 17-57-29,397,15.3214,37.4918
2019-05-19 17-57-31,395,15.3549,37.4491
2019-05-19 17-57-33,394,15.3549,37.4491
2019-05-19 17-57-35,393,15.3549,37.4758
2019-05-19 17-57-37,391,15.3366,37.4491
2019-05-19 17-57-39,389,15.2863,37.4918
2019-05-19 17-57-44,386,15.3778,37.5772
2019-05-19 17-57-46,383,15.2725,37.5772
2019-05-19 17-57-48,383,15.3275,37.6066
2019-05-19 17-57-50,384,15.239,37.6333
2019-05-19 17-57-52,383,15.2405,37.676
2019-05-19 17-57-54,386,15.1382,37.7028
2019-05-19 17-57-56,384,15.1886,37.6894
2019-05-19 17-57-58,384,15.1566,37.7188
2019-05-19 17-58-02,385,15.1215,37.7455
2019-05-19 17-58-04,386,15.1398,37.7321
2019-05-19 17-58-06,388,15.0986,37.6467
2019-05-19 17-58-08,388,15.1672,37.6066
2019-05-19 17-58-10,388,15.1672,37.62
2019-05-19 17-58-12,387,15.2039,37.6467
2019-05-19 17-58-14,386,15.1718,37.676
2019-05-19 17-58-16,385,15.1718,37.7188
2019-05-19 17-58-20,384,15.2084,37.7455
2019-05-19 17-58-22,382,15.1901,37.7321
2019-05-19 17-58-24,381,15.1398,37.7455
2019-05-19 17-58-26,382,15.1581,37.7615
2019-05-19 17-58-28,382,15.0665,37.7615
2019-05-19 17-58-30,382,15.126,37.8016
2019-05-19 17-58-32,383,15.1077,37.8176
2019-05-19 17-58-36,384,15.0528,37.8016
2019-05-19 17-58-38,385,15.1077,37.7882
2019-05-19 17-58-40,384,15.1077,37.8176
2019-05-19 17-58-42,383,15.0696,37.8016
2019-05-19 17-58-44,383,15.126,37.8176
2019-05-19 17-58-46,384,15.1077,37.8176
2019-05-19 17-58-48,383,15.0696,37.8016
2019-05-19 17-58-50,383,15.0711,37.8176
2019-05-19 17-58-54,381,15.0711,37.8309
2019-05-19 17-58-56,381,15.0391,37.8737
2019-05-19 17-58-58,381,14.9689,37.8737
2019-05-19 17-59-00,380,15.0055,37.9004
2019-05-19 17-59-02,379,15.0055,37.9004
2019-05-19 17-59-04,378,14.9887,37.9137
2019-05-19 17-59-06,378,14.9734,37.9431
2019-05-19 17-59-08,379,14.9887,37.9431
2019-05-19 17-59-12,379,14.9887,37.9431
2019-05-19 17-59-14,379,14.9521,37.9564
2019-05-19 17-59-16,378,14.9185,37.9698
2019-05-19 17-59-18,378,14.9918,37.9885
2019-05-19 17-59-20,378,14.9551,38.0018
2019-05-19 17-59-22,378,14.9384,38.0152
2019-05-19 17-59-24,379,14.9368,37.9885
2019-05-19 17-59-26,380,14.9338,37.9297
2019-05-19 17-59-30,381,14.9521,37.9297
2019-05-19 17-59-32,381,14.9689,37.8737
2019-05-19 17-59-34,381,15.0208,37.887
2019-05-19 17-59-36,381,15.0192,37.8443
2019-05-19 17-59-38,381,15.0558,37.8443
2019-05-19 17-59-40,381,15.0711,37.8309
2019-05-19 17-59-42,382,15.0528,37.8309
2019-05-19 17-59-44,382,15.0375,37.8576
2019-05-19 17-59-48,381,15.0879,37.8016
2019-05-19 17-59-50,380,15.0711,37.8176
2019-05-19 17-59-52,381,15.0162,37.8016
2019-05-19 17-59-54,381,15.1062,37.7749
2019-05-19 17-59-56,380,15.0696,37.7882
2019-05-19 17-59-58,379,15.1428,37.7749
2019-05-19 18-00-00,380,15.1428,37.7749
2019-05-19 18-00-04,379,15.0528,37.8176
2019-05-19 18-00-06,378,15.0879,37.8176
2019-05-19 18-00-08,378,15.0879,37.8176
2019-05-19 18-00-10,377,15.0894,37.8576
2019-05-19 18-00-12,377,15.0421,37.9137
2019-05-19 18-00-14,376,15.0421,37.9297
2019-05-19 18-00-16,375,15.0253,37.9564
2019-05-19 18-00-18,376,15.007,37.9564
2019-05-19 18-00-22,377,14.9521,37.9564
2019-05-19 18-00-24,378,14.9521,37.9297
2019-05-19 18-00-26,380,14.9704,37.9137
2019-05-19 18-00-28,381,14.9872,37.8737
2019-05-19 18-00-30,381,15.0024,37.8576
2019-05-19 18-00-32,381,15.0375,37.8576
2019-05-19 18-00-34,381,14.9841,37.8176
2019-05-19 18-00-36,382,15.0345,37.8016
2019-05-19 18-00-40,381,15.1077,37.8016
2019-05-19 18-00-42,383,15.1215,37.7455
2019-05-19 18-00-44,383,15.1215,37.7321
2019-05-19 18-00-46,384,15.1382,37.6894
2019-05-19 18-00-48,384,15.1718,37.676
2019-05-19 18-00-50,384,15.1154,37.62
2019-05-19 18-00-52,383,15.2206,37.6066
2019-05-19 18-00-54,382,15.271,37.5345
2019-05-19 18-00-58,382,15.3229,37.5212
2019-05-19 18-01-00,383,15.3397,37.4758
2019-05-19 18-01-02,384,15.3717,37.4357
2019-05-19 18-01-04,384,15.3534,37.4197
2019-05-19 18-01-06,384,15.387,37.4197
2019-05-19 18-01-08,385,15.477,37.3796
2019-05-19 18-01-10,384,15.4922,37.3796
2019-05-19 18-01-12,383,15.509,37.3636
2019-05-19 18-01-16,382,15.477,37.393
2019-05-19 18-01-18,382,15.4587,37.3796
2019-05-19 18-01-20,381,15.4266,37.4357
2019-05-19 18-01-22,379,15.4449,37.4357
2019-05-19 18-01-24,379,15.4236,37.4063
2019-05-19 18-01-26,380,15.3687,37.393
2019-05-19 18-01-28,380,15.4236,37.393
2019-05-19 18-01-32,380,15.4404,37.3503
2019-05-19 18-01-34,379,15.4739,37.3369
2019-05-19 18-01-36,378,15.4541,37.3075
2019-05-19 18-01-38,378,15.4724,37.3075
2019-05-19 18-01-40,378,15.506,37.2942
2019-05-19 18-01-42,378,15.5045,37.2648
2019-05-19 18-01-44,378,15.5594,37.2515
2019-05-19 18-01-46,378,15.6097,37.2087
2019-05-19 18-01-50,378,15.6097,37.2087
2019-05-19 18-01-52,379,15.625,37.182
2019-05-19 18-01-54,378,15.6601,37.1687
2019-05-19 18-01-56,378,15.6601,37.182
2019-05-19 18-01-58,378,15.7166,37.1954
2019-05-19 18-02-00,378,15.6784,37.2087
2019-05-19 18-02-02,378,15.593,37.2248
2019-05-19 18-02-04,378,15.6464,37.2381
2019-05-19 18-02-08,378,15.5777,37.2515
2019-05-19 18-02-10,378,15.6143,37.2942
2019-05-19 18-02-12,378,15.564,37.3369
2019-05-19 18-02-14,378,15.5472,37.3636
2019-05-19 18-02-16,378,15.4953,37.393
2019-05-19 18-02-18,378,15.4266,37.4357
2019-05-19 18-02-20,379,15.3732,37.4918
2019-05-19 18-02-22,379,15.3717,37.4491
2019-05-19 18-02-26,379,15.4419,37.4197
2019-05-19 18-02-28,380,15.387,37.4357
2019-05-19 18-02-30,381,15.4099,37.4491
2019-05-19 18-02-32,381,15.4602,37.4197
2019-05-19 18-02-34,381,15.4419,37.393
2019-05-19 18-02-36,381,15.4404,37.3636
2019-05-19 18-02-38,380,15.4404,37.3503
2019-05-19 18-02-40,381,15.509,37.3636
2019-05-19 18-02-44,381,15.4587,37.3636
2019-05-19 18-02-46,381,15.4404,37.3636
2019-05-19 18-02-48,380,15.4922,37.3636
2019-05-19 18-02-51,381,15.4556,37.3503
2019-05-19 18-02-53,381,15.4922,37.3636
2019-05-19 18-02-55,380,15.4953,37.4063
2019-05-19 18-02-57,380,15.4739,37.3636
2019-05-19 18-02-59,381,15.4922,37.3636
2019-05-19 18-03-03,380,15.4587,37.393
2019-05-19 18-03-05,381,15.4587,37.393
2019-05-19 18-03-07,381,15.4587,37.3796
2019-05-19 18-03-09,381,15.4922,37.3796
2019-05-19 18-03-11,382,15.4404,37.3796
2019-05-19 18-03-13,382,15.4419,37.393
2019-05-19 18-03-15,381,15.477,37.3796
2019-05-19 18-03-19,381,15.5106,37.3796
2019-05-19 18-03-21,381,15.5106,37.3796
2019-05-19 18-03-23,382,15.4907,37.3236
2019-05-19 18-03-25,383,15.596,37.2942
2019-05-19 18-03-27,383,15.596,37.2648
2019-05-19 18-03-29,383,15.5594,37.2515
2019-05-19 18-03-31,382,15.5777,37.2515
2019-05-19 18-03-33,382,15.5594,37.2648
2019-05-19 18-03-37,382,15.5792,37.3236
2019-05-19 18-03-39,383,15.5273,37.3503
2019-05-19 18-03-41,384,15.5472,37.3636
2019-05-19 18-03-43,384,15.477,37.393
2019-05-19 18-03-45,385,15.4587,37.393
2019-05-19 18-03-47,384,15.4633,37.4491
2019-05-19 18-03-49,384,15.4648,37.4918
2019-05-19 18-03-51,384,15.4648,37.4918
2019-05-19 18-03-55,384,15.4648,37.5212
2019-05-19 18-03-57,385,15.358,37.4918
2019-05-19 18-03-59,384,15.3412,37.5212
2019-05-19 18-04-01,385,15.3412,37.5505
2019-05-19 18-04-03,385,15.3595,37.5505
2019-05-19 18-04-05,384,15.3961,37.5772
2019-05-19 18-04-07,385,15.2908,37.5772
2019-05-19 18-04-09,385,15.3091,37.5772
2019-05-19 18-04-13,386,15.3442,37.5639
2019-05-19 18-04-15,385,15.3595,37.5772
2019-05-19 18-04-17,385,15.3809,37.6066
2019-05-19 18-04-19,386,15.3595,37.5772
2019-05-19 18-04-21,387,15.358,37.5345
2019-05-19 18-04-23,387,15.358,37.5345
2019-05-19 18-04-25,388,15.358,37.4918
2019-05-19 18-04-27,387,15.4282,37.4758
2019-05-19 18-04-31,387,15.4465,37.5051
2019-05-19 18-04-33,387,15.4129,37.5212
2019-05-19 18-04-35,387,15.4495,37.5505
2019-05-19 18-04-37,387,15.3763,37.5505
2019-05-19 18-04-39,385,15.4175,37.6066
2019-05-19 18-04-41,384,15.3305,37.6627
2019-05-19 18-04-43,383,15.332,37.7028
2019-05-19 18-04-45,381,15.2664,37.7455
2019-05-19 18-04-49,388,15.2664,37.7455
2019-05-19 18-04-51,416,15.2115,37.7615
2019-05-19 18-04-53,409,15.2084,37.7321
2019-05-19 18-04-55,421,15.2084,37.7188
2019-05-19 18-04-57,414,15.1901,37.7321
2019-05-19 18-04-59,414,15.2634,37.7028
2019-05-19 18-05-01,422,15.2588,37.6333
2019-05-19 18-05-03,420,15.2939,37.62
2019-05-19 18-05-07,417,15.3076,37.5639
2019-05-19 18-05-09,409,15.3595,37.5639
2019-05-19 18-05-11,407,15.3778,37.5772
2019-05-19 18-05-13,404,15.3763,37.5505
2019-05-19 18-05-15,404,15.3763,37.5345
2019-05-19 18-05-17,402,15.4312,37.5051
2019-05-19 18-05-19,400,15.39,37.4758
2019-05-19 18-05-21,399,15.4282,37.4624
2019-05-19 18-05-25,400,15.4785,37.4491
2019-05-19 18-05-27,401,15.4633,37.4491
2019-05-19 18-05-29,398,15.4083,37.4063
2019-05-19 18-05-31,396,15.5136,37.4197
2019-05-19 18-05-33,393,15.5823,37.3636
2019-05-19 18-05-35,395,15.5655,37.3636
2019-05-19 18-05-37,395,15.564,37.3503
2019-05-19 18-05-41,392,15.6158,37.3369
2019-05-19 18-05-43,390,15.5472,37.3503
2019-05-19 18-05-45,387,15.5502,37.393
2019-05-19 18-05-47,384,15.5685,37.4063
2019-05-19 18-05-49,384,15.4785,37.4357
2019-05-19 18-05-51,388,15.4633,37.4624
2019-05-19 18-05-53,387,15.4449,37.4491
2019-05-19 18-05-55,388,15.4633,37.4758
2019-05-19 18-05-59,387,15.4816,37.4918
2019-05-19 18-06-01,386,15.4099,37.4758
2019-05-19 18-06-03,386,15.39,37.4758
2019-05-19 18-06-05,388,15.4816,37.4918
2019-05-19 18-06-07,387,15.4633,37.4624
2019-05-19 18-06-09,388,15.4968,37.4624
2019-05-19 18-06-11,389,15.4602,37.4357
2019-05-19 18-06-13,390,15.4785,37.4357
2019-05-19 18-06-17,390,15.5289,37.393
2019-05-19 18-06-19,390,15.5655,37.3636
2019-05-19 18-06-21,390,15.5823,37.3369
2019-05-19 18-06-23,388,15.5823,37.3369
2019-05-19 18-06-25,385,15.5655,37.3796
2019-05-19 18-06-27,386,15.5502,37.393
2019-05-19 18-06-29,386,15.477,37.3796
2019-05-19 18-06-31,386,15.4953,37.4063
2019-05-19 18-06-35,386,15.5518,37.4491
2019-05-19 18-06-37,387,15.3915,37.5051
2019-05-19 18-06-39,389,15.4129,37.4918
2019-05-19 18-06-41,389,15.3763,37.5345
2019-05-19 18-06-43,389,15.3778,37.5639
2019-05-19 18-06-45,390,15.3442,37.5906
2019-05-19 18-06-47,390,15.3122,37.6333
2019-05-19 18-06-49,390,15.3122,37.62
2019-05-19 18-06-53,391,15.2771,37.6333
2019-05-19 18-06-55,391,15.2405,37.676
2019-05-19 18-06-57,391,15.2252,37.6894
2019-05-19 18-06-59,390,15.2405,37.6894
2019-05-19 18-07-01,391,15.2985,37.7188
2019-05-19 18-07-03,393,15.1382,37.7188
2019-05-19 18-07-05,393,15.2618,37.6894
2019-05-19 18-07-07,393,15.2084,37.7455
2019-05-19 18-07-11,394,15.1749,37.7455
2019-05-19 18-07-13,395,15.2084,37.7188
2019-05-19 18-07-15,397,15.2435,37.7028
2019-05-19 18-07-17,397,15.2069,37.7028
2019-05-19 18-07-19,398,15.2222,37.676
2019-05-19 18-07-21,399,15.2222,37.6627
2019-05-19 18-07-23,398,15.1886,37.676
2019-05-19 18-07-27,399,15.2618,37.6894
2019-05-19 18-07-29,399,15.3122,37.6333
2019-05-19 18-07-31,399,15.2939,37.62
2019-05-19 18-07-33,401,15.3275,37.6066
2019-05-19 18-07-35,401,15.3442,37.5772
2019-05-19 18-07-37,402,15.3412,37.5345
2019-05-19 18-07-39,401,15.3595,37.5505
2019-05-19 18-07-41,400,15.4144,37.5345
2019-05-19 18-07-45,399,15.3946,37.5639
2019-05-19 18-07-47,398,15.3961,37.6066
2019-05-19 18-07-49,398,15.3809,37.62
2019-05-19 18-07-51,397,15.3488,37.6627
2019-05-19 18-07-53,395,15.2634,37.7028
2019-05-19 18-07-55,395,15.2802,37.7028
2019-05-19 18-07-58,394,15.2451,37.7455
2019-05-19 18-08-00,394,15.2664,37.7455
2019-05-19 18-08-04,394,15.2664,37.7615
2019-05-19 18-08-06,395,15.1947,37.7882
2019-05-19 18-08-08,396,15.2298,37.7749
2019-05-19 18-08-10,396,15.1443,37.8176
2019-05-19 18-08-12,396,15.1627,37.8576
2019-05-19 18-08-14,397,15.1443,37.8576
2019-05-19 18-08-16,396,15.1291,37.8737
2019-05-19 18-08-18,397,15.1306,37.9297
2019-05-19 18-08-22,397,15.0574,37.9004
2019-05-19 18-08-24,398,15.0574,37.9137
2019-05-19 18-08-26,398,15.0574,37.9004
2019-05-19 18-08-28,399,15.0391,37.887
2019-05-19 18-08-30,400,15.0925,37.887
2019-05-19 18-08-32,401,15.1474,37.8737
2019-05-19 18-08-34,401,15.1291,37.8576
2019-05-19 18-08-36,401,15.1443,37.8176
2019-05-19 18-08-40,402,15.1428,37.7749
2019-05-19 18-08-42,403,15.2451,37.7615
2019-05-19 18-08-44,402,15.2817,37.7188
2019-05-19 18-08-46,402,15.1886,37.6894
2019-05-19 18-08-48,401,15.2405,37.6627
2019-05-19 18-08-50,401,15.3305,37.6467
2019-05-19 18-08-52,401,15.3122,37.6467
2019-05-19 18-08-56,401,15.2756,37.6066
2019-05-19 18-08-58,400,15.3442,37.6066
2019-05-19 18-09-00,400,15.3625,37.5906
2019-05-19 18-09-02,398,15.3809,37.6066
2019-05-19 18-09-04,397,15.4404,37.676
2019-05-19 18-09-06,397,15.3137,37.676
2019-05-19 18-09-08,397,15.3137,37.7028
2019-05-19 18-09-10,397,15.3687,37.7188
2019-05-19 18-09-14,397,15.2802,37.7028
2019-05-19 18-09-16,397,15.2267,37.7615
2019-05-19 18-09-18,397,15.2481,37.8016
2019-05-19 18-09-20,397,15.2679,37.7882
2019-05-19 18-09-22,398,15.2679,37.8016
2019-05-19 18-09-24,397,15.213,37.8309
2019-05-19 18-09-26,398,15.1611,37.8309
2019-05-19 18-09-28,399,15.213,37.8176
2019-05-19 18-09-32,399,15.1794,37.8443
2019-05-19 18-09-34,399,15.1794,37.8309
2019-05-19 18-09-36,399,15.2161,37.8443
2019-05-19 18-09-38,400,15.1947,37.8016
2019-05-19 18-09-40,401,15.2451,37.7749
2019-05-19 18-09-42,402,15.2298,37.7882
2019-05-19 18-09-44,402,15.2435,37.7321
2019-05-19 18-09-46,402,15.2435,37.7028
2019-05-19 18-09-50,400,15.3,37.7321
2019-05-19 18-09-52,401,15.332,37.7028
2019-05-19 18-09-54,401,15.2954,37.6467
2019-05-19 18-09-56,401,15.3305,37.6467
2019-05-19 18-09-58,401,15.3122,37.62
2019-05-19 18-10-00,402,15.3778,37.5906
2019-05-19 18-10-02,402,15.4327,37.5505
2019-05-19 18-10-04,401,15.4495,37.5212
2019-05-19 18-10-08,401,15.4495,37.5345
2019-05-19 18-10-10,400,15.4999,37.4918
2019-05-19 18-10-12,400,15.4648,37.5212
2019-05-19 18-10-14,399,15.4495,37.5505
2019-05-19 18-10-16,398,15.4495,37.5345
2019-05-19 18-10-18,397,15.4861,37.5639
2019-05-19 18-10-20,396,15.419,37.62
2019-05-19 18-10-22,396,15.4175,37.5772
2019-05-19 18-10-26,396,15.4327,37.5772
2019-05-19 18-10-28,397,15.4358,37.6066
2019-05-19 18-10-30,396,15.4358,37.6066
2019-05-19 18-10-32,396,15.4221,37.6627
2019-05-19 18-10-34,397,15.3671,37.676
2019-05-19 18-10-36,396,15.3488,37.6627
2019-05-19 18-10-38,396,15.4221,37.6894
2019-05-19 18-10-40,397,15.3824,37.676
2019-05-19 18-10-44,397,15.332,37.7028
2019-05-19 18-10-46,397,15.4373,37.6627
2019-05-19 18-10-48,398,15.419,37.62
2019-05-19 18-10-50,399,15.3961,37.6066
2019-05-19 18-10-52,399,15.4495,37.5345
2019-05-19 18-10-54,399,15.4831,37.5345
2019-05-19 18-10-56,398,15.5151,37.4758
2019-05-19 18-11-00,398,15.5334,37.4918
2019-05-19 18-11-02,397,15.5365,37.5212
2019-05-19 18-11-04,397,15.4495,37.5505
2019-05-19 18-11-06,397,15.451,37.5772
2019-05-19 18-11-08,397,15.4175,37.5772
2019-05-19 18-11-10,397,15.3809,37.62
2019-05-19 18-11-12,398,15.419,37.6333
2019-05-19 18-11-14,398,15.4175,37.6066
2019-05-19 18-11-18,398,15.3305,37.6467
2019-05-19 18-11-20,398,15.4007,37.6627
2019-05-19 18-11-22,399,15.3824,37.6467
2019-05-19 18-11-24,400,15.4007,37.6627
2019-05-19 18-11-26,400,15.3488,37.6627
2019-05-19 18-11-28,399,15.3488,37.6894
2019-05-19 18-11-30,400,15.3671,37.7028
2019-05-19 18-11-32,400,15.3687,37.7188
2019-05-19 18-11-36,399,15.3,37.7455
2019-05-19 18-11-38,400,15.3,37.7749
2019-05-19 18-11-40,400,15.1932,37.7749
2019-05-19 18-11-42,401,15.2298,37.8016
2019-05-19 18-11-44,401,15.2679,37.7882
2019-05-19 18-11-46,401,15.213,37.8176
2019-05-19 18-11-48,402,15.2313,37.8443
2019-05-19 18-11-50,402,15.2298,37.8016
2019-05-19 18-11-54,403,15.2298,37.8016
2019-05-19 18-11-56,403,15.2481,37.7882
2019-05-19 18-11-58,403,15.3,37.7455
2019-05-19 18-12-00,404,15.2267,37.7321
2019-05-19 18-12-02,404,15.332,37.7028
2019-05-19 18-12-04,405,15.332,37.6894
2019-05-19 18-12-06,405,15.3824,37.6467
2019-05-19 18-12-08,405,15.3992,37.62
2019-05-19 18-12-12,405,15.419,37.6333
2019-05-19 18-12-14,404,15.3488,37.676
2019-05-19 18-12-16,403,15.3824,37.6627
2019-05-19 18-12-18,402,15.332,37.7188
2019-05-19 18-12-20,402,15.332,37.6894
2019-05-19 18-12-22,402,15.3351,37.7321
2019-05-19 18-12-24,403,15.2817,37.7455
2019-05-19 18-12-26,403,15.3351,37.7321
2019-05-19 18-12-30,403,15.3351,37.7455
2019-05-19 18-12-32,403,15.3351,37.7615
2019-05-19 18-12-34,403,15.2847,37.7615
2019-05-19 18-12-36,404,15.2298,37.7882
2019-05-19 18-12-38,404,15.3351,37.7615
2019-05-19 18-12-40,404,15.2817,37.7321
2019-05-19 18-12-42,404,15.2267,37.7455
2019-05-19 18-12-46,404,15.3,37.7321
2019-05-19 18-12-48,404,15.3488,37.676
2019-05-19 18-12-50,405,15.3122,37.6333
2019-05-19 18-12-52,406,15.3442,37.5772
2019-05-19 18-12-54,406,15.4175,37.6066
2019-05-19 18-12-56,405,15.4373,37.6333
2019-05-19 18-12-58,404,15.3824,37.676
2019-05-19 18-13-00,403,15.3854,37.6894
2019-05-19 18-13-04,403,15.3305,37.676
2019-05-19 18-13-06,403,15.3687,37.7188
2019-05-19 18-13-09,403,15.3503,37.7188
2019-05-19 18-13-11,403,15.3137,37.6894
2019-05-19 18-13-13,403,15.2771,37.6467
2019-05-19 18-13-15,403,15.3305,37.6467
2019-05-19 18-13-17,403,15.3458,37.6467
2019-05-19 18-13-19,403,15.3458,37.6333
2019-05-19 18-13-23,403,15.3625,37.6066
2019-05-19 18-13-25,404,15.4877,37.6066
2019-05-19 18-13-27,403,15.451,37.5772
2019-05-19 18-13-29,403,15.4175,37.5906
2019-05-19 18-13-31,403,15.3961,37.5906
2019-05-19 18-13-33,402,15.4327,37.5772
2019-05-19 18-13-35,402,15.3946,37.5639
2019-05-19 18-13-37,402,15.3778,37.5639
2019-05-19 18-13-41,402,15.4175,37.6066
2019-05-19 18-13-43,402,15.4694,37.5772
2019-05-19 18-13-45,402,15.4678,37.5639
2019-05-19 18-13-47,402,15.4327,37.5505
2019-05-19 18-13-49,401,15.538,37.5639
2019-05-19 18-13-51,400,15.4358,37.5906
2019-05-19 18-13-53,400,15.4541,37.62
2019-05-19 18-13-55,400,15.4373,37.6467
2019-05-19 18-13-59,400,15.3641,37.6627
2019-05-19 18-14-01,400,15.3488,37.676
2019-05-19 18-14-03,400,15.332,37.7188
2019-05-19 18-14-05,401,15.3488,37.6894
2019-05-19 18-14-07,402,15.3687,37.7188
2019-05-19 18-14-09,402,15.3168,37.7188
2019-05-19 18-14-11,401,15.3168,37.7455
2019-05-19 18-14-15,402,15.3503,37.7028
2019-05-19 18-14-17,402,15.3671,37.7028
2019-05-19 18-14-19,402,15.3503,37.7321
2019-05-19 18-14-21,402,15.3717,37.7615
2019-05-19 18-14-23,402,15.3351,37.7455
2019-05-19 18-14-25,402,15.332,37.7188
2019-05-19 18-14-27,403,15.3671,37.7028
2019-05-19 18-14-29,404,15.3137,37.6894
2019-05-19 18-14-33,403,15.4556,37.6467
2019-05-19 18-14-35,403,15.3824,37.6467
2019-05-19 18-14-37,403,15.3824,37.6467
2019-05-19 18-14-39,403,15.4373,37.6467
2019-05-19 18-14-41,403,15.3961,37.6066
2019-05-19 18-14-43,403,15.3992,37.6333
2019-05-19 18-14-45,402,15.3625,37.62
2019-05-19 18-14-47,402,15.3992,37.6333
2019-05-19 18-14-51,402,15.4541,37.62
2019-05-19 18-14-53,403,15.3641,37.6627
2019-05-19 18-14-55,402,15.3824,37.6467
2019-05-19 18-14-57,402,15.3458,37.6333
2019-05-19 18-14-59,403,15.3275,37.5906
2019-05-19 18-15-01,403,15.3458,37.62
2019-05-19 18-15-03,403,15.3458,37.6333
2019-05-19 18-15-05,403,15.3458,37.6333
2019-05-19 18-15-09,403,15.3305,37.6467
2019-05-19 18-15-11,402,15.3488,37.676
2019-05-19 18-15-13,403,15.2985,37.7188
2019-05-19 18-15-15,402,15.2634,37.7321
2019-05-19 18-15-17,402,15.2298,37.7882
2019-05-19 18-15-19,402,15.2679,37.8176
2019-05-19 18-15-21,402,15.1443,37.8443
2019-05-19 18-15-23,403,15.181,37.8576
2019-05-19 18-15-27,404,15.1123,37.8737
2019-05-19 18-15-29,403,15.1123,37.887
2019-05-19 18-15-31,404,15.181,37.887
2019-05-19 18-15-33,405,15.0894,37.8576
2019-05-19 18-15-35,405,15.0925,37.9004
2019-05-19 18-15-37,406,15.1627,37.8737
2019-05-19 18-15-39,406,15.1291,37.8576
2019-05-19 18-15-41,406,15.1627,37.8576
2019-05-19 18-15-45,406,15.1443,37.8443
2019-05-19 18-15-47,406,15.1993,37.8737
2019-05-19 18-15-49,406,15.1474,37.8737
2019-05-19 18-15-51,405,15.1657,37.887
2019-05-19 18-15-53,405,15.1657,37.9004
2019-05-19 18-15-55,405,15.1657,37.887
2019-05-19 18-15-57,406,15.1611,37.8309
2019-05-19 18-16-01,406,15.1443,37.8576
2019-05-19 18-16-03,406,15.1794,37.8309
2019-05-19 18-16-05,406,15.1947,37.8176
2019-05-19 18-16-07,406,15.1978,37.8309
2019-05-19 18-16-09,406,15.2496,37.8443
2019-05-19 18-16-11,406,15.1611,37.8309
2019-05-19 18-16-13,406,15.1291,37.8443
2019-05-19 18-16-15,407,15.126,37.8016
2019-05-19 18-16-19,407,15.1749,37.7455
2019-05-19 18-16-21,407,15.1749,37.7321
2019-05-19 18-16-23,407,15.1749,37.7321
2019-05-19 18-16-25,407,15.2084,37.7455
2019-05-19 18-16-27,407,15.1764,37.7749
2019-05-19 18-16-29,406,15.1764,37.7882
2019-05-19 18-16-31,406,15.1611,37.8176
2019-05-19 18-16-33,405,15.0879,37.8176
2019-05-19 18-16-37,405,15.1291,37.8443
2019-05-19 18-16-39,405,15.1306,37.9004
2019-05-19 18-16-41,404,15.1108,37.8576
2019-05-19 18-16-43,404,15.0925,37.887
2019-05-19 18-16-45,405,15.0208,37.887
2019-05-19 18-16-47,404,15.0391,37.887
2019-05-19 18-16-49,405,15.0574,37.9137
2019-05-19 18-16-51,406,15.1123,37.9004
2019-05-19 18-16-55,406,15.0925,37.8737
2019-05-19 18-16-57,406,15.0421,37.9297
2019-05-19 18-16-59,406,14.9872,37.9004
2019-05-19 18-17-01,406,15.0055,37.9137
2019-05-19 18-17-03,406,15.0208,37.8737
2019-05-19 18-17-05,406,14.9887,37.9297
2019-05-19 18-17-07,406,15.0757,37.9137
2019-05-19 18-17-09,405,14.9734,37.9698
2019-05-19 18-17-13,404,14.9734,37.9564
2019-05-19 18-17-15,404,15.0055,37.9137
2019-05-19 18-17-17,403,14.9704,37.9137
2019-05-19 18-17-19,404,15.0574,37.9004
2019-05-19 18-17-21,403,15.0894,37.8576
2019-05-19 18-17-23,403,15.0391,37.887
2019-05-19 18-17-25,403,15.0742,37.8576
2019-05-19 18-17-29,403,15.0558,37.8443
2019-05-19 18-17-31,404,15.0711,37.8176
2019-05-19 18-17-33,403,15.1443,37.8176
2019-05-19 18-17-35,403,15.1077,37.8016
2019-05-19 18-17-37,403,15.0696,37.7882
2019-05-19 18-17-39,403,15.1062,37.7749
2019-05-19 18-17-41,403,15.0833,37.7321
2019-05-19 18-17-43,403,15.1062,37.7749
2019-05-19 18-17-47,403,15.1215,37.7321
2019-05-19 18-17-49,403,15.1199,37.6894
2019-05-19 18-17-51,402,15.1703,37.6627
2019-05-19 18-17-53,403,15.1352,37.6467
2019-05-19 18-17-55,402,15.1489,37.6066
2019-05-19 18-17-57,402,15.2023,37.5772
2019-05-19 18-17-59,402,15.2573,37.6066
2019-05-19 18-18-01,402,15.2573,37.6066
2019-05-19 18-18-06,402,15.3076,37.5639
2019-05-19 18-18-08,403,15.3259,37.5639
2019-05-19 18-18-10,403,15.358,37.5051
2019-05-19 18-18-12,403,15.3915,37.4918
2019-05-19 18-18-14,402,15.2863,37.5051
2019-05-19 18-18-16,401,15.2863,37.4918
2019-05-19 18-18-18,401,15.271,37.5212
2019-05-19 18-18-20,401,15.3046,37.4918
2019-05-19 18-18-24,401,15.3046,37.4918
2019-05-19 18-18-26,401,15.2527,37.5051
2019-05-19 18-18-28,401,15.2893,37.5345
2019-05-19 18-18-30,401,15.2893,37.5212
2019-05-19 18-18-32,400,15.3412,37.5212
2019-05-19 18-18-34,401,15.3549,37.4758
2019-05-19 18-18-36,400,15.3549,37.4758
2019-05-19 18-18-38,401,15.3183,37.4197
2019-05-19 18-18-42,400,15.4083,37.4357
2019-05-19 18-18-44,400,15.4449,37.4357
2019-05-19 18-18-46,400,15.4236,37.4063
2019-05-19 18-18-48,400,15.3687,37.4197
2019-05-19 18-18-50,400,15.4236,37.4063
2019-05-19 18-18-52,399,15.39,37.4491
2019-05-19 18-18-54,398,15.3229,37.5051
2019-05-19 18-18-56,398,15.2863,37.5051
2019-05-19 18-19-00,398,15.3046,37.5212
2019-05-19 18-19-02,398,15.3397,37.5051
2019-05-19 18-19-04,397,15.3732,37.5051
2019-05-19 18-19-06,397,15.2893,37.5345
2019-05-19 18-19-08,396,15.2573,37.5772
2019-05-19 18-19-10,395,15.2573,37.5772
2019-05-19 18-19-12,395,15.1855,37.6333
2019-05-19 18-19-14,395,15.1352,37.6627
2019-05-19 18-19-18,395,15.1169,37.6627
2019-05-19 18-19-20,396,15.0436,37.6333
2019-05-19 18-19-22,396,15.0787,37.6467
2019-05-19 18-19-24,396,15.1169,37.6627
2019-05-19 18-19-26,396,15.152,37.6467
2019-05-19 18-19-28,397,15.1718,37.676
2019-05-19 18-19-30,397,15.1199,37.676
2019-05-19 18-19-32,397,15.1535,37.6627
2019-05-19 18-19-36,396,15.1199,37.7028
2019-05-19 18-19-38,397,15.1199,37.676
2019-05-19 18-19-40,397,15.0803,37.6627
2019-05-19 18-19-42,398,15.1199,37.676
2019-05-19 18-19-44,399,15.1199,37.676
2019-05-19 18-19-46,400,15.152,37.6333
2019-05-19 18-19-48,399,15.1169,37.6627
2019-05-19 18-19-50,399,15.1352,37.6467
2019-05-19 18-19-54,399,15.0803,37.6627
2019-05-19 18-19-56,398,15.1901,37.7028
2019-05-19 18-19-58,397,15.1031,37.7188
2019-05-19 18-20-00,397,15.0833,37.7028
2019-05-19 18-20-02,399,15.1199,37.7028
2019-05-19 18-20-04,400,15.1199,37.676
2019-05-19 18-20-06,400,15.1016,37.676
2019-05-19 18-20-08,400,15.1382,37.6894
2019-05-19 18-20-12,401,15.1169,37.6627
2019-05-19 18-20-14,401,15.1016,37.676
2019-05-19 18-20-16,401,15.1199,37.6894
2019-05-19 18-20-18,401,15.062,37.676
2019-05-19 18-20-20,401,15.2069,37.676
2019-05-19 18-20-22,400,15.1199,37.676
2019-05-19 18-20-24,399,15.1352,37.6627
2019-05-19 18-20-26,399,15.1352,37.6627
2019-05-19 18-20-30,399,15.152,37.6467
2019-05-19 18-20-32,400,15.1337,37.6066
2019-05-19 18-20-34,400,15.152,37.62
2019-05-19 18-20-36,400,15.1337,37.6333
2019-05-19 18-20-38,399,15.152,37.62
2019-05-19 18-20-40,398,15.1352,37.6627
2019-05-19 18-20-42,398,15.0986,37.6467
2019-05-19 18-20-46,399,15.1169,37.6467
2019-05-19 18-20-48,399,15.1337,37.62
2019-05-19 18-20-50,398,15.2039,37.6333
2019-05-19 18-20-52,397,15.1855,37.6467
2019-05-19 18-20-54,396,15.1199,37.676
2019-05-19 18-20-56,395,15.2069,37.7028
2019-05-19 18-20-58,395,15.065,37.6894
2019-05-19 18-21-00,393,15.0665,37.7321
2019-05-19 18-21-04,393,15.0528,37.8016
2019-05-19 18-21-06,392,14.9658,37.8016
2019-05-19 18-21-08,393,14.9841,37.8309
2019-05-19 18-21-10,393,14.946,37.8016
2019-05-19 18-21-12,394,14.9826,37.8016
2019-05-19 18-21-14,395,14.9109,37.8309
2019-05-19 18-21-16,396,14.9292,37.8309
2019-05-19 18-21-18,396,14.9094,37.8016
2019-05-19 18-21-22,395,14.8788,37.887
2019-05-19 18-21-24,394,14.9506,37.887
2019-05-19 18-21-26,395,14.8972,37.9004
2019-05-19 18-21-28,396,14.8788,37.887
2019-05-19 18-21-30,396,14.9139,37.8576
2019-05-19 18-21-32,396,14.9292,37.8576
2019-05-19 18-21-34,395,14.9506,37.9004
2019-05-19 18-21-36,395,14.9689,37.887
2019-05-19 18-21-40,395,14.8773,37.8443
2019-05-19 18-21-42,393,14.8636,37.9137
2019-05-19 18-21-44,394,14.8972,37.9004
2019-05-19 18-21-46,395,14.9155,37.9297
2019-05-19 18-21-48,396,14.8788,37.9004
2019-05-19 18-21-50,396,14.8788,37.887
2019-05-19 18-21-52,395,14.8788,37.9004
2019-05-19 18-21-54,394,14.8956,37.8443
2019-05-19 18-21-58,395,14.9292,37.8576
2019-05-19 18-22-00,395,14.9689,37.8576
2019-05-19 18-22-02,394,14.9475,37.8443
2019-05-19 18-22-04,394,14.8773,37.8576
2019-05-19 18-22-06,394,14.9658,37.8309
2019-05-19 18-22-08,394,14.8926,37.8176
2019-05-19 18-22-10,394,14.8407,37.8176
2019-05-19 18-22-14,394,14.8376,37.7749
2019-05-19 18-22-16,394,14.8376,37.7455
2019-05-19 18-22-18,395,14.8865,37.6894
2019-05-19 18-22-20,395,14.9567,37.6333
2019-05-19 18-22-22,395,15.0238,37.5772
2019-05-19 18-22-24,394,15.0757,37.5639
2019-05-19 18-22-26,393,15.1291,37.5212
2019-05-19 18-22-28,393,15.1077,37.4918
2019-05-19 18-22-32,391,15.1947,37.4624
2019-05-19 18-22-34,391,15.1794,37.4918
2019-05-19 18-22-36,389,15.1978,37.4918
2019-05-19 18-22-38,388,15.1627,37.5051
2019-05-19 18-22-40,388,15.2313,37.4918
2019-05-19 18-22-42,388,15.2313,37.4918
2019-05-19 18-22-44,385,15.1474,37.5505
2019-05-19 18-22-46,384,15.1291,37.5505
2019-05-19 18-22-50,384,15.1123,37.5772
2019-05-19 18-22-52,384,15.1154,37.6066
2019-05-19 18-22-54,385,15.097,37.5772
2019-05-19 18-22-56,386,15.1154,37.5906
2019-05-19 18-22-58,387,15.1306,37.5639
2019-05-19 18-23-00,387,15.1428,37.4758
2019-05-19 18-23-02,388,15.1077,37.4624
2019-05-19 18-23-04,388,15.1947,37.4491
2019-05-19 18-23-08,387,15.1428,37.4758
2019-05-19 18-23-10,386,15.1611,37.4918
2019-05-19 18-23-13,386,15.1611,37.4758
2019-05-19 18-23-15,387,15.1443,37.4918
2019-05-19 18-23-17,386,15.0925,37.4918
2019-05-19 18-23-19,386,15.1978,37.5051
2019-05-19 18-23-21,386,15.1428,37.4758
2019-05-19 18-23-23,387,15.1611,37.4624
2019-05-19 18-23-27,385,15.213,37.4918
2019-05-19 18-23-29,386,15.1627,37.5212
2019-05-19 18-23-31,386,15.1657,37.5772
2019-05-19 18-23-33,387,15.2206,37.6066
2019-05-19 18-23-35,387,15.1672,37.6066
2019-05-19 18-23-37,387,15.1337,37.6333
2019-05-19 18-23-39,387,15.0986,37.6467
2019-05-19 18-23-43,387,15.062,37.6627
2019-05-19 18-23-45,387,15.0299,37.6894
2019-05-19 18-23-47,388,15.0665,37.7321
2019-05-19 18-23-49,389,15.065,37.7188
2019-05-19 18-23-51,389,15.0146,37.7455
2019-05-19 18-23-53,391,14.9963,37.7188
2019-05-19 18-23-55,391,14.9933,37.6894
2019-05-19 18-23-57,391,15.0803,37.6627
2019-05-19 18-24-01,391,15.0253,37.62
2019-05-19 18-24-03,391,15.0421,37.5906
2019-05-19 18-24-05,391,15.1306,37.5639
2019-05-19 18-24-07,390,15.1291,37.5345
2019-05-19 18-24-09,390,15.1794,37.4918
2019-05-19 18-24-11,390,15.1794,37.4918
2019-05-19 18-24-13,389,15.1794,37.4918
2019-05-19 18-24-15,387,15.213,37.4918
2019-05-19 18-24-19,388,15.213,37.4758
2019-05-19 18-24-21,387,15.2298,37.4624
2019-05-19 18-24-23,387,15.2481,37.4357
2019-05-19 18-24-25,387,15.2985,37.393
2019-05-19 18-24-27,388,15.2985,37.3636
2019-05-19 18-24-29,388,15.3458,37.3075
2019-05-19 18-24-31,388,15.3809,37.2808
2019-05-19 18-24-33,387,15.4144,37.2381
2019-05-19 18-24-37,387,15.4175,37.2515
2019-05-19 18-24-39,386,15.3992,37.2515
2019-05-19 18-24-41,385,15.4175,37.2515
2019-05-19 18-24-43,384,15.4358,37.2942
2019-05-19 18-24-45,384,15.3641,37.3236
2019-05-19 18-24-47,384,15.2802,37.3636
2019-05-19 18-24-49,383,15.3168,37.393
2019-05-19 18-24-51,383,15.2084,37.4063
2019-05-19 18-24-55,382,15.2481,37.4063
2019-05-19 18-24-57,382,15.2298,37.4491
2019-05-19 18-24-59,382,15.1794,37.4758
2019-05-19 18-25-01,383,15.1443,37.5051
2019-05-19 18-25-03,384,15.181,37.5345
2019-05-19 18-25-05,384,15.1108,37.5345
2019-05-19 18-25-07,384,15.094,37.5639
2019-05-19 18-25-09,384,15.0757,37.6066
2019-05-19 18-25-13,384,15.1169,37.6627
2019-05-19 18-25-15,384,14.9933,37.676
2019-05-19 18-25-17,384,14.9414,37.7321
2019-05-19 18-25-19,385,14.9384,37.7028
2019-05-19 18-25-21,386,14.9979,37.7455
2019-05-19 18-25-23,386,14.9277,37.7882
2019-05-19 18-25-25,386,14.9292,37.8309
2019-05-19 18-25-29,387,14.8773,37.8443
2019-05-19 18-25-31,389,14.8773,37.8443
2019-05-19 18-25-33,391,14.9109,37.8309
2019-05-19 18-25-35,393,14.9094,37.8016
2019-05-19 18-25-37,398,14.856,37.7615
2019-05-19 18-25-39,395,14.9246,37.7615
2019-05-19 18-25-41,396,14.9414,37.7321
2019-05-19 18-25-43,400,14.9643,37.7615
2019-05-19 18-25-47,398,15.0162,37.7615
2019-05-19 18-25-49,398,14.9246,37.7615
2019-05-19 18-25-51,397,14.9796,37.7455
2019-05-19 18-25-53,393,14.9429,37.7749
2019-05-19 18-25-55,394,14.9094,37.7882
2019-05-19 18-25-57,397,14.9429,37.7882
2019-05-19 18-25-59,399,14.9429,37.7749
2019-05-19 18-26-01,400,14.9094,37.7882
2019-05-19 18-26-05,401,14.9429,37.7615
2019-05-19 18-26-07,403,14.9063,37.7321
2019-05-19 18-26-09,404,14.9963,37.7188
2019-05-19 18-26-11,404,15.0284,37.676
2019-05-19 18-26-13,402,15.0467,37.676
2019-05-19 18-26-15,401,15.0284,37.676
2019-05-19 18-26-17,402,15.062,37.676
2019-05-19 18-26-19,402,15.1016,37.6894
2019-05-19 18-26-23,403,15.0604,37.62
2019-05-19 18-26-25,402,15.184,37.5639
2019-05-19 18-26-27,403,15.1794,37.5051
2019-05-19 18-26-29,403,15.1627,37.5051
2019-05-19 18-26-31,401,15.2527,37.5051
2019-05-19 18-26-33,400,15.1978,37.5051
2019-05-19 18-26-35,398,15.1443,37.4918
2019-05-19 18-26-37,398,15.1443,37.4918
2019-05-19 18-26-41,398,15.1443,37.4918
2019-05-19 18-26-43,398,15.1398,37.4357
2019-05-19 18-26-45,397,15.1764,37.4357
2019-05-19 18-26-47,395,15.2084,37.393
2019-05-19 18-26-49,394,15.2451,37.393
2019-05-19 18-26-51,395,15.2084,37.393
2019-05-19 18-26-53,393,15.1901,37.393
2019-05-19 18-26-57,393,15.1382,37.3636
2019-05-19 18-26-59,392,15.1718,37.3503
2019-05-19 18-27-01,391,15.1901,37.3636
2019-05-19 18-27-03,391,15.1215,37.3796
2019-05-19 18-27-05,390,15.1932,37.4063
2019-05-19 18-27-07,390,15.1764,37.4491
2019-05-19 18-27-09,389,15.0894,37.4491
2019-05-19 18-27-11,389,15.1062,37.4197
2019-05-19 18-27-15,388,15.0879,37.4063
2019-05-19 18-27-17,389,15.1215,37.3796
2019-05-19 18-27-19,390,15.1352,37.3236
2019-05-19 18-27-21,390,15.0421,37.2808
2019-05-19 18-27-23,391,15.1474,37.2087
2019-05-19 18-27-25,391,15.1474,37.1954
2019-05-19 18-27-27,390,15.1443,37.1527
2019-05-19 18-27-29,389,15.1947,37.126
2019-05-19 18-27-33,388,15.2161,37.182
2019-05-19 18-27-35,387,15.213,37.1687
2019-05-19 18-27-37,387,15.1947,37.126
2019-05-19 18-27-39,389,15.1932,37.0699
2019-05-19 18-27-41,389,15.1718,37.0378
2019-05-19 18-27-43,389,15.2588,36.9818
2019-05-19 18-27-45,387,15.3488,36.9978
2019-05-19 18-27-47,387,15.2618,37.0111
2019-05-19 18-27-51,385,15.2634,37.0378
2019-05-19 18-27-53,385,15.1932,37.0832
2019-05-19 18-27-55,385,15.1947,37.1393
2019-05-19 18-27-57,384,15.2115,37.126
2019-05-19 18-27-59,384,15.2481,37.0966
2019-05-19 18-28-01,384,15.2496,37.1126
2019-05-19 18-28-03,384,15.2664,37.0832
2019-05-19 18-28-05,384,15.1932,37.0832
2019-05-19 18-28-09,384,15.2451,37.0378
2019-05-19 18-28-11,385,15.2954,37.0111
2019-05-19 18-28-13,385,15.3305,37.0111
2019-05-19 18-28-15,383,15.3305,36.9978
2019-05-19 18-28-18,381,15.3671,37.0378
2019-05-19 18-28-20,381,15.2985,37.0539
2019-05-19 18-28-22,381,15.2481,37.0699
2019-05-19 18-28-26,381,15.2313,37.0966
2019-05-19 18-28-28,380,15.2344,37.1393
2019-05-19 18-28-30,380,15.1794,37.1527
2019-05-19 18-28-32,380,15.1978,37.1687
2019-05-19 18-28-34,380,15.184,37.2381
2019-05-19 18-28-36,379,15.1474,37.2248
2019-05-19 18-28-38,379,15.097,37.2648
2019-05-19 18-28-40,379,15.1337,37.3075
2019-05-19 18-28-44,379,15.0436,37.3075
2019-05-19 18-28-46,379,15.0284,37.3236
2019-05-19 18-28-48,379,15.0467,37.3636
2019-05-19 18-28-50,380,15.0467,37.3503
2019-05-19 18-28-52,380,15.0101,37.3075
2019-05-19 18-28-54,381,15.1123,37.2381
2019-05-19 18-28-56,382,15.126,37.1687
2019-05-19 18-28-58,382,15.213,37.1527
2019-05-19 18-29-02,382,15.1215,37.0699
2019-05-19 18-29-04,382,15.2084,37.0832
2019-05-19 18-29-06,382,15.1611,37.1527
2019-05-19 18-29-08,380,15.1474,37.2248
2019-05-19 18-29-10,379,15.0787,37.2515
2019-05-19 18-29-12,380,15.0421,37.2808
2019-05-19 18-29-14,378,15.0436,37.3075
2019-05-19 18-29-16,379,14.9597,37.3503
2019-05-19 18-29-20,379,14.9963,37.393
2019-05-19 18-29-22,379,14.9643,37.4197
2019-05-19 18-29-24,380,14.8743,37.4624
2019-05-19 18-29-26,380,14.8911,37.4491
2019-05-19 18-29-28,381,14.946,37.4357
2019-05-19 18-29-30,382,14.9643,37.4357
2019-05-19 18-29-32,383,14.8727,37.4357
2019-05-19 18-29-34,384,14.8911,37.4357
2019-05-19 18-29-38,385,14.946,37.4063
2019-05-19 18-29-40,385,14.9597,37.3636
2019-05-19 18-29-42,385,14.978,37.3796
2019-05-19 18-29-44,386,14.9963,37.3796
2019-05-19 18-29-46,386,14.9597,37.3503
2019-05-19 18-29-48,386,14.975,37.3236
2019-05-19 18-29-50,387,14.9933,37.3236
2019-05-19 18-29-52,386,14.9612,37.393
2019-05-19 18-29-56,385,14.978,37.3796
2019-05-19 18-29-58,384,14.9643,37.4197
2019-05-19 18-30-00,384,14.9979,37.4197
2019-05-19 18-30-02,384,14.8926,37.4624
2019-05-19 18-30-04,383,14.8773,37.5051
2019-05-19 18-30-06,385,14.8224,37.4491
2019-05-19 18-30-08,386,14.7491,37.4491
2019-05-19 18-30-10,385,14.8224,37.4491
2019-05-19 18-30-14,384,14.7644,37.4357
2019-05-19 18-30-16,384,14.7675,37.4491
2019-05-19 18-30-18,383,14.7354,37.5051
2019-05-19 18-30-20,383,14.7736,37.5772
2019-05-19 18-30-22,384,14.7034,37.5906
2019-05-19 18-30-24,383,14.6912,37.676
2019-05-19 18-30-26,383,14.6408,37.7321
2019-05-19 18-30-30,383,14.5859,37.7455
2019-05-19 18-30-32,383,14.5538,37.7749
2019-05-19 18-30-34,384,14.5203,37.7882
2019-05-19 18-30-36,385,14.534,37.7321
2019-05-19 18-30-38,386,14.5676,37.7188
2019-05-19 18-30-40,386,14.621,37.7321
2019-05-19 18-30-42,387,14.6576,37.7028
2019-05-19 18-30-44,388,14.5844,37.6894
2019-05-19 18-30-48,388,14.6729,37.6627
2019-05-19 18-30-50,389,14.6683,37.6066
2019-05-19 18-30-52,390,14.74,37.5906
2019-05-19 18-30-54,390,14.7171,37.5212
2019-05-19 18-30-56,390,14.7675,37.4758
2019-05-19 18-30-58,390,14.856,37.4491
2019-05-19 18-31-00,390,14.9063,37.393
2019-05-19 18-31-02,388,14.92,37.3503
2019-05-19 18-31-06,387,15.0116,37.3369
2019-05-19 18-31-08,386,15.0253,37.3075
2019-05-19 18-31-10,385,15.0604,37.2942
2019-05-19 18-31-12,384,15.0116,37.3369
2019-05-19 18-31-14,384,15.0848,37.3503
2019-05-19 18-31-16,382,15.0482,37.393
2019-05-19 18-31-18,381,14.9979,37.4197
2019-05-19 18-31-20,380,14.9246,37.4063
2019-05-19 18-31-24,380,14.9643,37.4197
2019-05-19 18-31-26,380,14.9246,37.4197
2019-05-19 18-31-28,381,14.9246,37.4357
2019-05-19 18-31-30,381,14.9246,37.4063
2019-05-19 18-31-32,381,15.0146,37.393
2019-05-19 18-31-34,382,14.9414,37.3369
2019-05-19 18-31-36,382,14.9597,37.3369
2019-05-19 18-31-38,383,15.007,37.2808
2019-05-19 18-31-42,384,15.1123,37.2087
2019-05-19 18-31-44,384,15.1443,37.1687
2019-05-19 18-31-46,384,15.1794,37.1393
2019-05-19 18-31-48,383,15.2344,37.1527
2019-05-19 18-31-50,381,15.2344,37.1687
2019-05-19 18-31-52,380,15.1993,37.2381
2019-05-19 18-31-54,377,15.184,37.2515
2019-05-19 18-31-58,378,15.184,37.2648
2019-05-19 18-32-00,375,15.1489,37.2808
2019-05-19 18-32-02,375,15.1169,37.2942
2019-05-19 18-32-04,374,15.0604,37.2942
2019-05-19 18-32-06,370,15.0284,37.3236
2019-05-19 18-32-08,370,15.0299,37.393
2019-05-19 18-32-10,366,14.8743,37.4491
2019-05-19 18-32-12,367,14.7675,37.4758
2019-05-19 18-32-16,365,14.8605,37.5212
2019-05-19 18-32-18,369,14.8102,37.5505
2019-05-19 18-32-20,374,14.772,37.5639
2019-05-19 18-32-22,381,14.7552,37.5639
2019-05-19 18-32-24,387,14.8087,37.5212
2019-05-19 18-32-26,392,14.7644,37.4197
2019-05-19 18-32-28,394,14.8499,37.3236
2019-05-19 18-32-30,392,14.9551,37.2648
2019-05-19 18-32-34,397,15.0208,37.182
2019-05-19 18-32-36,396,15.1443,37.1687
2019-05-19 18-32-38,391,15.1428,37.1126
2019-05-19 18-32-40,388,15.2267,37.0378
2019-05-19 18-32-42,384,15.2802,37.0111
2019-05-19 18-32-44,383,15.2588,36.9818
2019-05-19 18-32-46,381,15.2039,36.9551
2019-05-19 18-32-48,376,15.239,36.9257
2019-05-19 18-32-52,374,15.2542,36.899
2019-05-19 18-32-54,371,15.3091,36.939
2019-05-19 18-32-56,365,15.3122,36.9684
2019-05-19 18-32-58,349,15.2985,37.0245
2019-05-19 18-33-00,352,15.3351,37.0966
2019-05-19 18-33-02,352,15.1932,37.0966
2019-05-19 18-33-04,361,15.1611,37.1393
2019-05-19 18-33-06,363,15.1627,37.182
2019-05-19 18-33-10,362,15.1474,37.2248
2019-05-19 18-33-12,360,15.1154,37.2515
2019-05-19 18-33-14,355,15.0436,37.2942
2019-05-19 18-33-16,354,15.0848,37.3503
2019-05-19 18-33-18,360,14.975,37.3369
2019-05-19 18-33-20,362,14.9612,37.3796
2019-05-19 18-33-22,362,14.946,37.4063
2019-05-19 18-33-26,364,14.9643,37.4491
2019-05-19 18-33-29,365,14.8911,37.4357
2019-05-19 18-33-31,369,14.859,37.4758
2019-05-19 18-33-33,369,14.9109,37.4918
2019-05-19 18-33-35,368,14.859,37.4918
2019-05-19 18-33-37,369,14.8087,37.5212
2019-05-19 18-33-39,370,14.827,37.5505
2019-05-19 18-33-41,370,14.7949,37.5906
2019-05-19 18-33-45,370,14.7736,37.6066
2019-05-19 18-33-47,371,14.7583,37.6333
2019-05-19 18-33-49,374,14.7598,37.6627
2019-05-19 18-33-51,374,14.7446,37.676
2019-05-19 18-33-53,374,14.7263,37.6627
2019-05-19 18-33-55,374,14.7598,37.6627
2019-05-19 18-33-57,374,14.7263,37.6894
2019-05-19 18-33-59,374,14.7079,37.676
2019-05-19 18-34-03,374,14.7995,37.676
2019-05-19 18-34-05,375,14.8148,37.676
2019-05-19 18-34-07,376,14.8148,37.6627
2019-05-19 18-34-09,376,14.8148,37.6627
2019-05-19 18-34-11,376,14.7781,37.6627
2019-05-19 18-34-13,377,14.7964,37.6627
2019-05-19 18-34-15,377,14.6729,37.6627
2019-05-19 18-34-17,379,14.7263,37.676
2019-05-19 18-34-21,379,14.7598,37.6627
2019-05-19 18-34-23,380,14.7781,37.6627
2019-05-19 18-34-25,380,14.7232,37.6467
2019-05-19 18-34-27,380,14.7079,37.6467
2019-05-19 18-34-29,380,14.6729,37.6627
2019-05-19 18-34-31,379,14.7415,37.6627
2019-05-19 18-34-33,378,14.7079,37.676
2019-05-19 18-34-35,379,14.6912,37.676
2019-05-19 18-34-39,379,14.7079,37.6627
2019-05-19 18-34-41,379,14.7079,37.6467
2019-05-19 18-34-43,379,14.74,37.62
2019-05-19 18-34-45,379,14.6896,37.6467
2019-05-19 18-34-47,379,14.7583,37.62
2019-05-19 18-34-49,379,14.7079,37.6627
2019-05-19 18-34-51,379,14.7263,37.6627
2019-05-19 18-34-53,379,14.6729,37.6627
2019-05-19 18-34-57,379,14.7263,37.676
2019-05-19 18-34-59,380,14.7232,37.6467
2019-05-19 18-35-01,380,14.6896,37.6627
2019-05-19 18-35-03,380,14.7079,37.6467
2019-05-19 18-35-05,380,14.7049,37.6066
2019-05-19 18-35-07,381,14.6683,37.5772
2019-05-19 18-35-09,381,14.7186,37.5505
2019-05-19 18-35-11,380,14.827,37.5345
2019-05-19 18-35-15,379,14.8468,37.5906
2019-05-19 18-35-17,379,14.7949,37.6066
2019-05-19 18-35-19,379,14.7949,37.5906
2019-05-19 18-35-21,379,14.7919,37.5772
2019-05-19 18-35-23,379,14.7736,37.5906
2019-05-19 18-35-25,378,14.8132,37.6066
2019-05-19 18-35-27,378,14.8132,37.62
2019-05-19 18-35-29,379,14.7736,37.6066
2019-05-19 18-35-33,379,14.7079,37.6467
2019-05-19 18-35-35,379,14.7263,37.676
2019-05-19 18-35-37,379,14.7446,37.676
2019-05-19 18-35-39,379,14.7446,37.6894
2019-05-19 18-35-41,379,14.7598,37.6894
2019-05-19 18-35-43,380,14.7278,37.7028
2019-05-19 18-35-45,380,14.7095,37.7188
2019-05-19 18-35-49,379,14.7278,37.7455
2019-05-19 18-35-51,379,14.7461,37.7455
2019-05-19 18-35-53,380,14.6774,37.7615
2019-05-19 18-35-55,380,14.6622,37.7749
2019-05-19 18-35-57,380,14.6591,37.7615
2019-05-19 18-35-59,380,14.6805,37.8176
2019-05-19 18-36-01,381,14.6622,37.7749
2019-05-19 18-36-03,381,14.6957,37.7882
2019-05-19 18-36-07,381,14.6439,37.7882
2019-05-19 18-36-09,382,14.6408,37.7455
2019-05-19 18-36-11,384,14.6957,37.7882
2019-05-19 18-36-13,384,14.6957,37.7749
2019-05-19 18-36-15,384,14.6576,37.7188
2019-05-19 18-36-17,384,14.7278,37.7188
2019-05-19 18-36-19,385,14.7446,37.7028
2019-05-19 18-36-21,386,14.7446,37.676
2019-05-19 18-36-25,385,14.7598,37.6627
2019-05-19 18-36-27,384,14.7766,37.6333
2019-05-19 18-36-29,384,14.7079,37.6467
2019-05-19 18-36-31,385,14.7766,37.6333
2019-05-19 18-36-33,385,14.7583,37.62
2019-05-19 18-36-35,384,14.8148,37.6467
2019-05-19 18-36-37,384,14.7781,37.6627
2019-05-19 18-36-39,384,14.7598,37.6627
2019-05-19 18-36-43,384,14.8148,37.6467
2019-05-19 18-36-45,384,14.7766,37.6333
2019-05-19 18-36-47,384,14.7964,37.6333
2019-05-19 18-36-49,384,14.74,37.6066
2019-05-19 18-36-51,383,14.8102,37.5639
2019-05-19 18-36-53,383,14.827,37.5505
2019-05-19 18-36-55,384,14.9277,37.4758
2019-05-19 18-36-57,383,14.9094,37.4491
2019-05-19 18-37-01,383,14.946,37.4197
2019-05-19 18-37-03,383,14.9796,37.393
2019-05-19 18-37-05,383,15.0467,37.3636
2019-05-19 18-37-07,382,15.0299,37.3796
2019-05-19 18-37-09,381,15.0299,37.3796
2019-05-19 18-37-11,381,14.9963,37.4063
2019-05-19 18-37-13,380,14.9277,37.4758
2019-05-19 18-37-15,380,14.9277,37.4491
2019-05-19 18-37-19,381,14.8743,37.4758
2019-05-19 18-37-21,381,14.8926,37.4918
2019-05-19 18-37-23,380,14.8926,37.4758
2019-05-19 18-37-25,380,14.8956,37.5345
2019-05-19 18-37-27,380,14.8102,37.5505
2019-05-19 18-37-29,380,14.7919,37.5505
2019-05-19 18-37-31,380,14.7919,37.5505
2019-05-19 18-37-33,381,14.8636,37.5639
2019-05-19 18-37-37,380,14.8605,37.5505
2019-05-19 18-37-39,380,14.8453,37.5639
2019-05-19 18-37-41,380,14.8453,37.5772
2019-05-19 18-37-43,380,14.8285,37.6066
2019-05-19 18-37-45,380,14.7736,37.5906
2019-05-19 18-37-47,379,14.8285,37.6066
2019-05-19 18-37-49,379,14.8148,37.6627
2019-05-19 18-37-51,379,14.7766,37.6333
2019-05-19 18-37-55,380,14.8331,37.6627
2019-05-19 18-37-57,380,14.7766,37.6467
2019-05-19 18-37-59,380,14.7781,37.676
2019-05-19 18-38-01,380,14.8315,37.6333
2019-05-19 18-38-03,379,14.7995,37.676
2019-05-19 18-38-05,380,14.7781,37.6894
2019-05-19 18-38-07,380,14.7995,37.6894
2019-05-19 18-38-11,380,14.8148,37.6627
2019-05-19 18-38-13,379,14.7079,37.6627
2019-05-19 18-38-15,379,14.7629,37.7028
2019-05-19 18-38-17,380,14.7598,37.6894
2019-05-19 18-38-19,380,14.7446,37.676
2019-05-19 18-38-21,381,14.8178,37.6894
2019-05-19 18-38-23,382,14.7781,37.6894
2019-05-19 18-38-25,382,14.7964,37.6467
2019-05-19 18-38-29,382,14.8285,37.6066
2019-05-19 18-38-32,382,14.8285,37.5772
2019-05-19 18-38-34,382,14.8239,37.5212
2019-05-19 18-38-36,382,14.9094,37.4624
2019-05-19 18-38-38,382,14.9429,37.393
2019-05-19 18-38-40,382,14.9933,37.3503
2019-05-19 18-38-42,382,14.9918,37.3075
2019-05-19 18-38-44,381,15.0421,37.2381
2019-05-19 18-38-48,380,15.0742,37.1393
2019-05-19 18-38-50,380,15.1062,37.1126
2019-05-19 18-38-52,380,15.1581,37.0966
2019-05-19 18-38-54,379,15.1901,37.0245
2019-05-19 18-38-56,378,15.2069,37.0111
2019-05-19 18-38-58,378,15.2771,36.9684
2019-05-19 18-39-00,378,15.2405,36.9684
2019-05-19 18-39-02,377,15.2222,36.9551
2019-05-19 18-39-06,376,15.2588,36.9684
2019-05-19 18-39-08,375,15.2435,36.9978
2019-05-19 18-39-10,374,15.2222,36.9551
2019-05-19 18-39-12,374,15.2039,36.9684
2019-05-19 18-39-14,373,15.1855,36.9684
2019-05-19 18-39-16,370,15.0467,37.0245
2019-05-19 18-39-18,370,15.0482,37.0699
2019-05-19 18-39-20,370,14.9963,37.0539
2019-05-19 18-39-24,371,14.9963,37.0378
2019-05-19 18-39-26,372,14.9612,37.0378
2019-05-19 18-39-28,373,14.9597,37.0245
2019-05-19 18-39-30,374,14.9933,37.0111
2019-05-19 18-39-32,374,15.0116,37.0245
2019-05-19 18-39-34,373,14.978,37.0245
2019-05-19 18-39-36,373,15.0116,37.0245
2019-05-19 18-39-38,374,15.0986,36.9684
2019-05-19 18-39-42,374,15.1154,36.939
2019-05-19 18-39-44,375,15.1489,36.9257
2019-05-19 18-39-46,375,15.1123,36.883
2019-05-19 18-39-48,376,15.2359,36.8429
2019-05-19 18-39-50,375,15.2527,36.8269
2019-05-19 18-39-52,375,15.2863,36.8269
2019-05-19 18-39-54,374,15.2847,36.7708
2019-05-19 18-39-56,374,15.2847,36.7708
2019-05-19 18-40-00,373,15.2817,36.7441
2019-05-19 18-40-02,373,15.3351,36.7308
2019-05-19 18-40-04,372,15.2664,36.7708
2019-05-19 18-40-06,371,15.2161,36.8002
2019-05-19 18-40-08,371,15.2496,36.8002
2019-05-19 18-40-10,371,15.3549,36.7868
2019-05-19 18-40-12,371,15.3732,36.7575
2019-05-19 18-40-16,370,15.4266,36.7708
2019-05-19 18-40-18,370,15.477,36.7575
2019-05-19 18-40-20,370,15.4083,36.7575
2019-05-19 18-40-22,371,15.3915,36.7708
2019-05-19 18-40-24,371,15.4083,36.7441
2019-05-19 18-40-26,371,15.3717,36.7441
2019-05-19 18-40-28,371,15.3915,36.7708
2019-05-19 18-40-30,371,15.4099,36.8002
2019-05-19 18-40-34,370,15.358,36.8429
2019-05-19 18-40-36,369,15.3778,36.8563
2019-05-19 18-40-38,369,15.2908,36.9123
2019-05-19 18-40-40,369,15.2435,36.9818
2019-05-19 18-40-42,369,15.2267,37.0245
2019-05-19 18-40-44,369,15.2298,37.0699
2019-05-19 18-40-46,369,15.1947,37.126
2019-05-19 18-40-48,369,15.126,37.1393
2019-05-19 18-40-52,369,15.0345,37.126
2019-05-19 18-40-54,369,15.0894,37.126
2019-05-19 18-40-56,370,15.1398,37.0966
2019-05-19 18-40-58,370,15.1215,37.0699
2019-05-19 18-41-00,371,15.0879,37.0832
2019-05-19 18-41-02,370,15.0482,37.0699
2019-05-19 18-41-04,370,15.0696,37.0539
2019-05-19 18-41-06,370,15.0879,37.0699
2019-05-19 18-41-10,371,15.1062,37.0832
2019-05-19 18-41-12,371,15.1031,37.0699
2019-05-19 18-41-14,371,15.1031,37.0699
2019-05-19 18-41-16,372,15.033,37.0699
2019-05-19 18-41-18,372,15.0879,37.0699
2019-05-19 18-41-20,372,15.1062,37.0832
2019-05-19 18-41-22,371,15.1062,37.1126
2019-05-19 18-41-24,371,15.0345,37.1126
2019-05-19 18-41-28,371,15.1062,37.1126
2019-05-19 18-41-30,371,15.0879,37.0832
2019-05-19 18-41-32,371,15.0482,37.0378
2019-05-19 18-41-34,371,15.1199,37.0111
2019-05-19 18-41-36,371,15.0848,37.0111
2019-05-19 18-41-38,372,15.0848,37.0378
2019-05-19 18-41-40,371,15.0879,37.0832
2019-05-19 18-41-42,371,15.0711,37.0966
2019-05-19 18-41-46,371,14.9979,37.1126
2019-05-19 18-41-48,371,15.0345,37.126
2019-05-19 18-41-50,371,15.1062,37.1126
2019-05-19 18-41-52,371,15.0879,37.0966
2019-05-19 18-41-54,371,15.0513,37.0966
2019-05-19 18-41-56,372,15.0879,37.0699
2019-05-19 18-41-58,372,15.1031,37.0539
2019-05-19 18-42-00,372,15.1352,36.9818
2019-05-19 18-42-04,372,15.2222,36.9551
2019-05-19 18-42-06,372,15.2405,36.939
2019-05-19 18-42-08,372,15.3259,36.899
2019-05-19 18-42-10,372,15.2542,36.883
2019-05-19 18-42-12,372,15.3442,36.899
2019-05-19 18-42-14,372,15.3259,36.899
2019-05-19 18-42-16,371,15.3595,36.883
2019-05-19 18-42-20,371,15.2893,36.8696
2019-05-19 18-42-22,371,15.451,36.899
2019-05-19 18-42-24,371,15.4175,36.9123
2019-05-19 18-42-26,371,15.3961,36.883
2019-05-19 18-42-28,372,15.3091,36.9123
2019-05-19 18-42-30,372,15.2939,36.939
2019-05-19 18-42-32,372,15.3275,36.939
2019-05-19 18-42-34,372,15.2725,36.9123
2019-05-19 18-42-38,372,15.2573,36.939
2019-05-19 18-42-40,371,15.2771,36.9818
2019-05-19 18-42-42,371,15.1901,37.0378
2019-05-19 18-42-44,370,15.0894,37.1126
2019-05-19 18-42-46,370,15.1764,37.1126
2019-05-19 18-42-48,370,15.1764,37.1126
2019-05-19 18-42-50,371,15.1443,37.1527
2019-05-19 18-42-52,370,15.0925,37.1527
2019-05-19 18-42-56,371,15.0925,37.1687
2019-05-19 18-42-58,372,15.0375,37.182
2019-05-19 18-43-00,370,15.0558,37.1954
2019-05-19 18-43-02,370,15.0574,37.2515
2019-05-19 18-43-04,370,14.9017,37.3075
2019-05-19 18-43-06,372,14.8682,37.3075
2019-05-19 18-43-08,373,14.8361,37.3796
2019-05-19 18-43-10,374,14.8361,37.3636
2019-05-19 18-43-14,375,14.7995,37.3636
2019-05-19 18-43-16,377,14.8178,37.3796
2019-05-19 18-43-18,377,14.8544,37.3796
2019-05-19 18-43-20,377,14.7995,37.3636
2019-05-19 18-43-22,377,14.8361,37.3796
2019-05-19 18-43-24,378,14.8361,37.393
2019-05-19 18-43-26,378,14.801,37.393
2019-05-19 18-43-28,378,14.7995,37.3503
2019-05-19 18-43-33,379,14.8544,37.393
2019-05-19 18-43-35,378,14.8193,37.393
2019-05-19 18-43-37,378,14.7873,37.4491
2019-05-19 18-43-39,378,14.8224,37.4624
2019-05-19 18-43-41,378,14.7903,37.4918
2019-05-19 18-43-43,379,14.772,37.5345
2019-05-19 18-43-45,380,14.7034,37.5772
2019-05-19 18-43-47,380,14.7186,37.5639
2019-05-19 18-43-51,380,14.7034,37.5772
2019-05-19 18-43-53,380,14.74,37.62
2019-05-19 18-43-55,380,14.6713,37.62
2019-05-19 18-43-57,381,14.653,37.62
2019-05-19 18-43-59,381,14.6545,37.6467
2019-05-19 18-44-01,382,14.6866,37.6066
2019-05-19 18-44-03,382,14.6133,37.5906
2019-05-19 18-44-05,382,14.595,37.5772
2019-05-19 18-44-09,383,14.6683,37.5772
2019-05-19 18-44-11,383,14.682,37.5212
2019-05-19 18-44-13,384,14.7141,37.4758
2019-05-19 18-44-15,383,14.7141,37.4357
2019-05-19 18-44-17,383,14.8224,37.4357
2019-05-19 18-44-19,383,14.8727,37.4063
2019-05-19 18-44-21,383,14.9414,37.3503
2019-05-19 18-44-23,383,14.92,37.3369
2019-05-19 18-44-27,382,14.9567,37.2942
2019-05-19 18-44-29,381,14.9567,37.3075
2019-05-19 18-44-31,381,14.9414,37.3369
2019-05-19 18-44-33,380,14.9002,37.2648
2019-05-19 18-44-35,379,14.9155,37.2648
2019-05-19 18-44-37,379,14.8315,37.2808
2019-05-19 18-44-39,379,14.8315,37.2808
2019-05-19 18-44-43,379,14.8285,37.2515
2019-05-19 18-44-45,378,14.8819,37.2381
2019-05-19 18-44-47,378,14.827,37.2248
2019-05-19 18-44-49,379,14.9139,37.1954
2019-05-19 18-44-51,378,14.8422,37.1687
2019-05-19 18-44-53,378,14.9323,37.1527
2019-05-19 18-44-55,377,14.9323,37.1687
2019-05-19 18-44-57,377,14.9658,37.1527
2019-05-19 18-45-01,377,14.9704,37.2248
2019-05-19 18-45-03,377,14.9094,37.126
2019-05-19 18-45-05,377,14.9826,37.1393
2019-05-19 18-45-07,377,14.9826,37.126
2019-05-19 18-45-09,375,14.9841,37.1687
2019-05-19 18-45-11,374,14.9155,37.2248
2019-05-19 18-45-13,374,14.8453,37.2381
2019-05-19 18-45-15,374,14.8834,37.2942
2019-05-19 18-45-19,375,14.7964,37.2942
2019-05-19 18-45-21,376,14.7964,37.3236
2019-05-19 18-45-23,376,14.7446,37.3636
2019-05-19 18-45-25,377,14.7278,37.3636
2019-05-19 18-45-27,377,14.7263,37.3503
2019-05-19 18-45-29,377,14.7263,37.3236
2019-05-19 18-45-31,379,14.7034,37.2515
2019-05-19 18-45-33,379,14.7537,37.2087
2019-05-19 18-45-37,379,14.8605,37.2087
2019-05-19 18-45-39,377,14.7949,37.2381
2019-05-19 18-45-41,377,14.7766,37.2515
2019-05-19 18-45-43,379,14.827,37.1954
2019-05-19 18-45-45,379,14.7736,37.1954
2019-05-19 18-45-47,378,14.8453,37.2087
2019-05-19 18-45-49,377,14.8453,37.2381
2019-05-19 18-45-51,376,14.8315,37.2942
2019-05-19 18-45-55,376,14.7964,37.3236
2019-05-19 18-45-57,376,14.7629,37.393
2019-05-19 18-45-59,374,14.6774,37.4197
2019-05-19 18-46-01,374,14.6637,37.4918
2019-05-19 18-46-03,373,14.5935,37.5345
2019-05-19 18-46-05,373,14.5981,37.6066
2019-05-19 18-46-07,373,14.5477,37.6467
2019-05-19 18-46-09,373,14.4943,37.6467
2019-05-19 18-46-13,374,14.4791,37.6894
2019-05-19 18-46-15,375,14.4791,37.676
2019-05-19 18-46-17,377,14.4394,37.6627
2019-05-19 18-46-19,379,14.4577,37.6627
2019-05-19 18-46-21,380,14.476,37.6467
2019-05-19 18-46-23,384,14.4928,37.6333
2019-05-19 18-46-25,386,14.4379,37.6066
2019-05-19 18-46-27,384,14.4745,37.6066
2019-05-19 18-46-31,381,14.5294,37.6467
2019-05-19 18-46-33,376,14.4196,37.5906
2019-05-19 18-46-35,381,14.5111,37.6066
2019-05-19 18-46-37,379,14.5264,37.5906
2019-05-19 18-46-39,380,14.5447,37.62
2019-05-19 18-46-41,381,14.5081,37.5772
2019-05-19 18-46-43,382,14.5584,37.5505
2019-05-19 18-46-45,382,14.6088,37.4918
2019-05-19 18-46-49,381,14.6988,37.4624
2019-05-19 18-46-51,379,14.6805,37.4491
2019-05-19 18-46-53,377,14.7461,37.4197
2019-05-19 18-46-55,377,14.7644,37.4063
2019-05-19 18-46-57,378,14.8148,37.3369
2019-05-19 18-46-59,377,14.8178,37.3503
2019-05-19 18-47-01,374,14.8148,37.3236
2019-05-19 18-47-03,373,14.7629,37.3503
2019-05-19 18-47-07,371,14.7278,37.3796
2019-05-19 18-47-09,371,14.7644,37.4063
2019-05-19 18-47-11,371,14.801,37.3796
2019-05-19 18-47-13,373,14.7446,37.3636
2019-05-19 18-47-15,373,14.8331,37.3369
2019-05-19 18-47-17,373,14.7415,37.2942
2019-05-19 18-47-19,372,14.9002,37.2648
2019-05-19 18-47-21,372,14.8972,37.2381
2019-05-19 18-47-25,373,14.8972,37.2087
2019-05-19 18-47-27,373,14.859,37.1527
2019-05-19 18-47-29,374,14.8911,37.1126
2019-05-19 18-47-31,375,14.9612,37.0378
2019-05-19 18-47-33,375,14.9933,37.0111
2019-05-19 18-47-35,374,15.0101,36.9978
2019-05-19 18-47-37,373,15.0665,36.9978
2019-05-19 18-47-39,372,15.1352,37.0111
2019-05-19 18-47-43,372,14.9963,37.0378
2019-05-19 18-47-45,371,14.9796,37.0699
2019-05-19 18-47-47,370,14.9094,37.0966
2019-05-19 18-47-49,370,14.9292,37.0966
2019-05-19 18-47-51,369,14.9277,37.0699
2019-05-19 18-47-53,370,15.0146,37.0699
2019-05-19 18-47-55,371,15.0146,37.0539
2019-05-19 18-47-59,371,15.0299,37.0539
2019-05-19 18-48-01,370,15.0513,37.0832
2019-05-19 18-48-03,370,14.946,37.1126
2019-05-19 18-48-05,369,14.8727,37.0832
2019-05-19 18-48-07,370,14.888,37.0539
2019-05-19 18-48-09,370,14.9048,37.0245
2019-05-19 18-48-11,370,14.9963,37.0539
2019-05-19 18-48-13,370,14.9612,37.0699
2019-05-19 18-48-17,370,14.9246,37.0378
2019-05-19 18-48-19,369,14.8727,37.0699
2019-05-19 18-48-21,369,14.9796,37.0966
2019-05-19 18-48-23,369,14.8743,37.1126
2019-05-19 18-48-25,370,14.8376,37.0832
2019-05-19 18-48-27,369,14.8911,37.1126
2019-05-19 18-48-29,369,14.8727,37.0832
2019-05-19 18-48-31,369,14.8911,37.1126
2019-05-19 18-48-36,370,14.8224,37.126
2019-05-19 18-48-38,370,14.859,37.1393
2019-05-19 18-48-40,371,14.8727,37.0966
2019-05-19 18-48-42,370,14.856,37.126
2019-05-19 18-48-44,371,14.8926,37.1527
2019-05-19 18-48-46,371,14.8788,37.2087
2019-05-19 18-48-48,371,14.8605,37.2087
2019-05-19 18-48-50,370,14.7766,37.2515
2019-05-19 18-48-54,370,14.7781,37.3075
2019-05-19 18-48-56,371,14.7095,37.3636
2019-05-19 18-48-58,371,14.7125,37.393
2019-05-19 18-49-00,372,14.6255,37.4357
2019-05-19 18-49-02,373,14.6439,37.4357
2019-05-19 18-49-04,374,14.6591,37.393
2019-05-19 18-49-06,375,14.6042,37.4197
2019-05-19 18-49-08,377,14.6271,37.4491
2019-05-19 18-49-12,376,14.6255,37.4063
2019-05-19 18-49-14,376,14.6042,37.4197
2019-05-19 18-49-16,378,14.5859,37.4063
2019-05-19 18-49-18,380,14.5844,37.3503
2019-05-19 18-49-20,381,14.6896,37.3236
2019-05-19 18-49-22,381,14.7049,37.2808
2019-05-19 18-49-24,383,14.8972,37.2087
2019-05-19 18-49-26,383,14.8773,37.182
2019-05-19 18-49-30,383,14.9323,37.182
2019-05-19 18-49-32,383,14.9841,37.1527
2019-05-19 18-49-34,382,14.9643,37.126
2019-05-19 18-49-36,382,15.0513,37.1126
2019-05-19 18-49-38,380,14.9826,37.1126
2019-05-19 18-49-40,380,14.946,37.1126
2019-05-19 18-49-42,380,15.033,37.0966
2019-05-19 18-49-44,381,15.0299,37.0378
2019-05-19 18-49-48,380,15.0116,37.0245
2019-05-19 18-49-50,379,15.0101,36.9818
2019-05-19 18-49-52,379,15.0253,36.9684
2019-05-19 18-49-54,379,15.0436,36.9551
2019-05-19 18-49-56,379,15.0421,36.9257
2019-05-19 18-49-58,378,15.0253,36.9551
2019-05-19 18-50-00,377,14.9918,36.9551
2019-05-19 18-50-02,377,15.0436,36.9684
2019-05-19 18-50-06,376,15.0284,36.9818
2019-05-19 18-50-08,375,14.9933,37.0111
2019-05-19 18-50-10,374,14.9918,36.9818
2019-05-19 18-50-12,374,14.9933,37.0245
2019-05-19 18-50-14,374,15.0116,37.0245
2019-05-19 18-50-16,374,14.9414,37.0111
2019-05-19 18-50-18,374,14.9612,37.0539
2019-05-19 18-50-20,374,14.975,37.0111
2019-05-19 18-50-24,374,15.0116,37.0378
2019-05-19 18-50-26,374,15.0146,37.0539
2019-05-19 18-50-28,374,14.9597,37.0245
2019-05-19 18-50-30,374,14.9933,36.9978
2019-05-19 18-50-32,375,14.9017,36.9978
2019-05-19 18-50-34,376,14.978,37.0245
2019-05-19 18-50-36,375,14.978,37.0539
2019-05-19 18-50-40,376,14.9277,37.0699
2019-05-19 18-50-42,376,14.9826,37.1126
2019-05-19 18-50-44,376,14.8407,37.126
2019-05-19 18-50-46,376,14.859,37.1687
2019-05-19 18-50-48,375,14.8407,37.1527
2019-05-19 18-50-50,376,14.7903,37.1687
2019-05-19 18-50-52,377,14.7873,37.1393
2019-05-19 18-50-54,377,14.856,37.1126
2019-05-19 18-50-58,377,14.8376,37.0699
2019-05-19 18-51-00,378,14.8697,37.0378
2019-05-19 18-51-02,377,14.9246,37.0245
2019-05-19 18-51-04,377,14.975,36.9684
2019-05-19 18-51-06,378,14.9918,36.9684
2019-05-19 18-51-08,378,14.9887,36.939
2019-05-19 18-51-10,377,15.1123,36.899
2019-05-19 18-51-12,377,15.1291,36.883
2019-05-19 18-51-16,377,15.1993,36.883
2019-05-19 18-51-18,376,15.1291,36.8696
2019-05-19 18-51-20,376,15.1627,36.8563
2019-05-19 18-51-22,376,15.1627,36.8696
2019-05-19 18-51-24,376,15.1443,36.8563
2019-05-19 18-51-26,376,15.1428,36.8002
2019-05-19 18-51-28,375,15.1764,36.8002
2019-05-19 18-51-30,375,15.1611,36.8002
2019-05-19 18-51-34,375,15.1932,36.7441
2019-05-19 18-51-36,375,15.1566,36.7441
2019-05-19 18-51-38,376,15.2817,36.7308
2019-05-19 18-51-40,375,15.2451,36.7147
2019-05-19 18-51-42,374,15.3137,36.7014
2019-05-19 18-51-44,374,15.2802,36.7147
2019-05-19 18-51-46,373,15.2664,36.7708
2019-05-19 18-51-48,373,15.1398,36.7575
2019-05-19 18-51-52,373,15.2161,36.7868
2019-05-19 18-51-54,372,15.1077,36.8135
2019-05-19 18-51-56,372,15.1443,36.8269
2019-05-19 18-51-58,371,15.1123,36.883
2019-05-19 18-52-00,371,15.0253,36.9551
2019-05-19 18-52-02,371,14.9933,37.0111
2019-05-19 18-52-04,371,14.9429,37.0539
2019-05-19 18-52-08,372,14.9612,37.0378
2019-05-19 18-52-10,372,14.9063,37.0539
2019-05-19 18-52-12,373,14.9429,37.0245
2019-05-19 18-52-14,373,14.9414,36.9818
2019-05-19 18-52-16,373,14.9384,36.9684
2019-05-19 18-52-18,373,14.9567,36.9551
2019-05-19 18-52-20,373,14.92,36.9257
2019-05-19 18-52-22,373,14.9887,36.899
2019-05-19 18-52-26,373,15.0024,36.8269
2019-05-19 18-52-28,373,15.0345,36.7868
2019-05-19 18-52-30,373,15.213,36.7575
2019-05-19 18-52-32,372,15.2802,36.7147
2019-05-19 18-52-34,372,15.2985,36.7147
2019-05-19 18-52-36,371,15.2954,36.6747
2019-05-19 18-52-38,372,15.2435,36.6587
2019-05-19 18-52-40,371,15.2252,36.632
2019-05-19 18-52-44,371,15.2588,36.632
2019-05-19 18-52-46,370,15.2435,36.6453
2019-05-19 18-52-48,370,15.2954,36.688
2019-05-19 18-52-50,370,15.2634,36.7147
2019-05-19 18-52-52,370,15.2115,36.7308
2019-05-19 18-52-54,370,15.2115,36.7308
2019-05-19 18-52-56,370,15.2481,36.7308
2019-05-19 18-52-58,369,15.1749,36.7308
2019-05-19 18-53-02,370,15.2115,36.7147
2019-05-19 18-53-04,370,15.1901,36.7147
2019-05-19 18-53-06,370,15.2298,36.7147
2019-05-19 18-53-08,369,15.2115,36.7147
2019-05-19 18-53-10,370,15.3168,36.7441
2019-05-19 18-53-12,369,15.2618,36.7014
2019-05-19 18-53-14,369,15.2802,36.7014
2019-05-19 18-53-16,369,15.2802,36.7147
2019-05-19 18-53-20,369,15.213,36.7575
2019-05-19 18-53-22,369,15.1581,36.7708
2019-05-19 18-53-24,369,15.1947,36.7868
2019-05-19 18-53-26,369,15.1428,36.8002
2019-05-19 18-53-28,369,15.1077,36.7868
2019-05-19 18-53-30,368,15.094,36.8696
2019-05-19 18-53-32,368,15.0253,36.939
2019-05-19 18-53-34,368,15.0284,36.9818
2019-05-19 18-53-38,368,14.978,37.0539
2019-05-19 18-53-40,368,14.9292,37.1126
2019-05-19 18-53-42,368,14.8926,37.126
2019-05-19 18-53-45,369,14.8453,37.2087
2019-05-19 18-53-47,370,14.7537,37.182
2019-05-19 18-53-49,371,14.8087,37.1687
2019-05-19 18-53-51,372,14.8224,37.0966
2019-05-19 18-53-53,374,14.8376,37.0832
2019-05-19 18-53-57,381,14.9429,37.0245
2019-05-19 18-53-59,393,14.9414,36.9818
2019-05-19 18-54-01,392,14.9368,36.9257
2019-05-19 18-54-03,383,15.0391,36.883
2019-05-19 18-54-05,383,15.0574,36.8269
2019-05-19 18-54-07,387,15.1077,36.8135
2019-05-19 18-54-09,385,15.1581,36.7868
2019-05-19 18-54-11,380,15.1382,36.7147
2019-05-19 18-54-15,376,15.1382,36.688
2019-05-19 18-54-17,374,15.2084,36.6587
2019-05-19 18-54-19,375,15.2435,36.6587
2019-05-19 18-54-21,372,15.2206,36.5732
2019-05-19 18-54-23,373,15.239,36.5732
2019-05-19 18-54-25,373,15.2725,36.5438
2019-05-19 18-54-27,372,15.2206,36.5438
2019-05-19 18-54-31,372,15.3412,36.5438
2019-05-19 18-54-33,371,15.3046,36.5305
2019-05-19 18-54-35,371,15.3046,36.5171
2019-05-19 18-54-37,368,15.3076,36.5599
2019-05-19 18-54-39,366,15.3076,36.5732
2019-05-19 18-54-41,364,15.2939,36.6186
2019-05-19 18-54-43,361,15.2985,36.7308
2019-05-19 18-54-45,359,15.1611,36.8002
2019-05-19 18-54-49,357,15.1627,36.8696
2019-05-19 18-54-51,355,15.0986,36.9551
2019-05-19 18-54-53,353,15.0665,37.0111
2019-05-19 18-54-55,354,14.9796,37.0699
2019-05-19 18-54-57,355,14.8743,37.1126
2019-05-19 18-54-59,357,14.8239,37.1687
2019-05-19 18-55-01,361,14.7003,37.1954
2019-05-19 18-55-03,363,14.7049,37.2648
2019-05-19 18-55-07,364,14.6179,37.2808
2019-05-19 18-55-09,366,14.6713,37.2942
2019-05-19 18-55-11,369,14.6866,37.2808
2019-05-19 18-55-13,372,14.653,37.2808
2019-05-19 18-55-15,374,14.6164,37.2515
2019-05-19 18-55-17,373,14.6683,37.2248
2019-05-19 18-55-19,374,14.7217,37.2381
2019-05-19 18-55-21,374,14.7552,37.2381
2019-05-19 18-55-25,373,14.6851,37.2087
2019-05-19 18-55-27,373,14.7736,37.1954
2019-05-19 18-55-29,372,14.7003,37.182
2019-05-19 18-55-31,373,14.7552,37.2248
2019-05-19 18-55-33,370,14.6683,37.2381
2019-05-19 18-55-35,370,14.6866,37.2808
2019-05-19 18-55-37,368,14.6362,37.2942
2019-05-19 18-55-39,368,14.6729,37.3236
2019-05-19 18-55-43,366,14.6027,37.3796
2019-05-19 18-55-45,366,14.5172,37.4063
2019-05-19 18-55-47,366,14.4852,37.4624
2019-05-19 18-55-49,366,14.4485,37.5051
2019-05-19 18-55-51,366,14.4165,37.5505
2019-05-19 18-55-53,367,14.3646,37.5505
2019-05-19 18-55-55,367,14.3829,37.5772
2019-05-19 18-55-57,368,14.3112,37.62
2019-05-19 18-56-01,369,14.3692,37.62
2019-05-19 18-56-03,371,14.4348,37.5906
2019-05-19 18-56-05,372,14.3845,37.5906
2019-05-19 18-56-07,371,14.4012,37.5772
2019-05-19 18-56-09,370,14.3829,37.5772
2019-05-19 18-56-11,371,14.3661,37.6066
2019-05-19 18-56-13,371,14.4196,37.6066
2019-05-19 18-56-17,371,14.4012,37.5906
2019-05-19 18-56-19,371,14.3829,37.5772
2019-05-19 18-56-21,371,14.4333,37.5345
2019-05-19 18-56-23,372,14.4882,37.5212
2019-05-19 18-56-25,372,14.447,37.4758
2019-05-19 18-56-27,372,14.4852,37.4624
2019-05-19 18-56-29,372,14.4653,37.4197
2019-05-19 18-56-31,372,14.4989,37.4197
2019-05-19 18-56-35,371,14.534,37.3796
2019-05-19 18-56-37,372,14.5676,37.3636
2019-05-19 18-56-39,372,14.5126,37.3503
2019-05-19 18-56-41,372,14.5477,37.3075
2019-05-19 18-56-43,371,14.566,37.3236
2019-05-19 18-56-45,370,14.6393,37.3236
2019-05-19 18-56-47,370,14.6179,37.2808
2019-05-19 18-56-49,369,14.621,37.3075
2019-05-19 18-56-53,369,14.5813,37.3236
2019-05-19 18-56-55,369,14.566,37.3369
2019-05-19 18-56-57,369,14.6545,37.3236
2019-05-19 18-56-59,369,14.5844,37.3503
2019-05-19 18-57-01,369,14.621,37.3503
2019-05-19 18-57-03,368,14.6225,37.3796
2019-05-19 18-57-05,367,14.6027,37.3796
2019-05-19 18-57-07,367,14.6255,37.4197
2019-05-19 18-57-11,366,14.6622,37.4357
2019-05-19 18-57-13,366,14.6774,37.4197
2019-05-19 18-57-15,366,14.6271,37.4491
2019-05-19 18-57-17,365,14.6072,37.4357
2019-05-19 18-57-19,365,14.5889,37.4197
2019-05-19 18-57-21,366,14.534,37.393
2019-05-19 18-57-23,367,14.5309,37.3636
2019-05-19 18-57-25,367,14.6179,37.2942
2019-05-19 18-57-29,367,14.653,37.2515
2019-05-19 18-57-31,367,14.6164,37.2381
2019-05-19 18-57-33,367,14.7354,37.1954
2019-05-19 18-57-35,366,14.7903,37.1687
2019-05-19 18-57-37,365,14.8239,37.1687
2019-05-19 18-57-39,365,14.772,37.1527
2019-05-19 18-57-41,365,14.8041,37.1126
2019-05-19 18-57-43,365,14.8743,37.126
2019-05-19 18-57-47,365,14.8239,37.1393
2019-05-19 18-57-49,364,14.8239,37.1393
2019-05-19 18-57-51,364,14.7003,37.1687
2019-05-19 18-57-53,365,14.7141,37.1393
2019-05-19 18-57-55,364,14.8087,37.1687
2019-05-19 18-57-57,363,14.7537,37.182
2019-05-19 18-57-59,363,14.7003,37.1954
2019-05-19 18-58-01,364,14.7369,37.2248
2019-05-19 18-58-05,364,14.6667,37.2087
2019-05-19 18-58-07,364,14.6851,37.2381
2019-05-19 18-58-09,364,14.7034,37.2248
2019-05-19 18-58-11,364,14.7736,37.2087
2019-05-19 18-58-13,364,14.7537,37.182
2019-05-19 18-58-15,365,14.8407,37.1527
2019-05-19 18-58-17,366,14.8544,37.0832
2019-05-19 18-58-19,366,14.888,37.0699
2019-05-19 18-58-23,365,14.9933,37.0245
2019-05-19 18-58-25,365,14.9918,36.9818
2019-05-19 18-58-27,366,15.007,36.939
2019-05-19 18-58-29,365,15.0803,36.9257
2019-05-19 18-58-31,365,15.0787,36.899
2019-05-19 18-58-33,365,15.1291,36.8563
2019-05-19 18-58-35,365,15.1291,36.8429
2019-05-19 18-58-39,365,15.1794,36.8429
2019-05-19 18-58-41,365,15.1794,36.8429
2019-05-19 18-58-43,365,15.2176,36.8563
2019-05-19 18-58-45,365,15.1978,36.8269
2019-05-19 18-58-47,365,15.1108,36.8429
2019-05-19 18-58-50,365,15.1794,36.8269
2019-05-19 18-58-52,365,15.1978,36.8429
2019-05-19 18-58-54,365,15.1428,36.8135
2019-05-19 18-58-58,365,15.1581,36.7868
2019-05-19 18-59-00,365,15.2313,36.7575
2019-05-19 18-59-02,365,15.1932,36.7708
2019-05-19 18-59-04,365,15.2481,36.7708
2019-05-19 18-59-06,365,15.1398,36.7441
2019-05-19 18-59-08,365,15.1749,36.7308
2019-05-19 18-59-10,365,15.1398,36.7308
2019-05-19 18-59-12,364,15.1398,36.7708
2019-05-19 18-59-16,364,15.1428,36.8135
2019-05-19 18-59-18,364,15.0925,36.8269
2019-05-19 18-59-20,364,15.1627,36.8696
2019-05-19 18-59-22,364,15.1657,36.883
2019-05-19 18-59-24,364,15.181,36.8696
2019-05-19 18-59-26,364,15.181,36.883
2019-05-19 18-59-28,365,15.0604,36.899
2019-05-19 18-59-30,365,15.0055,36.9123
2019-05-19 18-59-34,365,14.9887,36.9257
2019-05-19 18-59-36,365,14.9918,36.9551
2019-05-19 18-59-38,365,14.9597,37.0111
2019-05-19 18-59-40,365,14.9414,36.9978
2019-05-19 18-59-42,366,14.9597,36.9978
2019-05-19 18-59-44,366,15.0299,37.0245
2019-05-19 18-59-46,366,15.1016,37.0245
2019-05-19 18-59-48,366,15.0467,37.0245
2019-05-19 18-59-52,367,15.0665,36.9978
2019-05-19 18-59-54,367,15.0253,36.9551
2019-05-19 18-59-56,367,15.007,36.939
2019-05-19 18-59-58,367,14.9887,36.939
2019-05-19 19-00-00,368,15.0436,36.9551
2019-05-19 19-00-02,368,15.0803,36.9257
2019-05-19 19-00-04,368,15.0803,36.9257
2019-05-19 19-00-06,368,15.0787,36.899
2019-05-19 19-00-10,368,15.0757,36.8563
2019-05-19 19-00-12,368,15.0757,36.8696
2019-05-19 19-00-14,368,15.0757,36.8429
2019-05-19 19-00-16,368,15.0055,36.883
2019-05-19 19-00-18,368,15.062,36.9123
2019-05-19 19-00-20,368,15.0421,36.9123
2019-05-19 19-00-22,368,14.9918,36.9684
2019-05-19 19-00-26,368,14.9933,37.0245
2019-05-19 19-00-28,367,14.9277,37.0539
2019-05-19 19-00-30,367,14.9612,37.0699
2019-05-19 19-00-32,367,14.8376,37.0966
2019-05-19 19-00-34,368,14.9094,37.126
2019-05-19 19-00-36,368,14.8743,37.1393
2019-05-19 19-00-38,368,14.8239,37.182
2019-05-19 19-00-40,368,14.8453,37.2087
2019-05-19 19-00-44,368,14.7919,37.2248
2019-05-19 19-00-46,368,14.7949,37.2648
2019-05-19 19-00-50,368,14.7598,37.3075
2019-05-19 19-00-52,368,14.7232,37.3075
2019-05-19 19-00-54,368,14.7079,37.3236
2019-05-19 19-00-56,368,14.6225,37.3636
2019-05-19 19-00-58,368,14.6027,37.3636
2019-05-19 19-01-02,369,14.5844,37.3636
2019-05-19 19-01-04,368,14.5859,37.393
2019-05-19 19-01-06,369,14.5706,37.4357
2019-05-19 19-01-08,369,14.5386,37.4624
2019-05-19 19-01-10,369,14.5905,37.4758
2019-05-19 19-01-12,369,14.4699,37.5051
2019-05-19 19-01-14,370,14.5569,37.5212
2019-05-19 19-01-16,371,14.4699,37.5212
2019-05-19 19-01-20,372,14.4485,37.5212
2019-05-19 19-01-22,372,14.4699,37.5051
2019-05-19 19-01-24,373,14.5752,37.5051
2019-05-19 19-01-26,374,14.4699,37.4918
2019-05-19 19-01-28,376,14.5218,37.4918
2019-05-19 19-01-30,377,14.4989,37.4197
2019-05-19 19-01-32,377,14.5172,37.4197
2019-05-19 19-01-34,376,14.5523,37.393
2019-05-19 19-01-38,377,14.6042,37.393
2019-05-19 19-01-40,378,14.5676,37.3636
2019-05-19 19-01-42,377,14.6027,37.3503
2019-05-19 19-01-44,376,14.5996,37.3369
2019-05-19 19-01-46,377,14.5981,37.2942
2019-05-19 19-01-48,377,14.6713,37.2942
2019-05-19 19-01-50,376,14.6896,37.2942
2019-05-19 19-01-54,375,14.6729,37.3503
2019-05-19 19-01-56,375,14.6729,37.3236
2019-05-19 19-01-58,375,14.6729,37.3369
2019-05-19 19-02-00,374,14.6393,37.3236
2019-05-19 19-02-02,373,14.6576,37.3636
2019-05-19 19-02-04,373,14.6027,37.3503
2019-05-19 19-02-06,373,14.6393,37.3369
2019-05-19 19-02-08,373,14.6225,37.3636
2019-05-19 19-02-12,373,14.7095,37.3636
2019-05-19 19-02-14,372,14.6729,37.3503
2019-05-19 19-02-16,373,14.6545,37.3075
2019-05-19 19-02-18,374,14.6896,37.3075
2019-05-19 19-02-20,374,14.8499,37.2942
2019-05-19 19-02-22,374,14.8132,37.2808
2019-05-19 19-02-24,374,14.7781,37.2808
2019-05-19 19-02-26,375,14.7766,37.2248
2019-05-19 19-02-30,375,14.8636,37.2248
2019-05-19 19-02-32,375,14.8773,37.1527
2019-05-19 19-02-34,375,14.859,37.1687
2019-05-19 19-02-36,374,14.9292,37.0966
2019-05-19 19-02-38,373,14.9475,37.126
2019-05-19 19-02-40,373,14.9979,37.0832
2019-05-19 19-02-42,372,14.9826,37.126
2019-05-19 19-02-44,372,14.9292,37.126
2019-05-19 19-02-48,372,14.9139,37.182
2019-05-19 19-02-50,371,14.8605,37.2087
2019-05-19 19-02-52,372,14.8605,37.1954
2019-05-19 19-02-54,372,14.8773,37.182
2019-05-19 19-02-56,372,14.8056,37.1527
2019-05-19 19-02-58,372,14.8239,37.1687
2019-05-19 19-03-00,372,14.769,37.126
2019-05-19 19-03-04,372,14.8041,37.1126
2019-05-19 19-03-06,372,14.769,37.0966
2019-05-19 19-03-08,372,14.7491,37.0966
2019-05-19 19-03-10,372,14.7858,37.0832
2019-05-19 19-03-12,372,14.7827,37.0378
2019-05-19 19-03-14,373,14.7644,37.0378
2019-05-19 19-03-16,373,14.801,37.0539
2019-05-19 19-03-18,372,14.801,37.0378
2019-05-19 19-03-22,373,14.8544,37.0699
2019-05-19 19-03-24,372,14.769,37.1126
2019-05-19 19-03-26,372,14.772,37.1527
2019-05-19 19-03-28,372,14.7003,37.1954
2019-05-19 19-03-30,371,14.65,37.2381
2019-05-19 19-03-32,370,14.5798,37.2515
2019-05-19 19-03-34,370,14.5813,37.3075
2019-05-19 19-03-36,370,14.621,37.3075
2019-05-19 19-03-40,371,14.5126,37.3369
2019-05-19 19-03-42,371,14.5477,37.3236
2019-05-19 19-03-44,371,14.5493,37.3636
2019-05-19 19-03-46,371,14.5309,37.3636
2019-05-19 19-03-48,371,14.5844,37.3503
2019-05-19 19-03-50,372,14.7079,37.3369
2019-05-19 19-03-52,372,14.621,37.3236
2019-05-19 19-03-54,372,14.563,37.2942
2019-05-19 19-03-59,373,14.595,37.2515
2019-05-19 19-04-01,373,14.6164,37.2248
2019-05-19 19-04-03,374,14.5584,37.2087
2019-05-19 19-04-05,374,14.6667,37.1954
2019-05-19 19-04-07,374,14.6667,37.1954
2019-05-19 19-04-09,374,14.7003,37.1687
2019-05-19 19-04-11,373,14.682,37.1687
2019-05-19 19-04-13,372,14.7003,37.2087
2019-05-19 19-04-17,373,14.7507,37.1527
2019-05-19 19-04-19,372,14.7141,37.1393
2019-05-19 19-04-21,372,14.8041,37.1126
2019-05-19 19-04-23,372,14.8041,37.0966
2019-05-19 19-04-25,372,14.8727,37.0832
2019-05-19 19-04-27,372,14.8911,37.0832
2019-05-19 19-04-29,371,14.8544,37.0378
2019-05-19 19-04-31,371,14.8193,37.0539
2019-05-19 19-04-35,370,14.8697,37.0539
2019-05-19 19-04-37,370,14.8193,37.0539
2019-05-19 19-04-39,370,14.9277,37.0539
2019-05-19 19-04-41,370,14.8376,37.0699
2019-05-19 19-04-43,370,14.8041,37.0832
2019-05-19 19-04-45,370,14.7873,37.126
2019-05-19 19-04-47,370,14.769,37.1126
2019-05-19 19-04-49,369,14.8376,37.0966
2019-05-19 19-04-53,369,14.7873,37.1126
2019-05-19 19-04-55,369,14.801,37.0539
2019-05-19 19-04-57,369,14.8178,37.0378
2019-05-19 19-04-59,369,14.8544,37.0378
2019-05-19 19-05-01,369,14.9384,36.9551
2019-05-19 19-05-03,369,14.9734,36.9551
2019-05-19 19-05-05,369,14.9734,36.9257
2019-05-19 19-05-07,369,15.0391,36.899
2019-05-19 19-05-11,369,15.0391,36.883
2019-05-19 19-05-13,369,15.0208,36.8696
2019-05-19 19-05-15,369,15.1291,36.8429
2019-05-19 19-05-17,369,15.126,36.8002
2019-05-19 19-05-19,368,15.1062,36.7708
2019-05-19 19-05-21,368,15.1581,36.7575
2019-05-19 19-05-23,368,15.1581,36.7575
2019-05-19 19-05-25,368,15.1566,36.7441
2019-05-19 19-05-29,368,15.1749,36.7575
2019-05-19 19-05-31,367,15.1749,36.7441
2019-05-19 19-05-33,367,15.1932,36.7575
2019-05-19 19-05-35,367,15.1764,36.7868
2019-05-19 19-05-37,367,15.2313,36.7868
2019-05-19 19-05-39,366,15.1947,36.7868
2019-05-19 19-05-41,366,15.1947,36.7868
2019-05-19 19-05-43,366,15.1077,36.8002
2019-05-19 19-05-47,366,15.0894,36.8002
2019-05-19 19-05-49,367,15.0742,36.8002
2019-05-19 19-05-51,367,15.0879,36.7575
2019-05-19 19-05-53,367,15.0696,36.7441
2019-05-19 19-05-55,367,15.1031,36.7308
2019-05-19 19-05-57,367,15.1566,36.7147
2019-05-19 19-05-59,366,15.1901,36.7308
2019-05-19 19-06-01,366,15.1749,36.7308
2019-05-19 19-06-05,367,15.213,36.7708
2019-05-19 19-06-07,367,15.1398,36.7575
2019-05-19 19-06-09,367,15.0742,36.8002
2019-05-19 19-06-11,366,14.9872,36.8563
2019-05-19 19-06-13,366,14.9872,36.8696
2019-05-19 19-06-15,366,14.9368,36.9123
2019-05-19 19-06-17,367,14.8834,36.939
2019-05-19 19-06-21,367,14.9368,36.9257
2019-05-19 19-06-23,366,14.9002,36.939
2019-05-19 19-06-25,367,14.9017,36.9684
2019-05-19 19-06-27,367,14.8514,37.0245
2019-05-19 19-06-29,366,14.8193,37.0832
2019-05-19 19-06-31,366,14.7491,37.0966
2019-05-19 19-06-33,366,14.7354,37.1687
2019-05-19 19-06-35,366,14.7186,37.2087
2019-05-19 19-06-39,367,14.7034,37.2381
2019-05-19 19-06-41,367,14.6713,37.2808
2019-05-19 19-06-43,367,14.5996,37.3075
2019-05-19 19-06-45,368,14.6393,37.3503
2019-05-19 19-06-47,368,14.6393,37.3636
2019-05-19 19-06-49,368,14.6027,37.3796
2019-05-19 19-06-51,368,14.6042,37.4063
2019-05-19 19-06-53,369,14.5538,37.4357
2019-05-19 19-06-57,370,14.4669,37.4624
2019-05-19 19-06-59,370,14.5035,37.4758
2019-05-19 19-07-01,370,14.5035,37.5051
2019-05-19 19-07-03,371,14.415,37.5345
2019-05-19 19-07-05,370,14.3845,37.5906
2019-05-19 19-07-07,369,14.4211,37.6333
2019-05-19 19-07-09,369,14.3143,37.6627
2019-05-19 19-07-11,369,14.3372,37.7028
2019-05-19 19-07-15,369,14.2471,37.7028
2019-05-19 19-07-17,370,14.3143,37.6467
2019-05-19 19-07-19,370,14.3158,37.676
2019-05-19 19-07-21,371,14.2792,37.6467
2019-05-19 19-07-23,371,14.3341,37.6333
2019-05-19 19-07-25,372,14.3295,37.5772
2019-05-19 19-07-27,373,14.3646,37.5345
2019-05-19 19-07-29,373,14.4302,37.4758
2019-05-19 19-07-33,372,14.6072,37.4624
2019-05-19 19-07-35,372,14.6271,37.4624
2019-05-19 19-07-37,372,14.5355,37.4357
2019-05-19 19-07-39,372,14.4989,37.4063
2019-05-19 19-07-41,373,14.6576,37.3796
2019-05-19 19-07-43,373,14.5996,37.3369
2019-05-19 19-07-45,374,14.6179,37.2808
2019-05-19 19-07-47,373,14.6851,37.2248
2019-05-19 19-07-51,374,14.7003,37.1687
2019-05-19 19-07-53,374,14.7186,37.1954
2019-05-19 19-07-55,372,14.6851,37.2087
2019-05-19 19-07-57,371,14.653,37.2515
2019-05-19 19-07-59,369,14.6713,37.2942
2019-05-19 19-08-01,367,14.6866,37.2808
2019-05-19 19-08-03,365,14.7049,37.2942
2019-05-19 19-08-05,363,14.74,37.2808
2019-05-19 19-08-09,366,14.6896,37.3075
2019-05-19 19-08-11,365,14.6713,37.3075
2019-05-19 19-08-13,362,14.621,37.3503
2019-05-19 19-08-15,360,14.5493,37.3796
2019-05-19 19-08-17,362,14.4974,37.3796
2019-05-19 19-08-19,364,14.4989,37.4197
2019-05-19 19-08-21,365,14.5157,37.393
2019-05-19 19-08-23,365,14.5523,37.4197
2019-05-19 19-08-27,366,14.5355,37.4357
2019-05-19 19-08-29,364,14.5676,37.393
2019-05-19 19-08-31,365,14.5676,37.3636
2019-05-19 19-08-33,365,14.5493,37.3796
2019-05-19 19-08-35,365,14.5493,37.3796
2019-05-19 19-08-37,363,14.4806,37.3796
2019-05-19 19-08-39,361,14.5172,37.4357
2019-05-19 19-08-41,360,14.4852,37.4758
2019-05-19 19-08-45,359,14.502,37.4491
2019-05-19 19-08-47,358,14.447,37.4624
2019-05-19 19-08-49,359,14.4669,37.4624
2019-05-19 19-08-52,359,14.4302,37.4624
2019-05-19 19-08-54,360,14.4119,37.4491
2019-05-19 19-08-56,361,14.4302,37.4624
2019-05-19 19-08-58,362,14.3234,37.4491
2019-05-19 19-09-00,362,14.36,37.4624
2019-05-19 19-09-04,362,14.4119,37.4758
2019-05-19 19-09-06,362,14.4333,37.5051
2019-05-19 19-09-08,362,14.3799,37.5345
2019-05-19 19-09-10,361,14.3829,37.5505
2019-05-19 19-09-12,362,14.2914,37.5505
2019-05-19 19-09-14,361,14.3295,37.5505
2019-05-19 19-09-16,362,14.2593,37.6066
2019-05-19 19-09-18,362,14.2609,37.6467
2019-05-19 19-09-22,361,14.3143,37.6333
2019-05-19 19-09-24,360,14.2456,37.676
2019-05-19 19-09-26,360,14.3158,37.676
2019-05-19 19-09-28,361,14.2639,37.676
2019-05-19 19-09-30,361,14.2288,37.7028
2019-05-19 19-09-32,360,14.1785,37.7321
2019-05-19 19-09-34,360,14.1418,37.7615
2019-05-19 19-09-36,360,14.1968,37.7455
2019-05-19 19-09-40,360,14.2151,37.7749
2019-05-19 19-09-42,360,14.1602,37.8016
2019-05-19 19-09-44,361,14.1968,37.7615
2019-05-19 19-09-46,362,14.2136,37.7455
2019-05-19 19-09-48,363,14.1953,37.7188
2019-05-19 19-09-50,363,14.2136,37.7321
2019-05-19 19-09-52,363,14.2136,37.7455
2019-05-19 19-09-54,364,14.1953,37.7188
2019-05-19 19-09-58,364,14.2105,37.7028
2019-05-19 19-10-00,364,14.2105,37.676
2019-05-19 19-10-02,365,14.2105,37.6627
2019-05-19 19-10-04,365,14.2792,37.6627
2019-05-19 19-10-06,364,14.2456,37.676
2019-05-19 19-10-08,364,14.2792,37.676
2019-05-19 19-10-10,363,14.2288,37.6894
2019-05-19 19-10-14,362,14.2654,37.7188
2019-05-19 19-10-16,362,14.2105,37.7028
2019-05-19 19-10-18,361,14.2319,37.7455
2019-05-19 19-10-20,361,14.2319,37.7615
2019-05-19 19-10-22,362,14.1586,37.7455
2019-05-19 19-10-24,363,14.1785,37.7615
2019-05-19 19-10-26,366,14.1785,37.7615
2019-05-19 19-10-28,367,14.2288,37.7028
2019-05-19 19-10-32,368,14.1769,37.676
2019-05-19 19-10-34,370,14.3143,37.6467
2019-05-19 19-10-36,370,14.2593,37.62
2019-05-19 19-10-38,370,14.2242,37.5906
2019-05-19 19-10-40,371,14.2929,37.5772
2019-05-19 19-10-42,371,14.2914,37.5639
2019-05-19 19-10-44,371,14.3295,37.5505
2019-05-19 19-10-46,370,14.3478,37.5639
2019-05-19 19-10-50,369,14.3616,37.5212
2019-05-19 19-10-52,367,14.3433,37.4918
2019-05-19 19-10-54,367,14.4287,37.4197
2019-05-19 19-10-56,367,14.4257,37.3796
2019-05-19 19-10-58,367,14.621,37.3503
2019-05-19 19-11-00,368,14.5813,37.3075
2019-05-19 19-11-02,368,14.5111,37.3075
2019-05-19 19-11-04,367,14.5294,37.2808
2019-05-19 19-11-08,367,14.5584,37.2087
2019-05-19 19-11-10,367,14.6118,37.1527
2019-05-19 19-11-12,368,14.6271,37.126
2019-05-19 19-11-14,368,14.6957,37.1126
2019-05-19 19-11-16,367,14.6942,37.0378
2019-05-19 19-11-18,367,14.8178,37.0111
2019-05-19 19-11-20,367,14.8285,36.9257
2019-05-19 19-11-22,366,14.8453,36.899
2019-05-19 19-11-26,365,14.9506,36.8563
2019-05-19 19-11-28,366,14.8956,36.8269
2019-05-19 19-11-30,366,14.9323,36.8135
2019-05-19 19-11-32,366,14.9658,36.8002
2019-05-19 19-11-34,365,14.9979,36.7575
2019-05-19 19-11-36,364,15.033,36.7308
2019-05-19 19-11-38,364,15.1031,36.7147
2019-05-19 19-11-40,362,15.1886,36.6747
2019-05-19 19-11-44,362,15.0986,36.6453
2019-05-19 19-11-46,361,15.1352,36.6747
2019-05-19 19-11-48,361,15.1535,36.6747
2019-05-19 19-11-50,361,15.1886,36.688
2019-05-19 19-11-52,360,15.1215,36.7308
2019-05-19 19-11-54,360,15.1566,36.7441
2019-05-19 19-11-56,360,15.0711,36.7708
2019-05-19 19-11-58,359,14.9841,36.8269
2019-05-19 19-12-02,358,15.0757,36.8429
2019-05-19 19-12-04,359,15.094,36.8563
2019-05-19 19-12-06,359,15.0055,36.9123
2019-05-19 19-12-08,359,14.9734,36.9551
2019-05-19 19-12-10,360,14.9002,36.9551
2019-05-19 19-12-12,359,14.7644,37.0378
2019-05-19 19-12-14,360,14.7675,37.0699
2019-05-19 19-12-16,360,14.7461,37.0832
2019-05-19 19-12-20,360,14.769,37.1126
2019-05-19 19-12-22,361,14.7308,37.0832
2019-05-19 19-12-24,362,14.6591,37.0699
2019-05-19 19-12-26,363,14.6774,37.0699
2019-05-19 19-12-28,363,14.7461,37.0699
2019-05-19 19-12-30,364,14.6591,37.0699
2019-05-19 19-12-32,364,14.7278,37.0539
2019-05-19 19-12-34,365,14.7812,37.0111
2019-05-19 19-12-38,366,14.7964,36.9684
2019-05-19 19-12-40,366,14.8102,36.9123
2019-05-19 19-12-42,366,14.9368,36.9123
2019-05-19 19-12-44,367,14.8102,36.883
2019-05-19 19-12-46,366,14.8819,36.899
2019-05-19 19-12-48,365,14.9185,36.883
2019-05-19 19-12-50,364,15.0208,36.8429
2019-05-19 19-12-54,364,15.0391,36.8696
2019-05-19 19-12-56,365,15.0375,36.8269
2019-05-19 19-12-58,365,15.0742,36.8269
2019-05-19 19-13-00,364,15.0192,36.8135
2019-05-19 19-13-02,364,14.9338,36.8563
2019-05-19 19-13-04,363,14.8788,36.883
2019-05-19 19-13-06,363,14.8682,36.9684
2019-05-19 19-13-08,362,14.7278,37.0378
2019-05-19 19-13-12,361,14.7675,37.0699
2019-05-19 19-13-14,360,14.6271,37.126
2019-05-19 19-13-16,361,14.6271,37.1126
2019-05-19 19-13-18,362,14.6255,37.0966
2019-05-19 19-13-20,363,14.6225,37.0539
2019-05-19 19-13-22,364,14.5859,37.0539
2019-05-19 19-13-24,364,14.6759,37.0539
2019-05-19 19-13-26,364,14.6759,37.0539
2019-05-19 19-13-30,364,14.6622,37.1126
2019-05-19 19-13-32,364,14.6301,37.1527
2019-05-19 19-13-34,363,14.6484,37.182
2019-05-19 19-13-36,362,14.5264,37.2381
2019-05-19 19-13-38,362,14.5111,37.2648
2019-05-19 19-13-40,362,14.5111,37.2942
2019-05-19 19-13-42,362,14.4394,37.3075
2019-05-19 19-13-44,363,14.5477,37.3236
2019-05-19 19-13-48,363,14.4943,37.3236
2019-05-19 19-13-50,363,14.5493,37.3796
2019-05-19 19-13-52,363,14.5309,37.3636
2019-05-19 19-13-54,365,14.4974,37.3796
2019-05-19 19-13-56,365,14.4257,37.393
2019-05-19 19-13-59,365,14.357,37.4357
2019-05-19 19-14-01,365,14.3417,37.4357
2019-05-19 19-14-03,365,14.3784,37.4624
2019-05-19 19-14-07,366,14.3066,37.4918
2019-05-19 19-14-09,366,14.328,37.5051
2019-05-19 19-14-11,367,14.36,37.4624
2019-05-19 19-14-13,368,14.3051,37.4758
2019-05-19 19-14-15,368,14.3799,37.5345
2019-05-19 19-14-17,367,14.3097,37.5639
2019-05-19 19-14-19,365,14.2929,37.5906
2019-05-19 19-14-21,364,14.209,37.6333
2019-05-19 19-14-25,363,14.2471,37.7028
2019-05-19 19-14-27,361,14.1922,37.6894
2019-05-19 19-14-29,364,14.0854,37.6894
2019-05-19 19-14-31,373,14.1586,37.7188
2019-05-19 19-14-33,373,14.1556,37.7028
2019-05-19 19-14-35,368,14.1586,37.7455
2019-05-19 19-14-37,366,14.1083,37.7615
2019-05-19 19-14-39,367,14.1418,37.7455
2019-05-19 19-14-43,371,14.1418,37.7615
2019-05-19 19-14-45,370,14.1052,37.7455
2019-05-19 19-14-47,371,14.09,37.7615
2019-05-19 19-14-49,374,14.1266,37.7749
2019-05-19 19-14-51,373,14.1083,37.7615
2019-05-19 19-14-53,375,14.1083,37.7615
2019-05-19 19-14-55,375,14.1449,37.8176
2019-05-19 19-14-59,370,14.0945,37.8309
2019-05-19 19-15-01,370,14.1098,37.8176
2019-05-19 19-15-03,372,14.1083,37.8016
2019-05-19 19-15-05,373,14.1266,37.8016
2019-05-19 19-15-07,374,14.09,37.7749
2019-05-19 19-15-09,375,14.1602,37.7882
2019-05-19 19-15-11,373,14.1052,37.7455
2019-05-19 19-15-13,372,14.1418,37.7749
2019-05-19 19-15-17,371,14.1418,37.7749
2019-05-19 19-15-19,371,14.0915,37.8016
2019-05-19 19-15-21,370,14.1235,37.7615
2019-05-19 19-15-23,370,14.09,37.7615
2019-05-19 19-15-25,370,14.1052,37.7455
2019-05-19 19-15-27,369,14.0732,37.7882
2019-05-19 19-15-29,368,14.1418,37.7749
2019-05-19 19-15-31,367,14.1418,37.7882
2019-05-19 19-15-35,366,14.0915,37.7882
2019-05-19 19-15-37,366,14.1602,37.7615
2019-05-19 19-15-39,367,14.1785,37.7615
2019-05-19 19-15-41,368,14.2105,37.7028
2019-05-19 19-15-43,369,14.2426,37.62
2019-05-19 19-15-45,369,14.2426,37.6066
2019-05-19 19-15-47,370,14.3295,37.5505
2019-05-19 19-15-49,370,14.3616,37.5051
2019-05-19 19-15-53,369,14.4852,37.4758
2019-05-19 19-15-55,368,14.4119,37.4624
2019-05-19 19-15-57,368,14.4104,37.4357
2019-05-19 19-15-59,368,14.4104,37.4063
2019-05-19 19-16-01,367,14.3921,37.4197
2019-05-19 19-16-03,367,14.4287,37.4357
2019-05-19 19-16-05,366,14.4287,37.4357
2019-05-19 19-16-07,366,14.4287,37.4357
2019-05-19 19-16-11,364,14.502,37.4357
2019-05-19 19-16-13,364,14.502,37.4491
2019-05-19 19-16-15,364,14.4653,37.393
2019-05-19 19-16-17,364,14.4806,37.3796
2019-05-19 19-16-19,364,14.4653,37.4063
2019-05-19 19-16-21,364,14.4287,37.4197
2019-05-19 19-16-23,364,14.3921,37.393
2019-05-19 19-16-25,364,14.389,37.3796
2019-05-19 19-16-29,363,14.4287,37.4357
2019-05-19 19-16-31,363,14.357,37.4357
2019-05-19 19-16-33,364,14.36,37.4624
2019-05-19 19-16-35,363,14.2731,37.5051
2019-05-19 19-16-37,362,14.238,37.5212
2019-05-19 19-16-39,361,14.3097,37.5639
2019-05-19 19-16-41,362,14.1495,37.5772
2019-05-19 19-16-45,362,14.2746,37.5772
2019-05-19 19-16-47,362,14.2242,37.6066
2019-05-19 19-16-49,363,14.1693,37.5772
2019-05-19 19-16-51,362,14.209,37.62
2019-05-19 19-16-53,363,14.2044,37.5639
2019-05-19 19-16-55,363,14.2227,37.5505
2019-05-19 19-16-57,363,14.2197,37.5345
2019-05-19 19-16-59,363,14.2914,37.5505
2019-05-19 19-17-03,362,14.2593,37.5906
2019-05-19 19-17-05,362,14.2426,37.6066
2019-05-19 19-17-07,362,14.2242,37.5906
2019-05-19 19-17-09,362,14.2242,37.6066
2019-05-19 19-17-11,362,14.2929,37.5906
2019-05-19 19-17-13,361,14.2929,37.5772
2019-05-19 19-17-15,362,14.3097,37.5505
2019-05-19 19-17-17,361,14.2746,37.5639
2019-05-19 19-17-21,361,14.3295,37.5505
2019-05-19 19-17-23,361,14.328,37.5051
2019-05-19 19-17-25,361,14.4669,37.4758
2019-05-19 19-17-27,360,14.4852,37.4758
2019-05-19 19-17-29,361,14.5157,37.393
2019-05-19 19-17-31,361,14.5126,37.3369
2019-05-19 19-17-33,361,14.4791,37.3236
2019-05-19 19-17-35,360,14.476,37.2942
2019-05-19 19-17-39,360,14.621,37.3075
2019-05-19 19-17-41,360,14.6347,37.2648
2019-05-19 19-17-43,359,14.6683,37.2648
2019-05-19 19-17-45,359,14.6683,37.2515
2019-05-19 19-17-47,359,14.595,37.2515
2019-05-19 19-17-49,358,14.6683,37.2381
2019-05-19 19-17-51,358,14.65,37.2087
2019-05-19 19-17-53,358,14.5752,37.1954
2019-05-19 19-17-57,358,14.5935,37.1954
2019-05-19 19-17-59,358,14.5218,37.182
2019-05-19 19-18-01,358,14.5752,37.1954
2019-05-19 19-18-03,358,14.5935,37.182
2019-05-19 19-18-05,358,14.5935,37.1954
2019-05-19 19-18-07,358,14.5935,37.182
2019-05-19 19-18-09,358,14.5569,37.1527
2019-05-19 19-18-11,358,14.6484,37.1687
2019-05-19 19-18-15,359,14.6667,37.182
2019-05-19 19-18-17,358,14.7003,37.1954
2019-05-19 19-18-19,357,14.7003,37.182
2019-05-19 19-18-21,357,14.5752,37.1687
2019-05-19 19-18-23,357,14.5935,37.1954
2019-05-19 19-18-25,357,14.6118,37.1687
2019-05-19 19-18-27,357,14.6454,37.1393
2019-05-19 19-18-31,357,14.6637,37.1527
2019-05-19 19-18-33,357,14.5569,37.1687
2019-05-19 19-18-35,357,14.5035,37.1393
2019-05-19 19-18-37,357,14.5905,37.1527
2019-05-19 19-18-39,356,14.5386,37.126
2019-05-19 19-18-41,356,14.5889,37.1126
2019-05-19 19-18-43,356,14.6255,37.0699
2019-05-19 19-18-45,357,14.6408,37.0699
2019-05-19 19-18-49,356,14.6591,37.0539
2019-05-19 19-18-51,356,14.7308,37.0699
2019-05-19 19-18-53,356,14.6805,37.1126
2019-05-19 19-18-55,356,14.6805,37.1393
2019-05-19 19-18-57,356,14.5905,37.1393
2019-05-19 19-18-59,356,14.5569,37.1527
2019-05-19 19-19-02,355,14.5065,37.182
2019-05-19 19-19-04,356,14.4699,37.182
2019-05-19 19-19-08,356,14.4897,37.2248
2019-05-19 19-19-10,356,14.5081,37.2515
2019-05-19 19-19-12,356,14.4028,37.2648
2019-05-19 19-19-14,355,14.3692,37.3075
2019-05-19 19-19-16,356,14.4745,37.2381
2019-05-19 19-19-18,356,14.4165,37.2087
2019-05-19 19-19-20,357,14.5035,37.1527
2019-05-19 19-19-22,357,14.4669,37.1393
2019-05-19 19-19-26,357,14.5569,37.1527
2019-05-19 19-19-28,357,14.5035,37.1527
2019-05-19 19-19-30,356,14.4882,37.182
2019-05-19 19-19-32,356,14.5401,37.182
2019-05-19 19-19-34,357,14.5584,37.2087
2019-05-19 19-19-36,357,14.5615,37.2248
2019-05-19 19-19-38,357,14.4897,37.2381
2019-05-19 19-19-40,357,14.4745,37.2515
2019-05-19 19-19-44,357,14.4562,37.2248
2019-05-19 19-19-46,357,14.4577,37.2648
2019-05-19 19-19-48,357,14.5432,37.2381
2019-05-19 19-19-50,358,14.4379,37.2808
2019-05-19 19-19-52,358,14.3875,37.3075
2019-05-19 19-19-54,358,14.389,37.3636
2019-05-19 19-19-56,358,14.4073,37.3636
2019-05-19 19-19-58,358,14.3707,37.3636
2019-05-19 19-20-02,358,14.4073,37.3636
2019-05-19 19-20-04,358,14.3387,37.4197
2019-05-19 19-20-06,359,14.3234,37.4197
2019-05-19 19-20-08,358,14.2868,37.4491
2019-05-19 19-20-10,358,14.238,37.5212
2019-05-19 19-20-12,359,14.27,37.4918
2019-05-19 19-20-14,359,14.2731,37.5345
2019-05-19 19-20-18,359,14.241,37.5639
2019-05-19 19-20-20,359,14.2227,37.5639
2019-05-19 19-20-22,360,14.241,37.5772
2019-05-19 19-20-24,360,14.2242,37.5906
2019-05-19 19-20-26,361,14.151,37.6066
2019-05-19 19-20-28,361,14.1724,37.62
2019-05-19 19-20-30,361,14.1907,37.6333
2019-05-19 19-20-32,361,14.1724,37.5906
2019-05-19 19-20-36,361,14.2059,37.5906
2019-05-19 19-20-38,362,14.2227,37.5639
2019-05-19 19-20-40,362,14.2731,37.5051
2019-05-19 19-20-42,362,14.2731,37.5051
2019-05-19 19-20-44,362,14.325,37.4918
2019-05-19 19-20-46,362,14.2548,37.5051
2019-05-19 19-20-48,362,14.27,37.4918
2019-05-19 19-20-50,362,14.328,37.5212
2019-05-19 19-20-54,362,14.2731,37.5345
2019-05-19 19-20-56,361,14.2914,37.5639
2019-05-19 19-20-58,361,14.2548,37.5051
2019-05-19 19-21-00,362,14.27,37.4624
2019-05-19 19-21-02,363,14.2883,37.4758
2019-05-19 19-21-04,364,14.3051,37.4491
2019-05-19 19-21-06,364,14.3417,37.4491
2019-05-19 19-21-08,363,14.3234,37.4197
2019-05-19 19-21-12,363,14.3921,37.393
2019-05-19 19-21-14,363,14.3921,37.393
2019-05-19 19-21-16,363,14.4257,37.3796
2019-05-19 19-21-18,364,14.4073,37.393
2019-05-19 19-21-20,363,14.4073,37.3796
2019-05-19 19-21-22,363,14.4257,37.4063
2019-05-19 19-21-24,363,14.4257,37.3503
2019-05-19 19-21-26,363,14.5126,37.3636
2019-05-19 19-21-30,364,14.5157,37.3796
2019-05-19 19-21-32,364,14.4623,37.3503
2019-05-19 19-21-34,363,14.4058,37.3503
2019-05-19 19-21-36,363,14.4424,37.3503
2019-05-19 19-21-38,363,14.4424,37.3236
2019-05-19 19-21-40,362,14.4394,37.2942
2019-05-19 19-21-42,362,14.4379,37.2942
2019-05-19 19-21-44,361,14.476,37.2808
2019-05-19 19-21-48,360,14.5111,37.2515
2019-05-19 19-21-50,360,14.5081,37.2648
2019-05-19 19-21-52,359,14.5447,37.2515
2019-05-19 19-21-54,359,14.6347,37.2381
2019-05-19 19-21-56,359,14.65,37.2808
2019-05-19 19-21-58,359,14.5798,37.2808
2019-05-19 19-22-00,359,14.6179,37.2808
2019-05-19 19-22-02,359,14.5798,37.2808
2019-05-19 19-22-06,358,14.5111,37.3075
2019-05-19 19-22-08,358,14.5111,37.3369
2019-05-19 19-22-10,358,14.4974,37.3503
2019-05-19 19-22-12,358,14.4623,37.3796
2019-05-19 19-22-14,358,14.4806,37.393
2019-05-19 19-22-16,359,14.4806,37.3503
2019-05-19 19-22-18,359,14.4791,37.2808
2019-05-19 19-22-22,359,14.5294,37.2648
2019-05-19 19-22-24,359,14.5615,37.2248
2019-05-19 19-22-26,360,14.5432,37.2248
2019-05-19 19-22-28,360,14.5615,37.1954
2019-05-19 19-22-30,360,14.5248,37.1954
2019-05-19 19-22-32,359,14.5248,37.182
2019-05-19 19-22-34,359,14.5584,37.182
2019-05-19 19-22-36,358,14.6133,37.126
2019-05-19 19-22-40,358,14.5721,37.126
2019-05-19 19-22-42,358,14.6988,37.1126
2019-05-19 19-22-44,358,14.7491,37.1126
2019-05-19 19-22-46,357,14.6622,37.1126
2019-05-19 19-22-48,358,14.6622,37.1126
2019-05-19 19-22-50,358,14.6805,37.0832
2019-05-19 19-22-52,358,14.7675,37.1126
2019-05-19 19-22-54,358,14.8407,37.1126
2019-05-19 19-22-58,359,14.8041,37.1126
2019-05-19 19-23-00,359,14.7141,37.1527
2019-05-19 19-23-02,359,14.6988,37.1527
2019-05-19 19-23-04,359,14.6301,37.182
2019-05-19 19-23-06,358,14.5584,37.2381
2019-05-19 19-23-08,358,14.5615,37.2942
2019-05-19 19-23-10,358,14.4943,37.2942
2019-05-19 19-23-12,358,14.476,37.3369
2019-05-19 19-23-16,359,14.4791,37.3369
2019-05-19 19-23-18,359,14.389,37.393
2019-05-19 19-23-20,359,14.4806,37.4197
2019-05-19 19-23-22,359,14.4104,37.4491
2019-05-19 19-23-24,359,14.4287,37.4758
2019-05-19 19-23-26,359,14.2883,37.4758
2019-05-19 19-23-28,360,14.2883,37.5051
2019-05-19 19-23-30,360,14.2883,37.4758
2019-05-19 19-23-34,360,14.27,37.4624
2019-05-19 19-23-36,360,14.2181,37.4758
2019-05-19 19-23-38,361,14.2365,37.4918
2019-05-19 19-23-40,361,14.2365,37.5212
2019-05-19 19-23-42,360,14.1861,37.5212
2019-05-19 19-23-44,360,14.2197,37.5639
2019-05-19 19-23-46,359,14.1693,37.5345
2019-05-19 19-23-48,359,14.1312,37.5639
2019-05-19 19-23-52,360,14.1693,37.5772
2019-05-19 19-23-54,360,14.1495,37.6333
2019-05-19 19-23-56,360,14.1907,37.6467
2019-05-19 19-23-58,360,14.1541,37.676
2019-05-19 19-24-00,360,14.2105,37.6894
2019-05-19 19-24-02,360,14.1556,37.7028
2019-05-19 19-24-04,361,14.122,37.7028
2019-05-19 19-24-08,362,14.0686,37.7188
2019-05-19 19-24-11,363,14.0869,37.7615
2019-05-19 19-24-13,365,14.1235,37.7455
2019-05-19 19-24-15,367,14.1052,37.7455
2019-05-19 19-24-17,369,14.0366,37.7321
2019-05-19 19-24-19,373,14.1235,37.7321
2019-05-19 19-24-21,374,14.0717,37.7455
2019-05-19 19-24-23,374,14.09,37.7615
2019-05-19 19-24-27,373,14.09,37.7615
2019-05-19 19-24-29,372,14.09,37.7615
2019-05-19 19-24-31,373,14.1083,37.7321
2019-05-19 19-24-33,374,14.1052,37.7749
2019-05-19 19-24-35,374,14.0732,37.7455
2019-05-19 19-24-37,375,14.09,37.7615
2019-05-19 19-24-39,374,14.0549,37.7455
2019-05-19 19-24-41,375,14.0533,37.7749
2019-05-19 19-24-45,374,14.0549,37.7615
2019-05-19 19-24-47,374,14.1235,37.7615
2019-05-19 19-24-49,375,14.0549,37.7455
2019-05-19 19-24-51,374,14.0533,37.7455
2019-05-19 19-24-53,374,14.09,37.7188
2019-05-19 19-24-55,373,14.0533,37.7749
2019-05-19 19-24-57,374,14.0549,37.7321
2019-05-19 19-24-59,374,14.1235,37.7321
2019-05-19 19-25-03,375,14.0717,37.676
2019-05-19 19-25-05,375,14.1037,37.7028
2019-05-19 19-25-07,376,14.1556,37.676
2019-05-19 19-25-09,375,14.1373,37.6627
2019-05-19 19-25-11,375,14.1006,37.6333
2019-05-19 19-25-13,374,14.2242,37.676
2019-05-19 19-25-15,373,14.2273,37.6467
2019-05-19 19-25-17,372,14.1739,37.6333
2019-05-19 19-25-21,372,14.1739,37.6066
2019-05-19 19-25-23,373,14.2059,37.6066
2019-05-19 19-25-25,373,14.1907,37.5772
2019-05-19 19-25-27,372,14.2059,37.5345
2019-05-19 19-25-29,372,14.2731,37.5212
2019-05-19 19-25-31,372,14.328,37.4918
2019-05-19 19-25-33,371,14.3967,37.4758
2019-05-19 19-25-35,371,14.4119,37.4758
2019-05-19 19-25-39,372,14.4119,37.4357
2019-05-19 19-25-41,371,14.4653,37.4491
2019-05-19 19-25-43,371,14.4119,37.4357
2019-05-19 19-25-45,371,14.3234,37.4491
2019-05-19 19-25-47,369,14.3417,37.4491
2019-05-19 19-25-49,369,14.2868,37.4197
2019-05-19 19-25-51,369,14.3021,37.4491
2019-05-19 19-25-53,368,14.2685,37.4491
2019-05-19 19-25-57,368,14.2868,37.4197
2019-05-19 19-25-59,368,14.2502,37.4063
2019-05-19 19-26-01,368,14.2838,37.4197
2019-05-19 19-26-03,367,14.3753,37.4197
2019-05-19 19-26-05,366,14.3387,37.4357
2019-05-19 19-26-07,365,14.4104,37.4357
2019-05-19 19-26-09,364,14.447,37.393
2019-05-19 19-26-11,366,14.4257,37.3503
2019-05-19 19-26-15,366,14.4974,37.3236
2019-05-19 19-26-17,366,14.4058,37.3075
2019-05-19 19-26-19,367,14.5111,37.2942
2019-05-19 19-26-21,367,14.476,37.2515
2019-05-19 19-26-23,367,14.4348,37.2381
2019-05-19 19-26-25,368,14.4745,37.2248
2019-05-19 19-26-27,368,14.5767,37.2087
2019-05-19 19-26-31,367,14.5065,37.182
2019-05-19 19-26-33,367,14.5065,37.1687
2019-05-19 19-26-35,366,14.5569,37.2248
2019-05-19 19-26-37,366,14.5432,37.2248
2019-05-19 19-26-39,366,14.4897,37.2942
2019-05-19 19-26-41,365,14.4379,37.3075
2019-05-19 19-26-43,364,14.5294,37.3503
2019-05-19 19-26-45,364,14.389,37.3636
2019-05-19 19-26-49,364,14.389,37.4063
2019-05-19 19-26-51,364,14.3738,37.4063
2019-05-19 19-26-53,364,14.357,37.4491
2019-05-19 19-26-55,364,14.3234,37.4357
2019-05-19 19-26-57,364,14.357,37.4491
2019-05-19 19-26-59,364,14.4119,37.4758
2019-05-19 19-27-01,364,14.36,37.4758
2019-05-19 19-27-03,364,14.3051,37.4758
2019-05-19 19-27-07,365,14.2883,37.4918
2019-05-19 19-27-09,365,14.325,37.4624
2019-05-19 19-27-11,365,14.3051,37.4918
2019-05-19 19-27-13,366,14.325,37.4918
2019-05-19 19-27-15,366,14.27,37.5051
2019-05-19 19-27-17,367,14.2365,37.4918
2019-05-19 19-27-19,367,14.2181,37.4758
2019-05-19 19-27-21,367,14.2181,37.4918
2019-05-19 19-27-25,367,14.2181,37.4758
2019-05-19 19-27-27,367,14.183,37.4918
2019-05-19 19-27-29,366,14.1464,37.4491
2019-05-19 19-27-31,366,14.1647,37.4624
2019-05-19 19-27-33,367,14.1815,37.4357
2019-05-19 19-27-35,366,14.2334,37.4758
2019-05-19 19-27-37,366,14.1998,37.4491
2019-05-19 19-27-39,366,14.2517,37.4491
2019-05-19 19-27-43,366,14.2517,37.4197
2019-05-19 19-27-45,366,14.2502,37.4197
2019-05-19 19-27-47,366,14.2685,37.4197
2019-05-19 19-27-49,366,14.2838,37.4491
2019-05-19 19-27-51,366,14.2685,37.4918
2019-05-19 19-27-53,365,14.2548,37.4758
2019-05-19 19-27-55,365,14.2517,37.5051
2019-05-19 19-27-59,364,14.2548,37.5345
2019-05-19 19-28-01,363,14.2731,37.5639
2019-05-19 19-28-03,363,14.1495,37.5906
2019-05-19 19-28-05,364,14.1174,37.6627
2019-05-19 19-28-07,364,14.1006,37.6467
2019-05-19 19-28-09,365,14.1541,37.676
2019-05-19 19-28-11,366,14.0854,37.676
2019-05-19 19-28-13,366,14.0503,37.6627
2019-05-19 19-28-17,367,14.0671,37.676
2019-05-19 19-28-19,368,14.0854,37.7188
2019-05-19 19-28-21,368,14.0533,37.7028
2019-05-19 19-28-23,368,14.035,37.7028
2019-05-19 19-28-25,368,14.0869,37.7455
2019-05-19 19-28-27,369,14.09,37.7455
2019-05-19 19-28-29,369,14.0533,37.7615
2019-05-19 19-28-31,369,14.0182,37.7321
2019-05-19 19-28-35,370,14.0533,37.7455
2019-05-19 19-28-37,369,13.9984,37.7028
2019-05-19 19-28-39,369,14.0686,37.7028
2019-05-19 19-28-41,370,14.0686,37.7028
2019-05-19 19-28-43,371,14.0503,37.6627
2019-05-19 19-28-45,371,14.1006,37.6066
2019-05-19 19-28-47,372,14.0823,37.5772
2019-05-19 19-28-49,372,14.1327,37.5505
2019-05-19 19-28-53,372,14.2044,37.5772
2019-05-19 19-28-55,371,14.1144,37.5772
2019-05-19 19-28-57,372,14.1876,37.5639
2019-05-19 19-28-59,372,14.2044,37.5772
2019-05-19 19-29-01,372,14.1693,37.5639
2019-05-19 19-29-03,370,14.1327,37.5906
2019-05-19 19-29-05,371,14.151,37.5906
2019-05-19 19-29-07,370,14.1174,37.5505
2019-05-19 19-29-11,371,14.1495,37.5051
2019-05-19 19-29-13,370,14.0945,37.4758
2019-05-19 19-29-16,370,14.1449,37.4624
2019-05-19 19-29-18,370,14.1998,37.4357
2019-05-19 19-29-20,370,14.2334,37.4624
2019-05-19 19-29-22,370,14.2334,37.4491
2019-05-19 19-29-24,369,14.2868,37.4491
2019-05-19 19-29-26,369,14.2151,37.4491
2019-05-19 19-29-30,369,14.2151,37.4624
2019-05-19 19-29-32,369,14.2181,37.4624
2019-05-19 19-29-34,368,14.2334,37.4918
2019-05-19 19-29-36,368,14.1464,37.4624
2019-05-19 19-29-38,367,14.1815,37.4624
2019-05-19 19-29-40,367,14.1815,37.4624
2019-05-19 19-29-42,366,14.2181,37.4758
2019-05-19 19-29-46,366,14.2181,37.5051
2019-05-19 19-29-48,365,14.2548,37.5051
2019-05-19 19-29-50,365,14.3066,37.5212
2019-05-19 19-29-52,365,14.3066,37.5345
2019-05-19 19-29-54,366,14.3066,37.5212
2019-05-19 19-29-56,367,14.238,37.5212
2019-05-19 19-29-58,367,14.2548,37.4758
2019-05-19 19-30-00,368,14.2365,37.4624
2019-05-19 19-30-04,368,14.2181,37.4758
2019-05-19 19-30-06,367,14.2365,37.5212
2019-05-19 19-30-08,367,14.1678,37.5345
2019-05-19 19-30-10,366,14.1861,37.5505
2019-05-19 19-30-12,366,14.2227,37.5505
2019-05-19 19-30-14,366,14.1861,37.5906
2019-05-19 19-30-16,367,14.151,37.5772
2019-05-19 19-30-18,367,14.2059,37.5505
2019-05-19 19-30-22,368,14.1693,37.5505
2019-05-19 19-30-24,368,14.0961,37.5345
2019-05-19 19-30-26,367,14.1312,37.5639
2019-05-19 19-30-28,367,14.1693,37.6066
2019-05-19 19-30-30,366,14.0991,37.5906
2019-05-19 19-30-32,365,14.1174,37.6333
2019-05-19 19-30-34,365,14.0488,37.62
2019-05-19 19-30-36,365,14.0121,37.6333
2019-05-19 19-30-40,365,13.9938,37.62
2019-05-19 19-30-42,364,14.0305,37.6627
2019-05-19 19-30-44,364,14.0137,37.676
2019-05-19 19-30-46,363,14.0671,37.7188
2019-05-19 19-30-48,363,14.0869,37.7321
2019-05-19 19-30-50,364,14.0533,37.7321
2019-05-19 19-30-52,364,13.945,37.7188
2019-05-19 19-30-54,365,14.0533,37.7188
2019-05-19 19-30-58,365,13.9984,37.6894
2019-05-19 19-31-00,365,13.9954,37.7028
2019-05-19 19-31-02,366,13.9618,37.6627
2019-05-19 19-31-04,366,13.9435,37.676
2019-05-19 19-31-06,367,13.9954,37.676
2019-05-19 19-31-08,367,14.0167,37.6467
2019-05-19 19-31-10,367,13.9938,37.676
2019-05-19 19-31-12,367,13.9771,37.6627
2019-05-19 19-31-16,366,14.032,37.6627
2019-05-19 19-31-18,367,14.0671,37.6467
2019-05-19 19-31-20,366,13.9587,37.6627
2019-05-19 19-31-22,366,13.9771,37.6467
2019-05-19 19-31-24,366,14.0671,37.6333
2019-05-19 19-31-26,366,14.0488,37.6467
2019-05-19 19-31-28,366,14.0137,37.62
2019-05-19 19-31-30,366,14.0305,37.6627
2019-05-19 19-31-34,366,14.0854,37.6467
2019-05-19 19-31-36,366,14.0823,37.6467
2019-05-19 19-31-38,367,14.032,37.6333
2019-05-19 19-31-40,367,13.9938,37.62
2019-05-19 19-31-42,367,14.0305,37.5772
2019-05-19 19-31-44,367,14.0991,37.5772
2019-05-19 19-31-46,368,14.0625,37.5639
2019-05-19 19-31-48,368,14.0442,37.5639
2019-05-19 19-31-52,368,14.1327,37.5345
2019-05-19 19-31-54,368,14.1678,37.5051
2019-05-19 19-31-56,368,14.2014,37.5051
2019-05-19 19-31-58,368,14.2197,37.4758
2019-05-19 19-32-00,368,14.183,37.4758
2019-05-19 19-32-02,368,14.1449,37.5051
2019-05-19 19-32-04,368,14.2014,37.5051
2019-05-19 19-32-06,367,14.1129,37.5212
2019-05-19 19-32-10,367,14.1312,37.5051
2019-05-19 19-32-12,367,14.1281,37.5212
2019-05-19 19-32-14,367,14.1129,37.4918
2019-05-19 19-32-16,367,14.1464,37.4357
2019-05-19 19-32-18,367,14.1418,37.3796
2019-05-19 19-32-20,368,14.1953,37.3236
2019-05-19 19-32-22,369,14.4211,37.2808
2019-05-19 19-32-24,368,14.3509,37.2381
2019-05-19 19-32-28,369,14.4196,37.2248
2019-05-19 19-32-30,368,14.3646,37.182
2019-05-19 19-32-32,368,14.3982,37.126
2019-05-19 19-32-34,368,14.502,37.0832
2019-05-19 19-32-36,367,14.4653,37.0699
2019-05-19 19-32-38,366,14.534,37.0539
2019-05-19 19-32-40,365,14.5676,37.0966
2019-05-19 19-32-42,365,14.6088,37.1126
2019-05-19 19-32-46,364,14.5355,37.126
2019-05-19 19-32-48,364,14.5386,37.182
2019-05-19 19-32-50,364,14.4882,37.1954
2019-05-19 19-32-52,364,14.4882,37.2248
2019-05-19 19-32-54,364,14.4562,37.2648
2019-05-19 19-32-56,364,14.4196,37.2942
2019-05-19 19-32-58,364,14.3692,37.3503
2019-05-19 19-33-02,364,14.2975,37.3369
2019-05-19 19-33-04,363,14.2975,37.3075
2019-05-19 19-33-06,363,14.2609,37.2942
2019-05-19 19-33-08,364,14.2792,37.3075
2019-05-19 19-33-10,363,14.3158,37.3075
2019-05-19 19-33-12,363,14.2609,37.3075
2019-05-19 19-33-14,364,14.3158,37.3075
2019-05-19 19-33-16,364,14.2792,37.3796
2019-05-19 19-33-20,364,14.3005,37.3369
2019-05-19 19-33-22,364,14.2639,37.3503
2019-05-19 19-33-24,364,14.2471,37.3636
2019-05-19 19-33-26,364,14.2639,37.393
2019-05-19 19-33-28,364,14.1785,37.4197
2019-05-19 19-33-30,364,14.2151,37.4197
2019-05-19 19-33-32,364,14.2151,37.4357
2019-05-19 19-33-34,364,14.1998,37.4197
2019-05-19 19-33-38,364,14.1632,37.4197
2019-05-19 19-33-40,364,14.1632,37.393
2019-05-19 19-33-42,364,14.2319,37.4357
2019-05-19 19-33-44,364,14.1998,37.4758
2019-05-19 19-33-46,363,14.1998,37.4758
2019-05-19 19-33-48,363,14.1281,37.4918
2019-05-19 19-33-50,362,14.183,37.5051
2019-05-19 19-33-52,362,14.1464,37.5212
2019-05-19 19-33-56,363,14.1464,37.5051
2019-05-19 19-33-58,364,14.1281,37.5051
2019-05-19 19-34-00,364,14.1678,37.4918
2019-05-19 19-34-02,365,14.0945,37.4758
2019-05-19 19-34-04,365,14.1449,37.4491
2019-05-19 19-34-06,365,14.1647,37.4063
2019-05-19 19-34-08,365,14.1785,37.4063
2019-05-19 19-34-10,366,14.1235,37.393
2019-05-19 19-34-14,367,14.1602,37.3636
2019-05-19 19-34-16,367,14.2288,37.3636
2019-05-19 19-34-18,367,14.2471,37.3503
2019-05-19 19-34-20,367,14.3188,37.3075
2019-05-19 19-34-23,367,14.2792,37.3236
2019-05-19 19-34-25,366,14.3341,37.3636
2019-05-19 19-34-27,365,14.3707,37.3236
2019-05-19 19-34-29,365,14.2792,37.3636
2019-05-19 19-34-33,364,14.3372,37.3796
2019-05-19 19-34-35,364,14.3387,37.393
2019-05-19 19-34-37,365,14.3204,37.3636
2019-05-19 19-34-39,365,14.3372,37.3369
2019-05-19 19-34-41,365,14.3188,37.3503
2019-05-19 19-34-43,365,14.2471,37.3503
2019-05-19 19-34-45,366,14.2975,37.3636
2019-05-19 19-34-47,366,14.3005,37.2942
2019-05-19 19-34-51,367,14.2609,37.2808
2019-05-19 19-34-53,368,14.2776,37.2381
2019-05-19 19-34-55,367,14.3661,37.2648
2019-05-19 19-34-57,367,14.3326,37.2248
2019-05-19 19-34-59,367,14.3646,37.1954
2019-05-19 19-35-01,367,14.3982,37.1687
2019-05-19 19-35-03,366,14.3799,37.1687
2019-05-19 19-35-05,366,14.4333,37.1527
2019-05-19 19-35-09,366,14.4699,37.1393
2019-05-19 19-35-11,365,14.3967,37.1527
2019-05-19 19-35-13,366,14.415,37.1393
2019-05-19 19-35-15,366,14.36,37.1393
2019-05-19 19-35-17,366,14.3967,37.182
2019-05-19 19-35-19,364,14.415,37.182
2019-05-19 19-35-21,364,14.3112,37.182
2019-05-19 19-35-23,364,14.3463,37.2087
2019-05-19 19-35-27,364,14.2746,37.2381
2019-05-19 19-35-29,363,14.2746,37.2248
2019-05-19 19-35-31,363,14.2929,37.2381
2019-05-19 19-35-33,363,14.2929,37.2648
2019-05-19 19-35-35,363,14.2426,37.2808
2019-05-19 19-35-37,363,14.296,37.2942
2019-05-19 19-35-39,364,14.2273,37.2808
2019-05-19 19-35-41,364,14.2609,37.3075
2019-05-19 19-35-45,364,14.209,37.3236
2019-05-19 19-35-47,365,14.2273,37.3369
2019-05-19 19-35-49,365,14.1769,37.3369
2019-05-19 19-35-51,364,14.1922,37.3236
2019-05-19 19-35-53,365,14.1586,37.3236
2019-05-19 19-35-55,365,14.1373,37.3236
2019-05-19 19-35-57,365,14.1373,37.3075
2019-05-19 19-35-59,366,14.1922,37.2942
2019-05-19 19-36-03,366,14.1739,37.2515
2019-05-19 19-36-05,366,14.2059,37.2381
2019-05-19 19-36-07,366,14.1876,37.2087
2019-05-19 19-36-09,366,14.2227,37.1954
2019-05-19 19-36-11,366,14.238,37.182
2019-05-19 19-36-13,366,14.2731,37.2087
2019-05-19 19-36-15,365,14.2746,37.2087
2019-05-19 19-36-19,364,14.2563,37.1954
2019-05-19 19-36-21,364,14.2563,37.2248
2019-05-19 19-36-23,364,14.2227,37.2381
2019-05-19 19-36-25,364,14.2227,37.2381
2019-05-19 19-36-27,364,14.3143,37.2942
2019-05-19 19-36-29,363,14.2792,37.2808
2019-05-19 19-36-31,363,14.296,37.3075
2019-05-19 19-36-33,364,14.1739,37.3075
2019-05-19 19-36-37,364,14.1922,37.3503
2019-05-19 19-36-39,363,14.1953,37.3796
2019-05-19 19-36-41,363,14.1403,37.4197
2019-05-19 19-36-43,364,14.1632,37.4197
2019-05-19 19-36-45,364,14.1418,37.4197
2019-05-19 19-36-47,365,14.1235,37.3796
2019-05-19 19-36-49,365,14.1953,37.3369
2019-05-19 19-36-51,366,14.1922,37.3236
2019-05-19 19-36-55,366,14.2456,37.2648
2019-05-19 19-36-57,367,14.2929,37.2248
2019-05-19 19-36-59,367,14.3295,37.182
2019-05-19 19-37-01,367,14.3616,37.1954
2019-05-19 19-37-03,366,14.4165,37.1527
2019-05-19 19-37-05,366,14.4852,37.0966
2019-05-19 19-37-07,366,14.5355,37.0966
2019-05-19 19-37-09,366,14.5889,37.0699
2019-05-19 19-37-13,365,14.4836,37.0699
2019-05-19 19-37-15,365,14.4836,37.0245
2019-05-19 19-37-17,365,14.4974,36.9978
2019-05-19 19-37-19,365,14.5477,36.9684
2019-05-19 19-37-21,364,14.621,37.0245
2019-05-19 19-37-23,363,14.6225,37.0699
2019-05-19 19-37-25,363,14.5523,37.1393
2019-05-19 19-37-27,362,14.4119,37.1687
2019-05-19 19-37-31,362,14.3616,37.182
2019-05-19 19-37-33,363,14.328,37.1687
2019-05-19 19-37-35,363,14.328,37.182
2019-05-19 19-37-37,362,14.2548,37.2648
2019-05-19 19-37-39,362,14.2426,37.2808
2019-05-19 19-37-41,361,14.1907,37.3075
2019-05-19 19-37-43,361,14.0854,37.3503
2019-05-19 19-37-45,361,14.122,37.3636
2019-05-19 19-37-49,361,14.0686,37.4063
2019-05-19 19-37-51,361,14.0717,37.4197
2019-05-19 19-37-53,361,13.9664,37.4197
2019-05-19 19-37-55,363,13.913,37.4197
2019-05-19 19-37-57,363,13.9816,37.4063
2019-05-19 19-37-59,363,14.003,37.393
2019-05-19 19-38-01,363,14.0182,37.393
2019-05-19 19-38-03,363,14.0366,37.4063
2019-05-19 19-38-07,363,14.0182,37.4063
2019-05-19 19-38-09,362,13.9816,37.3796
2019-05-19 19-38-11,362,14.0533,37.4063
2019-05-19 19-38-13,361,14.0717,37.4197
2019-05-19 19-38-15,361,14.0366,37.4063
2019-05-19 19-38-17,361,14.09,37.4063
2019-05-19 19-38-19,361,14.09,37.4624
2019-05-19 19-38-23,360,14.0579,37.5051
2019-05-19 19-38-25,360,13.9862,37.4758
2019-05-19 19-38-27,360,14.0228,37.4758
2019-05-19 19-38-29,361,14.0045,37.5051
2019-05-19 19-38-31,361,13.9526,37.4918
2019-05-19 19-38-33,360,13.9496,37.5051
2019-05-19 19-38-35,361,13.9679,37.5212
2019-05-19 19-38-37,361,14.0076,37.5212
2019-05-19 19-38-41,361,13.9709,37.4918
2019-05-19 19-38-43,361,13.9862,37.4758
2019-05-19 19-38-45,361,14.0396,37.4624
2019-05-19 19-38-47,361,14.0579,37.4357
2019-05-19 19-38-49,362,14.0732,37.4357
2019-05-19 19-38-51,362,14.0396,37.3796
2019-05-19 19-38-53,363,14.035,37.3503
2019-05-19 19-38-55,363,14.0869,37.2808
2019-05-19 19-38-59,363,14.064,37.2648
2019-05-19 19-39-01,363,14.1174,37.1687
2019-05-19 19-39-03,362,14.2014,37.1393
2019-05-19 19-39-05,362,14.2883,37.126
2019-05-19 19-39-07,362,14.36,37.0245
2019-05-19 19-39-09,361,14.3738,37.0111
2019-05-19 19-39-11,361,14.4241,37.0111
2019-05-19 19-39-13,361,14.4241,36.9818
2019-05-19 19-39-17,361,14.5294,36.9684
2019-05-19 19-39-19,360,14.5477,36.939
2019-05-19 19-39-21,360,14.6362,36.939
2019-05-19 19-39-23,359,14.5798,36.899
2019-05-19 19-39-25,359,14.6683,36.883
2019-05-19 19-39-28,360,14.7034,36.8563
2019-05-19 19-39-30,360,14.5767,36.883
2019-05-19 19-39-32,360,14.5248,36.8135
2019-05-19 19-39-36,360,14.5569,36.7868
2019-05-19 19-39-38,360,14.6088,36.7708
2019-05-19 19-39-40,360,14.6088,36.7708
2019-05-19 19-39-42,360,14.5721,36.7868
2019-05-19 19-39-44,360,14.6088,36.7575
2019-05-19 19-39-46,359,14.6439,36.7708
2019-05-19 19-39-48,359,14.6088,36.7868
2019-05-19 19-39-52,359,14.6271,36.7308
2019-05-19 19-39-54,360,14.6942,36.7147
2019-05-19 19-39-56,360,14.7125,36.6587
2019-05-19 19-39-58,360,14.6912,36.6747
2019-05-19 19-40-00,360,14.7812,36.6453
2019-05-19 19-40-02,360,14.8148,36.632
2019-05-19 19-40-04,360,14.7079,36.6186
2019-05-19 19-40-06,361,14.7446,36.5866
2019-05-19 19-40-10,361,14.7949,36.5866
2019-05-19 19-40-12,360,14.7949,36.632
2019-05-19 19-40-14,360,14.7446,36.6747
2019-05-19 19-40-16,359,14.6576,36.7441
2019-05-19 19-40-18,358,14.6255,36.8135
2019-05-19 19-40-20,358,14.6118,36.8563
2019-05-19 19-40-22,359,14.5584,36.899
2019-05-19 19-40-24,360,14.5432,36.9257
2019-05-19 19-40-28,360,14.5111,36.9551
2019-05-19 19-40-30,360,14.5294,36.9551
2019-05-19 19-40-32,360,14.4211,36.9818
2019-05-19 19-40-34,360,14.4424,36.9978
2019-05-19 19-40-36,361,14.4608,37.0111
2019-05-19 19-40-38,361,14.444,37.0111
2019-05-19 19-40-40,363,14.3707,36.9818
2019-05-19 19-40-42,364,14.4058,36.9257
2019-05-19 19-40-46,365,14.4577,36.899
2019-05-19 19-40-48,368,14.3829,36.899
2019-05-19 19-40-50,368,14.5264,36.9123
2019-05-19 19-40-52,369,14.5264,36.9551
2019-05-19 19-40-54,365,14.5111,36.9818
2019-05-19 19-40-56,362,14.4608,37.0111
2019-05-19 19-40-58,359,14.3707,37.0966
2019-05-19 19-41-00,356,14.3753,37.1393
2019-05-19 19-41-04,357,14.3784,37.1954
2019-05-19 19-41-06,357,14.3463,37.2515
2019-05-19 19-41-08,354,14.2929,37.2381
2019-05-19 19-41-10,355,14.241,37.2648
2019-05-19 19-41-12,357,14.2242,37.2648
2019-05-19 19-41-14,361,14.2059,37.1954
2019-05-19 19-41-16,362,14.2044,37.1954
2019-05-19 19-41-20,365,14.1861,37.1954
2019-05-19 19-41-22,368,14.2731,37.1687
2019-05-19 19-41-24,368,14.238,37.1126
2019-05-19 19-41-26,369,14.27,37.0832
2019-05-19 19-41-28,370,14.2685,37.0966
2019-05-19 19-41-30,370,14.36,37.0966
2019-05-19 19-41-32,368,14.2868,37.0832
2019-05-19 19-41-34,366,14.2838,37.126
2019-05-19 19-41-38,365,14.2868,37.126
2019-05-19 19-41-40,365,14.2365,37.1527
2019-05-19 19-41-42,363,14.2548,37.182
2019-05-19 19-41-44,363,14.2914,37.2087
2019-05-19 19-41-46,363,14.2746,37.2087
2019-05-19 19-41-48,362,14.2044,37.1954
2019-05-19 19-41-50,362,14.1693,37.1954
2019-05-19 19-41-52,362,14.2197,37.2248
2019-05-19 19-41-56,363,14.1541,37.2381
2019-05-19 19-41-58,363,14.2059,37.2248
2019-05-19 19-42-00,363,14.2227,37.2381
2019-05-19 19-42-02,363,14.2227,37.2808
2019-05-19 19-42-04,362,14.1357,37.2942
2019-05-19 19-42-06,361,14.1556,37.3636
2019-05-19 19-42-08,361,14.1769,37.393
2019-05-19 19-42-10,361,14.1052,37.3636
2019-05-19 19-42-14,360,14.122,37.4357
2019-05-19 19-42-16,359,14.0213,37.4063
2019-05-19 19-42-18,358,13.9481,37.4624
2019-05-19 19-42-20,358,13.9313,37.4758
2019-05-19 19-42-22,359,13.9313,37.5345
2019-05-19 19-42-24,359,13.8657,37.5212
2019-05-19 19-42-26,360,13.826,37.5345
2019-05-19 19-42-28,361,13.8657,37.5212
2019-05-19 19-42-32,362,13.826,37.5772
2019-05-19 19-42-34,363,13.8489,37.5639
2019-05-19 19-42-36,363,13.8123,37.6066
2019-05-19 19-42-38,363,13.8153,37.6066
2019-05-19 19-42-40,362,13.8702,37.6467
2019-05-19 19-42-42,362,13.7985,37.6627
2019-05-19 19-42-44,361,13.765,37.7028
2019-05-19 19-42-48,361,13.8016,37.7028
2019-05-19 19-42-50,361,13.8016,37.7028
2019-05-19 19-42-52,362,13.7833,37.7028
2019-05-19 19-42-54,362,13.7665,37.7188
2019-05-19 19-42-56,363,13.8199,37.7028
2019-05-19 19-42-58,364,13.7482,37.7188
2019-05-19 19-43-00,365,13.8016,37.7455
2019-05-19 19-43-02,365,13.8031,37.7455
2019-05-19 19-43-06,365,13.7161,37.7455
2019-05-19 19-43-08,365,13.7695,37.7615
2019-05-19 19-43-10,365,13.6795,37.7188
2019-05-19 19-43-12,366,13.7146,37.6627
2019-05-19 19-43-14,368,13.7115,37.62
2019-05-19 19-43-16,369,13.797,37.5906
2019-05-19 19-43-18,370,13.797,37.5906
2019-05-19 19-43-20,371,13.8306,37.5345
2019-05-19 19-43-24,371,13.884,37.4918
2019-05-19 19-43-26,371,13.916,37.4758
2019-05-19 19-43-28,370,13.9847,37.4491
2019-05-19 19-43-30,369,14.0915,37.4063
2019-05-19 19-43-32,368,14.09,37.3796
2019-05-19 19-43-34,370,14.0717,37.3503
2019-05-19 19-43-36,369,14.122,37.3236
2019-05-19 19-43-38,369,14.1037,37.3075
2019-05-19 19-43-42,367,14.1373,37.2942
2019-05-19 19-43-44,366,14.0823,37.2808
2019-05-19 19-43-46,366,14.1724,37.2515
2019-05-19 19-43-48,366,14.2059,37.2248
2019-05-19 19-43-50,365,14.2227,37.2087
2019-05-19 19-43-52,365,14.238,37.2381
2019-05-19 19-43-54,365,14.2929,37.1954
2019-05-19 19-43-58,364,14.328,37.2248
2019-05-19 19-44-00,363,14.3112,37.1954
2019-05-19 19-44-02,362,14.2731,37.2087
2019-05-19 19-44-04,361,14.3295,37.1954
2019-05-19 19-44-06,360,14.238,37.2087
2019-05-19 19-44-08,359,14.2746,37.2087
2019-05-19 19-44-10,359,14.2227,37.2087
2019-05-19 19-44-12,359,14.2914,37.1954
2019-05-19 19-44-16,360,14.238,37.2087
2019-05-19 19-44-18,359,14.3646,37.1954
2019-05-19 19-44-20,359,14.3646,37.2087
2019-05-19 19-44-22,358,14.3982,37.1687
2019-05-19 19-44-24,358,14.4531,37.1954
2019-05-19 19-44-26,358,14.3646,37.1954
2019-05-19 19-44-28,357,14.2563,37.2087
2019-05-19 19-44-30,356,14.2044,37.2087
2019-05-19 19-44-34,356,14.2746,37.2381
2019-05-19 19-44-37,355,14.2593,37.2808
2019-05-19 19-44-39,354,14.209,37.3236
2019-05-19 19-44-41,354,14.1586,37.2808
2019-05-19 19-44-43,355,14.0823,37.2515
2019-05-19 19-44-45,356,14.064,37.1954
2019-05-19 19-44-47,358,14.151,37.1527
2019-05-19 19-44-49,359,14.183,37.0832
2019-05-19 19-44-53,358,14.2685,37.0378
2019-05-19 19-44-55,359,14.2471,37.0245
2019-05-19 19-44-57,359,14.3372,37.0111
2019-05-19 19-44-59,358,14.4073,36.9978
2019-05-19 19-45-01,358,14.4608,36.9684
2019-05-19 19-45-03,358,14.476,36.9684
2019-05-19 19-45-05,358,14.476,36.9551
2019-05-19 19-45-07,358,14.4943,36.9257
2019-05-19 19-45-11,358,14.5447,36.9551
2019-05-19 19-45-13,358,14.5477,36.9978
2019-05-19 19-45-15,357,14.4974,37.0699
2019-05-19 19-45-17,356,14.4836,37.126
2019-05-19 19-45-19,355,14.3433,37.1126
2019-05-19 19-45-21,356,14.325,37.0966
2019-05-19 19-45-23,357,14.36,37.0539
2019-05-19 19-45-27,359,14.3387,37.0378
2019-05-19 19-45-29,359,14.2471,37.0111
2019-05-19 19-45-31,360,14.2639,36.9551
2019-05-19 19-45-33,361,14.3509,36.9684
2019-05-19 19-45-35,360,14.3692,36.9684
2019-05-19 19-45-37,359,14.5294,37.0245
2019-05-19 19-45-39,358,14.4241,37.0245
2019-05-19 19-45-41,359,14.4806,37.0245
2019-05-19 19-45-45,358,14.389,37.0245
2019-05-19 19-45-47,359,14.3204,37.0539
2019-05-19 19-45-49,361,14.3204,37.0832
2019-05-19 19-45-51,361,14.2838,37.0832
2019-05-19 19-45-53,361,14.3234,37.1393
2019-05-19 19-45-55,361,14.3433,37.1126
2019-05-19 19-45-57,361,14.27,37.0966
2019-05-19 19-45-59,362,14.3234,37.0966
2019-05-19 19-46-03,362,14.3936,37.1126
2019-05-19 19-46-05,362,14.3936,37.1126
2019-05-19 19-46-07,362,14.3936,37.1687
2019-05-19 19-46-09,361,14.2883,37.182
2019-05-19 19-46-11,361,14.2548,37.1954
2019-05-19 19-46-13,360,14.2197,37.2648
2019-05-19 19-46-15,360,14.1724,37.2808
2019-05-19 19-46-17,360,14.2426,37.3075
2019-05-19 19-46-21,361,14.1739,37.3236
2019-05-19 19-46-23,361,14.119,37.3369
2019-05-19 19-46-25,361,14.1037,37.3796
2019-05-19 19-46-27,361,14.1602,37.4063
2019-05-19 19-46-29,360,14.09,37.4491
2019-05-19 19-46-31,360,14.0915,37.4624
2019-05-19 19-46-33,360,14.1266,37.4758
2019-05-19 19-46-37,361,14.1281,37.5051
2019-05-19 19-46-39,361,14.0076,37.5212
2019-05-19 19-46-41,361,14.0076,37.5345
2019-05-19 19-46-43,361,14.0091,37.5051
2019-05-19 19-46-45,362,13.9343,37.4758
2019-05-19 19-46-47,363,13.9313,37.4758
2019-05-19 19-46-49,363,13.9847,37.4624
2019-05-19 19-46-51,363,13.9847,37.4357
2019-05-19 19-46-55,364,13.9816,37.4491
2019-05-19 19-46-57,363,14.0396,37.4197
2019-05-19 19-46-59,363,14.1083,37.4197
2019-05-19 19-47-01,363,14.0366,37.393
2019-05-19 19-47-03,362,14.0182,37.4197
2019-05-19 19-47-05,363,14.0366,37.4624
2019-05-19 19-47-07,362,14.0228,37.5051
2019-05-19 19-47-09,360,13.8992,37.5051
2019-05-19 19-47-13,360,13.9862,37.5505
2019-05-19 19-47-15,361,13.8672,37.5639
2019-05-19 19-47-17,361,13.9023,37.5906
2019-05-19 19-47-19,361,13.7787,37.6627
2019-05-19 19-47-21,360,13.7985,37.6467
2019-05-19 19-47-23,359,13.765,37.7321
2019-05-19 19-47-25,359,13.7329,37.7188
2019-05-19 19-47-27,359,13.6978,37.7188
2019-05-19 19-47-31,361,13.678,37.7455
2019-05-19 19-47-33,362,13.6978,37.7615
2019-05-19 19-47-35,364,13.6795,37.7188
2019-05-19 19-47-37,366,13.7329,37.7615
2019-05-19 19-47-39,359,13.7009,37.7615
2019-05-19 19-47-41,357,13.7161,37.7321
2019-05-19 19-47-43,375,13.7329,37.6894
2019-05-19 19-47-45,379,13.765,37.676
2019-05-19 19-47-49,375,13.8351,37.6333
2019-05-19 19-47-51,375,13.7985,37.6333
2019-05-19 19-47-53,373,13.8336,37.6066
2019-05-19 19-47-55,369,13.8519,37.5639
2019-05-19 19-47-57,370,13.8672,37.5212
2019-05-19 19-47-59,369,13.9175,37.4918
2019-05-19 19-48-01,366,13.9862,37.4918
2019-05-19 19-48-05,362,14.0228,37.4918
2019-05-19 19-48-07,359,14.0411,37.4918
2019-05-19 19-48-09,360,14.0762,37.4491
2019-05-19 19-48-11,357,14.1449,37.4624
2019-05-19 19-48-13,356,14.1098,37.4491
2019-05-19 19-48-15,356,14.1266,37.4357
2019-05-19 19-48-17,354,14.1998,37.393
2019-05-19 19-48-19,354,14.1785,37.3796
2019-05-19 19-48-23,354,14.1953,37.3236
2019-05-19 19-48-25,355,14.2273,37.2808
2019-05-19 19-48-27,354,14.209,37.2381
2019-05-19 19-48-29,356,14.241,37.2087
2019-05-19 19-48-31,354,14.2563,37.182
2019-05-19 19-48-33,353,14.2044,37.2248
2019-05-19 19-48-35,351,14.1876,37.2808
2019-05-19 19-48-37,346,14.1907,37.3075
2019-05-19 19-48-41,351,14.1739,37.3075
2019-05-19 19-48-43,353,14.1006,37.2942
2019-05-19 19-48-45,355,14.1006,37.2087
2019-05-19 19-48-47,362,14.1144,37.1393
2019-05-19 19-48-49,369,14.1281,37.0966
2019-05-19 19-48-51,372,14.1632,37.1126
2019-05-19 19-48-53,372,14.2181,37.0966
2019-05-19 19-48-55,365,14.2517,37.0832
2019-05-19 19-48-59,358,14.2334,37.0539
2019-05-19 19-49-01,356,14.1968,37.0378
2019-05-19 19-49-03,357,14.3204,37.0245
2019-05-19 19-49-05,354,14.2822,37.0245
2019-05-19 19-49-07,353,14.2471,37.0699
2019-05-19 19-49-09,349,14.2151,37.1393
2019-05-19 19-49-11,348,14.2365,37.2087
2019-05-19 19-49-13,347,14.151,37.2808
2019-05-19 19-49-17,346,14.1006,37.3369
2019-05-19 19-49-19,345,14.0686,37.4197
2019-05-19 19-49-21,340,14.0732,37.5051
2019-05-19 19-49-23,338,13.9343,37.6066
2019-05-19 19-49-25,339,13.8702,37.6333
2019-05-19 19-49-27,343,13.8336,37.676
2019-05-19 19-49-29,344,13.765,37.7455
2019-05-19 19-49-33,346,13.7695,37.8016
2019-05-19 19-49-35,345,13.7375,37.8443
2019-05-19 19-49-37,347,13.7207,37.9137
2019-05-19 19-49-39,350,13.6871,37.9137
2019-05-19 19-49-41,352,13.6337,37.9698
2019-05-19 19-49-44,353,13.5834,38.0285
2019-05-19 19-49-46,355,13.588,38.0446
2019-05-19 19-49-48,358,13.4964,38.114
2019-05-19 19-49-52,359,13.501,38.1434
2019-05-19 19-49-54,360,13.4506,38.1434
2019-05-19 19-49-56,362,13.4857,38.1434
2019-05-19 19-49-58,366,13.5193,38.1434
2019-05-19 19-50-00,369,13.4323,38.114
2019-05-19 19-50-02,376,13.4308,38.0285
2019-05-19 19-50-04,394,13.4628,37.9564
2019-05-19 19-50-06,408,13.5834,37.9297
2019-05-19 19-50-10,393,13.5651,37.887
2019-05-19 19-50-12,384,13.6322,37.8309
2019-05-19 19-50-14,385,13.6139,37.8443
2019-05-19 19-50-16,378,13.6475,37.8309
2019-05-19 19-50-18,371,13.6475,37.8309
2019-05-19 19-50-20,371,13.7024,37.8737
2019-05-19 19-50-22,365,13.6505,37.887
2019-05-19 19-50-24,364,13.6505,37.887
2019-05-19 19-50-28,362,13.6154,37.887
2019-05-19 19-50-30,359,13.5971,37.9297
2019-05-19 19-50-32,352,13.6185,37.9564
2019-05-19 19-50-34,354,13.5651,37.9431
2019-05-19 19-50-36,356,13.5834,37.9431
2019-05-19 19-50-38,357,13.6002,37.9431
2019-05-19 19-50-40,356,13.5452,37.9137
2019-05-19 19-50-42,357,13.5818,37.9297
2019-05-19 19-50-46,359,13.6002,37.887
2019-05-19 19-50-48,360,13.6154,37.8443
2019-05-19 19-50-50,359,13.6322,37.8443
2019-05-19 19-50-52,358,13.7024,37.8016
2019-05-19 19-50-54,358,13.7192,37.7749
2019-05-19 19-50-56,359,13.7344,37.7321
2019-05-19 19-50-58,358,13.7329,37.7188
2019-05-19 19-51-00,357,13.8382,37.676
2019-05-19 19-51-04,357,13.9252,37.6467
2019-05-19 19-51-06,357,13.8885,37.62
2019-05-19 19-51-08,356,13.9404,37.5505
2019-05-19 19-51-10,356,14.0259,37.5345
2019-05-19 19-51-12,356,14.0442,37.5212
2019-05-19 19-51-14,356,14.0259,37.4918
2019-05-19 19-51-16,355,14.0411,37.4918
2019-05-19 19-51-18,355,14.0228,37.4918
2019-05-19 19-51-22,355,14.1281,37.4624
2019-05-19 19-51-24,354,14.0396,37.4491
2019-05-19 19-51-26,355,14.0732,37.4197
2019-05-19 19-51-28,354,14.0366,37.4491
2019-05-19 19-51-30,355,14.0732,37.4491
2019-05-19 19-51-32,355,14.0915,37.4197
2019-05-19 19-51-34,356,14.1418,37.4063
2019-05-19 19-51-36,356,14.1632,37.3796
2019-05-19 19-51-40,354,14.1052,37.3503
2019-05-19 19-51-42,354,14.1769,37.3075
2019-05-19 19-51-44,355,14.1556,37.2808
2019-05-19 19-51-46,353,14.2426,37.3075
2019-05-19 19-51-48,353,14.2609,37.2648
2019-05-19 19-51-50,352,14.2242,37.2515
2019-05-19 19-51-52,351,14.1541,37.1954
2019-05-19 19-51-54,352,14.3112,37.1687
2019-05-19 19-51-58,351,14.238,37.1393
2019-05-19 19-52-00,351,14.3097,37.126
2019-05-19 19-52-02,351,14.2868,37.0966
2019-05-19 19-52-04,351,14.4104,37.126
2019-05-19 19-52-06,350,14.4119,37.126
2019-05-19 19-52-08,349,14.4302,37.1393
2019-05-19 19-52-10,349,14.325,37.182
2019-05-19 19-52-14,349,14.2731,37.1954
2019-05-19 19-52-16,349,14.328,37.182
2019-05-19 19-52-18,349,14.2548,37.2087
2019-05-19 19-52-20,349,14.238,37.2248
2019-05-19 19-52-22,349,14.2227,37.1687
2019-05-19 19-52-24,350,14.2731,37.1393
2019-05-19 19-52-26,349,14.3097,37.126
2019-05-19 19-52-28,350,14.3936,37.0699
2019-05-19 19-52-32,350,14.4104,37.0539
2019-05-19 19-52-34,351,14.4073,36.9818
2019-05-19 19-52-36,351,14.4943,37.0245
2019-05-19 19-52-38,351,14.5157,37.0699
2019-05-19 19-52-40,351,14.5172,37.0699
2019-05-19 19-52-42,352,14.4653,37.0699
2019-05-19 19-52-44,352,14.4989,37.0378
2019-05-19 19-52-46,352,14.5493,37.0245
2019-05-19 19-52-50,352,14.4806,36.9978
2019-05-19 19-52-52,352,14.4791,36.9978
2019-05-19 19-52-54,352,14.4791,37.0245
2019-05-19 19-52-56,352,14.4806,37.0539
2019-05-19 19-52-58,352,14.4989,37.0111
2019-05-19 19-53-00,352,14.566,37.0245
2019-05-19 19-53-02,353,14.5493,36.9818
2019-05-19 19-53-04,353,14.566,36.9818
2019-05-19 19-53-08,353,14.566,36.9551
2019-05-19 19-53-10,353,14.5477,36.9818
2019-05-19 19-53-12,353,14.566,36.9551
2019-05-19 19-53-14,353,14.5111,36.939
2019-05-19 19-53-16,353,14.5996,36.939
2019-05-19 19-53-18,354,14.5996,36.9257
2019-05-19 19-53-20,354,14.6179,36.9551
2019-05-19 19-53-22,353,14.4943,36.9818
2019-05-19 19-53-26,354,14.566,36.9684
2019-05-19 19-53-28,353,14.5477,37.0111
2019-05-19 19-53-30,353,14.5309,37.0378
2019-05-19 19-53-32,353,14.447,37.0111
2019-05-19 19-53-34,354,14.3707,37.0699
2019-05-19 19-53-36,353,14.3753,37.1126
2019-05-19 19-53-38,353,14.3936,37.1527
2019-05-19 19-53-40,353,14.328,37.182
2019-05-19 19-53-44,353,14.328,37.2248
2019-05-19 19-53-46,353,14.241,37.2648
2019-05-19 19-53-48,353,14.2593,37.2808
2019-05-19 19-53-50,353,14.1907,37.2515
2019-05-19 19-53-52,354,14.1876,37.2248
2019-05-19 19-53-54,356,14.1541,37.2381
2019-05-19 19-53-56,357,14.1876,37.2381
2019-05-19 19-54-00,357,14.2227,37.2648
2019-05-19 19-54-02,357,14.1556,37.2648
2019-05-19 19-54-04,357,14.1907,37.2648
2019-05-19 19-54-06,357,14.2059,37.2942
2019-05-19 19-54-08,358,14.1739,37.2942
2019-05-19 19-54-10,359,14.1556,37.3075
2019-05-19 19-54-12,360,14.1373,37.2808
2019-05-19 19-54-14,360,14.1357,37.2808
2019-05-19 19-54-18,361,14.1724,37.2808
2019-05-19 19-54-20,361,14.1724,37.2942
2019-05-19 19-54-22,360,14.1907,37.2942
2019-05-19 19-54-24,360,14.1907,37.3369
2019-05-19 19-54-27,360,14.1769,37.393
2019-05-19 19-54-29,360,14.1052,37.393
2019-05-19 19-54-31,360,14.0717,37.4197
2019-05-19 19-54-33,360,14.0366,37.4491
2019-05-19 19-54-37,360,14.0915,37.4624
2019-05-19 19-54-39,361,14.0579,37.4491
2019-05-19 19-54-41,361,14.0579,37.4758
2019-05-19 19-54-43,361,13.9847,37.4918
2019-05-19 19-54-45,361,14.0579,37.4918
2019-05-19 19-54-47,363,14.0228,37.5051
2019-05-19 19-54-49,363,14.0259,37.5051
2019-05-19 19-54-51,364,14.0411,37.5212
2019-05-19 19-54-55,364,14.0259,37.5051
2019-05-19 19-54-57,365,14.0259,37.5212
2019-05-19 19-54-59,365,14.0076,37.4624
2019-05-19 19-55-01,366,13.9664,37.4918
2019-05-19 19-55-03,366,13.9679,37.4063
2019-05-19 19-55-05,368,14.0182,37.3796
2019-05-19 19-55-07,368,14.0717,37.3796
2019-05-19 19-55-09,367,14.0182,37.3796
2019-05-19 19-55-13,367,14.0869,37.4063
2019-05-19 19-55-15,366,14.1052,37.3636
2019-05-19 19-55-17,366,14.0533,37.4197
2019-05-19 19-55-19,366,14.1235,37.3503
2019-05-19 19-55-21,366,14.122,37.3369
2019-05-19 19-55-23,367,14.1037,37.3236
2019-05-19 19-55-25,367,14.1586,37.3075
2019-05-19 19-55-27,366,14.1739,37.3236
2019-05-19 19-55-31,366,14.1739,37.3236
2019-05-19 19-55-33,366,14.1922,37.3236
2019-05-19 19-55-35,365,14.1586,37.3236
2019-05-19 19-55-37,365,14.2105,37.2942
2019-05-19 19-55-39,365,14.2426,37.2648
2019-05-19 19-55-41,365,14.3143,37.2648
2019-05-19 19-55-43,366,14.2593,37.2248
2019-05-19 19-55-45,366,14.3478,37.2515
2019-05-19 19-55-49,366,14.2776,37.2515
2019-05-19 19-55-51,366,14.2593,37.2942
2019-05-19 19-55-53,366,14.209,37.2648
2019-05-19 19-55-55,366,14.2059,37.2648
2019-05-19 19-55-57,365,14.2593,37.2381
2019-05-19 19-55-59,365,14.2227,37.1954
2019-05-19 19-56-01,366,14.328,37.1687
2019-05-19 19-56-03,366,14.2883,37.1393
2019-05-19 19-56-07,366,14.3784,37.0966
2019-05-19 19-56-09,366,14.4287,37.1126
2019-05-19 19-56-11,367,14.4119,37.1126
2019-05-19 19-56-13,367,14.3417,37.1687
2019-05-19 19-56-15,367,14.3616,37.1954
2019-05-19 19-56-17,366,14.2914,37.2248
2019-05-19 19-56-19,365,14.3112,37.2648
2019-05-19 19-56-21,365,14.2593,37.2942
2019-05-19 19-56-25,365,14.3158,37.2942
2019-05-19 19-56-27,365,14.2792,37.3075
2019-05-19 19-56-29,365,14.2792,37.2942
2019-05-19 19-56-31,365,14.3341,37.2808
2019-05-19 19-56-33,366,14.3692,37.2648
2019-05-19 19-56-35,366,14.2593,37.2381
2019-05-19 19-56-37,366,14.2929,37.2381
2019-05-19 19-56-39,366,14.2227,37.2515
2019-05-19 19-56-43,366,14.2242,37.2808
2019-05-19 19-56-45,366,14.296,37.2515
2019-05-19 19-56-47,367,14.2242,37.2648
2019-05-19 19-56-49,367,14.2242,37.2515
2019-05-19 19-56-51,367,14.2059,37.2381
2019-05-19 19-56-53,367,14.2593,37.2381
2019-05-19 19-56-55,367,14.2227,37.2087
2019-05-19 19-56-59,366,14.2746,37.2087
2019-05-19 19-57-01,367,14.2914,37.182
2019-05-19 19-57-03,367,14.328,37.1527
2019-05-19 19-57-05,367,14.4302,37.1687
2019-05-19 19-57-07,367,14.4333,37.1687
2019-05-19 19-57-09,366,14.4333,37.182
2019-05-19 19-57-11,366,14.4333,37.1687
2019-05-19 19-57-13,365,14.4531,37.2087
2019-05-19 19-57-17,366,14.3112,37.2087
2019-05-19 19-57-19,366,14.4165,37.2087
2019-05-19 19-57-21,366,14.3112,37.1954
2019-05-19 19-57-23,366,14.3463,37.2381
2019-05-19 19-57-25,366,14.2929,37.2381
2019-05-19 19-57-27,366,14.2746,37.2808
2019-05-19 19-57-29,365,14.296,37.2648
2019-05-19 19-57-31,366,14.2593,37.3236
2019-05-19 19-57-35,365,14.2105,37.3369
2019-05-19 19-57-37,365,14.2288,37.3636
2019-05-19 19-57-39,364,14.1769,37.3796
2019-05-19 19-57-41,364,14.1403,37.4197
2019-05-19 19-57-43,365,14.1968,37.4063
2019-05-19 19-57-45,366,14.1418,37.3796
2019-05-19 19-57-47,367,14.1403,37.393
2019-05-19 19-57-49,367,14.09,37.3796
2019-05-19 19-57-55,367,14.1403,37.4357
2019-05-19 19-57-57,367,14.1418,37.4197
2019-05-19 19-57-59,367,14.09,37.393
2019-05-19 19-58-01,367,14.0366,37.4063
2019-05-19 19-58-03,368,14.0717,37.3503
2019-05-19 19-58-05,369,14.1403,37.3503
2019-05-19 19-58-07,369,14.122,37.3236
2019-05-19 19-58-11,370,14.119,37.2942
2019-05-19 19-58-13,370,14.1907,37.2515
2019-05-19 19-58-15,370,14.1876,37.2648
2019-05-19 19-58-17,369,14.2426,37.2648
2019-05-19 19-58-19,369,14.1724,37.2942
2019-05-19 19-58-21,369,14.209,37.2942
2019-05-19 19-58-23,368,14.209,37.3369
2019-05-19 19-58-25,368,14.2639,37.3369
2019-05-19 19-58-29,368,14.1769,37.3369
2019-05-19 19-58-31,368,14.1373,37.3503
2019-05-19 19-58-33,368,14.1586,37.3503
2019-05-19 19-58-35,368,14.1586,37.3075
2019-05-19 19-58-37,368,14.2273,37.2942
2019-05-19 19-58-39,368,14.1556,37.2648
2019-05-19 19-58-41,368,14.2426,37.2248
2019-05-19 19-58-43,368,14.2227,37.2087
2019-05-19 19-58-47,369,14.3646,37.182
2019-05-19 19-58-49,368,14.328,37.1527
2019-05-19 19-58-51,368,14.3433,37.126
2019-05-19 19-58-53,368,14.4119,37.0966
2019-05-19 19-58-55,367,14.4287,37.0966
2019-05-19 19-58-57,367,14.3936,37.0832
2019-05-19 19-58-59,367,14.4836,37.0539
2019-05-19 19-59-01,367,14.4806,37.0378
2019-05-19 19-59-05,366,14.4989,37.0378
2019-05-19 19-59-07,366,14.4989,37.0245
2019-05-19 19-59-09,366,14.5309,37.0245
2019-05-19 19-59-11,367,14.5157,37.0111
2019-05-19 19-59-13,366,14.5493,36.9818
2019-05-19 19-59-15,366,14.5126,36.9818
2019-05-19 19-59-17,366,14.5477,36.9684
2019-05-19 19-59-21,366,14.621,36.9684
2019-05-19 19-59-23,366,14.563,36.9684
2019-05-19 19-59-25,365,14.5126,36.9551
2019-05-19 19-59-27,365,14.5813,36.9551
2019-05-19 19-59-29,365,14.6545,36.9684
2019-05-19 19-59-32,364,14.6027,36.9684
2019-05-19 19-59-34,364,14.5813,37.0699
2019-05-19 19-59-36,364,14.534,37.0832
2019-05-19 19-59-40,364,14.4104,37.126
2019-05-19 19-59-42,363,14.4119,37.1687
2019-05-19 19-59-44,364,14.4333,37.1954
2019-05-19 19-59-46,364,14.3463,37.2087
2019-05-19 19-59-48,364,14.2914,37.1687
2019-05-19 19-59-50,364,14.2731,37.2087
2019-05-19 19-59-52,364,14.238,37.1687
2019-05-19 19-59-54,364,14.2731,37.1687
2019-05-19 19-59-58,364,14.2197,37.126
2019-05-19 20-00-00,364,14.3066,37.1126
2019-05-19 20-00-02,365,14.325,37.126
2019-05-19 20-00-04,365,14.27,37.126
2019-05-19 20-00-06,365,14.2868,37.1393
2019-05-19 20-00-08,365,14.325,37.1393
2019-05-19 20-00-10,366,14.325,37.126
2019-05-19 20-00-12,366,14.3433,37.126
2019-05-19 20-00-16,366,14.3066,37.0966
2019-05-19 20-00-18,366,14.3234,37.0378
2019-05-19 20-00-20,366,14.4073,37.0111
2019-05-19 20-00-22,367,14.444,36.9978
2019-05-19 20-00-24,366,14.4974,37.0245
2019-05-19 20-00-26,365,14.5493,37.0111
2019-05-19 20-00-28,365,14.4791,36.9978
2019-05-19 20-00-30,366,14.566,36.9978
2019-05-19 20-00-34,366,14.5309,36.9551
2019-05-19 20-00-36,366,14.6027,36.9257
2019-05-19 20-00-38,366,14.5264,36.9123
2019-05-19 20-00-40,367,14.5264,36.8696
2019-05-19 20-00-42,367,14.5432,36.883
2019-05-19 20-00-44,366,14.5981,36.939
2019-05-19 20-00-46,365,14.4928,36.9978
2019-05-19 20-00-48,364,14.4791,37.0378
2019-05-19 20-00-52,363,14.4073,37.1126
2019-05-19 20-00-54,363,14.36,37.1393
2019-05-19 20-00-56,363,14.36,37.182
2019-05-19 20-00-58,361,14.2914,37.2381
2019-05-19 20-01-00,361,14.2227,37.2515
2019-05-19 20-01-02,361,14.1876,37.2942
2019-05-19 20-01-04,363,14.2426,37.2808
2019-05-19 20-01-08,363,14.1724,37.3075
2019-05-19 20-01-10,363,14.1739,37.3503
2019-05-19 20-01-12,363,14.1586,37.3369
2019-05-19 20-01-14,363,14.1586,37.3369
2019-05-19 20-01-16,363,14.1769,37.3236
2019-05-19 20-01-18,364,14.1739,37.3369
2019-05-19 20-01-20,365,14.1769,37.3369
2019-05-19 20-01-22,365,14.1373,37.3075
2019-05-19 20-01-26,366,14.1739,37.2942
2019-05-19 20-01-28,366,14.1357,37.2515
2019-05-19 20-01-30,366,14.1724,37.2248
2019-05-19 20-01-32,366,14.2227,37.1954
2019-05-19 20-01-34,365,14.2197,37.182
2019-05-19 20-01-36,365,14.2044,37.182
2019-05-19 20-01-38,364,14.2548,37.1527
2019-05-19 20-01-40,364,14.2883,37.1126
2019-05-19 20-01-44,364,14.325,37.0966
2019-05-19 20-01-46,365,14.3417,37.0539
2019-05-19 20-01-48,365,14.3738,37.0111
2019-05-19 20-01-50,364,14.3555,36.9684
2019-05-19 20-01-52,364,14.4058,36.9551
2019-05-19 20-01-54,364,14.4577,36.9551
2019-05-19 20-01-56,363,14.4943,36.9684
2019-05-19 20-01-58,362,14.5126,36.9684
2019-05-19 20-02-02,362,14.4608,36.9684
2019-05-19 20-02-04,362,14.5126,36.9818
2019-05-19 20-02-06,361,14.4943,36.9551
2019-05-19 20-02-08,362,14.4577,36.9551
2019-05-19 20-02-10,361,14.5477,36.9818
2019-05-19 20-02-12,361,14.4943,36.9551
2019-05-19 20-02-14,361,14.476,36.9818
2019-05-19 20-02-16,361,14.5294,36.9818
2019-05-19 20-02-20,361,14.5126,36.9978
2019-05-19 20-02-22,361,14.5309,37.0245
2019-05-19 20-02-24,360,14.5157,37.0832
2019-05-19 20-02-26,359,14.4287,37.1126
2019-05-19 20-02-28,358,14.4485,37.0966
2019-05-19 20-02-30,358,14.3753,37.1393
2019-05-19 20-02-32,359,14.325,37.1687
2019-05-19 20-02-36,359,14.3463,37.1527
2019-05-19 20-02-38,359,14.3097,37.1687
2019-05-19 20-02-40,359,14.328,37.1954
2019-05-19 20-02-42,359,14.3463,37.2381
2019-05-19 20-02-44,359,14.2746,37.2515
2019-05-19 20-02-46,359,14.2059,37.2942
2019-05-19 20-02-48,359,14.2273,37.3236
2019-05-19 20-02-50,359,14.2639,37.3075
2019-05-19 20-02-54,360,14.1739,37.3075
2019-05-19 20-02-56,360,14.2456,37.3075
2019-05-19 20-02-58,361,14.1739,37.2942
2019-05-19 20-03-00,361,14.2426,37.1954
2019-05-19 20-03-02,362,14.238,37.1954
2019-05-19 20-03-04,362,14.3463,37.182
2019-05-19 20-03-06,362,14.3463,37.1527
2019-05-19 20-03-08,362,14.3097,37.182
2019-05-19 20-03-12,361,14.3112,37.1687
2019-05-19 20-03-14,361,14.2731,37.1687
2019-05-19 20-03-16,360,14.2883,37.1954
2019-05-19 20-03-18,360,14.2731,37.2381
2019-05-19 20-03-20,360,14.241,37.2515
2019-05-19 20-03-22,360,14.2242,37.2381
2019-05-19 20-03-24,361,14.1876,37.2808
2019-05-19 20-03-26,361,14.1724,37.2808
2019-05-19 20-03-30,360,14.2776,37.3236
2019-05-19 20-03-32,360,14.2273,37.2942
2019-05-19 20-03-34,360,14.296,37.2515
2019-05-19 20-03-36,361,14.2242,37.2248
2019-05-19 20-03-38,361,14.1327,37.2248
2019-05-19 20-03-40,362,14.1541,37.2087
2019-05-19 20-03-42,362,14.2227,37.2381
2019-05-19 20-03-44,362,14.2929,37.2381
2019-05-19 20-03-48,362,14.3143,37.2381
2019-05-19 20-03-50,362,14.2593,37.2381
2019-05-19 20-03-52,362,14.3478,37.2248
2019-05-19 20-03-54,362,14.2929,37.1954
2019-05-19 20-03-56,362,14.2914,37.2087
2019-05-19 20-03-58,362,14.3295,37.1954
2019-05-19 20-04-00,362,14.3463,37.2087
2019-05-19 20-04-02,362,14.2914,37.2087
2019-05-19 20-04-06,362,14.2914,37.182
2019-05-19 20-04-08,362,14.2731,37.182
2019-05-19 20-04-10,362,14.3112,37.1687
2019-05-19 20-04-12,363,14.2731,37.1393
2019-05-19 20-04-14,363,14.3097,37.0966
2019-05-19 20-04-16,363,14.3234,37.126
2019-05-19 20-04-18,363,14.3066,37.1126
2019-05-19 20-04-22,363,14.2868,37.0966
2019-05-19 20-04-24,363,14.2685,37.0966
2019-05-19 20-04-26,362,14.4287,37.0966
2019-05-19 20-04-28,362,14.5172,37.0832
2019-05-19 20-04-30,362,14.4989,37.0378
2019-05-19 20-04-32,362,14.534,37.0378
2019-05-19 20-04-34,362,14.4257,37.0111
2019-05-19 20-04-37,362,14.4791,36.939
2019-05-19 20-04-41,362,14.4928,36.939
2019-05-19 20-04-43,361,14.5294,36.899
2019-05-19 20-04-45,361,14.5615,36.899
2019-05-19 20-04-47,361,14.5981,36.883
2019-05-19 20-04-49,360,14.65,36.8563
2019-05-19 20-04-51,360,14.6851,36.8269
2019-05-19 20-04-53,360,14.6484,36.8429
2019-05-19 20-04-55,360,14.6301,36.8002
2019-05-19 20-04-59,359,14.5569,36.8269
2019-05-19 20-05-01,359,14.5401,36.8269
2019-05-19 20-05-03,359,14.6133,36.8696
2019-05-19 20-05-05,359,14.5996,36.9123
2019-05-19 20-05-07,358,14.5447,36.9123
2019-05-19 20-05-09,358,14.5432,36.899
2019-05-19 20-05-11,358,14.5264,36.9257
2019-05-19 20-05-13,359,14.4394,36.939
2019-05-19 20-05-17,358,14.4608,36.9684
2019-05-19 20-05-19,358,14.4241,36.9978
2019-05-19 20-05-21,358,14.3921,37.0378
2019-05-19 20-05-23,358,14.3753,37.0832
2019-05-19 20-05-25,358,14.3784,37.1393
2019-05-19 20-05-27,358,14.27,37.1527
2019-05-19 20-05-29,359,14.238,37.1687
2019-05-19 20-05-31,359,14.2044,37.2087
2019-05-19 20-05-35,359,14.1327,37.2515
2019-05-19 20-05-37,360,14.1174,37.2808
2019-05-19 20-05-39,360,14.0488,37.3075
2019-05-19 20-05-41,360,14.0869,37.3636
2019-05-19 20-05-43,361,14.0533,37.3796
2019-05-19 20-05-45,361,14.0167,37.3503
2019-05-19 20-05-47,362,13.9801,37.3796
2019-05-19 20-05-49,363,13.945,37.3796
2019-05-19 20-05-53,365,13.9999,37.3796
2019-05-19 20-05-55,369,13.9984,37.3503
2019-05-19 20-05-57,367,14.0686,37.3636
2019-05-19 20-05-59,369,14.0167,37.3503
2019-05-19 20-06-01,370,14.0503,37.3503
2019-05-19 20-06-03,368,14.1037,37.3503
2019-05-19 20-06-05,369,14.035,37.3636
2019-05-19 20-06-07,364,14.122,37.3369
2019-05-19 20-06-11,363,14.1403,37.3503
2019-05-19 20-06-13,364,14.032,37.3369
2019-05-19 20-06-15,366,14.0167,37.3503
2019-05-19 20-06-17,367,14.035,37.3503
2019-05-19 20-06-19,365,14.0686,37.3503
2019-05-19 20-06-21,363,14.0671,37.3075
2019-05-19 20-06-23,364,14.0488,37.2942
2019-05-19 20-06-27,365,14.032,37.3236
2019-05-19 20-06-29,367,14.0991,37.2648
2019-05-19 20-06-31,366,14.1327,37.2381
2019-05-19 20-06-33,366,14.1876,37.2248
2019-05-19 20-06-35,364,14.1693,37.1954
2019-05-19 20-06-37,364,14.1861,37.182
2019-05-19 20-06-39,363,14.1861,37.1954
2019-05-19 20-06-41,363,14.2563,37.1954
2019-05-19 20-06-45,362,14.27,37.1527
2019-05-19 20-06-47,361,14.2883,37.1393
2019-05-19 20-06-49,363,14.325,37.126
2019-05-19 20-06-51,362,14.3051,37.0832
2019-05-19 20-06-53,363,14.3738,37.0378
2019-05-19 20-06-55,363,14.3707,37.0111
2019-05-19 20-06-57,362,14.4058,36.9818
2019-05-19 20-06-59,362,14.4608,36.9684
2019-05-19 20-07-03,362,14.4424,36.9551
2019-05-19 20-07-05,361,14.476,36.9684
2019-05-19 20-07-07,360,14.4791,36.9818
2019-05-19 20-07-09,359,14.4974,37.0111
2019-05-19 20-07-11,358,14.5309,37.0111
2019-05-19 20-07-13,358,14.4791,36.9978
2019-05-19 20-07-15,358,14.4806,37.0245
2019-05-19 20-07-17,357,14.4974,36.9978
2019-05-19 20-07-21,357,14.4943,36.9551
2019-05-19 20-07-23,357,14.4211,36.9551
2019-05-19 20-07-25,357,14.4424,36.9684
2019-05-19 20-07-27,357,14.4028,36.9551
2019-05-19 20-07-29,356,14.4073,37.0111
2019-05-19 20-07-31,356,14.3921,37.0378
2019-05-19 20-07-33,356,14.3204,37.0378
2019-05-19 20-07-35,356,14.325,37.126
2019-05-19 20-07-39,356,14.2868,37.0966
2019-05-19 20-07-41,356,14.27,37.126
2019-05-19 20-07-43,356,14.238,37.1687
2019-05-19 20-07-45,356,14.2227,37.2087
2019-05-19 20-07-47,355,14.1876,37.2248
2019-05-19 20-07-49,355,14.2059,37.2381
2019-05-19 20-07-51,355,14.2059,37.2381
2019-05-19 20-07-53,357,14.1876,37.2381
2019-05-19 20-07-57,356,14.2746,37.2248
2019-05-19 20-07-59,356,14.1724,37.2808
2019-05-19 20-08-01,356,14.1006,37.3075
2019-05-19 20-08-03,356,14.1037,37.3369
2019-05-19 20-08-05,356,14.0182,37.4063
2019-05-19 20-08-07,357,14.0366,37.4197
2019-05-19 20-08-09,357,14.09,37.4197
2019-05-19 20-08-11,356,14.0213,37.4491
2019-05-19 20-08-15,356,14.0915,37.4758
2019-05-19 20-08-17,357,14.0213,37.4491
2019-05-19 20-08-19,358,13.9816,37.4357
2019-05-19 20-08-21,358,14.0045,37.4491
2019-05-19 20-08-23,358,14.0228,37.4624
2019-05-19 20-08-25,357,14.0045,37.4758
2019-05-19 20-08-27,357,14.0259,37.5212
2019-05-19 20-08-29,356,13.9023,37.5772
2019-05-19 20-08-33,355,13.9404,37.62
2019-05-19 20-08-35,355,13.8351,37.676
2019-05-19 20-08-37,356,13.765,37.6627
2019-05-19 20-08-39,356,13.7482,37.6894
2019-05-19 20-08-41,356,13.7146,37.6894
2019-05-19 20-08-43,355,13.7833,37.7028
2019-05-19 20-08-45,356,13.7329,37.7321
2019-05-19 20-08-49,357,13.7665,37.7188
2019-05-19 20-08-51,357,13.8016,37.7028
2019-05-19 20-08-53,357,13.8199,37.7188
2019-05-19 20-08-55,357,13.8199,37.7321
2019-05-19 20-08-57,358,13.7695,37.7615
2019-05-19 20-08-59,358,13.8214,37.7615
2019-05-19 20-09-01,358,13.7711,37.7882
2019-05-19 20-09-03,359,13.7878,37.7615
2019-05-19 20-09-07,360,13.7512,37.7615
2019-05-19 20-09-09,360,13.7344,37.7615
2019-05-19 20-09-11,360,13.7344,37.7749
2019-05-19 20-09-13,360,13.7527,37.7882
2019-05-19 20-09-15,359,13.7161,37.7615
2019-05-19 20-09-17,359,13.7192,37.8176
2019-05-19 20-09-19,360,13.6826,37.8016
2019-05-19 20-09-21,360,13.7024,37.8309
2019-05-19 20-09-25,361,13.6826,37.8309
2019-05-19 20-09-27,361,13.6826,37.8309
2019-05-19 20-09-29,362,13.6841,37.8576
2019-05-19 20-09-31,363,13.6292,37.8309
2019-05-19 20-09-33,363,13.6658,37.8309
2019-05-19 20-09-35,364,13.7238,37.8737
2019-05-19 20-09-37,364,13.6475,37.8443
2019-05-19 20-09-40,363,13.6658,37.8443
2019-05-19 20-09-44,365,13.6658,37.8309
2019-05-19 20-09-46,367,13.6475,37.8176
2019-05-19 20-09-48,367,13.6826,37.8016
2019-05-19 20-09-50,365,13.7207,37.8309
2019-05-19 20-09-52,365,13.6475,37.8309
2019-05-19 20-09-54,365,13.6292,37.8176
2019-05-19 20-09-56,363,13.6658,37.8576
2019-05-19 20-09-58,363,13.6292,37.8309
2019-05-19 20-10-02,363,13.7375,37.8176
2019-05-19 20-10-04,362,13.6139,37.8443
2019-05-19 20-10-06,363,13.6658,37.8309
2019-05-19 20-10-08,363,13.6292,37.8176
2019-05-19 20-10-10,364,13.7146,37.7188
2019-05-19 20-10-12,364,13.7482,37.676
2019-05-19 20-10-14,364,13.8901,37.676
2019-05-19 20-10-16,364,13.8351,37.6894
2019-05-19 20-10-20,364,13.8351,37.7028
2019-05-19 20-10-22,363,13.7665,37.7188
2019-05-19 20-10-24,362,13.8214,37.7455
2019-05-19 20-10-26,363,13.8199,37.7321
2019-05-19 20-10-28,364,13.8199,37.7321
2019-05-19 20-10-30,364,13.7329,37.7455
2019-05-19 20-10-32,364,13.7329,37.7321
2019-05-19 20-10-34,363,13.7344,37.7749
2019-05-19 20-10-38,363,13.7161,37.7749
2019-05-19 20-10-40,363,13.7009,37.7882
2019-05-19 20-10-42,363,13.6612,37.7615
2019-05-19 20-10-44,364,13.6276,37.7615
2019-05-19 20-10-46,362,13.6459,37.7749
2019-05-19 20-10-48,362,13.7192,37.7882
2019-05-19 20-10-50,362,13.7192,37.8176
2019-05-19 20-10-52,361,13.6642,37.8176
2019-05-19 20-10-56,361,13.6826,37.8309
2019-05-19 20-10-58,359,13.6505,37.8737
2019-05-19 20-11-00,359,13.6658,37.8737
2019-05-19 20-11-02,359,13.6505,37.887
2019-05-19 20-11-04,359,13.5818,37.9004
2019-05-19 20-11-06,360,13.5818,37.887
2019-05-19 20-11-08,360,13.6688,37.9137
2019-05-19 20-11-10,360,13.6368,37.9431
2019-05-19 20-11-14,360,13.5468,37.9564
2019-05-19 20-11-16,360,13.5834,37.9564
2019-05-19 20-11-18,360,13.6185,37.9297
2019-05-19 20-11-20,360,13.6337,37.9297
2019-05-19 20-11-22,360,13.6368,37.9431
2019-05-19 20-11-24,360,13.6887,37.9431
2019-05-19 20-11-26,360,13.6002,37.9431
2019-05-19 20-11-30,361,13.6337,37.9137
2019-05-19 20-11-32,360,13.6505,37.9004
2019-05-19 20-11-34,360,13.6505,37.9004
2019-05-19 20-11-36,361,13.652,37.9137
2019-05-19 20-11-38,361,13.6154,37.9137
2019-05-19 20-11-40,361,13.6505,37.9004
2019-05-19 20-11-42,361,13.6459,37.7882
2019-05-19 20-11-44,361,13.7161,37.7455
2019-05-19 20-11-48,362,13.7115,37.6627
2019-05-19 20-11-50,362,13.7802,37.6333
2019-05-19 20-11-52,362,13.7756,37.5639
2019-05-19 20-11-54,362,13.9343,37.5212
2019-05-19 20-11-56,361,13.884,37.5345
2019-05-19 20-11-58,360,13.8809,37.5051
2019-05-19 20-12-00,360,13.9313,37.4357
2019-05-19 20-12-02,360,14.0732,37.4197
2019-05-19 20-12-06,359,13.9999,37.3636
2019-05-19 20-12-08,358,14.0671,37.3236
2019-05-19 20-12-10,358,14.0671,37.2942
2019-05-19 20-12-12,358,14.1357,37.2942
2019-05-19 20-12-14,358,14.064,37.2381
2019-05-19 20-12-16,358,14.1693,37.2248
2019-05-19 20-12-18,357,14.1541,37.2248
2019-05-19 20-12-20,356,14.1876,37.2515
2019-05-19 20-12-24,356,14.1327,37.2381
2019-05-19 20-12-26,356,14.1357,37.2648
2019-05-19 20-12-28,356,14.1739,37.2942
2019-05-19 20-12-30,356,14.119,37.2942
2019-05-19 20-12-32,355,14.1907,37.2648
2019-05-19 20-12-34,355,14.1327,37.2515
2019-05-19 20-12-36,355,14.2563,37.2087
2019-05-19 20-12-38,355,14.2197,37.1687
2019-05-19 20-12-42,355,14.2548,37.182
2019-05-19 20-12-44,355,14.27,37.1527
2019-05-19 20-12-46,355,14.3417,37.0966
2019-05-19 20-12-48,355,14.3234,37.0832
2019-05-19 20-12-50,356,14.3204,37.0539
2019-05-19 20-12-52,355,14.3051,37.0539
2019-05-19 20-12-54,355,14.3387,37.0539
2019-05-19 20-12-56,355,14.3524,36.9978
2019-05-19 20-13-00,354,14.3707,37.0111
2019-05-19 20-13-02,354,14.4073,37.0245
2019-05-19 20-13-04,354,14.3387,37.0378
2019-05-19 20-13-06,354,14.4058,36.9978
2019-05-19 20-13-08,354,14.3372,37.0245
2019-05-19 20-13-10,354,14.3921,37.0378
2019-05-19 20-13-12,353,14.3372,37.0111
2019-05-19 20-13-14,353,14.3341,36.9818
2019-05-19 20-13-18,354,14.3341,36.9818
2019-05-19 20-13-20,354,14.3188,36.9978
2019-05-19 20-13-22,354,14.3188,37.0111
2019-05-19 20-13-24,354,14.3188,36.9978
2019-05-19 20-13-26,354,14.2685,37.0699
2019-05-19 20-13-28,353,14.3417,37.0832
2019-05-19 20-13-30,352,14.2868,37.126
2019-05-19 20-13-32,352,14.2181,37.1393
2019-05-19 20-13-36,352,14.2197,37.182
2019-05-19 20-13-38,351,14.1724,37.2648
2019-05-19 20-13-40,352,14.1006,37.3075
2019-05-19 20-13-42,352,14.035,37.3796
2019-05-19 20-13-44,352,14.003,37.4357
2019-05-19 20-13-46,354,14.0213,37.4197
2019-05-19 20-13-48,355,13.9816,37.4197
2019-05-19 20-13-50,358,13.9297,37.4197
2019-05-19 20-13-54,360,13.945,37.393
2019-05-19 20-13-56,360,13.9816,37.4197
2019-05-19 20-13-58,358,13.9313,37.4624
2019-05-19 20-14-00,363,13.916,37.4918
2019-05-19 20-14-02,363,13.9847,37.4624
2019-05-19 20-14-04,364,14.0076,37.4918
2019-05-19 20-14-06,367,13.9343,37.5051
2019-05-19 20-14-10,368,13.9359,37.5345
2019-05-19 20-14-12,365,13.9023,37.5639
2019-05-19 20-14-14,364,13.8153,37.62
2019-05-19 20-14-16,366,13.8885,37.62
2019-05-19 20-14-18,367,13.7985,37.6467
2019-05-19 20-14-20,367,13.7833,37.676
2019-05-19 20-14-22,366,13.7833,37.6894
2019-05-19 20-14-24,366,13.7665,37.7188
2019-05-19 20-14-28,368,13.7665,37.7028
2019-05-19 20-14-30,369,13.7665,37.7321
2019-05-19 20-14-32,369,13.7665,37.7188
2019-05-19 20-14-34,371,13.858,37.7188
2019-05-19 20-14-36,372,13.7833,37.6894
2019-05-19 20-14-38,373,13.7833,37.6627
2019-05-19 20-14-40,372,13.8168,37.6627
2019-05-19 20-14-42,372,13.7985,37.676
2019-05-19 20-14-46,372,13.8168,37.676
2019-05-19 20-14-48,371,13.765,37.6627
2019-05-19 20-14-51,371,13.8168,37.676
2019-05-19 20-14-53,372,13.8351,37.6894
2019-05-19 20-14-55,371,13.7833,37.6627
2019-05-19 20-14-57,371,13.8336,37.6627
2019-05-19 20-14-59,372,13.8336,37.6627
2019-05-19 20-15-01,372,13.8519,37.62
2019-05-19 20-15-05,371,13.8519,37.5906
2019-05-19 20-15-07,371,13.8489,37.5639
2019-05-19 20-15-09,370,13.8992,37.5345
2019-05-19 20-15-11,371,13.9496,37.4624
2019-05-19 20-15-13,371,13.9633,37.4063
2019-05-19 20-15-15,372,14.0717,37.3796
2019-05-19 20-15-17,371,14.1037,37.3236
2019-05-19 20-15-19,369,14.1556,37.2942
2019-05-19 20-15-23,369,14.1541,37.2381
2019-05-19 20-15-25,368,14.2197,37.1954
2019-05-19 20-15-27,367,14.2883,37.1527
2019-05-19 20-15-29,367,14.3433,37.126
2019-05-19 20-15-31,367,14.3066,37.1126
2019-05-19 20-15-33,365,14.3066,37.126
2019-05-19 20-15-35,364,14.325,37.1126
2019-05-19 20-15-37,363,14.2868,37.1126
2019-05-19 20-15-41,363,14.36,37.1126
2019-05-19 20-15-43,363,14.3936,37.1126
2019-05-19 20-15-45,362,14.36,37.1126
2019-05-19 20-15-47,362,14.36,37.0966
2019-05-19 20-15-49,362,14.3066,37.0966
2019-05-19 20-15-51,361,14.3433,37.126
2019-05-19 20-15-53,361,14.3784,37.1393
2019-05-19 20-15-55,361,14.3967,37.1527
2019-05-19 20-15-59,361,14.328,37.1954
2019-05-19 20-16-01,360,14.2242,37.2515
2019-05-19 20-16-03,357,14.2426,37.2808
2019-05-19 20-16-05,358,14.1739,37.3075
2019-05-19 20-16-07,359,14.1373,37.3369
2019-05-19 20-16-09,361,14.1556,37.3075
2019-05-19 20-16-11,360,14.1037,37.3369
2019-05-19 20-16-13,357,14.1052,37.3636
2019-05-19 20-16-17,363,14.0182,37.4063
2019-05-19 20-16-19,366,14.0182,37.393
2019-05-19 20-16-21,366,14.0549,37.4063
2019-05-19 20-16-23,370,14.003,37.4197
2019-05-19 20-16-25,367,13.9847,37.4624
2019-05-19 20-16-27,367,13.9496,37.4491
2019-05-19 20-16-29,369,13.9816,37.4357
2019-05-19 20-16-31,370,13.9664,37.4197
2019-05-19 20-16-35,369,13.9664,37.4491
2019-05-19 20-16-37,370,13.9679,37.4758
2019-05-19 20-16-39,372,13.9816,37.4357
2019-05-19 20-16-41,374,13.9816,37.4357
2019-05-19 20-16-43,375,13.9999,37.3796
2019-05-19 20-16-45,376,14.0503,37.3236
2019-05-19 20-16-47,375,14.0854,37.3075
2019-05-19 20-16-51,377,14.1312,37.2087
2019-05-19 20-16-53,376,14.2548,37.1527
2019-05-19 20-16-55,375,14.27,37.126
2019-05-19 20-16-57,372,14.2654,37.0378
2019-05-19 20-16-59,370,14.2319,37.0699
2019-05-19 20-17-01,368,14.2822,37.0111
2019-05-19 20-17-03,364,14.2822,36.9978
2019-05-19 20-17-05,365,14.4058,36.9978
2019-05-19 20-17-09,365,14.3692,36.9684
2019-05-19 20-17-11,361,14.3692,36.9551
2019-05-19 20-17-13,360,14.4928,36.939
2019-05-19 20-17-15,362,14.476,36.939
2019-05-19 20-17-17,359,14.4394,36.9257
2019-05-19 20-17-19,359,14.4394,36.9123
2019-05-19 20-17-21,357,14.4745,36.9123
2019-05-19 20-17-23,356,14.4028,36.9257
2019-05-19 20-17-27,355,14.4577,36.939
2019-05-19 20-17-29,358,14.4745,36.9123
2019-05-19 20-17-31,360,14.4745,36.899
2019-05-19 20-17-33,360,14.5248,36.8563
2019-05-19 20-17-35,360,14.5218,36.8269
2019-05-19 20-17-37,358,14.4882,36.8269
2019-05-19 20-17-39,358,14.4882,36.8563
2019-05-19 20-17-41,358,14.4531,36.8429
2019-05-19 20-17-45,358,14.4531,36.8269
2019-05-19 20-17-47,358,14.4669,36.7868
2019-05-19 20-17-49,357,14.4485,36.7441
2019-05-19 20-17-51,359,14.534,36.7014
2019-05-19 20-17-53,358,14.534,36.688
2019-05-19 20-17-55,359,14.5844,36.632
2019-05-19 20-17-57,359,14.6027,36.632
2019-05-19 20-17-59,359,14.7232,36.6026
2019-05-19 20-18-03,361,14.7217,36.5732
2019-05-19 20-18-05,360,14.7736,36.5305
2019-05-19 20-18-07,360,14.7186,36.5438
2019-05-19 20-18-09,358,14.8453,36.5438
2019-05-19 20-18-11,358,14.8285,36.5732
2019-05-19 20-18-13,358,14.7598,36.5866
2019-05-19 20-18-15,357,14.7598,36.5732
2019-05-19 20-18-19,356,14.7232,36.6186
2019-05-19 20-18-21,355,14.7263,36.6587
2019-05-19 20-18-23,354,14.6408,36.7308
2019-05-19 20-18-25,354,14.6088,36.7708
2019-05-19 20-18-27,353,14.5767,36.8563
2019-05-19 20-18-29,352,14.4897,36.899
2019-05-19 20-18-31,352,14.3707,36.9818
2019-05-19 20-18-33,352,14.3387,37.0378
2019-05-19 20-18-37,354,14.2685,37.0832
2019-05-19 20-18-39,355,14.2181,37.1126
2019-05-19 20-18-41,358,14.1464,37.1126
2019-05-19 20-18-43,362,14.1647,37.126
2019-05-19 20-18-45,370,14.1678,37.1527
2019-05-19 20-18-47,376,14.1861,37.1687
2019-05-19 20-18-49,377,14.151,37.2087
2019-05-19 20-18-51,379,14.1144,37.2381
2019-05-19 20-18-55,374,14.151,37.2087
2019-05-19 20-18-57,372,14.1327,37.2248
2019-05-19 20-18-59,372,14.1556,37.2648
2019-05-19 20-19-01,372,14.0991,37.2648
2019-05-19 20-19-03,374,14.0488,37.2942
2019-05-19 20-19-05,376,14.0854,37.3369
2019-05-19 20-19-07,379,14.0869,37.3503
2019-05-19 20-19-09,381,14.035,37.3636
2019-05-19 20-19-13,381,14.0167,37.3369
2019-05-19 20-19-15,384,14.0686,37.3369
2019-05-19 20-19-17,383,14.032,37.3075
2019-05-19 20-19-19,382,14.0137,37.2942
2019-05-19 20-19-21,384,14.1006,37.2942
2019-05-19 20-19-23,384,14.0823,37.2648
2019-05-19 20-19-25,384,14.0808,37.2381
2019-05-19 20-19-27,386,14.1693,37.2087
2019-05-19 20-19-31,385,14.151,37.2087
2019-05-19 20-19-33,384,14.1724,37.2381
2019-05-19 20-19-35,383,14.1327,37.2248
2019-05-19 20-19-37,382,14.1724,37.2381
2019-05-19 20-19-39,381,14.1144,37.2381
2019-05-19 20-19-41,379,14.1724,37.2381
2019-05-19 20-19-43,379,14.1693,37.2248
2019-05-19 20-19-45,379,14.1144,37.2087
2019-05-19 20-19-49,378,14.0961,37.2248
2019-05-19 20-19-51,379,14.1327,37.2381
2019-05-19 20-19-53,379,14.0961,37.2087
2019-05-19 20-19-55,379,14.0961,37.2087
2019-05-19 20-19-57,379,14.1144,37.2248
2019-05-19 20-20-00,378,14.1174,37.2648
2019-05-19 20-20-02,379,14.064,37.2648
2019-05-19 20-20-04,378,14.032,37.3236
2019-05-19 20-20-08,378,14.032,37.3236
2019-05-19 20-20-10,377,14.0671,37.3236
2019-05-19 20-20-12,377,14.0503,37.3369
2019-05-19 20-20-14,377,14.1037,37.3503
2019-05-19 20-20-16,377,14.119,37.3075
2019-05-19 20-20-18,378,14.0991,37.2648
2019-05-19 20-20-20,378,14.0991,37.2515
2019-05-19 20-20-22,378,14.1693,37.2087
2019-05-19 20-20-26,377,14.0961,37.182
2019-05-19 20-20-28,377,14.0945,37.1527
2019-05-19 20-20-30,377,14.1968,37.0832
2019-05-19 20-20-32,376,14.2136,37.0378
2019-05-19 20-20-34,376,14.2288,37.0245
2019-05-19 20-20-36,374,14.2822,37.0245
2019-05-19 20-20-38,374,14.3021,37.0245
2019-05-19 20-20-42,373,14.3387,37.0539
2019-05-19 20-20-44,373,14.2838,37.0699
2019-05-19 20-20-46,373,14.3051,37.0832
2019-05-19 20-20-48,372,14.3234,37.0832
2019-05-19 20-20-50,372,14.2868,37.1126
2019-05-19 20-20-52,371,14.27,37.126
2019-05-19 20-20-54,372,14.2517,37.0966
2019-05-19 20-20-56,371,14.2365,37.1393
2019-05-19 20-21-00,371,14.2181,37.126
2019-05-19 20-21-02,370,14.2181,37.126
2019-05-19 20-21-04,369,14.2014,37.1527
2019-05-19 20-21-06,368,14.1693,37.2087
2019-05-19 20-21-08,368,14.0808,37.2381
2019-05-19 20-21-10,368,13.9587,37.2942
2019-05-19 20-21-12,368,13.9587,37.3075
2019-05-19 20-21-14,368,13.9999,37.3636
2019-05-19 20-21-18,367,13.9114,37.3796
2019-05-19 20-21-20,367,13.9618,37.3503
2019-05-19 20-21-22,368,13.858,37.393
2019-05-19 20-21-24,369,13.9114,37.4063
2019-05-19 20-21-26,370,13.9084,37.3636
2019-05-19 20-21-28,370,13.9801,37.3503
2019-05-19 20-21-30,370,13.9404,37.2808
2019-05-19 20-21-32,370,14.0442,37.2087
2019-05-19 20-21-36,370,14.0778,37.1687
2019-05-19 20-21-38,370,14.1647,37.126
2019-05-19 20-21-40,370,14.2685,37.0832
2019-05-19 20-21-42,370,14.2471,37.0378
2019-05-19 20-21-44,370,14.1953,37.0111
2019-05-19 20-21-46,371,14.2639,36.9978
2019-05-19 20-21-48,370,14.3188,36.9978
2019-05-19 20-21-50,370,14.3005,36.9818
2019-05-19 20-21-54,369,14.2456,36.9978
2019-05-19 20-21-56,368,14.3188,36.9978
2019-05-19 20-21-58,368,14.2654,37.0245
2019-05-19 20-22-00,367,14.3021,37.0111
2019-05-19 20-22-02,366,14.2502,37.0539
2019-05-19 20-22-04,364,14.2334,37.0832
2019-05-19 20-22-06,362,14.2334,37.0966
2019-05-19 20-22-08,363,14.1647,37.126
2019-05-19 20-22-12,365,14.2014,37.1527
2019-05-19 20-22-14,366,14.2197,37.1687
2019-05-19 20-22-16,365,14.2197,37.1687
2019-05-19 20-22-18,365,14.238,37.1687
2019-05-19 20-22-20,364,14.2548,37.182
2019-05-19 20-22-22,365,14.2731,37.1954
2019-05-19 20-22-24,365,14.241,37.2248
2019-05-19 20-22-26,365,14.1693,37.2248
2019-05-19 20-22-30,364,14.241,37.2248
2019-05-19 20-22-32,365,14.1541,37.2515
2019-05-19 20-22-34,364,14.0961,37.2248
2019-05-19 20-22-36,365,14.0594,37.1527
2019-05-19 20-22-38,365,14.0762,37.1527
2019-05-19 20-22-40,366,14.1281,37.126
2019-05-19 20-22-42,365,14.183,37.126
2019-05-19 20-22-44,365,14.2014,37.1527
2019-05-19 20-22-48,365,14.1098,37.1393
2019-05-19 20-22-50,364,14.0778,37.1954
2019-05-19 20-22-52,364,14.0625,37.2087
2019-05-19 20-22-54,362,14.064,37.2648
2019-05-19 20-22-56,362,13.9771,37.3236
2019-05-19 20-22-58,361,13.9267,37.3636
2019-05-19 20-23-00,361,13.9114,37.393
2019-05-19 20-23-02,363,13.8016,37.3636
2019-05-19 20-23-06,364,13.8748,37.3369
2019-05-19 20-23-08,365,13.9389,37.2381
2019-05-19 20-23-10,367,13.9526,37.1687
2019-05-19 20-23-12,368,14.1266,37.1126
2019-05-19 20-23-14,370,14.1464,37.0832
2019-05-19 20-23-16,368,14.2334,37.1126
2019-05-19 20-23-18,371,14.2334,37.0832
2019-05-19 20-23-22,373,14.1968,37.0699
2019-05-19 20-23-24,373,14.2502,37.0539
2019-05-19 20-23-26,372,14.2838,37.0378
2019-05-19 20-23-28,372,14.2685,37.0699
2019-05-19 20-23-30,369,14.1968,37.0832
2019-05-19 20-23-32,367,14.2014,37.1393
2019-05-19 20-23-34,364,14.1861,37.182
2019-05-19 20-23-36,361,14.0961,37.1954
2019-05-19 20-23-40,357,14.064,37.2515
2019-05-19 20-23-42,350,14.1556,37.2808
2019-05-19 20-23-44,357,14.0167,37.3503
2019-05-19 20-23-46,358,14.0167,37.3503
2019-05-19 20-23-48,363,13.9618,37.3369
2019-05-19 20-23-50,365,13.9267,37.3503
2019-05-19 20-23-52,362,13.9297,37.4063
2019-05-19 20-23-54,363,13.9664,37.4357
2019-05-19 20-23-58,360,13.8809,37.5051
2019-05-19 20-24-00,360,13.8474,37.4918
2019-05-19 20-24-02,360,13.8992,37.5212
2019-05-19 20-24-04,364,13.8489,37.5345
2019-05-19 20-24-06,366,13.829,37.5639
2019-05-19 20-24-08,367,13.8107,37.5212
2019-05-19 20-24-10,370,13.8626,37.4918
2019-05-19 20-24-12,371,13.7894,37.4491
2019-05-19 20-24-16,373,13.8748,37.3636
2019-05-19 20-24-18,372,13.9084,37.3369
2019-05-19 20-24-20,370,13.9435,37.3369
2019-05-19 20-24-22,370,13.9252,37.2942
2019-05-19 20-24-24,370,14.0457,37.2515
2019-05-19 20-24-26,369,14.0442,37.1954
2019-05-19 20-24-28,369,14.1129,37.1687
2019-05-19 20-24-30,370,14.2181,37.126
2019-05-19 20-24-34,369,14.2838,37.0699
2019-05-19 20-24-36,369,14.3188,36.9978
2019-05-19 20-24-38,369,14.4211,36.939
2019-05-19 20-24-40,368,14.3829,36.899
2019-05-19 20-24-42,368,14.3112,36.8429
2019-05-19 20-24-44,366,14.3097,36.8135
2019-05-19 20-24-46,367,14.36,36.7708
2019-05-19 20-24-48,364,14.3417,36.7441
2019-05-19 20-24-52,364,14.4104,36.7147
2019-05-19 20-24-54,362,14.3921,36.7308
2019-05-19 20-24-56,361,14.3921,36.7308
2019-05-19 20-24-58,359,14.4302,36.7441
2019-05-19 20-25-00,355,14.447,36.7308
2019-05-19 20-25-02,350,14.357,36.7441
2019-05-19 20-25-04,345,14.3936,36.7575
2019-05-19 20-25-09,339,14.328,36.8135
2019-05-19 20-25-11,341,14.4333,36.8002
2019-05-19 20-25-13,339,14.3967,36.8269
2019-05-19 20-25-15,340,14.3646,36.8429
2019-05-19 20-25-17,340,14.3478,36.883
2019-05-19 20-25-19,340,14.3661,36.9123
2019-05-19 20-25-21,341,14.3341,36.9818
2019-05-19 20-25-23,343,14.389,37.0111
2019-05-19 20-25-27,346,14.3005,36.9978
2019-05-19 20-25-29,347,14.2838,37.0539
2019-05-19 20-25-31,347,14.1968,37.0539
2019-05-19 20-25-33,348,14.1785,37.0378
2019-05-19 20-25-35,349,14.1235,37.0539
2019-05-19 20-25-37,349,14.1235,37.0539
2019-05-19 20-25-39,351,14.1464,37.1126
2019-05-19 20-25-41,351,14.0915,37.126
2019-05-19 20-25-45,351,14.0945,37.1393
2019-05-19 20-25-47,352,14.0411,37.1393
2019-05-19 20-25-49,352,14.0579,37.1126
2019-05-19 20-25-51,352,14.0411,37.1393
2019-05-19 20-25-53,353,13.9893,37.126
2019-05-19 20-25-55,353,14.0213,37.0966
2019-05-19 20-25-57,353,14.0717,37.0378
2019-05-19 20-25-59,354,14.0182,37.0245
2019-05-19 20-26-03,354,14.0686,37.0245
2019-05-19 20-26-05,354,14.0869,36.9978
2019-05-19 20-26-07,353,14.119,36.9551
2019-05-19 20-26-09,353,14.0854,36.9684
2019-05-19 20-26-11,352,14.1006,36.9684
2019-05-19 20-26-13,352,14.122,36.9978
2019-05-19 20-26-15,351,14.0533,37.0245
2019-05-19 20-26-17,350,14.1052,37.0378
2019-05-19 20-26-21,350,14.0869,37.0378
2019-05-19 20-26-23,350,14.0686,37.0245
2019-05-19 20-26-25,350,14.0366,37.0539
2019-05-19 20-26-27,349,14.0533,37.0245
2019-05-19 20-26-29,349,14.1037,36.9818
2019-05-19 20-26-31,349,14.1907,36.939
2019-05-19 20-26-33,350,14.2593,36.899
2019-05-19 20-26-35,350,14.3463,36.8429
2019-05-19 20-26-39,351,14.5035,36.8002
2019-05-19 20-26-41,353,14.4302,36.7441
2019-05-19 20-26-43,351,14.4806,36.7014
2019-05-19 20-26-45,348,14.4287,36.7147
2019-05-19 20-26-47,348,14.3738,36.688
2019-05-19 20-26-49,347,14.4287,36.7014
2019-05-19 20-26-51,345,14.4104,36.7441
2019-05-19 20-26-55,352,14.447,36.7014
2019-05-19 20-26-57,353,14.5157,36.688
2019-05-19 20-26-59,352,14.444,36.688
2019-05-19 20-27-01,349,14.4974,36.688
2019-05-19 20-27-03,349,14.4989,36.7014
2019-05-19 20-27-05,348,14.4653,36.7147
2019-05-19 20-27-07,347,14.447,36.7308
2019-05-19 20-27-09,344,14.4104,36.7441
2019-05-19 20-27-13,342,14.3616,36.8002
2019-05-19 20-27-15,342,14.2929,36.8429
2019-05-19 20-27-17,343,14.241,36.883
2019-05-19 20-27-19,346,14.2242,36.899
2019-05-19 20-27-21,348,14.2746,36.883
2019-05-19 20-27-23,352,14.1693,36.8696
2019-05-19 20-27-25,354,14.2197,36.8429
2019-05-19 20-27-27,354,14.2563,36.8563
2019-05-19 20-27-31,353,14.241,36.8696
2019-05-19 20-27-33,353,14.1693,36.8696
2019-05-19 20-27-35,351,14.296,36.8696
2019-05-19 20-27-37,353,14.2227,36.883
2019-05-19 20-27-39,352,14.1876,36.8696
2019-05-19 20-27-41,352,14.2975,36.939
2019-05-19 20-27-43,352,14.1922,36.9684
2019-05-19 20-27-45,350,14.1953,36.9978
2019-05-19 20-27-49,351,14.1632,37.0539
2019-05-19 20-27-51,351,14.1083,37.0832
2019-05-19 20-27-53,353,14.1647,37.1126
2019-05-19 20-27-55,354,14.0945,37.1687
2019-05-19 20-27-57,354,14.0961,37.1954
2019-05-19 20-27-59,353,14.0442,37.1954
2019-05-19 20-28-01,353,14.0274,37.2248
2019-05-19 20-28-03,354,13.9404,37.2808
2019-05-19 20-28-07,355,13.8718,37.2942
2019-05-19 20-28-09,356,13.8153,37.2808
2019-05-19 20-28-11,358,13.8168,37.3075
2019-05-19 20-28-13,359,13.8535,37.2942
2019-05-19 20-28-15,360,13.8351,37.2648
2019-05-19 20-28-17,361,13.8336,37.2248
2019-05-19 20-28-19,361,13.9359,37.182
2019-05-19 20-28-21,360,13.9709,37.182
2019-05-19 20-28-25,361,14.0259,37.182
2019-05-19 20-28-27,360,13.9664,37.1126
2019-05-19 20-28-29,361,14.0396,37.1126
2019-05-19 20-28-31,360,14.1083,37.0832
2019-05-19 20-28-33,359,14.0213,37.0699
2019-05-19 20-28-35,358,14.09,37.0699
2019-05-19 20-28-37,358,14.0533,37.0378
2019-05-19 20-28-41,358,14.0533,37.0245
2019-05-19 20-28-43,358,14.0686,37.0111
2019-05-19 20-28-45,358,14.122,37.0111
2019-05-19 20-28-47,358,14.1403,36.9684
2019-05-19 20-28-49,359,14.1006,36.9684
2019-05-19 20-28-51,358,14.1739,36.939
2019-05-19 20-28-53,357,14.1373,36.9123
2019-05-19 20-28-55,356,14.1693,36.8696
2019-05-19 20-28-59,355,14.1861,36.8563
2019-05-19 20-29-01,353,14.238,36.8429
2019-05-19 20-29-03,352,14.1327,36.8135
2019-05-19 20-29-05,349,14.183,36.8002
2019-05-19 20-29-07,344,14.2548,36.8002
2019-05-19 20-29-09,342,14.2548,36.8269
2019-05-19 20-29-11,342,14.2227,36.8563
2019-05-19 20-29-13,340,14.1693,36.8429
2019-05-19 20-29-17,340,14.1861,36.8429
2019-05-19 20-29-19,344,14.2365,36.7868
2019-05-19 20-29-21,345,14.27,36.7708
2019-05-19 20-29-23,346,14.2181,36.7868
2019-05-19 20-29-25,346,14.1998,36.7575
2019-05-19 20-29-27,347,14.1632,36.7147
2019-05-19 20-29-29,349,14.1785,36.7147
2019-05-19 20-29-31,349,14.2136,36.6747
2019-05-19 20-29-35,349,14.2639,36.6587
2019-05-19 20-29-37,350,14.3188,36.6587
2019-05-19 20-29-39,347,14.3051,36.7014
2019-05-19 20-29-41,345,14.2914,36.8002
2019-05-19 20-29-43,345,14.241,36.8696
2019-05-19 20-29-45,344,14.0991,36.9123
2019-05-19 20-29-47,343,14.0854,36.9551
2019-05-19 20-29-51,342,14.0137,36.9551
2019-05-19 20-29-53,342,14.0488,36.939
2019-05-19 20-29-55,343,14.0457,36.9123
2019-05-19 20-29-57,344,14.0671,36.939
2019-05-19 20-29-59,345,14.0671,36.9684
2019-05-19 20-30-01,345,13.9984,36.9684
2019-05-19 20-30-03,347,13.9771,36.9257
2019-05-19 20-30-05,348,13.9542,36.883
2019-05-19 20-30-09,349,14.0442,36.8563
2019-05-19 20-30-12,348,14.0778,36.8429
2019-05-19 20-30-14,347,14.0778,36.8269
2019-05-19 20-30-16,348,14.0442,36.8269
2019-05-19 20-30-18,348,14.1312,36.8002
2019-05-19 20-30-20,349,14.1281,36.7308
2019-05-19 20-30-22,348,14.1968,36.7147
2019-05-19 20-30-24,348,14.2288,36.688
2019-05-19 20-30-28,346,14.3204,36.6747
2019-05-19 20-30-30,346,14.2288,36.688
2019-05-19 20-30-32,346,14.2502,36.7147
2019-05-19 20-30-34,345,14.2883,36.7308
2019-05-19 20-30-36,345,14.1647,36.7868
2019-05-19 20-30-38,346,14.1327,36.8135
2019-05-19 20-30-40,347,14.183,36.8002
2019-05-19 20-30-42,347,14.1678,36.8135
2019-05-19 20-30-46,347,14.1678,36.8135
2019-05-19 20-30-48,348,14.1129,36.8269
2019-05-19 20-30-50,347,14.1098,36.8002
2019-05-19 20-30-52,348,14.2014,36.8002
2019-05-19 20-30-54,348,14.2197,36.8135
2019-05-19 20-30-56,349,14.2181,36.8002
2019-05-19 20-30-58,348,14.1998,36.7868
2019-05-19 20-31-00,349,14.27,36.7708
2019-05-19 20-31-04,349,14.2517,36.7868
2019-05-19 20-31-06,349,14.2334,36.7708
2019-05-19 20-31-10,349,14.3234,36.7441
2019-05-19 20-31-12,348,14.3417,36.7441
2019-05-19 20-31-14,348,14.3204,36.7147
2019-05-19 20-31-16,349,14.3936,36.7575
2019-05-19 20-31-18,349,14.3204,36.7147
2019-05-19 20-31-22,348,14.2685,36.7441
2019-05-19 20-31-24,348,14.2502,36.7441
2019-05-19 20-31-26,348,14.2365,36.7868
2019-05-19 20-31-28,348,14.2548,36.8002
2019-05-19 20-31-30,348,14.238,36.8429
2019-05-19 20-31-32,349,14.1495,36.8135
2019-05-19 20-31-34,349,14.1861,36.8269
2019-05-19 20-31-38,349,14.1693,36.8429
2019-05-19 20-31-40,349,14.1495,36.8135
2019-05-19 20-31-42,349,14.1083,36.7575
2019-05-19 20-31-44,350,14.1083,36.7308
2019-05-19 20-31-46,350,14.2868,36.688
2019-05-19 20-31-48,350,14.2639,36.6747
2019-05-19 20-31-50,350,14.2822,36.632
2019-05-19 20-31-52,350,14.2273,36.6026
2019-05-19 20-31-56,350,14.2776,36.5438
2019-05-19 20-31-58,350,14.2776,36.5438
2019-05-19 20-32-00,350,14.3829,36.5171
2019-05-19 20-32-02,350,14.3646,36.5011
2019-05-19 20-32-04,350,14.3616,36.4611
2019-05-19 20-32-06,350,14.3967,36.4611
2019-05-19 20-32-08,350,14.4836,36.389
2019-05-19 20-32-10,350,14.5538,36.4183
2019-05-19 20-32-14,349,14.4836,36.4183
2019-05-19 20-32-16,348,14.5203,36.4183
2019-05-19 20-32-18,347,14.4333,36.4317
2019-05-19 20-32-20,347,14.3799,36.4744
2019-05-19 20-32-22,346,14.3646,36.5305
2019-05-19 20-32-24,346,14.2776,36.5438
2019-05-19 20-32-26,346,14.2426,36.6026
2019-05-19 20-32-28,346,14.209,36.6186
2019-05-19 20-32-32,346,14.2273,36.6186
2019-05-19 20-32-34,346,14.1556,36.5866
2019-05-19 20-32-36,347,14.2242,36.5732
2019-05-19 20-32-38,346,14.2975,36.5732
2019-05-19 20-32-40,346,14.3143,36.5599
2019-05-19 20-32-42,347,14.3478,36.5438
2019-05-19 20-32-44,347,14.3143,36.5438
2019-05-19 20-32-46,346,14.3112,36.5011
2019-05-19 20-32-50,346,14.238,36.5011
2019-05-19 20-32-52,345,14.2227,36.5305
2019-05-19 20-32-54,344,14.2242,36.5732
2019-05-19 20-32-56,344,14.1876,36.5599
2019-05-19 20-32-58,344,14.1357,36.5305
2019-05-19 20-33-00,344,14.1861,36.5011
2019-05-19 20-33-02,345,14.1647,36.445
2019-05-19 20-33-06,346,14.2731,36.4317
2019-05-19 20-33-08,346,14.2517,36.4183
2019-05-19 20-33-10,345,14.3555,36.3623
2019-05-19 20-33-12,345,14.4119,36.389
2019-05-19 20-33-14,343,14.3417,36.405
2019-05-19 20-33-16,344,14.3417,36.4183
2019-05-19 20-33-18,343,14.36,36.445
2019-05-19 20-33-20,344,14.3799,36.4878
2019-05-19 20-33-24,344,14.2776,36.5438
2019-05-19 20-33-26,344,14.2593,36.5438
2019-05-19 20-33-28,343,14.3478,36.5599
2019-05-19 20-33-30,342,14.2975,36.5732
2019-05-19 20-33-32,342,14.209,36.6186
2019-05-19 20-33-34,343,14.2288,36.6453
2019-05-19 20-33-36,343,14.2136,36.6747
2019-05-19 20-33-38,343,14.1449,36.7147
2019-05-19 20-33-42,344,14.0717,36.7147
2019-05-19 20-33-44,345,14.1266,36.6747
2019-05-19 20-33-46,345,14.1235,36.6587
2019-05-19 20-33-48,344,14.0686,36.6747
2019-05-19 20-33-50,344,14.0503,36.6453
2019-05-19 20-33-52,344,14.1403,36.632
2019-05-19 20-33-54,344,14.1724,36.5866
2019-05-19 20-33-56,344,14.1739,36.6186
2019-05-19 20-34-00,343,14.2456,36.6453
2019-05-19 20-34-02,344,14.1769,36.6453
2019-05-19 20-34-04,343,14.1037,36.6453
2019-05-19 20-34-06,342,14.1266,36.688
2019-05-19 20-34-08,341,14.0579,36.7708
2019-05-19 20-34-10,340,14.0411,36.8135
2019-05-19 20-34-12,340,13.9206,36.8563
2019-05-19 20-34-14,339,13.9587,36.939
2019-05-19 20-34-18,338,13.9084,36.9818
2019-05-19 20-34-20,338,13.7848,37.0111
2019-05-19 20-34-22,338,13.7161,37.0378
2019-05-19 20-34-24,337,13.6658,37.0699
2019-05-19 20-34-26,338,13.8077,37.1126
2019-05-19 20-34-28,338,13.7894,37.1393
2019-05-19 20-34-30,340,13.7024,37.1393
2019-05-19 20-34-32,340,13.7238,37.1954
2019-05-19 20-34-36,340,13.7238,37.182
2019-05-19 20-34-38,341,13.6703,37.1954
2019-05-19 20-34-40,341,13.5315,37.2515
2019-05-19 20-34-42,339,13.4262,37.3075
2019-05-19 20-34-44,340,13.3942,37.3636
2019-05-19 20-34-46,343,13.3759,37.3503
2019-05-19 20-34-48,345,13.4277,37.3503
2019-05-19 20-34-52,346,13.446,37.3369
2019-05-19 20-34-54,347,13.4262,37.2942
2019-05-19 20-34-56,347,13.4094,37.3236
2019-05-19 20-34-58,348,13.4766,37.2381
2019-05-19 20-35-00,349,13.4766,37.2381
2019-05-19 20-35-02,351,13.5818,37.2087
2019-05-19 20-35-04,351,13.6703,37.1687
2019-05-19 20-35-06,350,13.5971,37.182
2019-05-19 20-35-10,349,13.6688,37.126
2019-05-19 20-35-12,349,13.7894,37.0966
2019-05-19 20-35-14,349,13.7512,37.0378
2019-05-19 20-35-16,349,13.6414,36.9978
2019-05-19 20-35-19,349,13.6414,36.9978
2019-05-19 20-35-21,348,13.5696,36.9684
2019-05-19 20-35-23,347,13.623,36.9818
2019-05-19 20-35-25,345,13.5727,36.9978
2019-05-19 20-35-29,342,13.5406,37.0539
2019-05-19 20-35-31,339,13.5422,37.1126
2019-05-19 20-35-33,337,13.5269,37.1393
2019-05-19 20-35-35,341,13.5284,37.182
2019-05-19 20-35-37,345,13.472,37.1687
2019-05-19 20-35-39,345,13.4903,37.1687
2019-05-19 20-35-41,344,13.4537,37.126
2019-05-19 20-35-43,342,13.4674,37.0832
2019-05-19 20-35-47,342,13.4491,37.0539
2019-05-19 20-35-49,341,13.5376,37.0378
2019-05-19 20-35-51,344,13.5376,37.0378
2019-05-19 20-35-53,344,13.5559,37.0245
2019-05-19 20-35-55,343,13.6093,37.0539
2019-05-19 20-35-57,342,13.6642,37.0378
2019-05-19 20-35-59,342,13.6826,37.0699
2019-05-19 20-36-01,340,13.6642,37.0539
2019-05-19 20-36-05,340,13.6429,37.0539
2019-05-19 20-36-07,340,13.6093,37.0699
2019-05-19 20-36-09,341,13.6093,37.0539
2019-05-19 20-36-11,343,13.5742,37.0699
2019-05-19 20-36-13,341,13.591,37.0378
2019-05-19 20-36-15,341,13.6429,37.0378
2019-05-19 20-36-17,341,13.6642,37.0245
2019-05-19 20-36-19,341,13.7161,37.0245
2019-05-19 20-36-23,341,13.6414,36.9978
2019-05-19 20-36-25,342,13.6414,37.0111
2019-05-19 20-36-27,342,13.6246,36.9978
2019-05-19 20-36-29,340,13.6246,37.0245
2019-05-19 20-36-31,340,13.591,37.0245
2019-05-19 20-36-33,340,13.6108,37.0832
2019-05-19 20-36-35,342,13.5925,37.0699
2019-05-19 20-36-39,340,13.559,37.0966
2019-05-19 20-36-41,341,13.5773,37.1126
2019-05-19 20-36-43,340,13.5284,37.1687
2019-05-19 20-36-45,342,13.4369,37.1527
2019-05-19 20-36-47,343,13.4872,37.126
2019-05-19 20-36-49,343,13.5056,37.126
2019-05-19 20-36-51,343,13.5422,37.1393
2019-05-19 20-36-53,342,13.5269,37.1527
2019-05-19 20-36-57,342,13.5086,37.1954
2019-05-19 20-36-59,342,13.4552,37.182
2019-05-19 20-37-01,342,13.5101,37.2248
2019-05-19 20-37-03,342,13.4598,37.2648
2019-05-19 20-37-05,342,13.4415,37.2648
2019-05-19 20-37-07,342,13.4766,37.2648
2019-05-19 20-37-09,343,13.5513,37.3236
2019-05-19 20-37-11,343,13.5864,37.3075
2019-05-19 20-37-15,344,13.5864,37.3075
2019-05-19 20-37-17,344,13.5513,37.2942
2019-05-19 20-37-19,345,13.4964,37.2942
2019-05-19 20-37-21,344,13.4262,37.3075
2019-05-19 20-37-23,345,13.3545,37.3236
2019-05-19 20-37-25,345,13.3911,37.2942
2019-05-19 20-37-27,345,13.3545,37.3236
2019-05-19 20-37-29,346,13.353,37.2808
2019-05-19 20-37-33,346,13.3728,37.2648
2019-05-19 20-37-35,346,13.3728,37.2648
2019-05-19 20-37-37,346,13.4232,37.2515
2019-05-19 20-37-39,345,13.4918,37.2381
2019-05-19 20-37-41,345,13.533,37.2648
2019-05-19 20-37-43,343,13.3942,37.3369
2019-05-19 20-37-45,342,13.4277,37.3369
2019-05-19 20-37-47,342,13.3957,37.4063
2019-05-19 20-37-51,342,13.3408,37.4197
2019-05-19 20-37-53,343,13.2401,37.4624
2019-05-19 20-37-55,344,13.1836,37.4491
2019-05-19 20-37-57,345,13.1485,37.4357
2019-05-19 20-37-59,347,13.1653,37.4357
2019-05-19 20-38-01,346,13.1836,37.4197
2019-05-19 20-38-03,346,13.2202,37.4197
2019-05-19 20-38-05,346,13.2202,37.4357
2019-05-19 20-38-09,347,13.1836,37.4197
2019-05-19 20-38-11,348,13.2523,37.3796
2019-05-19 20-38-13,348,13.2675,37.3236
2019-05-19 20-38-15,349,13.3209,37.3236
2019-05-19 20-38-17,349,13.353,37.2942
2019-05-19 20-38-19,349,13.3026,37.3075
2019-05-19 20-38-21,347,13.353,37.2942
2019-05-19 20-38-23,346,13.3179,37.2942
2019-05-19 20-38-27,346,13.3392,37.3369
2019-05-19 20-38-29,345,13.3026,37.3369
2019-05-19 20-38-31,345,13.3041,37.3636
2019-05-19 20-38-33,346,13.3041,37.3636
2019-05-19 20-38-35,345,13.3545,37.3369
2019-05-19 20-38-37,346,13.3026,37.3236
2019-05-19 20-38-39,347,13.3026,37.3075
2019-05-19 20-38-43,347,13.3179,37.2808
2019-05-19 20-38-45,347,13.3179,37.2808
2019-05-19 20-38-47,347,13.353,37.2648
2019-05-19 20-38-49,346,13.4262,37.2808
2019-05-19 20-38-51,346,13.4598,37.2942
2019-05-19 20-38-53,345,13.4583,37.2515
2019-05-19 20-38-55,345,13.5681,37.2515
2019-05-19 20-38-57,345,13.6368,37.2515
2019-05-19 20-39-01,345,13.6505,37.1954
2019-05-19 20-39-03,345,13.6154,37.1954
2019-05-19 20-39-05,346,13.4903,37.1687
2019-05-19 20-39-07,346,13.5635,37.1687
2019-05-19 20-39-09,346,13.5269,37.1527
2019-05-19 20-39-11,346,13.6139,37.126
2019-05-19 20-39-13,345,13.6108,37.0832
2019-05-19 20-39-15,346,13.6246,37.0378
2019-05-19 20-39-19,346,13.6429,37.0245
2019-05-19 20-39-21,346,13.7299,36.9684
2019-05-19 20-39-23,345,13.7466,36.9551
2019-05-19 20-39-25,345,13.7619,36.9257
2019-05-19 20-39-27,344,13.7253,36.899
2019-05-19 20-39-29,344,13.7756,36.8563
2019-05-19 20-39-31,344,13.7939,36.8563
2019-05-19 20-39-33,343,13.8489,36.8429
2019-05-19 20-39-37,343,13.9023,36.8429
2019-05-19 20-39-39,342,13.8489,36.8563
2019-05-19 20-39-41,341,13.7787,36.8696
2019-05-19 20-39-43,341,13.7604,36.8696
2019-05-19 20-39-45,341,13.7253,36.899
2019-05-19 20-39-47,340,13.7283,36.9123
2019-05-19 20-39-49,340,13.7115,36.939
2019-05-19 20-39-51,340,13.678,36.9684
2019-05-19 20-39-55,340,13.6414,37.0111
2019-05-19 20-39-57,340,13.588,36.9818
2019-05-19 20-39-59,340,13.5727,36.9978
2019-05-19 20-40-01,340,13.591,37.0111
2019-05-19 20-40-03,339,13.501,37.0378
2019-05-19 20-40-05,340,13.4857,37.0966
2019-05-19 20-40-07,340,13.504,37.1126
2019-05-19 20-40-11,340,13.4537,37.126
2019-05-19 20-40-13,340,13.4903,37.1527
2019-05-19 20-40-15,339,13.4003,37.126
2019-05-19 20-40-17,339,13.5269,37.1527
2019-05-19 20-40-19,340,13.4872,37.1393
2019-05-19 20-40-21,340,13.4537,37.1527
2019-05-19 20-40-24,340,13.4903,37.182
2019-05-19 20-40-26,341,13.5056,37.126
2019-05-19 20-40-30,341,13.5056,37.1393
2019-05-19 20-40-32,341,13.559,37.0966
2019-05-19 20-40-34,341,13.6459,37.0832
2019-05-19 20-40-36,341,13.6459,37.0699
2019-05-19 20-40-38,341,13.6459,37.0699
2019-05-19 20-40-40,340,13.7161,37.0378
2019-05-19 20-40-42,340,13.7512,37.0539
2019-05-19 20-40-44,340,13.7161,37.0245
2019-05-19 20-40-48,340,13.6795,36.9978
2019-05-19 20-40-50,340,13.6963,36.9684
2019-05-19 20-40-52,340,13.7146,36.9978
2019-05-19 20-40-54,339,13.6414,37.0111
2019-05-19 20-40-56,339,13.6429,37.0245
2019-05-19 20-40-58,339,13.6429,37.0378
2019-05-19 20-41-00,338,13.591,37.0378
2019-05-19 20-41-02,339,13.6658,37.0699
2019-05-19 20-41-06,339,13.7009,37.0966
2019-05-19 20-41-08,339,13.6139,37.126
2019-05-19 20-41-10,339,13.5269,37.126
2019-05-19 20-41-12,339,13.5269,37.126
2019-05-19 20-41-14,339,13.4857,37.0966
2019-05-19 20-41-16,339,13.504,37.0832
2019-05-19 20-41-18,338,13.5056,37.126
2019-05-19 20-41-20,339,13.4872,37.1126
2019-05-19 20-41-24,339,13.5422,37.0966
2019-05-19 20-41-26,339,13.5773,37.0966
2019-05-19 20-41-28,339,13.6108,37.0832
2019-05-19 20-41-30,339,13.7329,37.0378
2019-05-19 20-41-32,339,13.7695,37.0539
2019-05-19 20-41-34,339,13.8397,37.0111
2019-05-19 20-41-36,339,13.8214,37.0111
2019-05-19 20-41-38,339,13.7878,37.0539
2019-05-19 20-41-42,338,13.6093,37.0699
2019-05-19 20-41-44,338,13.5239,37.1126
2019-05-19 20-41-46,338,13.5239,37.0966
2019-05-19 20-41-48,339,13.5239,37.0832
2019-05-19 20-41-50,339,13.4857,37.0539
2019-05-19 20-41-52,339,13.4674,37.0539
2019-05-19 20-41-54,339,13.5376,37.0378
2019-05-19 20-41-58,339,13.4827,37.0378
2019-05-19 20-42-00,339,13.5239,37.0966
2019-05-19 20-42-02,338,13.559,37.0699
2019-05-19 20-42-04,339,13.6642,37.0539
2019-05-19 20-42-06,339,13.6093,37.0245
2019-05-19 20-42-08,339,13.6795,37.0111
2019-05-19 20-42-10,340,13.7146,36.9978
2019-05-19 20-42-12,341,13.7482,36.9818
2019-05-19 20-42-16,341,13.6612,36.9978
2019-05-19 20-42-18,341,13.6383,36.939
2019-05-19 20-42-20,341,13.6932,36.9551
2019-05-19 20-42-22,341,13.7299,36.9684
2019-05-19 20-42-24,341,13.7482,36.9978
2019-05-19 20-42-26,340,13.7512,37.0245
2019-05-19 20-42-28,341,13.5742,37.0378
2019-05-19 20-42-30,341,13.5559,37.0539
2019-05-19 20-42-34,341,13.5406,37.0539
2019-05-19 20-42-36,341,13.559,37.0699
2019-05-19 20-42-38,340,13.4674,37.0832
2019-05-19 20-42-40,340,13.4857,37.0832
2019-05-19 20-42-42,340,13.4308,37.0245
2019-05-19 20-42-44,340,13.501,37.0378
2019-05-19 20-42-46,340,13.501,37.0245
2019-05-19 20-42-48,341,13.5361,36.9978
2019-05-19 20-42-52,341,13.4964,36.9684
2019-05-19 20-42-54,341,13.6047,36.9684
2019-05-19 20-42-56,340,13.5864,36.9257
2019-05-19 20-42-58,342,13.6368,36.899
2019-05-19 20-43-00,341,13.707,36.883
2019-05-19 20-43-02,341,13.8672,36.8563
2019-05-19 20-43-04,341,13.8306,36.8269
2019-05-19 20-43-06,341,13.8306,36.8563
2019-05-19 20-43-10,340,13.7253,36.883
2019-05-19 20-43-12,339,13.6749,36.899
2019-05-19 20-43-14,338,13.6734,36.883
2019-05-19 20-43-16,338,13.7421,36.8696
2019-05-19 20-43-18,338,13.7238,36.8563
2019-05-19 20-43-20,338,13.6917,36.883
2019-05-19 20-43-22,338,13.7238,36.8563
2019-05-19 20-43-26,339,13.6887,36.8563
2019-05-19 20-43-28,338,13.7238,36.8429
2019-05-19 20-43-30,338,13.6887,36.8563
2019-05-19 20-43-32,338,13.5834,36.883
2019-05-19 20-43-34,338,13.62,36.9257
2019-05-19 20-43-36,337,13.5361,36.9818
2019-05-19 20-43-38,337,13.5193,37.0245
2019-05-19 20-43-40,336,13.4827,37.0245
2019-05-19 20-43-44,336,13.4857,37.0966
2019-05-19 20-43-46,336,13.4872,37.126
2019-05-19 20-43-48,336,13.4689,37.0966
2019-05-19 20-43-50,337,13.5422,37.126
2019-05-19 20-43-52,338,13.4872,37.1126
2019-05-19 20-43-54,339,13.382,37.126
2019-05-19 20-43-56,339,13.4354,37.1126
2019-05-19 20-43-58,340,13.4171,37.0966
2019-05-19 20-44-02,339,13.4857,37.0699
2019-05-19 20-44-04,340,13.4354,37.0966
2019-05-19 20-44-06,340,13.3667,37.126
2019-05-19 20-44-08,340,13.4506,37.0966
2019-05-19 20-44-10,340,13.414,37.0539
2019-05-19 20-44-12,340,13.4308,37.0245
2019-05-19 20-44-14,340,13.5193,36.9978
2019-05-19 20-44-16,340,13.5727,36.9978
2019-05-19 20-44-20,340,13.5513,36.9551
2019-05-19 20-44-22,340,13.6017,36.9123
2019-05-19 20-44-24,341,13.6368,36.899
2019-05-19 20-44-26,341,13.707,36.8696
2019-05-19 20-44-28,342,13.7573,36.8429
2019-05-19 20-44-30,342,13.829,36.7708
2019-05-19 20-44-32,341,13.7009,36.7147
2019-05-19 20-44-36,341,13.858,36.6747
2019-05-19 20-44-38,341,13.8214,36.6587
2019-05-19 20-44-40,340,13.6612,36.6587
2019-05-19 20-44-42,341,13.6642,36.688
2019-05-19 20-44-44,341,13.6276,36.7147
2019-05-19 20-44-46,340,13.6688,36.7868
2019-05-19 20-44-48,339,13.6887,36.8429
2019-05-19 20-44-50,339,13.5834,36.899
2019-05-19 20-44-54,338,13.5681,36.899
2019-05-19 20-44-56,337,13.6047,36.939
2019-05-19 20-44-58,336,13.5361,36.9684
2019-05-19 20-45-00,336,13.4628,36.9684
2019-05-19 20-45-02,336,13.4827,37.0111
2019-05-19 20-45-04,336,13.4644,37.0245
2019-05-19 20-45-06,334,13.4171,37.0966
2019-05-19 20-45-08,332,13.4354,37.1393
2019-05-19 20-45-12,332,13.3865,37.182
2019-05-19 20-45-14,333,13.3484,37.182
2019-05-19 20-45-16,333,13.3118,37.1687
2019-05-19 20-45-18,334,13.4415,37.2381
2019-05-19 20-45-20,334,13.4033,37.1954
2019-05-19 20-45-22,334,13.3682,37.1954
2019-05-19 20-45-24,335,13.3865,37.182
2019-05-19 20-45-26,336,13.3316,37.1954
2019-05-19 20-45-31,338,13.4033,37.1954
2019-05-19 20-45-33,340,13.4186,37.1687
2019-05-19 20-45-35,341,13.559,37.0966
2019-05-19 20-45-37,342,13.559,37.0699
2019-05-19 20-45-39,342,13.6429,37.0378
2019-05-19 20-45-41,340,13.6612,36.9978
2019-05-19 20-45-43,341,13.5696,36.9818
2019-05-19 20-45-45,341,13.5544,36.9978
2019-05-19 20-45-49,340,13.5376,37.0245
2019-05-19 20-45-51,341,13.5193,37.0245
2019-05-19 20-45-53,341,13.6246,36.9978
2019-05-19 20-45-55,342,13.588,36.9978
2019-05-19 20-45-57,343,13.588,36.9818
2019-05-19 20-45-59,342,13.623,36.9551
2019-05-19 20-46-01,342,13.5361,36.9684
2019-05-19 20-46-03,342,13.6063,36.9818
2019-05-19 20-46-07,341,13.5376,37.0245
2019-05-19 20-46-09,340,13.591,37.0378
2019-05-19 20-46-11,339,13.5406,37.0832
2019-05-19 20-46-13,339,13.5956,37.1393
2019-05-19 20-46-15,340,13.5956,37.126
2019-05-19 20-46-17,340,13.5605,37.1393
2019-05-19 20-46-19,339,13.4537,37.126
2019-05-19 20-46-21,340,13.4872,37.1393
2019-05-19 20-46-25,339,13.5056,37.126
2019-05-19 20-46-27,339,13.4872,37.1126
2019-05-19 20-46-29,339,13.504,37.1126
2019-05-19 20-46-31,339,13.559,37.0966
2019-05-19 20-46-33,339,13.6093,37.0699
2019-05-19 20-46-35,339,13.6429,37.0245
2019-05-19 20-46-37,339,13.623,36.9818
2019-05-19 20-46-41,338,13.6047,36.9684
2019-05-19 20-46-43,336,13.5696,36.9551
2019-05-19 20-46-45,336,13.6368,36.9123
2019-05-19 20-46-47,335,13.623,36.9551
2019-05-19 20-46-49,334,13.6795,36.9978
2019-05-19 20-46-51,334,13.6429,37.0245
2019-05-19 20-46-53,332,13.6093,37.0539
2019-05-19 20-46-55,331,13.5605,37.1393
2019-05-19 20-46-59,330,13.5452,37.1687
2019-05-19 20-47-01,330,13.4949,37.2515
2019-05-19 20-47-03,330,13.533,37.2808
2019-05-19 20-47-05,330,13.4445,37.3075
2019-05-19 20-47-07,330,13.3942,37.3636
2019-05-19 20-47-09,330,13.3987,37.4197
2019-05-19 20-47-11,330,13.3438,37.4624
2019-05-19 20-47-13,330,13.3087,37.4624
2019-05-19 20-47-17,331,13.2614,37.5505
2019-05-19 20-47-19,332,13.2797,37.5505
2019-05-19 20-47-21,332,13.2629,37.6066
2019-05-19 20-47-23,333,13.2629,37.6066
2019-05-19 20-47-25,335,13.2294,37.5906
2019-05-19 20-47-27,335,13.2614,37.5639
2019-05-19 20-47-29,336,13.2797,37.5505
2019-05-19 20-47-31,335,13.3133,37.5505
2019-05-19 20-47-35,336,13.2767,37.5345
2019-05-19 20-47-37,336,13.295,37.5505
2019-05-19 20-47-39,336,13.327,37.4758
2019-05-19 20-47-41,337,13.3987,37.4491
2019-05-19 20-47-43,337,13.4323,37.4063
2019-05-19 20-47-45,337,13.4125,37.3796
2019-05-19 20-47-47,337,13.5147,37.3075
2019-05-19 20-47-49,337,13.533,37.2648
2019-05-19 20-47-53,336,13.5651,37.2087
2019-05-19 20-47-55,336,13.6154,37.1687
2019-05-19 20-47-57,336,13.5956,37.126
2019-05-19 20-47-59,335,13.6841,37.1126
2019-05-19 20-48-01,335,13.6826,37.0378
2019-05-19 20-48-03,335,13.765,36.9684
2019-05-19 20-48-05,335,13.9801,36.939
2019-05-19 20-48-09,334,14.0121,36.9123
2019-05-19 20-48-11,333,14.0121,36.899
2019-05-19 20-48-13,330,13.9572,36.9257
2019-05-19 20-48-15,330,13.9801,36.9684
2019-05-19 20-48-17,329,13.9481,37.0539
2019-05-19 20-48-19,329,13.9496,37.1126
2019-05-19 20-48-21,330,13.7894,37.1393
2019-05-19 20-48-23,330,13.7558,37.1393
2019-05-19 20-48-27,331,13.7558,37.1393
2019-05-19 20-48-29,329,13.7054,37.182
2019-05-19 20-48-31,329,13.7436,37.2381
2019-05-19 20-48-33,329,13.6917,37.2515
2019-05-19 20-48-35,330,13.6368,37.2515
2019-05-19 20-48-37,330,13.6017,37.2648
2019-05-19 20-48-39,330,13.5696,37.3075
2019-05-19 20-48-41,330,13.6063,37.3503
2019-05-19 20-48-45,330,13.5544,37.3503
2019-05-19 20-48-47,329,13.5376,37.393
2019-05-19 20-48-49,329,13.5773,37.4491
2019-05-19 20-48-51,328,13.5056,37.4918
2019-05-19 20-48-53,329,13.6139,37.4918
2019-05-19 20-48-55,331,13.559,37.4624
2019-05-19 20-48-57,332,13.6108,37.4491
2019-05-19 20-48-59,334,13.591,37.4063
2019-05-19 20-49-03,335,13.623,37.3075
2019-05-19 20-49-05,333,13.652,37.2381
2019-05-19 20-49-07,335,13.6917,37.2248
2019-05-19 20-49-09,336,13.7421,37.1954
2019-05-19 20-49-11,339,13.7573,37.182
2019-05-19 20-49-13,338,13.7375,37.126
2019-05-19 20-49-15,335,13.7741,37.126
2019-05-19 20-49-17,336,13.8626,37.126
2019-05-19 20-49-21,336,13.8809,37.126
2019-05-19 20-49-23,334,13.8977,37.126
2019-05-19 20-49-25,332,13.8657,37.1954
2019-05-19 20-49-27,335,13.8489,37.1954
2019-05-19 20-49-29,337,13.8657,37.182
2019-05-19 20-49-31,338,13.8992,37.1687
2019-05-19 20-49-33,337,13.9175,37.1687
2019-05-19 20-49-35,339,13.9893,37.1527
2019-05-19 20-49-39,338,13.9664,37.0832
2019-05-19 20-49-41,337,13.9618,37.0245
2019-05-19 20-49-43,337,14.003,37.0539
2019-05-19 20-49-45,337,14.0717,37.0378
2019-05-19 20-49-47,339,14.0137,36.9684
2019-05-19 20-49-49,338,14.1006,36.939
2019-05-19 20-49-51,339,14.1907,36.9123
2019-05-19 20-49-55,343,14.1861,36.8429
2019-05-19 20-49-57,342,14.3784,36.7868
2019-05-19 20-49-59,340,14.36,36.7708
2019-05-19 20-50-01,338,14.357,36.7308
2019-05-19 20-50-03,337,14.389,36.688
2019-05-19 20-50-05,336,14.444,36.688
2019-05-19 20-50-07,331,14.4073,36.7014
2019-05-19 20-50-09,330,14.357,36.7308
2019-05-19 20-50-13,329,14.4653,36.7147
2019-05-19 20-50-15,328,14.4653,36.7441
2019-05-19 20-50-17,326,14.3784,36.8002
2019-05-19 20-50-19,325,14.3799,36.8269
2019-05-19 20-50-21,324,14.3646,36.883
2019-05-19 20-50-23,324,14.3692,36.939
2019-05-19 20-50-25,322,14.3188,36.9818
2019-05-19 20-50-27,321,14.2654,37.0539
2019-05-19 20-50-31,321,14.2181,37.1126
2019-05-19 20-50-33,322,14.2517,37.1393
2019-05-19 20-50-35,324,14.2334,37.0832
2019-05-19 20-50-37,325,14.2319,37.0699
2019-05-19 20-50-40,328,14.3234,37.0699
2019-05-19 20-50-42,334,14.2822,37.0245
2019-05-19 20-50-44,334,14.3051,37.0699
2019-05-19 20-50-46,336,14.3753,37.0699
2019-05-19 20-50-50,337,14.3738,37.0245
2019-05-19 20-50-52,337,14.3372,37.0111
2019-05-19 20-50-54,337,14.389,36.9978
2019-05-19 20-50-56,338,14.4241,36.9818
2019-05-19 20-50-58,335,14.4608,36.9818
2019-05-19 20-51-00,334,14.4424,36.9684
2019-05-19 20-51-02,332,14.4058,36.9818
2019-05-19 20-51-06,331,14.3875,36.9818
2019-05-19 20-51-08,331,14.3707,36.9818
2019-05-19 20-51-10,331,14.4058,36.9684
2019-05-19 20-51-12,331,14.3738,37.0378
2019-05-19 20-51-14,329,14.3387,37.0539
2019-05-19 20-51-16,328,14.2868,37.1126
2019-05-19 20-51-18,328,14.2883,37.1687
2019-05-19 20-51-20,328,14.1861,37.1954
2019-05-19 20-51-24,329,14.1724,37.2381
2019-05-19 20-51-26,329,14.1556,37.2648
2019-05-19 20-51-28,331,14.1144,37.2381
2019-05-19 20-51-30,329,14.1556,37.2942
2019-05-19 20-51-32,328,14.1953,37.3503
2019-05-19 20-51-34,329,14.2288,37.3636
2019-05-19 20-51-36,332,14.1968,37.393
2019-05-19 20-51-38,334,14.2319,37.393
2019-05-19 20-51-42,335,14.2502,37.4063
2019-05-19 20-51-44,335,14.1815,37.4197
2019-05-19 20-51-46,335,14.2334,37.4357
2019-05-19 20-51-48,334,14.1815,37.4197
2019-05-19 20-51-50,332,14.2334,37.4357
2019-05-19 20-51-52,331,14.2365,37.5051
2019-05-19 20-51-54,326,14.2044,37.5505
2019-05-19 20-51-56,328,14.2746,37.5772
2019-05-19 20-52-00,330,14.2548,37.5212
2019-05-19 20-52-02,332,14.3463,37.5212
2019-05-19 20-52-04,334,14.3784,37.4918
2019-05-19 20-52-06,335,14.3967,37.5051
2019-05-19 20-52-08,338,14.325,37.4918
2019-05-19 20-52-10,339,14.3417,37.4357
2019-05-19 20-52-12,341,14.2502,37.4197
2019-05-19 20-52-14,341,14.2105,37.3503
2019-05-19 20-52-18,343,14.2609,37.2942
2019-05-19 20-52-20,342,14.241,37.2381
2019-05-19 20-52-22,342,14.3646,37.2087
2019-05-19 20-52-24,343,14.328,37.1954
2019-05-19 20-52-26,342,14.2883,37.1393
2019-05-19 20-52-28,340,14.4485,37.1126
2019-05-19 20-52-30,340,14.4104,37.0832
2019-05-19 20-52-34,337,14.4104,37.0699
2019-05-19 20-52-36,335,14.4623,37.0245
2019-05-19 20-52-38,335,14.4623,37.0378
2019-05-19 20-52-40,334,14.4989,37.0378
2019-05-19 20-52-42,334,14.4836,37.0699
2019-05-19 20-52-44,334,14.4974,37.0245
2019-05-19 20-52-46,332,14.4989,37.0378
2019-05-19 20-52-48,332,14.5157,37.0245
2019-05-19 20-52-52,331,14.5844,37.0111
2019-05-19 20-52-54,331,14.5309,37.0111
2019-05-19 20-52-56,331,14.5477,36.9978
2019-05-19 20-52-58,331,14.5493,37.0245
2019-05-19 20-53-00,330,14.5477,36.9684
2019-05-19 20-53-02,329,14.621,36.9684
2019-05-19 20-53-04,328,14.621,36.9818
2019-05-19 20-53-06,327,14.563,36.939
2019-05-19 20-53-10,326,14.5996,36.939
2019-05-19 20-53-12,324,14.653,36.9257
2019-05-19 20-53-14,325,14.7232,36.9551
2019-05-19 20-53-16,324,14.7049,36.939
2019-05-19 20-53-18,323,14.6729,36.9818
2019-05-19 20-53-20,322,14.6774,37.0832
2019-05-19 20-53-22,321,14.5721,37.126
2019-05-19 20-53-24,322,14.6301,37.1527
2019-05-19 20-53-28,322,14.5935,37.1687
2019-05-19 20-53-30,322,14.6484,37.1687
2019-05-19 20-53-32,323,14.6637,37.1393
2019-05-19 20-53-34,324,14.6957,37.0966
2019-05-19 20-53-36,325,14.7491,37.126
2019-05-19 20-53-38,324,14.7141,37.1393
2019-05-19 20-53-40,324,14.6637,37.1527
2019-05-19 20-53-42,324,14.7736,37.182
2019-05-19 20-53-46,324,14.8453,37.2087
2019-05-19 20-53-48,324,14.8285,37.2648
2019-05-19 20-53-50,324,14.9002,37.2515
2019-05-19 20-53-52,323,14.8315,37.2942
2019-05-19 20-53-54,324,14.7583,37.2942
2019-05-19 20-53-56,325,14.7049,37.2808
2019-05-19 20-53-58,326,14.7034,37.2381
2019-05-19 20-54-02,326,14.7049,37.2648
2019-05-19 20-54-04,327,14.7186,37.2248
2019-05-19 20-54-06,326,14.7369,37.2087
2019-05-19 20-54-08,326,14.682,37.1954
2019-05-19 20-54-10,327,14.7507,37.1393
2019-05-19 20-54-12,329,14.8911,37.0966
2019-05-19 20-54-14,327,14.8193,37.0539
2019-05-19 20-54-16,326,14.8361,37.0245
2019-05-19 20-54-20,326,14.7964,36.9818
2019-05-19 20-54-22,325,14.7629,36.9818
2019-05-19 20-54-24,325,14.8148,36.9978
2019-05-19 20-54-26,325,14.8697,37.0111
2019-05-19 20-54-28,325,14.92,36.9551
2019-05-19 20-54-30,325,14.9734,36.9551
2019-05-19 20-54-32,325,14.9734,36.939
2019-05-19 20-54-34,325,14.9887,36.939
2019-05-19 20-54-38,323,15.0284,36.9978
2019-05-19 20-54-40,322,14.9612,37.0539
2019-05-19 20-54-42,321,14.8743,37.1393
2019-05-19 20-54-44,322,14.8056,37.126
2019-05-19 20-54-46,323,14.7903,37.1687
2019-05-19 20-54-48,323,14.8056,37.1527
2019-05-19 20-54-50,324,14.772,37.1687
2019-05-19 20-54-52,324,14.8087,37.182
2019-05-19 20-54-56,323,14.827,37.1954
2019-05-19 20-54-58,322,14.7537,37.1954
2019-05-19 20-55-00,322,14.7217,37.2381
2019-05-19 20-55-02,322,14.7552,37.2248
2019-05-19 20-55-04,322,14.7766,37.2648
2019-05-19 20-55-06,322,14.8499,37.3075
2019-05-19 20-55-08,322,14.7995,37.3636
2019-05-19 20-55-10,323,14.7995,37.3636
2019-05-19 20-55-14,323,14.801,37.4063
2019-05-19 20-55-16,325,14.8697,37.3796
2019-05-19 20-55-18,327,14.92,37.3236
2019-05-19 20-55-20,327,15.1306,37.2515
2019-05-19 20-55-22,326,15.0986,37.2808
2019-05-19 20-55-24,326,15.1657,37.2515
2019-05-19 20-55-26,326,15.1337,37.3075
2019-05-19 20-55-30,325,15.152,37.3236
2019-05-19 20-55-32,326,15.1169,37.2942
2019-05-19 20-55-34,325,15.062,37.3369
2019-05-19 20-55-36,326,15.0467,37.3503
2019-05-19 20-55-38,327,14.978,37.3636
2019-05-19 20-55-40,327,14.9933,37.3636
2019-05-19 20-55-42,327,14.9063,37.393
2019-05-19 20-55-44,327,14.888,37.4063
2019-05-19 20-55-48,327,14.856,37.4357
2019-05-19 20-55-50,327,14.9094,37.4357
2019-05-19 20-55-52,326,14.8224,37.4357
2019-05-19 20-55-54,326,14.859,37.4758
2019-05-19 20-55-56,327,14.8056,37.4758
2019-05-19 20-55-58,327,14.7873,37.4758
2019-05-19 20-56-01,325,14.9475,37.4624
2019-05-19 20-56-03,325,14.9979,37.4491
2019-05-19 20-56-07,324,15.0192,37.4918
2019-05-19 20-56-09,324,14.9292,37.5212
2019-05-19 20-56-11,326,14.8788,37.5345
2019-05-19 20-56-13,326,14.859,37.4758
2019-05-19 20-56-15,327,14.8926,37.4758
2019-05-19 20-56-17,328,14.9246,37.4197
2019-05-19 20-56-19,328,14.9612,37.3796
2019-05-19 20-56-21,328,14.978,37.3636
2019-05-19 20-56-25,328,14.9597,37.3503
2019-05-19 20-56-27,328,14.8132,37.2808
2019-05-19 20-56-29,327,14.7964,37.3075
2019-05-19 20-56-31,327,14.8834,37.2808
2019-05-19 20-56-33,327,14.7781,37.2942
2019-05-19 20-56-35,327,14.7781,37.2808
2019-05-19 20-56-37,328,14.7949,37.2381
2019-05-19 20-56-41,328,14.8605,37.2087
2019-05-19 20-56-43,328,14.8087,37.1954
2019-05-19 20-56-45,327,14.8773,37.182
2019-05-19 20-56-47,327,14.8773,37.1527
2019-05-19 20-56-49,327,14.9658,37.1527
2019-05-19 20-56-51,327,14.9094,37.126
2019-05-19 20-56-53,327,14.9292,37.0966
2019-05-19 20-56-55,328,14.8865,37.0245
2019-05-19 20-56-59,328,14.9246,37.0245
2019-05-19 20-57-01,328,14.975,37.0111
2019-05-19 20-57-03,327,15.0421,36.9257
2019-05-19 20-57-05,326,15.062,36.939
2019-05-19 20-57-07,326,15.1123,36.883
2019-05-19 20-57-09,326,15.1627,36.8696
2019-05-19 20-57-11,326,15.1474,36.8696
2019-05-19 20-57-13,325,15.1443,36.8429
2019-05-19 20-57-17,323,15.1993,36.8696
2019-05-19 20-57-19,323,15.1672,36.939
2019-05-19 20-57-21,322,15.1703,36.9818
2019-05-19 20-57-23,322,15.1566,37.0378
2019-05-19 20-57-25,322,15.1215,37.0699
2019-05-19 20-57-27,323,15.1245,37.0966
2019-05-19 20-57-29,322,15.0696,37.0832
2019-05-19 20-57-31,322,15.1764,37.0966
2019-05-19 20-57-35,322,15.2496,37.1126
2019-05-19 20-57-37,321,15.2527,37.1687
2019-05-19 20-57-39,319,15.3046,37.182
2019-05-19 20-57-41,318,15.2756,37.2808
2019-05-19 20-57-43,319,15.2405,37.2808
2019-05-19 20-57-45,318,15.2802,37.3503
2019-05-19 20-57-47,317,15.2252,37.3796
2019-05-19 20-57-51,318,15.1611,37.4624
2019-05-19 20-57-53,321,15.0711,37.5051
2019-05-19 20-57-55,321,15.0742,37.5345
2019-05-19 20-57-57,323,15.0238,37.5906
2019-05-19 20-57-59,324,14.975,37.6467
2019-05-19 20-58-01,325,14.975,37.6467
2019-05-19 20-58-03,327,14.9567,37.6627
2019-05-19 20-58-05,329,15.0116,37.6894
2019-05-19 20-58-09,331,14.975,37.676
2019-05-19 20-58-11,330,15.0436,37.6333
2019-05-19 20-58-13,332,15.0101,37.6467
2019-05-19 20-58-15,333,15.0101,37.6627
2019-05-19 20-58-17,333,14.9384,37.7028
2019-05-19 20-58-19,335,14.9918,37.6467
2019-05-19 20-58-21,335,14.9933,37.676
2019-05-19 20-58-23,335,15.0101,37.6467
2019-05-19 20-58-27,334,14.9368,37.6627
2019-05-19 20-58-29,333,14.9567,37.6627
2019-05-19 20-58-31,334,14.9918,37.6467
2019-05-19 20-58-33,333,14.9368,37.6627
2019-05-19 20-58-35,332,14.9384,37.676
2019-05-19 20-58-37,333,14.8697,37.7028
2019-05-19 20-58-39,333,14.8865,37.6894
2019-05-19 20-58-41,334,14.9597,37.6894
2019-05-19 20-58-45,335,14.9567,37.6627
2019-05-19 20-58-47,336,14.9368,37.6467
2019-05-19 20-58-49,336,14.9368,37.6467
2019-05-19 20-58-51,336,15.0421,37.5772
2019-05-19 20-58-53,336,15.0208,37.5505
2019-05-19 20-58-55,336,15.0925,37.4918
2019-05-19 20-58-57,335,15.1077,37.4758
2019-05-19 20-58-59,334,15.0162,37.4624
2019-05-19 20-59-03,333,15.0925,37.4918
2019-05-19 20-59-05,332,15.0528,37.4918
2019-05-19 20-59-07,332,15.0375,37.5051
2019-05-19 20-59-09,330,15.0925,37.5051
2019-05-19 20-59-11,331,15.1947,37.4758
2019-05-19 20-59-13,332,15.1581,37.4357
2019-05-19 20-59-15,332,15.2084,37.393
2019-05-19 20-59-17,332,15.1901,37.3796
2019-05-19 20-59-21,331,15.2435,37.3075
2019-05-19 20-59-23,331,15.3275,37.2942
2019-05-19 20-59-25,330,15.2725,37.2381
2019-05-19 20-59-27,330,15.358,37.1954
2019-05-19 20-59-29,329,15.4312,37.182
2019-05-19 20-59-31,329,15.4312,37.1954
2019-05-19 20-59-33,328,15.4282,37.1687
2019-05-19 20-59-37,328,15.3946,37.1527
2019-05-19 20-59-39,327,15.4099,37.1527
2019-05-19 20-59-41,327,15.4633,37.1527
2019-05-19 20-59-43,326,15.4465,37.1527
2019-05-19 20-59-45,325,15.4266,37.126
2019-05-19 20-59-47,324,15.3732,37.1687
2019-05-19 20-59-49,324,15.358,37.1954
2019-05-19 20-59-51,324,15.3778,37.2248
2019-05-19 20-59-55,323,15.3625,37.2515
2019-05-19 20-59-57,323,15.3442,37.2515
2019-05-19 20-59-59,324,15.3259,37.2515
2019-05-19 21-00-01,324,15.4175,37.2648
2019-05-19 21-00-03,324,15.4358,37.2942
2019-05-19 21-00-05,323,15.2939,37.3075
2019-05-19 21-00-07,323,15.2954,37.3503
2019-05-19 21-00-09,323,15.332,37.3636
2019-05-19 21-00-13,323,15.2618,37.3503
2019-05-19 21-00-15,323,15.2634,37.3796
2019-05-19 21-00-17,323,15.2451,37.3636
2019-05-19 21-00-19,323,15.2252,37.3796
2019-05-19 21-00-21,323,15.1215,37.393
2019-05-19 21-00-23,324,15.1749,37.393
2019-05-19 21-00-25,326,15.1901,37.3796
2019-05-19 21-00-27,326,15.2802,37.3796
2019-05-19 21-00-31,326,15.2115,37.4357
2019-05-19 21-00-33,326,15.2267,37.4197
2019-05-19 21-00-35,326,15.1581,37.4357
2019-05-19 21-00-37,326,15.1749,37.4197
2019-05-19 21-00-39,326,15.2115,37.4197
2019-05-19 21-00-41,326,15.2298,37.4357
2019-05-19 21-00-43,326,15.2298,37.4491
2019-05-19 21-00-45,326,15.2115,37.4491
2019-05-19 21-00-49,326,15.2298,37.4491
2019-05-19 21-00-51,326,15.213,37.4758
2019-05-19 21-00-53,327,15.2496,37.4624
2019-05-19 21-00-55,324,15.3214,37.4918
2019-05-19 21-00-57,325,15.4312,37.5212
2019-05-19 21-00-59,326,15.4831,37.5051
2019-05-19 21-01-01,326,15.4282,37.4758
2019-05-19 21-01-03,326,15.4129,37.5051
2019-05-19 21-01-07,327,15.3397,37.4758
2019-05-19 21-01-09,327,15.3,37.4357
2019-05-19 21-01-11,328,15.4587,37.393
2019-05-19 21-01-13,329,15.3854,37.3636
2019-05-19 21-01-16,328,15.4053,37.3636
2019-05-19 21-01-18,328,15.3854,37.3636
2019-05-19 21-01-20,327,15.4404,37.3796
2019-05-19 21-01-24,327,15.5869,37.4197
2019-05-19 21-01-26,327,15.5518,37.4624
2019-05-19 21-01-28,327,15.6052,37.4357
2019-05-19 21-01-30,327,15.6387,37.4357
2019-05-19 21-01-32,327,15.6204,37.4357
2019-05-19 21-01-34,326,15.6555,37.4197
2019-05-19 21-01-36,326,15.6555,37.4197
2019-05-19 21-01-38,325,15.6021,37.4197
2019-05-19 21-01-42,325,15.5289,37.393
2019-05-19 21-01-44,325,15.5701,37.4491
2019-05-19 21-01-46,325,15.5869,37.4197
2019-05-19 21-01-48,325,15.5838,37.393
2019-05-19 21-01-50,325,15.5685,37.4197
2019-05-19 21-01-52,325,15.6021,37.4197
2019-05-19 21-01-54,325,15.6189,37.393
2019-05-19 21-01-56,326,15.5289,37.393
2019-05-19 21-02-00,326,15.6021,37.4063
2019-05-19 21-02-02,326,15.5472,37.3636
2019-05-19 21-02-04,326,15.5273,37.3636
2019-05-19 21-02-06,326,15.5792,37.3236
2019-05-19 21-02-08,326,15.6342,37.3503
2019-05-19 21-02-10,326,15.6143,37.3075
2019-05-19 21-02-12,326,15.6326,37.2942
2019-05-19 21-02-14,325,15.6799,37.2381
2019-05-19 21-02-18,325,15.7013,37.2248
2019-05-19 21-02-20,325,15.6616,37.2248
2019-05-19 21-02-22,325,15.6464,37.2248
2019-05-19 21-02-24,323,15.6479,37.2942
2019-05-19 21-02-26,322,15.6006,37.3503
2019-05-19 21-02-28,323,15.5838,37.4063
2019-05-19 21-02-30,322,15.5685,37.4197
2019-05-19 21-02-32,322,15.5319,37.4624
2019-05-19 21-02-36,323,15.4816,37.4918
2019-05-19 21-02-38,323,15.4129,37.5051
2019-05-19 21-02-40,323,15.4831,37.5345
2019-05-19 21-02-42,324,15.4327,37.5639
2019-05-19 21-02-44,324,15.4358,37.5906
2019-05-19 21-02-46,323,15.3595,37.5639
2019-05-19 21-02-48,325,15.3076,37.5639
2019-05-19 21-02-50,325,15.3091,37.6066
2019-05-19 21-02-54,324,15.2939,37.6066
2019-05-19 21-02-56,324,15.3809,37.6333
2019-05-19 21-02-58,324,15.2756,37.62
2019-05-19 21-03-00,324,15.3091,37.6066
2019-05-19 21-03-02,325,15.3641,37.6333
2019-05-19 21-03-04,326,15.3625,37.6066
2019-05-19 21-03-06,326,15.3458,37.62
2019-05-19 21-03-08,326,15.2939,37.6333
2019-05-19 21-03-12,326,15.3625,37.6066
2019-05-19 21-03-14,326,15.3625,37.62
2019-05-19 21-03-16,326,15.3625,37.6066
2019-05-19 21-03-18,325,15.3778,37.5906
2019-05-19 21-03-20,325,15.3259,37.5772
2019-05-19 21-03-22,325,15.3091,37.5906
2019-05-19 21-03-24,325,15.3076,37.5505
2019-05-19 21-03-28,325,15.3595,37.5772
2019-05-19 21-03-30,325,15.2908,37.5639
2019-05-19 21-03-32,325,15.3412,37.5505
2019-05-19 21-03-34,325,15.3915,37.5212
2019-05-19 21-03-36,324,15.3915,37.5212
2019-05-19 21-03-38,324,15.39,37.4758
2019-05-19 21-03-40,323,15.3046,37.5212
2019-05-19 21-03-42,324,15.3214,37.4918
2019-05-19 21-03-46,324,15.303,37.4491
2019-05-19 21-03-48,324,15.3168,37.393
2019-05-19 21-03-50,324,15.2985,37.3636
2019-05-19 21-03-52,324,15.3641,37.3236
2019-05-19 21-03-54,324,15.4358,37.2942
2019-05-19 21-03-56,324,15.506,37.3075
2019-05-19 21-03-58,324,15.6113,37.2648
2019-05-19 21-04-00,323,15.6296,37.2808
2019-05-19 21-04-04,323,15.596,37.2942
2019-05-19 21-04-06,323,15.5472,37.3503
2019-05-19 21-04-08,322,15.6342,37.3503
2019-05-19 21-04-10,322,15.6006,37.3796
2019-05-19 21-04-12,321,15.6372,37.4063
2019-05-19 21-04-14,321,15.6021,37.4063
2019-05-19 21-04-16,321,15.6754,37.4624
2019-05-19 21-04-18,321,15.6235,37.4758
2019-05-19 21-04-22,321,15.625,37.5051
2019-05-19 21-04-24,321,15.6433,37.5212
2019-05-19 21-04-26,321,15.6097,37.5505
2019-05-19 21-04-28,321,15.5746,37.5505
2019-05-19 21-04-30,321,15.596,37.6066
2019-05-19 21-04-32,321,15.5777,37.6066
2019-05-19 21-04-34,322,15.5228,37.62
2019-05-19 21-04-38,322,15.5243,37.6627
2019-05-19 21-04-40,322,15.4739,37.676
2019-05-19 21-04-42,322,15.4739,37.6627
2019-05-19 21-04-44,323,15.4907,37.676
2019-05-19 21-04-46,324,15.5243,37.6627
2019-05-19 21-04-48,324,15.506,37.6467
2019-05-19 21-04-50,324,15.4556,37.6467
2019-05-19 21-04-52,323,15.4739,37.6627
2019-05-19 21-04-56,323,15.4007,37.6894
2019-05-19 21-04-58,322,15.4907,37.6627
2019-05-19 21-05-00,322,15.4221,37.6627
2019-05-19 21-05-02,322,15.4404,37.6894
2019-05-19 21-05-04,321,15.4221,37.6627
2019-05-19 21-05-06,321,15.4739,37.676
2019-05-19 21-05-08,321,15.4404,37.676
2019-05-19 21-05-10,322,15.4724,37.62
2019-05-19 21-05-14,322,15.451,37.5639
2019-05-19 21-05-16,322,15.4861,37.5639
2019-05-19 21-05-18,323,15.4465,37.4918
2019-05-19 21-05-20,322,15.5289,37.4197
2019-05-19 21-05-22,323,15.6021,37.4197
2019-05-19 21-05-24,323,15.6006,37.3796
2019-05-19 21-05-26,323,15.5838,37.4063
2019-05-19 21-05-28,322,15.5289,37.4197
2019-05-19 21-05-32,321,15.4953,37.4063
2019-05-19 21-05-34,320,15.5136,37.4197
2019-05-19 21-05-36,321,15.5655,37.3796
2019-05-19 21-05-38,322,15.6693,37.3369
2019-05-19 21-05-40,322,15.683,37.2942
2019-05-19 21-05-42,321,15.6662,37.3075
2019-05-19 21-05-44,319,15.683,37.2808
2019-05-19 21-05-48,319,15.7761,37.3236
2019-05-19 21-05-50,317,15.8661,37.3369
2019-05-19 21-05-52,318,15.8676,37.3636
2019-05-19 21-05-54,318,15.9042,37.393
2019-05-19 21-05-56,318,15.7791,37.393
2019-05-19 21-05-58,317,15.7104,37.4063
2019-05-19 21-06-00,318,15.6204,37.4197
2019-05-19 21-06-02,317,15.5869,37.4197
2019-05-19 21-06-06,317,15.5869,37.4197
2019-05-19 21-06-08,316,15.744,37.4197
2019-05-19 21-06-10,316,15.7623,37.4197
2019-05-19 21-06-12,316,15.7288,37.4357
2019-05-19 21-06-14,316,15.7806,37.4197
2019-05-19 21-06-16,316,15.8524,37.4624
2019-05-19 21-06-18,315,15.799,37.4624
2019-05-19 21-06-20,315,15.7669,37.5051
2019-05-19 21-06-25,316,15.8218,37.5639
2019-05-19 21-06-27,315,15.7196,37.5639
2019-05-19 21-06-29,316,15.6982,37.5772
2019-05-19 21-06-31,317,15.7196,37.5906
2019-05-19 21-06-33,317,15.6662,37.62
2019-05-19 21-06-35,317,15.7379,37.6066
2019-05-19 21-06-37,318,15.7394,37.62
2019-05-19 21-06-39,318,15.6845,37.6333
2019-05-19 21-06-43,318,15.6509,37.6467
2019-05-19 21-06-45,318,15.6509,37.676
2019-05-19 21-06-47,319,15.6326,37.6467
2019-05-19 21-06-49,318,15.5975,37.6333
2019-05-19 21-06-51,318,15.6326,37.6333
2019-05-19 21-06-53,319,15.7196,37.5772
2019-05-19 21-06-55,320,15.8066,37.5639
2019-05-19 21-06-59,320,15.7532,37.5505
2019-05-19 21-07-01,320,15.7349,37.5345
2019-05-19 21-07-03,320,15.7669,37.5212
2019-05-19 21-07-05,320,15.7486,37.5051
2019-05-19 21-07-07,320,15.7486,37.5051
2019-05-19 21-07-09,320,15.802,37.4918
2019-05-19 21-07-11,320,15.8524,37.4357
2019-05-19 21-07-13,320,15.9393,37.4063
2019-05-19 21-07-17,320,16.0309,37.4063
2019-05-19 21-07-19,319,15.9576,37.4063
2019-05-19 21-07-21,318,15.976,37.4063
2019-05-19 21-07-23,318,15.976,37.4357
2019-05-19 21-07-25,317,15.889,37.4491
2019-05-19 21-07-27,317,15.8905,37.4624
2019-05-19 21-07-29,316,15.9088,37.4918
2019-05-19 21-07-31,315,15.8752,37.5051
2019-05-19 21-07-35,315,15.9271,37.5212
2019-05-19 21-07-37,315,15.8752,37.5051
2019-05-19 21-07-39,316,15.8386,37.5212
2019-05-19 21-07-41,317,15.8173,37.4624
2019-05-19 21-07-43,317,15.8203,37.4918
2019-05-19 21-07-45,317,15.7837,37.4918
2019-05-19 21-07-47,315,15.8569,37.5345
2019-05-19 21-07-49,315,15.8203,37.5212
2019-05-19 21-07-53,315,15.77,37.5505
2019-05-19 21-07-55,314,15.8401,37.5639
2019-05-19 21-07-57,315,15.8066,37.5906
2019-05-19 21-07-59,315,15.8585,37.5906
2019-05-19 21-08-01,315,15.8798,37.6066
2019-05-19 21-08-03,315,15.9683,37.6066
2019-05-19 21-08-05,316,15.9897,37.6627
2019-05-19 21-08-07,317,16.0217,37.6066
2019-05-19 21-08-11,318,16.0553,37.5505
2019-05-19 21-08-13,318,16.0355,37.5212
2019-05-19 21-08-15,317,16.0355,37.5212
2019-05-19 21-08-17,316,16.0172,37.5345
2019-05-19 21-08-19,316,16.0172,37.5212
2019-05-19 21-08-21,316,15.9805,37.5051
2019-05-19 21-08-23,315,16.0721,37.5212
2019-05-19 21-08-27,315,16.0721,37.5212
2019-05-19 21-08-29,315,16.0721,37.5212
2019-05-19 21-08-31,316,16.037,37.5505
2019-05-19 21-08-33,316,16.0553,37.5505
2019-05-19 21-08-35,316,16.0553,37.5639
2019-05-19 21-08-37,316,16.0721,37.5345
2019-05-19 21-08-39,316,16.0721,37.5345
2019-05-19 21-08-41,316,16.037,37.5505
2019-05-19 21-08-45,316,16.1041,37.4918
2019-05-19 21-08-47,316,16.1377,37.4491
2019-05-19 21-08-49,317,16.1377,37.4758
2019-05-19 21-08-51,316,16.0507,37.4624
2019-05-19 21-08-53,316,16.0675,37.4491
2019-05-19 21-08-55,315,16.1194,37.4357
2019-05-19 21-08-57,315,16.0309,37.4197
2019-05-19 21-08-59,315,16.1011,37.4197
2019-05-19 21-09-03,315,16.0278,37.393
2019-05-19 21-09-05,315,16.008,37.3636
2019-05-19 21-09-07,314,16.008,37.3503
2019-05-19 21-09-09,315,16.1133,37.3369
2019-05-19 21-09-11,316,16.0233,37.3075
2019-05-19 21-09-13,315,16.0263,37.3236
2019-05-19 21-09-15,314,16.1285,37.3075
2019-05-19 21-09-17,313,16.1133,37.3369
2019-05-19 21-09-21,312,16.0965,37.3636
2019-05-19 21-09-23,312,16.0278,37.393
2019-05-19 21-09-25,312,15.976,37.4063
2019-05-19 21-09-27,312,15.9225,37.4063
2019-05-19 21-09-29,312,15.8859,37.393
2019-05-19 21-09-31,312,15.976,37.4063
2019-05-19 21-09-33,312,15.976,37.4357
2019-05-19 21-09-35,313,16.0095,37.4197
2019-05-19 21-09-39,314,16.0492,37.4491
2019-05-19 21-09-41,315,16.0461,37.4063
2019-05-19 21-09-43,314,16.0309,37.4063
2019-05-19 21-09-45,315,16.0629,37.3636
2019-05-19 21-09-47,315,15.9897,37.3503
2019-05-19 21-09-49,315,16.1133,37.3369
2019-05-19 21-09-51,315,16.1133,37.3369
2019-05-19 21-09-55,315,16.1148,37.3503
2019-05-19 21-09-57,315,16.008,37.3636
2019-05-19 21-09-59,315,16.0095,37.4197
2019-05-19 21-10-01,314,16.0095,37.4063
2019-05-19 21-10-03,313,16.0309,37.4197
2019-05-19 21-10-05,313,15.9958,37.4624
2019-05-19 21-10-07,312,15.9775,37.4758
2019-05-19 21-10-09,313,15.8936,37.5212
2019-05-19 21-10-13,313,15.8936,37.5051
2019-05-19 21-10-15,315,15.8905,37.4624
2019-05-19 21-10-17,315,15.9256,37.4758
2019-05-19 21-10-19,316,15.9256,37.4758
2019-05-19 21-10-21,316,15.9256,37.4624
2019-05-19 21-10-23,317,15.8905,37.4758
2019-05-19 21-10-25,317,15.9088,37.5051
2019-05-19 21-10-27,318,15.8905,37.4758
2019-05-19 21-10-31,317,15.8905,37.4758
2019-05-19 21-10-33,317,15.8752,37.4918
2019-05-19 21-10-35,317,15.9088,37.4758
2019-05-19 21-10-37,317,15.8203,37.4918
2019-05-19 21-10-39,316,15.8752,37.5212
2019-05-19 21-10-41,316,15.8752,37.5212
2019-05-19 21-10-43,316,15.9119,37.5505
2019-05-19 21-10-45,317,15.8768,37.5639
2019-05-19 21-10-49,317,15.8768,37.5345
2019-05-19 21-10-51,317,15.8585,37.5639
2019-05-19 21-10-53,318,15.8569,37.5345
2019-05-19 21-10-55,319,15.9088,37.5051
2019-05-19 21-10-57,320,15.9958,37.4918
2019-05-19 21-10-59,321,15.9592,37.4624
2019-05-19 21-11-01,321,15.9439,37.4624
2019-05-19 21-11-03,320,16.0507,37.4758
2019-05-19 21-11-07,319,15.9775,37.4624
2019-05-19 21-11-09,318,15.9592,37.4624
2019-05-19 21-11-11,319,15.9622,37.4758
2019-05-19 21-11-13,320,15.9409,37.4357
2019-05-19 21-11-15,319,15.9393,37.4063
2019-05-19 21-11-17,319,15.9729,37.393
2019-05-19 21-11-19,318,16.008,37.3636
2019-05-19 21-11-21,319,16.008,37.3503
2019-05-19 21-11-25,318,15.9714,37.3369
2019-05-19 21-11-27,318,16.0629,37.3796
2019-05-19 21-11-29,318,16.0599,37.3236
2019-05-19 21-11-31,317,15.918,37.3236
2019-05-19 21-11-34,316,15.9714,37.3503
2019-05-19 21-11-36,316,15.9866,37.3236
2019-05-19 21-11-38,317,15.9866,37.3236
2019-05-19 21-11-40,317,15.9027,37.3636
2019-05-19 21-11-44,317,15.8997,37.3236
2019-05-19 21-11-46,317,15.9531,37.3236
2019-05-19 21-11-48,317,15.9348,37.2942
2019-05-19 21-11-50,317,15.95,37.2808
2019-05-19 21-11-52,316,15.8798,37.2648
2019-05-19 21-11-54,317,16.0553,37.2248
2019-05-19 21-11-56,317,16.0538,37.182
2019-05-19 21-12-00,317,16.1194,37.126
2019-05-19 21-12-02,317,16.1224,37.1687
2019-05-19 21-12-04,316,16.1224,37.182
2019-05-19 21-12-06,316,16.1926,37.1527
2019-05-19 21-12-08,315,16.214,37.1954
2019-05-19 21-12-10,313,16.2643,37.182
2019-05-19 21-12-12,313,16.3559,37.1954
2019-05-19 21-12-14,312,16.3391,37.1954
2019-05-19 21-12-18,312,16.2506,37.2381
2019-05-19 21-12-20,311,16.2369,37.2808
2019-05-19 21-12-22,311,16.2201,37.3075
2019-05-19 21-12-24,311,16.1865,37.3503
2019-05-19 21-12-26,311,16.1148,37.3636
2019-05-19 21-12-28,310,16.1362,37.4063
2019-05-19 21-12-30,310,16.0995,37.3796
2019-05-19 21-12-32,309,16.0492,37.4197
2019-05-19 21-12-36,311,16.1011,37.4197
2019-05-19 21-12-38,311,16.0645,37.4197
2019-05-19 21-12-40,311,16.0858,37.4624
2019-05-19 21-12-42,311,16.0309,37.4357
2019-05-19 21-12-44,312,16.0324,37.4491
2019-05-19 21-12-46,312,16.0492,37.4491
2019-05-19 21-12-48,312,16.0309,37.4357
2019-05-19 21-12-50,312,16.0095,37.4197
2019-05-19 21-12-54,311,16.0492,37.4491
2019-05-19 21-12-56,312,16.0126,37.4491
2019-05-19 21-12-58,312,15.9958,37.4758
2019-05-19 21-13-00,312,16.0324,37.4758
2019-05-19 21-13-02,314,15.9622,37.4758
2019-05-19 21-13-04,315,15.9943,37.4491
2019-05-19 21-13-06,317,16.1011,37.4357
2019-05-19 21-13-08,317,16.0828,37.4197
2019-05-19 21-13-12,316,16.0492,37.4197
2019-05-19 21-13-14,315,16.0858,37.4624
2019-05-19 21-13-16,315,16.0324,37.4624
2019-05-19 21-13-18,317,16.1041,37.4918
2019-05-19 21-13-20,318,16.0858,37.4758
2019-05-19 21-13-22,319,16.0507,37.4624
2019-05-19 21-13-24,321,16.1545,37.4624
2019-05-19 21-13-26,320,16.1545,37.4624
2019-05-19 21-13-30,320,16.1377,37.4624
2019-05-19 21-13-32,320,16.1224,37.4758
2019-05-19 21-13-34,320,16.0324,37.4624
2019-05-19 21-13-36,320,16.0507,37.4758
2019-05-19 21-13-38,321,16.1743,37.4491
2019-05-19 21-13-40,321,16.1362,37.4197
2019-05-19 21-13-42,321,16.1362,37.4063
2019-05-19 21-13-46,321,16.1514,37.4063
2019-05-19 21-13-48,320,16.1331,37.393
2019-05-19 21-13-50,319,16.1179,37.393
2019-05-19 21-13-52,320,16.1499,37.3636
2019-05-19 21-13-54,319,16.0812,37.393
2019-05-19 21-13-56,319,16.0812,37.393
2019-05-19 21-13-58,319,16.1179,37.4063
2019-05-19 21-14-00,319,15.9912,37.393
2019-05-19 21-14-04,320,16.1148,37.3503
2019-05-19 21-14-06,320,16.0965,37.3369
2019-05-19 21-14-08,321,16.2369,37.2942
2019-05-19 21-14-10,321,16.2552,37.3075
2019-05-19 21-14-12,321,16.2689,37.2648
2019-05-19 21-14-14,322,16.2872,37.2648
2019-05-19 21-14-16,322,16.3055,37.2648
2019-05-19 21-14-18,321,16.3254,37.2942
2019-05-19 21-14-22,320,16.2888,37.3075
2019-05-19 21-14-24,320,16.2888,37.3236
2019-05-19 21-14-26,320,16.2888,37.3236
2019-05-19 21-14-28,320,16.2384,37.3236
2019-05-19 21-14-30,320,16.2521,37.2942
2019-05-19 21-14-32,319,16.2918,37.3636
2019-05-19 21-14-34,319,16.3437,37.2942
2019-05-19 21-14-36,320,16.3071,37.3236
2019-05-19 21-14-40,320,16.3467,37.3369
2019-05-19 21-14-42,320,16.3437,37.2942
2019-05-19 21-14-44,319,16.3803,37.3369
2019-05-19 21-14-46,319,16.3467,37.3503
2019-05-19 21-14-48,320,16.3651,37.3636
2019-05-19 21-14-50,320,16.275,37.393
2019-05-19 21-14-52,320,16.2933,37.393
2019-05-19 21-14-54,320,16.2933,37.4063
2019-05-19 21-14-58,321,16.2933,37.3796
2019-05-19 21-15-00,321,16.333,37.393
2019-05-19 21-15-02,321,16.3345,37.4357
2019-05-19 21-15-04,321,16.2964,37.4491
2019-05-19 21-15-06,321,16.2964,37.4491
2019-05-19 21-15-08,322,16.3513,37.4357
2019-05-19 21-15-10,322,16.2598,37.4197
2019-05-19 21-15-12,322,16.243,37.4357
2019-05-19 21-15-16,322,16.2964,37.4197
2019-05-19 21-15-18,322,16.275,37.3636
2019-05-19 21-15-20,322,16.2933,37.393
2019-05-19 21-15-22,322,16.2735,37.3369
2019-05-19 21-15-24,322,16.2552,37.3075
2019-05-19 21-15-26,322,16.3284,37.3075
2019-05-19 21-15-28,323,16.2521,37.2808
2019-05-19 21-15-32,322,16.3605,37.2648
2019-05-19 21-15-34,322,16.3422,37.2515
2019-05-19 21-15-36,321,16.3422,37.2381
2019-05-19 21-15-38,321,16.3025,37.2381
2019-05-19 21-15-40,320,16.2506,37.2515
2019-05-19 21-15-42,321,16.2842,37.2381
2019-05-19 21-15-44,321,16.3895,37.1687
2019-05-19 21-15-46,321,16.4108,37.2248
2019-05-19 21-15-50,319,16.4841,37.2381
2019-05-19 21-15-52,319,16.4261,37.2087
2019-05-19 21-15-54,319,16.4291,37.2381
2019-05-19 21-15-56,319,16.3742,37.1954
2019-05-19 21-15-58,320,16.4581,37.1527
2019-05-19 21-16-00,320,16.4566,37.1126
2019-05-19 21-16-02,319,16.4795,37.1527
2019-05-19 21-16-04,319,16.4246,37.1687
2019-05-19 21-16-08,319,16.3712,37.1527
2019-05-19 21-16-10,319,16.4246,37.1687
2019-05-19 21-16-12,318,16.4261,37.1954
2019-05-19 21-16-14,318,16.3925,37.2248
2019-05-19 21-16-16,318,16.4444,37.2381
2019-05-19 21-16-18,318,16.4444,37.2381
2019-05-19 21-16-20,318,16.4078,37.2087
2019-05-19 21-16-22,317,16.3757,37.2515
2019-05-19 21-16-26,318,16.394,37.2648
2019-05-19 21-16-28,317,16.4108,37.2515
2019-05-19 21-16-30,318,16.3574,37.2515
2019-05-19 21-16-32,317,16.3757,37.2648
2019-05-19 21-16-34,318,16.3574,37.2515
2019-05-19 21-16-36,318,16.394,37.2648
2019-05-19 21-16-38,317,16.3971,37.2942
2019-05-19 21-16-40,317,16.362,37.3075
2019-05-19 21-16-45,318,16.4307,37.3075
2019-05-19 21-16-47,318,16.3467,37.3369
2019-05-19 21-16-49,318,16.3651,37.3503
2019-05-19 21-16-51,318,16.4169,37.3796
2019-05-19 21-16-53,319,16.4536,37.3796
2019-05-19 21-16-55,320,16.4352,37.393
2019-05-19 21-16-57,321,16.3834,37.3796
2019-05-19 21-16-59,320,16.3834,37.3796
2019-05-19 21-17-03,320,16.333,37.4063
2019-05-19 21-17-05,321,16.33,37.3636
2019-05-19 21-17-07,322,16.3284,37.3369
2019-05-19 21-17-09,323,16.362,37.3236
2019-05-19 21-17-11,323,16.3971,37.2942
2019-05-19 21-17-13,323,16.4444,37.2381
2019-05-19 21-17-15,323,16.4627,37.2248
2019-05-19 21-17-19,322,16.4993,37.2248
2019-05-19 21-17-21,321,16.4291,37.2515
2019-05-19 21-17-23,321,16.4307,37.2808
2019-05-19 21-17-25,321,16.4658,37.2648
2019-05-19 21-17-27,320,16.3925,37.2381
2019-05-19 21-17-29,320,16.4627,37.2381
2019-05-19 21-17-31,320,16.4291,37.2515
2019-05-19 21-17-33,319,16.4474,37.2515
2019-05-19 21-17-37,318,16.4658,37.2942
2019-05-19 21-17-39,319,16.4337,37.3236
2019-05-19 21-17-41,320,16.4307,37.3075
2019-05-19 21-17-43,319,16.3803,37.3236
2019-05-19 21-17-45,320,16.3788,37.3075
2019-05-19 21-17-47,320,16.4673,37.3236
2019-05-19 21-17-49,318,16.3971,37.3075
2019-05-19 21-17-51,318,16.3986,37.3369
2019-05-19 21-17-55,319,16.4124,37.2942
2019-05-19 21-17-57,319,16.3651,37.3369
2019-05-19 21-17-59,318,16.3651,37.3369
2019-05-19 21-18-01,319,16.3467,37.3369
2019-05-19 21-18-03,319,16.3803,37.3369
2019-05-19 21-18-05,318,16.3483,37.393
2019-05-19 21-18-07,318,16.2567,37.3369
2019-05-19 21-18-09,317,16.3101,37.3636
2019-05-19 21-18-13,318,16.3483,37.3796
2019-05-19 21-18-15,319,16.33,37.3636
2019-05-19 21-18-17,319,16.2918,37.3503
2019-05-19 21-18-19,320,16.3971,37.3075
2019-05-19 21-18-21,320,16.3971,37.3236
2019-05-19 21-18-23,319,16.2735,37.3369
2019-05-19 21-18-25,318,16.2567,37.3503
2019-05-19 21-18-27,318,16.3101,37.3796
2019-05-19 21-18-31,318,16.243,37.4063
2019-05-19 21-18-33,318,16.2781,37.4197
2019-05-19 21-18-35,319,16.333,37.4197
2019-05-19 21-18-37,320,16.2964,37.4197
2019-05-19 21-18-39,320,16.2964,37.4197
2019-05-19 21-18-41,321,16.243,37.4357
2019-05-19 21-18-43,321,16.2277,37.4491
2019-05-19 21-18-47,321,16.2109,37.4758
2019-05-19 21-18-49,322,16.1377,37.4758
2019-05-19 21-18-51,321,16.1926,37.4491
2019-05-19 21-18-53,321,16.2643,37.4624
2019-05-19 21-18-55,320,16.1743,37.4624
2019-05-19 21-18-57,320,16.246,37.4758
2019-05-19 21-18-59,320,16.1926,37.4491
2019-05-19 21-19-01,320,16.2613,37.4491
2019-05-19 21-19-05,320,16.2964,37.4491
2019-05-19 21-19-07,320,16.2613,37.4357
2019-05-19 21-19-09,320,16.2598,37.4197
2019-05-19 21-19-11,321,16.1697,37.3796
2019-05-19 21-19-13,321,16.2918,37.3503
2019-05-19 21-19-15,322,16.3284,37.3236
2019-05-19 21-19-17,322,16.2888,37.3236
2019-05-19 21-19-19,322,16.394,37.2515
2019-05-19 21-19-23,321,16.3574,37.2515
2019-05-19 21-19-25,321,16.3757,37.2515
2019-05-19 21-19-27,321,16.4444,37.2248
2019-05-19 21-19-29,321,16.3422,37.2648
2019-05-19 21-19-31,321,16.4108,37.2248
2019-05-19 21-19-33,321,16.4429,37.182
2019-05-19 21-19-35,321,16.4215,37.1393
2019-05-19 21-19-37,321,16.5253,37.0539
2019-05-19 21-19-41,322,16.5222,37.0111
2019-05-19 21-19-43,322,16.5527,36.9257
2019-05-19 21-19-45,321,16.5863,36.9123
2019-05-19 21-19-47,320,16.6046,36.9123
2019-05-19 21-19-49,319,16.5527,36.9123
2019-05-19 21-19-51,318,16.5863,36.883
2019-05-19 21-19-53,317,16.4978,36.8696
2019-05-19 21-19-55,316,16.4978,36.8696
2019-05-19 21-19-59,315,16.5497,36.8563
2019-05-19 21-20-01,313,16.5482,36.8135
2019-05-19 21-20-03,313,16.5482,36.8269
2019-05-19 21-20-05,312,16.5665,36.8429
2019-05-19 21-20-07,312,16.5497,36.8696
2019-05-19 21-20-09,313,16.6031,36.883
2019-05-19 21-20-11,313,16.5863,36.883
2019-05-19 21-20-15,313,16.568,36.899
2019-05-19 21-20-17,313,16.568,36.8696
2019-05-19 21-20-19,314,16.5161,36.8563
2019-05-19 21-20-21,314,16.4795,36.8429
2019-05-19 21-20-23,314,16.5634,36.8135
2019-05-19 21-20-25,312,16.6214,36.8269
2019-05-19 21-20-27,312,16.6733,36.8269
2019-05-19 21-20-29,312,16.6367,36.8135
2019-05-19 21-20-33,312,16.6214,36.8269
2019-05-19 21-20-35,312,16.5848,36.8563
2019-05-19 21-20-37,313,16.6397,36.8563
2019-05-19 21-20-39,313,16.6412,36.883
2019-05-19 21-20-41,313,16.6412,36.883
2019-05-19 21-20-43,313,16.5344,36.899
2019-05-19 21-20-45,312,16.5863,36.9123
2019-05-19 21-20-47,312,16.6077,36.939
2019-05-19 21-20-51,313,16.571,36.939
2019-05-19 21-20-53,313,16.5543,36.9551
2019-05-19 21-20-55,314,16.5909,36.9978
2019-05-19 21-20-57,314,16.5405,37.0111
2019-05-19 21-20-59,315,16.4856,36.9818
2019-05-19 21-21-01,316,16.5253,37.0245
2019-05-19 21-21-03,317,16.5588,37.0378
2019-05-19 21-21-05,317,16.5405,36.9978
2019-05-19 21-21-09,316,16.5619,37.0699
2019-05-19 21-21-11,316,16.5253,37.0378
2019-05-19 21-21-13,316,16.4352,37.0699
2019-05-19 21-21-15,316,16.4719,37.0539
2019-05-19 21-21-17,317,16.4352,37.0378
2019-05-19 21-21-19,318,16.3971,36.9978
2019-05-19 21-21-21,318,16.4154,36.9978
2019-05-19 21-21-23,319,16.3803,36.9978
2019-05-19 21-21-27,319,16.4307,36.9818
2019-05-19 21-21-29,318,16.5222,36.9818
2019-05-19 21-21-31,318,16.4703,36.9978
2019-05-19 21-21-33,318,16.5039,36.9684
2019-05-19 21-21-35,317,16.5543,36.9551
2019-05-19 21-21-37,316,16.539,36.9551
2019-05-19 21-21-39,316,16.5207,36.9551
2019-05-19 21-21-43,316,16.4673,36.939
2019-05-19 21-21-45,316,16.4856,36.9551
2019-05-19 21-21-47,316,16.4673,36.9551
2019-05-19 21-21-49,316,16.571,36.939
2019-05-19 21-21-51,315,16.5359,36.939
2019-05-19 21-21-53,315,16.5039,36.9684
2019-05-19 21-21-55,314,16.4703,36.9978
2019-05-19 21-21-57,314,16.507,37.0245
2019-05-19 21-22-01,315,16.452,37.0245
2019-05-19 21-22-03,315,16.3834,37.0539
2019-05-19 21-22-05,315,16.3834,37.0539
2019-05-19 21-22-07,316,16.3834,37.0378
2019-05-19 21-22-09,316,16.3803,37.0111
2019-05-19 21-22-11,316,16.4886,36.9978
2019-05-19 21-22-13,316,16.5436,37.0378
2019-05-19 21-22-16,316,16.5588,37.0245
2019-05-19 21-22-20,317,16.5543,36.939
2019-05-19 21-22-22,317,16.6626,36.9684
2019-05-19 21-22-24,317,16.6595,36.9257
2019-05-19 21-22-26,317,16.6763,36.899
2019-05-19 21-22-28,317,16.713,36.899
2019-05-19 21-22-30,316,16.6763,36.8696
2019-05-19 21-22-32,316,16.6916,36.8696
2019-05-19 21-22-34,316,16.6595,36.9123
2019-05-19 21-22-38,316,16.7099,36.883
2019-05-19 21-22-40,316,16.6916,36.8696
2019-05-19 21-22-42,316,16.745,36.8429
2019-05-19 21-22-44,316,16.7816,36.8269
2019-05-19 21-22-46,316,16.8137,36.7868
2019-05-19 21-22-48,316,16.8289,36.7575
2019-05-19 21-22-50,317,16.8137,36.7868
2019-05-19 21-22-52,317,16.8457,36.7575
2019-05-19 21-22-56,316,16.8289,36.7575
2019-05-19 21-22-58,316,16.864,36.7575
2019-05-19 21-23-00,316,16.7953,36.7575
2019-05-19 21-23-02,315,16.8289,36.7441
2019-05-19 21-23-04,315,16.7953,36.7575
2019-05-19 21-23-06,316,16.7786,36.7868
2019-05-19 21-23-08,316,16.7374,36.7441
2019-05-19 21-23-10,316,16.7923,36.7441
2019-05-19 21-23-14,316,16.7404,36.7708
2019-05-19 21-23-16,316,16.7221,36.7575
2019-05-19 21-23-18,316,16.7603,36.8002
2019-05-19 21-23-20,316,16.7633,36.8135
2019-05-19 21-23-22,316,16.7419,36.8135
2019-05-19 21-23-24,316,16.8152,36.8269
2019-05-19 21-23-26,315,16.7236,36.8135
2019-05-19 21-23-30,316,16.7648,36.8563
2019-05-19 21-23-32,316,16.7084,36.8429
2019-05-19 21-23-34,317,16.7267,36.8429
2019-05-19 21-23-36,317,16.7419,36.8269
2019-05-19 21-23-38,317,16.7603,36.7868
2019-05-19 21-23-40,317,16.7923,36.7441
2019-05-19 21-23-42,317,16.774,36.7308
2019-05-19 21-23-44,318,16.8427,36.7147
2019-05-19 21-23-48,318,16.8091,36.7014
2019-05-19 21-23-50,318,16.7877,36.6453
2019-05-19 21-23-52,317,16.8564,36.6186
2019-05-19 21-23-54,317,16.8884,36.5732
2019-05-19 21-23-56,317,16.9098,36.5866
2019-05-19 21-23-58,317,16.8869,36.5438
2019-05-19 21-24-00,316,16.9388,36.5011
2019-05-19 21-24-02,317,16.9739,36.4878
2019-05-19 21-24-06,316,17.0624,36.4611
2019-05-19 21-24-08,315,17.0944,36.4317
2019-05-19 21-24-10,315,17.1448,36.405
2019-05-19 21-24-12,315,17.0944,36.405
2019-05-19 21-24-14,314,17.038,36.405
2019-05-19 21-24-16,313,17.0609,36.4183
2019-05-19 21-24-18,313,17.1112,36.3756
2019-05-19 21-24-20,313,17.0929,36.3756
2019-05-19 21-24-24,312,16.9693,36.405
2019-05-19 21-24-26,312,16.9846,36.3756
2019-05-19 21-24-28,312,16.951,36.3756
2019-05-19 21-24-30,312,16.983,36.3489
2019-05-19 21-24-32,312,16.9846,36.3623
2019-05-19 21-24-34,312,17.0563,36.3623
2019-05-19 21-24-36,312,17.0761,36.389
2019-05-19 21-24-40,312,17.0029,36.405
2019-05-19 21-24-42,311,17.0792,36.445
2019-05-19 21-24-44,311,16.9708,36.445
2019-05-19 21-24-46,312,17.0258,36.4878
2019-05-19 21-24-48,312,17.0288,36.5171
2019-05-19 21-24-50,312,16.925,36.5732
2019-05-19 21-24-52,313,16.7862,36.6026
2019-05-19 21-24-54,313,16.6962,36.6453
2019-05-19 21-24-58,314,16.7175,36.6747
2019-05-19 21-25-00,315,16.6672,36.7014
2019-05-19 21-25-02,316,16.6672,36.7147
2019-05-19 21-25-04,317,16.7221,36.7441
2019-05-19 21-25-06,318,16.7557,36.7014
2019-05-19 21-25-08,318,16.861,36.7147
2019-05-19 21-25-10,318,16.8427,36.7014
2019-05-19 21-25-12,319,16.8976,36.7575
2019-05-19 21-25-16,319,16.8457,36.7441
2019-05-19 21-25-18,320,16.9342,36.7308
2019-05-19 21-25-20,319,16.8823,36.7708
2019-05-19 21-25-22,319,16.8457,36.7575
2019-05-19 21-25-24,319,16.832,36.8002
2019-05-19 21-25-26,319,16.8503,36.8135
2019-05-19 21-25-28,319,16.8335,36.8269
2019-05-19 21-25-30,319,16.7816,36.8429
2019-05-19 21-25-34,320,16.7633,36.8269
2019-05-19 21-25-36,320,16.8182,36.8696
2019-05-19 21-25-38,320,16.7099,36.8563
2019-05-19 21-25-40,321,16.6718,36.8135
2019-05-19 21-25-42,321,16.6718,36.8002
2019-05-19 21-25-44,321,16.7053,36.8002
2019-05-19 21-25-46,322,16.7221,36.7708
2019-05-19 21-25-50,322,16.6504,36.7575
2019-05-19 21-25-52,321,16.7923,36.7441
2019-05-19 21-25-54,321,16.7953,36.7575
2019-05-19 21-25-56,320,16.864,36.7575
2019-05-19 21-25-58,320,16.832,36.7868
2019-05-19 21-26-00,319,16.8503,36.8135
2019-05-19 21-26-02,319,16.8518,36.8429
2019-05-19 21-26-04,319,16.8365,36.8696
2019-05-19 21-26-08,319,16.8182,36.8563
2019-05-19 21-26-10,319,16.8152,36.8429
2019-05-19 21-26-12,319,16.7999,36.8696
2019-05-19 21-26-14,319,16.8549,36.9123
2019-05-19 21-26-16,319,16.7679,36.9257
2019-05-19 21-26-18,319,16.8045,36.9551
2019-05-19 21-26-20,319,16.7725,36.9818
2019-05-19 21-26-22,319,16.7725,36.9818
2019-05-19 21-26-26,319,16.7511,36.9978
2019-05-19 21-26-28,319,16.7007,37.0245
2019-05-19 21-26-30,320,16.7191,37.0245
2019-05-19 21-26-32,320,16.6855,37.0699
2019-05-19 21-26-34,320,16.6534,37.0832
2019-05-19 21-26-36,321,16.5619,37.0832
2019-05-19 21-26-38,321,16.5985,37.0966
2019-05-19 21-26-40,322,16.6138,37.0966
2019-05-19 21-26-44,322,16.655,37.126
2019-05-19 21-26-46,322,16.687,37.0966
2019-05-19 21-26-48,322,16.6367,37.1126
2019-05-19 21-26-50,322,16.655,37.126
2019-05-19 21-26-52,323,16.6916,37.1687
2019-05-19 21-26-54,323,16.6397,37.1527
2019-05-19 21-26-56,323,16.6397,37.1527
2019-05-19 21-26-58,323,16.658,37.1687
2019-05-19 21-27-02,323,16.6031,37.182
2019-05-19 21-27-04,322,16.6031,37.182
2019-05-19 21-27-06,322,16.6214,37.2087
2019-05-19 21-27-08,322,16.5863,37.2087
2019-05-19 21-27-10,322,16.5863,37.2248
2019-05-19 21-27-12,324,16.5527,37.2248
2019-05-19 21-27-14,324,16.6046,37.2381
2019-05-19 21-27-18,325,16.5817,37.126
2019-05-19 21-27-20,325,16.5817,37.126
2019-05-19 21-27-22,325,16.6534,37.0966
2019-05-19 21-27-24,324,16.6733,37.1393
2019-05-19 21-27-26,323,16.6367,37.1393
2019-05-19 21-27-28,322,16.6733,37.1393
2019-05-19 21-27-30,323,16.6183,37.1527
2019-05-19 21-27-32,323,16.6733,37.1527
2019-05-19 21-27-36,323,16.6031,37.1954
2019-05-19 21-27-38,323,16.6397,37.182
2019-05-19 21-27-40,323,16.6031,37.1954
2019-05-19 21-27-42,323,16.5497,37.1954
2019-05-19 21-27-44,323,16.5161,37.2087
2019-05-19 21-27-47,323,16.5344,37.2087
2019-05-19 21-27-49,323,16.5527,37.2087
2019-05-19 21-27-51,323,16.4993,37.2087
2019-05-19 21-27-55,323,16.5161,37.2087
2019-05-19 21-27-57,323,16.5314,37.1687
2019-05-19 21-27-59,323,16.5863,37.1954
2019-05-19 21-28-01,323,16.568,37.182
2019-05-19 21-28-03,322,16.6763,37.2087
2019-05-19 21-28-05,322,16.6031,37.2087
2019-05-19 21-28-07,322,16.6183,37.182
2019-05-19 21-28-09,322,16.6183,37.1687
2019-05-19 21-28-13,322,16.655,37.1527
2019-05-19 21-28-15,322,16.655,37.126
2019-05-19 21-28-17,322,16.6855,37.0539
2019-05-19 21-28-19,323,16.6489,37.0245
2019-05-19 21-28-21,323,16.6672,37.0111
2019-05-19 21-28-23,323,16.7679,36.9257
2019-05-19 21-28-25,322,16.7862,36.9257
2019-05-19 21-28-27,321,16.8045,36.939
2019-05-19 21-28-31,320,16.7694,36.9551
2019-05-19 21-28-33,316,16.6809,36.9818
2019-05-19 21-28-35,313,16.6641,36.9978
2019-05-19 21-28-37,313,16.6321,37.0245
2019-05-19 21-28-39,317,16.6122,37.0245
2019-05-19 21-28-41,321,16.7175,37.0111
2019-05-19 21-28-43,321,16.7358,37.0245
2019-05-19 21-28-45,322,16.7175,36.9818
2019-05-19 21-28-49,322,16.7496,36.939
2019-05-19 21-28-51,321,16.7679,36.9257
2019-05-19 21-28-53,319,16.7648,36.883
2019-05-19 21-28-55,320,16.8182,36.883
2019-05-19 21-28-57,318,16.8015,36.899
2019-05-19 21-28-59,315,16.7694,36.939
2019-05-19 21-29-01,315,16.7496,36.939
2019-05-19 21-29-05,314,16.6962,36.939
2019-05-19 21-29-07,315,16.6962,36.9257
2019-05-19 21-29-09,314,16.7694,36.9551
2019-05-19 21-29-11,313,16.6992,36.9684
2019-05-19 21-29-13,314,16.6489,37.0111
2019-05-19 21-29-15,314,16.7542,37.0111
2019-05-19 21-29-17,313,16.6992,36.9818
2019-05-19 21-29-19,312,16.6824,37.0245
2019-05-19 21-29-23,312,16.7007,37.0378
2019-05-19 21-29-25,313,16.6672,37.0378
2019-05-19 21-29-27,313,16.6321,37.0245
2019-05-19 21-29-29,313,16.5939,37.0245
2019-05-19 21-29-31,315,16.5588,37.0245
2019-05-19 21-29-33,315,16.5268,37.0699
2019-05-19 21-29-35,316,16.5253,37.0539
2019-05-19 21-29-37,317,16.5268,37.0699
2019-05-19 21-29-41,318,16.5405,37.0245
2019-05-19 21-29-43,319,16.5619,37.0539
2019-05-19 21-29-45,318,16.5588,37.0111
2019-05-19 21-29-47,318,16.5405,37.0245
2019-05-19 21-29-49,318,16.5756,37.0245
2019-05-19 21-29-51,318,16.6092,36.9818
2019-05-19 21-29-53,319,16.6809,36.9684
2019-05-19 21-29-55,320,16.6809,36.9551
2019-05-19 21-29-59,319,16.6626,36.9551
2019-05-19 21-30-01,320,16.6779,36.939
2019-05-19 21-30-03,319,16.6763,36.883
2019-05-19 21-30-05,320,16.745,36.8696
2019-05-19 21-30-07,320,16.7633,36.8429
2019-05-19 21-30-09,319,16.8335,36.8429
2019-05-19 21-30-11,319,16.7816,36.8269
2019-05-19 21-30-15,320,16.7816,36.8269
2019-05-19 21-30-17,320,16.7633,36.8135
2019-05-19 21-30-19,320,16.6901,36.8002
2019-05-19 21-30-21,319,16.7404,36.7868
2019-05-19 21-30-23,319,16.7969,36.8135
2019-05-19 21-30-25,319,16.7404,36.7708
2019-05-19 21-30-27,319,16.7404,36.7868
2019-05-19 21-30-29,319,16.7786,36.8002
2019-05-19 21-30-33,318,16.7953,36.7868
2019-05-19 21-30-35,318,16.777,36.7575
2019-05-19 21-30-37,318,16.7587,36.7575
2019-05-19 21-30-39,318,16.8472,36.7708
2019-05-19 21-30-41,318,16.8289,36.7575
2019-05-19 21-30-43,318,16.8106,36.7575
2019-05-19 21-30-45,319,16.8976,36.7441
2019-05-19 21-30-47,319,16.9189,36.7441
2019-05-19 21-30-51,319,16.8961,36.7147
2019-05-19 21-30-53,319,16.951,36.688
2019-05-19 21-30-55,319,16.9159,36.7014
2019-05-19 21-30-57,319,16.893,36.6453
2019-05-19 21-30-59,319,16.893,36.6747
2019-05-19 21-31-01,318,16.8594,36.688
2019-05-19 21-31-03,318,16.893,36.6747
2019-05-19 21-31-05,317,16.8777,36.688
2019-05-19 21-31-09,317,16.8594,36.688
2019-05-19 21-31-11,318,16.8274,36.7147
2019-05-19 21-31-13,318,16.7725,36.688
2019-05-19 21-31-15,319,16.8411,36.6747
2019-05-19 21-31-17,319,16.9144,36.6747
2019-05-19 21-31-19,318,17.0166,36.6453
2019-05-19 21-31-21,318,16.951,36.688
2019-05-19 21-31-25,318,16.9876,36.7147
2019-05-19 21-31-27,317,17.0609,36.7868
2019-05-19 21-31-29,318,17.0105,36.8135
2019-05-19 21-31-31,318,17.012,36.8563
2019-05-19 21-31-33,317,16.9968,36.883
2019-05-19 21-31-35,319,16.9464,36.9257
2019-05-19 21-31-37,320,16.9647,36.9257
2019-05-19 21-31-39,321,16.9968,36.899
2019-05-19 21-31-43,321,16.9067,36.899
2019-05-19 21-31-45,320,16.9281,36.9257
2019-05-19 21-31-47,321,16.8594,36.9684
2019-05-19 21-31-49,320,16.9098,36.9684
2019-05-19 21-31-51,320,16.8777,37.0111
2019-05-19 21-31-53,320,16.893,36.9684
2019-05-19 21-31-55,320,16.861,37.0111
2019-05-19 21-31-57,320,16.8274,37.0378
2019-05-19 21-32-01,320,16.777,37.0832
2019-05-19 21-32-03,320,16.777,37.0832
2019-05-19 21-32-05,320,16.7221,37.0832
2019-05-19 21-32-07,321,16.7404,37.0832
2019-05-19 21-32-09,321,16.7404,37.1126
2019-05-19 21-32-11,322,16.7587,37.126
2019-05-19 21-32-13,322,16.832,37.1126
2019-05-19 21-32-15,322,16.7969,37.126
2019-05-19 21-32-19,322,16.7587,37.126
2019-05-19 21-32-21,322,16.7404,37.1126
2019-05-19 21-32-23,322,16.7419,37.126
2019-05-19 21-32-25,323,16.7587,37.0966
2019-05-19 21-32-27,322,16.7053,37.126
2019-05-19 21-32-29,322,16.7969,37.126
2019-05-19 21-32-31,322,16.7587,37.126
2019-05-19 21-32-35,321,16.7603,37.1527
2019-05-19 21-32-37,321,16.7419,37.1527
2019-05-19 21-32-39,321,16.6916,37.1687
2019-05-19 21-32-41,321,16.7267,37.182
2019-05-19 21-32-43,320,16.658,37.1954
2019-05-19 21-32-45,320,16.6412,37.2087
2019-05-19 21-32-47,320,16.6443,37.2381
2019-05-19 21-32-49,320,16.6412,37.2248
2019-05-19 21-32-53,321,16.6214,37.2248
2019-05-19 21-32-55,321,16.7313,37.2381
2019-05-19 21-32-57,321,16.7648,37.2381
2019-05-19 21-32-59,321,16.7282,37.2248
2019-05-19 21-33-01,321,16.6946,37.2087
2019-05-19 21-33-03,322,16.6763,37.1954
2019-05-19 21-33-05,322,16.7099,37.182
2019-05-19 21-33-07,323,16.745,37.1954
2019-05-19 21-33-11,323,16.7633,37.2087
2019-05-19 21-33-13,322,16.7267,37.1687
2019-05-19 21-33-15,322,16.7831,37.182
2019-05-19 21-33-17,322,16.6916,37.182
2019-05-19 21-33-19,321,16.7633,37.182
2019-05-19 21-33-21,321,16.7831,37.182
2019-05-19 21-33-23,321,16.745,37.1954
2019-05-19 21-33-26,321,16.7099,37.2087
2019-05-19 21-33-30,320,16.6946,37.1954
2019-05-19 21-33-32,320,16.6763,37.182
2019-05-19 21-33-34,320,16.7099,37.182
2019-05-19 21-33-36,320,16.7267,37.182
2019-05-19 21-33-38,320,16.7099,37.1954
2019-05-19 21-33-40,321,16.7404,37.0966
2019-05-19 21-33-42,321,16.8289,37.0699
2019-05-19 21-33-46,321,16.7191,37.0539
2019-05-19 21-33-48,320,16.777,37.0539
2019-05-19 21-33-50,320,16.7358,37.0245
2019-05-19 21-33-52,320,16.6992,36.9978
2019-05-19 21-33-54,320,16.774,37.0111
2019-05-19 21-33-56,320,16.8411,36.9818
2019-05-19 21-33-58,320,16.9113,36.9818
2019-05-19 21-34-00,319,16.9098,36.9684
2019-05-19 21-34-04,318,16.9113,36.9818
2019-05-19 21-34-06,319,16.951,36.9978
2019-05-19 21-34-08,319,16.9479,36.9818
2019-05-19 21-34-10,320,16.8411,36.9818
2019-05-19 21-34-12,319,16.8594,36.9684
2019-05-19 21-34-14,318,16.8228,36.9551
2019-05-19 21-34-16,318,16.7725,36.9978
2019-05-19 21-34-18,318,16.7725,36.9818
2019-05-19 21-34-22,319,16.7358,36.9978
2019-05-19 21-34-24,318,16.7145,36.9684
2019-05-19 21-34-26,318,16.8015,36.9123
2019-05-19 21-34-28,319,16.7862,36.9123
2019-05-19 21-34-30,319,16.7679,36.899
2019-05-19 21-34-32,318,16.7465,36.9123
2019-05-19 21-34-34,318,16.7831,36.883
2019-05-19 21-34-36,319,16.7679,36.9123
2019-05-19 21-34-40,319,16.8701,36.899
2019-05-19 21-34-42,319,16.8701,36.883
2019-05-19 21-34-44,319,16.8701,36.899
2019-05-19 21-34-46,319,16.98,36.9123
2019-05-19 21-34-48,319,16.9434,36.883
2019-05-19 21-34-50,318,16.9601,36.883
2019-05-19 21-34-52,318,16.9785,36.899
2019-05-19 21-34-54,317,16.98,36.939
2019-05-19 21-34-58,317,16.9647,36.9551
2019-05-19 21-35-00,317,16.8777,36.9818
2019-05-19 21-35-02,317,16.8777,37.0111
2019-05-19 21-35-04,317,16.9159,37.0539
2019-05-19 21-35-06,317,16.8457,37.0699
2019-05-19 21-35-08,318,16.8289,37.0832
2019-05-19 21-35-10,318,16.8289,37.0699
2019-05-19 21-35-14,318,16.8976,37.0699
2019-05-19 21-35-16,318,16.8823,37.0699
2019-05-19 21-35-18,318,16.8472,37.1126
2019-05-19 21-35-20,319,16.8106,37.0699
2019-05-19 21-35-22,319,16.8457,37.0699
2019-05-19 21-35-24,320,16.9144,37.0245
2019-05-19 21-35-26,320,16.9342,37.0245
2019-05-19 21-35-28,320,16.9342,37.0245
2019-05-19 21-35-32,320,16.861,37.0245
2019-05-19 21-35-34,320,16.9342,37.0378
2019-05-19 21-35-36,321,16.9479,36.9818
2019-05-19 21-35-38,321,17.038,36.9978
2019-05-19 21-35-40,321,17.07,36.9551
2019-05-19 21-35-42,321,17.0349,36.9684
2019-05-19 21-35-44,320,17.07,36.9684
2019-05-19 21-35-46,320,17.0532,36.9818
2019-05-19 21-35-50,320,16.9327,36.9818
2019-05-19 21-35-52,320,16.9479,36.9684
2019-05-19 21-35-54,320,16.9662,36.9684
2019-05-19 21-35-56,320,16.9464,36.9257
2019-05-19 21-35-58,320,17.0334,36.9257
2019-05-19 21-36-00,320,17.1036,36.883
2019-05-19 21-36-02,320,17.1173,36.8429
2019-05-19 21-36-06,320,17.1524,36.8002
2019-05-19 21-36-08,320,17.1844,36.7868
2019-05-19 21-36-10,320,17.2577,36.7868
2019-05-19 21-36-12,319,17.2546,36.7441
2019-05-19 21-36-14,318,17.218,36.7575
2019-05-19 21-36-16,318,17.1844,36.7868
2019-05-19 21-36-18,318,17.2394,36.7708
2019-05-19 21-36-20,317,17.2577,36.7868
2019-05-19 21-36-24,318,17.186,36.8002
2019-05-19 21-36-26,317,17.1356,36.8269
2019-05-19 21-36-28,318,17.1356,36.8429
2019-05-19 21-36-30,317,17.0654,36.883
2019-05-19 21-36-32,317,17.1722,36.8563
2019-05-19 21-36-34,316,17.1204,36.883
2019-05-19 21-36-36,316,17.1036,36.883
2019-05-19 21-36-38,316,17.0883,36.9257
2019-05-19 21-36-42,316,17.07,36.939
2019-05-19 21-36-44,316,17.0517,36.9551
2019-05-19 21-36-46,316,17.0166,36.9551
2019-05-19 21-36-48,316,17.1082,36.9818
2019-05-19 21-36-50,316,17.0197,36.9818
2019-05-19 21-36-52,317,17.0715,36.9978
2019-05-19 21-36-54,317,16.9846,36.9978
2019-05-19 21-36-56,317,16.9708,37.0699
2019-05-19 21-37-00,317,16.9525,37.0699
2019-05-19 21-37-02,318,16.9006,37.0832
2019-05-19 21-37-04,318,16.9373,37.0699
2019-05-19 21-37-06,317,16.9373,37.0699
2019-05-19 21-37-08,317,16.9006,37.0832
2019-05-19 21-37-10,317,16.9006,37.1126
2019-05-19 21-37-12,318,16.9388,37.126
2019-05-19 21-37-16,317,16.9388,37.126
2019-05-19 21-37-18,317,16.8686,37.1687
2019-05-19 21-37-20,317,16.7816,37.1687
2019-05-19 21-37-22,317,16.8182,37.182
2019-05-19 21-37-24,317,16.7831,37.182
2019-05-19 21-37-26,317,16.8015,37.1954
2019-05-19 21-37-28,318,16.7633,37.1954
2019-05-19 21-37-30,318,16.7831,37.1954
2019-05-19 21-37-34,319,16.7633,37.2087
2019-05-19 21-37-36,319,16.7603,37.1393
2019-05-19 21-37-38,319,16.7999,37.1687
2019-05-19 21-37-40,319,16.7236,37.126
2019-05-19 21-37-42,318,16.7969,37.1126
2019-05-19 21-37-44,318,16.7969,37.126
2019-05-19 21-37-46,318,16.8839,37.1126
2019-05-19 21-37-48,318,16.7953,37.0966
2019-05-19 21-37-52,317,16.832,37.126
2019-05-19 21-37-54,317,16.832,37.1393
2019-05-19 21-37-56,316,16.8152,37.1393
2019-05-19 21-37-58,316,16.832,37.1393
2019-05-19 21-38-00,315,16.8152,37.1527
2019-05-19 21-38-02,317,16.7603,37.1527
2019-05-19 21-38-04,317,16.8335,37.1527
2019-05-19 21-38-06,318,16.7999,37.1527
2019-05-19 21-38-10,317,16.7603,37.1393
2019-05-19 21-38-12,317,16.8137,37.126
2019-05-19 21-38-14,316,16.832,37.126
2019-05-19 21-38-16,315,16.7419,37.1393
2019-05-19 21-38-18,315,16.7419,37.1527
2019-05-19 21-38-20,316,16.6916,37.1527
2019-05-19 21-38-22,316,16.7603,37.1687
2019-05-19 21-38-24,315,16.7969,37.1393
2019-05-19 21-38-28,314,16.7969,37.126
2019-05-19 21-38-30,314,16.745,37.1687
2019-05-19 21-38-32,314,16.7099,37.182
2019-05-19 21-38-34,315,16.745,37.182
2019-05-19 21-38-36,314,16.7603,37.1527
2019-05-19 21-38-38,314,16.7603,37.1687
2019-05-19 21-38-40,314,16.745,37.1687
2019-05-19 21-38-44,314,16.7831,37.1954
2019-05-19 21-38-46,314,16.8182,37.1954
2019-05-19 21-38-48,314,16.7816,37.1687
2019-05-19 21-38-50,313,16.8335,37.182
2019-05-19 21-38-52,313,16.7267,37.182
2019-05-19 21-38-54,314,16.7999,37.182
2019-05-19 21-38-56,314,16.745,37.182
2019-05-19 21-38-58,314,16.745,37.1954
2019-05-19 21-39-02,314,16.7465,37.2087
2019-05-19 21-39-04,314,16.7465,37.2087
2019-05-19 21-39-07,314,16.7465,37.2248
2019-05-19 21-39-09,314,16.6412,37.2087
2019-05-19 21-39-11,314,16.6763,37.1954
2019-05-19 21-39-13,314,16.6763,37.1954
2019-05-19 21-39-15,314,16.6946,37.1954
2019-05-19 21-39-17,314,16.7282,37.2248
2019-05-19 21-39-21,314,16.7633,37.2087
2019-05-19 21-39-23,313,16.6595,37.2087
2019-05-19 21-39-25,313,16.6946,37.2248
2019-05-19 21-39-27,313,16.6595,37.2248
2019-05-19 21-39-29,313,16.6962,37.2381
2019-05-19 21-39-31,312,16.7313,37.2515
2019-05-19 21-39-33,313,16.7145,37.2515
2019-05-19 21-39-35,313,16.6229,37.2381
2019-05-19 21-39-39,313,16.6779,37.2515
2019-05-19 21-39-41,314,16.7282,37.2087
2019-05-19 21-39-43,314,16.6946,37.1954
2019-05-19 21-39-45,314,16.7267,37.182
2019-05-19 21-39-47,314,16.7099,37.182
2019-05-19 21-39-49,314,16.7603,37.1527
2019-05-19 21-39-51,314,16.7404,37.1126
2019-05-19 21-39-53,313,16.7587,37.126
2019-05-19 21-39-57,313,16.7816,37.1527
2019-05-19 21-39-59,312,16.7084,37.1393
2019-05-19 21-40-01,312,16.7816,37.1687
2019-05-19 21-40-03,312,16.8335,37.1527
2019-05-19 21-40-05,313,16.7816,37.1393
2019-05-19 21-40-07,313,16.7603,37.1393
2019-05-19 21-40-09,313,16.7603,37.1527
2019-05-19 21-40-13,313,16.7999,37.1527
2019-05-19 21-40-15,312,16.7786,37.126
2019-05-19 21-40-17,312,16.8152,37.1393
2019-05-19 21-40-19,312,16.7633,37.182
2019-05-19 21-40-21,312,16.7816,37.1527
2019-05-19 21-40-23,312,16.745,37.1687
2019-05-19 21-40-25,312,16.7999,37.1687
2019-05-19 21-40-27,312,16.7267,37.1687
2019-05-19 21-40-31,313,16.7831,37.182
2019-05-19 21-40-33,313,16.6916,37.1687
2019-05-19 21-40-35,313,16.7831,37.1954
2019-05-19 21-40-37,312,16.7633,37.2087
2019-05-19 21-40-39,312,16.7999,37.182
2019-05-19 21-40-41,312,16.7633,37.182
2019-05-19 21-40-43,313,16.7816,37.1527
2019-05-19 21-40-45,313,16.7236,37.1393
2019-05-19 21-40-49,314,16.7969,37.1393
2019-05-19 21-40-51,313,16.832,37.1393
2019-05-19 21-40-53,313,16.8335,37.1527
2019-05-19 21-40-55,314,16.832,37.1393
2019-05-19 21-40-57,314,16.832,37.126
2019-05-19 21-40-59,314,16.7953,37.0966
2019-05-19 21-41-01,314,16.832,37.1126
2019-05-19 21-41-03,314,16.8289,37.0832
2019-05-19 21-41-07,313,16.8137,37.0966
2019-05-19 21-41-09,314,16.8976,37.0699
2019-05-19 21-41-11,314,16.8274,37.0245
2019-05-19 21-41-13,314,16.8793,37.0245
2019-05-19 21-41-15,313,16.8961,37.0245
2019-05-19 21-41-17,314,16.8457,37.0539
2019-05-19 21-41-19,314,16.9113,37.0111
2019-05-19 21-41-21,314,16.9327,36.9818
2019-05-19 21-41-25,314,16.9296,36.9684
2019-05-19 21-41-27,314,16.9647,36.9551
2019-05-19 21-41-29,315,17.0151,36.9123
2019-05-19 21-41-31,315,17.0151,36.9123
2019-05-19 21-41-33,315,17.0303,36.883
2019-05-19 21-41-35,315,17.0288,36.8429
2019-05-19 21-41-37,315,17.099,36.8002
2019-05-19 21-41-39,314,17.0807,36.8002
2019-05-19 21-41-43,314,17.1341,36.8002
2019-05-19 21-41-45,314,17.131,36.7708
2019-05-19 21-41-47,314,17.1478,36.7575
2019-05-19 21-41-49,314,17.1814,36.7308
2019-05-19 21-41-51,314,17.1631,36.7308
2019-05-19 21-41-53,313,17.1661,36.7441
2019-05-19 21-41-55,312,17.131,36.7575
2019-05-19 21-41-59,311,17.1524,36.8002
2019-05-19 21-42-01,310,17.099,36.8002
2019-05-19 21-42-03,309,17.099,36.8002
2019-05-19 21-42-05,310,17.0441,36.8135
2019-05-19 21-42-07,310,17.0441,36.8135
2019-05-19 21-42-09,309,17.0624,36.8269
2019-05-19 21-42-11,308,17.099,36.8135
2019-05-19 21-42-13,308,17.0624,36.8269
2019-05-19 21-42-17,308,17.1021,36.8563
2019-05-19 21-42-19,308,17.0303,36.8696
2019-05-19 21-42-21,308,17.0853,36.899
2019-05-19 21-42-23,307,16.9968,36.899
2019-05-19 21-42-25,307,17.0151,36.9123
2019-05-19 21-42-27,308,16.98,36.9123
2019-05-19 21-42-29,307,17.0151,36.9257
2019-05-19 21-42-31,307,16.9647,36.939
2019-05-19 21-42-35,307,16.9296,36.9551
2019-05-19 21-42-37,307,16.983,36.9684
2019-05-19 21-42-39,308,16.9296,36.939
2019-05-19 21-42-41,309,16.9647,36.9551
2019-05-19 21-42-43,309,16.9327,36.9978
2019-05-19 21-42-45,309,16.9113,36.9818
2019-05-19 21-42-47,309,16.9113,37.0111
2019-05-19 21-42-49,310,16.9113,36.9818
2019-05-19 21-42-53,310,16.806,36.9818
2019-05-19 21-42-55,311,16.7694,36.939
2019-05-19 21-42-57,312,16.8228,36.939
2019-05-19 21-42-59,312,16.8381,36.9123
2019-05-19 21-43-01,312,16.8015,36.899
2019-05-19 21-43-03,313,16.9601,36.883
2019-05-19 21-43-05,313,16.9601,36.883
2019-05-19 21-43-07,314,17.0303,36.8696
2019-05-19 21-43-11,314,16.9785,36.883
2019-05-19 21-43-13,314,16.9617,36.9123
2019-05-19 21-43-15,314,16.9464,36.9123
2019-05-19 21-43-17,314,16.9464,36.9257
2019-05-19 21-43-19,313,16.9617,36.9123
2019-05-19 21-43-21,314,16.9464,36.939
2019-05-19 21-43-23,314,16.9479,36.9551
2019-05-19 21-43-27,313,16.983,36.9551
2019-05-19 21-43-29,313,16.9479,36.9684
2019-05-19 21-43-31,314,16.9662,36.9818
2019-05-19 21-43-33,314,16.8777,36.9978
2019-05-19 21-43-35,314,16.8243,37.0111
2019-05-19 21-43-37,315,16.9327,37.0111
2019-05-19 21-43-39,315,16.9144,37.0245
2019-05-19 21-43-41,315,16.861,37.0378
2019-05-19 21-43-45,316,16.861,37.0245
2019-05-19 21-43-47,316,16.8091,37.0378
2019-05-19 21-43-49,316,16.7923,37.0539
2019-05-19 21-43-51,316,16.861,37.0111
2019-05-19 21-43-53,316,16.8961,37.0111
2019-05-19 21-43-55,317,16.8793,37.0378
2019-05-19 21-43-57,317,16.861,37.0111
2019-05-19 21-43-59,317,16.8961,37.0245
2019-05-19 21-44-03,318,16.861,37.0378
2019-05-19 21-44-05,318,16.8793,37.0378
2019-05-19 21-44-07,318,16.774,37.0111
2019-05-19 21-44-09,318,16.7908,37.0111
2019-05-19 21-44-11,317,16.9113,36.9818
2019-05-19 21-44-13,318,16.9113,36.9978
2019-05-19 21-44-15,317,16.951,37.0111
2019-05-19 21-44-17,317,16.9662,36.9978
2019-05-19 21-44-21,316,16.8777,36.9978
2019-05-19 21-44-23,316,16.951,37.0245
2019-05-19 21-44-25,315,16.9342,37.0245
2019-05-19 21-44-27,315,16.8274,37.0378
2019-05-19 21-44-29,315,16.7908,37.0111
2019-05-19 21-44-31,315,16.7542,37.0245
2019-05-19 21-44-33,315,16.7511,36.9818
2019-05-19 21-44-35,315,16.806,36.9818
2019-05-19 21-44-39,315,16.8564,36.9551
2019-05-19 21-44-41,315,16.8228,36.939
2019-05-19 21-44-44,315,16.7862,36.9123
2019-05-19 21-44-46,315,16.9067,36.899
2019-05-19 21-44-48,315,16.8015,36.9123
2019-05-19 21-44-50,315,16.8198,36.899
2019-05-19 21-44-52,315,16.9052,36.883
2019-05-19 21-44-54,315,16.8518,36.8696
2019-05-19 21-44-58,315,16.8869,36.8563
2019-05-19 21-45-00,315,16.9601,36.8429
2019-05-19 21-45-02,315,16.9022,36.8429
2019-05-19 21-45-04,315,16.9968,36.883
2019-05-19 21-45-06,314,16.9785,36.8696
2019-05-19 21-45-08,314,16.9052,36.883
2019-05-19 21-45-10,314,16.98,36.9123
2019-05-19 21-45-12,314,17.0151,36.9257
2019-05-19 21-45-16,314,17.0334,36.9257
2019-05-19 21-45-18,314,17.0151,36.9123
2019-05-19 21-45-20,314,16.9983,36.9257
2019-05-19 21-45-22,313,17.067,36.9123
2019-05-19 21-45-24,313,17.0151,36.9257
2019-05-19 21-45-26,313,16.9464,36.939
2019-05-19 21-45-28,313,16.9983,36.939
2019-05-19 21-45-32,312,16.9662,36.9818
2019-05-19 21-45-34,313,16.9113,36.9978
2019-05-19 21-45-36,312,17.0029,37.0111
2019-05-19 21-45-38,313,16.9846,37.0111
2019-05-19 21-45-40,313,16.9846,37.0111
2019-05-19 21-45-42,314,16.9846,37.0111
2019-05-19 21-45-44,314,17.0197,36.9978
2019-05-19 21-45-46,315,17.0715,36.9818
2019-05-19 21-45-50,315,17.0715,36.9818
2019-05-19 21-45-52,314,17.0898,36.9551
2019-05-19 21-45-54,314,17.07,36.9551
2019-05-19 21-45-56,314,17.07,36.939
2019-05-19 21-45-58,314,17.07,36.939
2019-05-19 21-46-00,314,17.0517,36.9257
2019-05-19 21-46-02,314,17.0517,36.9257
2019-05-19 21-46-04,314,17.0334,36.939
2019-05-19 21-46-08,313,17.0334,36.9257
2019-05-19 21-46-10,313,16.9296,36.939
2019-05-19 21-46-12,313,17.0883,36.9123
2019-05-19 21-46-14,313,17.0334,36.9257
2019-05-19 21-46-16,313,17.0517,36.9257
2019-05-19 21-46-18,313,17.0334,36.9257
2019-05-19 21-46-20,313,17.0349,36.9551
2019-05-19 21-46-22,312,17.0013,36.9684
2019-05-19 21-46-26,312,16.9846,36.9978
2019-05-19 21-46-28,312,16.9846,37.0111
2019-05-19 21-46-30,312,16.9846,37.0111
2019-05-19 21-46-32,311,17.0029,36.9978
2019-05-19 21-46-34,311,16.9876,37.0245
2019-05-19 21-46-36,312,16.9693,37.0378
2019-05-19 21-46-38,312,16.9327,36.9978
2019-05-19 21-46-40,311,16.9846,36.9978
2019-05-19 21-46-44,312,17.0029,36.9978
2019-05-19 21-46-46,313,16.9693,37.0111
2019-05-19 21-46-48,313,16.9662,36.9818
2019-05-19 21-46-50,314,16.9296,36.9551
2019-05-19 21-46-52,314,16.9983,36.9257
2019-05-19 21-46-54,313,16.9281,36.9123
2019-05-19 21-46-56,312,16.9464,36.9123
2019-05-19 21-46-58,312,16.9281,36.9257
2019-05-19 21-47-02,311,17.0334,36.939
2019-05-19 21-47-04,311,17.067,36.9257
2019-05-19 21-47-06,312,16.983,36.9551
2019-05-19 21-47-08,313,16.98,36.9257
2019-05-19 21-47-10,313,16.9601,36.883
2019-05-19 21-47-12,313,17.1356,36.8429
2019-05-19 21-47-14,313,17.1021,36.8429
2019-05-19 21-47-16,312,17.1021,36.8429
2019-05-19 21-47-20,311,17.189,36.8429
2019-05-19 21-47-22,311,17.2073,36.8696
2019-05-19 21-47-24,310,17.157,36.899
2019-05-19 21-47-26,310,17.2455,36.899
2019-05-19 21-47-28,311,17.2485,36.9123
2019-05-19 21-47-30,311,17.2272,36.9123
2019-05-19 21-47-32,310,17.2485,36.9257
2019-05-19 21-47-34,311,17.1753,36.899
2019-05-19 21-47-38,311,17.1219,36.899
2019-05-19 21-47-40,311,17.1036,36.899
2019-05-19 21-47-42,312,17.1204,36.8696
2019-05-19 21-47-44,312,17.2592,36.8269
2019-05-19 21-47-46,312,17.3126,36.8135
2019-05-19 21-47-48,311,17.276,36.8002
2019-05-19 21-47-50,310,17.3096,36.7868
2019-05-19 21-47-54,310,17.2775,36.8429
2019-05-19 21-47-56,310,17.2943,36.8002
2019-05-19 21-47-58,310,17.2913,36.7868
2019-05-19 21-48-00,310,17.3416,36.7441
2019-05-19 21-48-02,309,17.3218,36.688
2019-05-19 21-48-04,309,17.3767,36.6587
2019-05-19 21-48-06,310,17.511,36.6186
2019-05-19 21-48-08,310,17.4042,36.5599
2019-05-19 21-48-12,310,17.5095,36.5599
2019-05-19 21-48-14,310,17.4728,36.5438
2019-05-19 21-48-16,309,17.4911,36.5305
2019-05-19 21-48-18,308,17.5278,36.5305
2019-05-19 21-48-20,308,17.5049,36.4878
2019-05-19 21-48-22,308,17.5613,36.5305
2019-05-19 21-48-24,308,17.543,36.5011
2019-05-19 21-48-26,308,17.5064,36.5171
2019-05-19 21-48-30,307,17.4698,36.5011
2019-05-19 21-48-32,307,17.4881,36.5171
2019-05-19 21-48-34,306,17.4728,36.5438
2019-05-19 21-48-36,306,17.4225,36.5732
2019-05-19 21-48-38,306,17.4088,36.632
2019-05-19 21-48-40,306,17.4088,36.6453
2019-05-19 21-48-42,306,17.4286,36.6747
2019-05-19 21-48-44,306,17.3767,36.6747
2019-05-19 21-48-48,306,17.3782,36.7147
2019-05-19 21-48-50,306,17.3813,36.7575
2019-05-19 21-48-52,306,17.3279,36.7868
2019-05-19 21-48-54,306,17.2913,36.7868
2019-05-19 21-48-56,307,17.3096,36.7868
2019-05-19 21-48-58,308,17.2943,36.8135
2019-05-19 21-49-00,308,17.276,36.8135
2019-05-19 21-49-02,307,17.244,36.8269
2019-05-19 21-49-06,308,17.2226,36.8563
2019-05-19 21-49-08,309,17.2592,36.8135
2019-05-19 21-49-10,311,17.3126,36.8135
2019-05-19 21-49-12,312,17.2775,36.8269
2019-05-19 21-49-14,310,17.2623,36.8429
2019-05-19 21-49-16,308,17.2958,36.8429
2019-05-19 21-49-18,307,17.3141,36.883
2019-05-19 21-49-20,310,17.2073,36.8696
2019-05-19 21-49-24,314,17.1722,36.883
2019-05-19 21-49-26,315,17.2485,36.9123
2019-05-19 21-49-28,315,17.2485,36.9123
2019-05-19 21-49-30,318,17.2089,36.899
2019-05-19 21-49-32,318,17.189,36.8696
2019-05-19 21-49-34,315,17.1906,36.883
2019-05-19 21-49-36,314,17.1936,36.9123
2019-05-19 21-49-40,314,17.2256,36.899
2019-05-19 21-49-42,313,17.2089,36.9123
2019-05-19 21-49-45,314,17.157,36.9123
2019-05-19 21-49-47,317,17.157,36.9123
2019-05-19 21-49-49,319,17.1753,36.9257
2019-05-19 21-49-51,320,17.1722,36.883
2019-05-19 21-49-53,321,17.189,36.8429
2019-05-19 21-49-55,319,17.2043,36.8269
2019-05-19 21-49-59,317,17.2943,36.8269
2019-05-19 21-50-01,317,17.2943,36.8269
2019-05-19 21-50-03,315,17.244,36.8429
2019-05-19 21-50-05,314,17.3126,36.8269
2019-05-19 21-50-07,314,17.2623,36.8429
2019-05-19 21-50-09,315,17.2806,36.8563
2019-05-19 21-50-11,316,17.2958,36.8429
2019-05-19 21-50-13,318,17.2073,36.8563
2019-05-19 21-50-17,318,17.244,36.8429
2019-05-19 21-50-19,317,17.3309,36.8269
2019-05-19 21-50-21,316,17.2958,36.8563
2019-05-19 21-50-23,315,17.2958,36.8429
2019-05-19 21-50-25,316,17.2455,36.883
2019-05-19 21-50-27,315,17.1936,36.9257
2019-05-19 21-50-29,315,17.1951,36.9684
2019-05-19 21-50-31,315,17.1432,36.9684
2019-05-19 21-50-35,314,17.1432,36.9818
2019-05-19 21-50-37,314,17.1616,36.9978
2019-05-19 21-50-39,314,17.1112,36.9978
2019-05-19 21-50-41,315,17.1448,37.0245
2019-05-19 21-50-43,316,17.1448,37.0245
2019-05-19 21-50-45,316,17.0944,37.0245
2019-05-19 21-50-47,315,17.0395,37.0378
2019-05-19 21-50-49,316,17.0944,37.0539
2019-05-19 21-50-53,318,17.0242,37.0539
2019-05-19 21-50-55,319,17.0242,37.0699
2019-05-19 21-50-57,319,17.0059,37.0699
2019-05-19 21-50-59,318,17.0578,37.0539
2019-05-19 21-51-01,318,17.0761,37.0699
2019-05-19 21-51-03,318,17.0761,37.0832
2019-05-19 21-51-05,319,17.0242,37.0832
2019-05-19 21-51-07,320,17.1158,37.0832
2019-05-19 21-51-11,320,17.1127,37.0539
2019-05-19 21-51-13,320,17.0578,37.0699
2019-05-19 21-51-15,321,17.0242,37.0539
2019-05-19 21-51-17,320,17.0395,37.0539
2019-05-19 21-51-19,319,17.0532,36.9818
2019-05-19 21-51-21,318,17.0029,37.0245
2019-05-19 21-51-23,320,17.0929,36.9818
2019-05-19 21-51-27,320,17.0486,36.9123
2019-05-19 21-51-29,320,17.1204,36.883
2019-05-19 21-51-31,320,17.0853,36.8696
2019-05-19 21-51-33,321,17.0807,36.8135
2019-05-19 21-51-35,321,17.1661,36.7575
2019-05-19 21-51-37,320,17.2684,36.688
2019-05-19 21-51-39,317,17.3767,36.688
2019-05-19 21-51-41,315,17.3584,36.7014
2019-05-19 21-51-45,314,17.3767,36.688
2019-05-19 21-51-47,315,17.3599,36.7308
2019-05-19 21-51-49,316,17.4316,36.7147
2019-05-19 21-51-51,318,17.392,36.632
2019-05-19 21-51-53,318,17.4973,36.6587
2019-05-19 21-51-55,317,17.511,36.5866
2019-05-19 21-51-57,316,17.4744,36.5599
2019-05-19 21-51-59,315,17.5293,36.5732
2019-05-19 21-52-03,313,17.5461,36.5438
2019-05-19 21-52-05,311,17.598,36.5599
2019-05-19 21-52-07,310,17.6514,36.5438
2019-05-19 21-52-09,310,17.5476,36.5599
2019-05-19 21-52-11,310,17.5064,36.5171
2019-05-19 21-52-13,309,17.6468,36.4611
2019-05-19 21-52-15,310,17.6117,36.4611
2019-05-19 21-52-17,309,17.6285,36.445
2019-05-19 21-52-21,309,17.5934,36.4611
2019-05-19 21-52-23,309,17.6437,36.445
2019-05-19 21-52-25,309,17.5751,36.4317
2019-05-19 21-52-27,310,17.6422,36.389
2019-05-19 21-52-29,310,17.7124,36.3756
2019-05-19 21-52-31,310,17.7307,36.3623
2019-05-19 21-52-33,310,17.6758,36.3489
2019-05-19 21-52-35,310,17.7444,36.3195
2019-05-19 21-52-39,311,17.8345,36.3062
2019-05-19 21-52-41,310,17.8345,36.3062
2019-05-19 21-52-43,309,17.7979,36.3329
2019-05-19 21-52-45,308,17.7841,36.389
2019-05-19 21-52-47,308,17.6834,36.4317
2019-05-19 21-52-49,307,17.7353,36.4744
2019-05-19 21-52-51,307,17.6147,36.5011
2019-05-19 21-52-53,307,17.5964,36.5171
2019-05-19 21-52-57,307,17.4408,36.5599
2019-05-19 21-52-59,308,17.4057,36.5866
2019-05-19 21-53-01,308,17.4423,36.6026
2019-05-19 21-53-03,309,17.4789,36.632
2019-05-19 21-53-05,309,17.4423,36.632
2019-05-19 21-53-07,309,17.4789,36.632
2019-05-19 21-53-09,310,17.5003,36.688
2019-05-19 21-53-13,311,17.5156,36.688
2019-05-19 21-53-15,311,17.395,36.7014
2019-05-19 21-53-17,311,17.4088,36.6453
2019-05-19 21-53-19,311,17.4133,36.7014
2019-05-19 21-53-21,311,17.482,36.688
2019-05-19 21-53-23,312,17.4133,36.688
2019-05-19 21-53-25,312,17.4637,36.6747
2019-05-19 21-53-27,313,17.4652,36.7147
2019-05-19 21-53-31,313,17.45,36.7441
2019-05-19 21-53-33,313,17.4133,36.7147
2019-05-19 21-53-35,314,17.4835,36.7147
2019-05-19 21-53-37,315,17.4316,36.7308
2019-05-19 21-53-39,315,17.4286,36.7014
2019-05-19 21-53-41,314,17.4149,36.7441
2019-05-19 21-53-43,315,17.4683,36.7575
2019-05-19 21-53-45,314,17.3996,36.7708
2019-05-19 21-53-49,315,17.4011,36.8002
2019-05-19 21-53-51,314,17.363,36.8002
2019-05-19 21-53-53,314,17.3645,36.8269
2019-05-19 21-53-55,315,17.3126,36.8269
2019-05-19 21-53-57,314,17.2806,36.8563
2019-05-19 21-53-59,314,17.244,36.8563
2019-05-19 21-54-01,314,17.2256,36.883
2019-05-19 21-54-03,314,17.1906,36.883
2019-05-19 21-54-07,315,17.1936,36.9257
2019-05-19 21-54-09,315,17.2272,36.9257
2019-05-19 21-54-11,316,17.1768,36.939
2019-05-19 21-54-13,315,17.1066,36.9551
2019-05-19 21-54-15,316,17.1066,36.9551
2019-05-19 21-54-17,316,17.1082,36.9684
2019-05-19 21-54-19,317,17.07,36.9684
2019-05-19 21-54-21,317,17.1768,36.939
2019-05-19 21-54-25,317,17.1066,36.9551
2019-05-19 21-54-27,317,17.1616,36.9818
2019-05-19 21-54-29,316,17.0715,36.9818
2019-05-19 21-54-31,316,17.0929,36.9978
2019-05-19 21-54-33,316,17.0563,37.0245
2019-05-19 21-54-35,316,17.0563,37.0245
2019-05-19 21-54-37,316,17.0563,37.0111
2019-05-19 21-54-39,316,17.0944,37.0378
2019-05-19 21-54-43,316,17.0975,37.0832
2019-05-19 21-54-45,317,17.0059,37.0378
2019-05-19 21-54-47,317,17.0563,37.0245
2019-05-19 21-54-49,318,17.0929,36.9978
2019-05-19 21-54-51,318,17.1265,36.9818
2019-05-19 21-54-53,319,17.1066,36.9551
2019-05-19 21-54-55,319,17.1402,36.9257
2019-05-19 21-54-58,319,17.2638,36.9123
2019-05-19 21-55-02,318,17.1906,36.899
2019-05-19 21-55-04,318,17.1722,36.883
2019-05-19 21-55-06,318,17.2119,36.939
2019-05-19 21-55-08,318,17.2089,36.9257
2019-05-19 21-55-10,318,17.2089,36.9123
2019-05-19 21-55-12,318,17.1402,36.939
2019-05-19 21-55-14,318,17.1936,36.9257
2019-05-19 21-55-16,319,17.1768,36.939
2019-05-19 21-55-20,319,17.1585,36.9257
2019-05-19 21-55-22,319,17.189,36.8696
2019-05-19 21-55-24,319,17.1936,36.9123
2019-05-19 21-55-26,319,17.2455,36.899
2019-05-19 21-55-28,319,17.1753,36.9257
2019-05-19 21-55-30,319,17.2134,36.9684
2019-05-19 21-55-32,319,17.1616,36.9684
2019-05-19 21-55-36,319,17.1249,36.939
2019-05-19 21-55-38,319,17.1066,36.9551
2019-05-19 21-55-40,319,17.1951,36.9818
2019-05-19 21-55-42,318,17.07,36.9684
2019-05-19 21-55-44,319,17.07,36.9684
2019-05-19 21-55-46,319,17.1402,36.939
2019-05-19 21-55-48,319,17.1432,36.9551
2019-05-19 21-55-50,318,17.1936,36.9257
2019-05-19 21-55-54,318,17.1585,36.9257
2019-05-19 21-55-56,318,17.157,36.9123
2019-05-19 21-55-58,319,17.1219,36.9257
2019-05-19 21-56-00,320,17.0883,36.939
2019-05-19 21-56-02,320,17.1753,36.9257
2019-05-19 21-56-04,319,17.2638,36.899
2019-05-19 21-56-06,319,17.2256,36.883
2019-05-19 21-56-08,319,17.2272,36.9123
2019-05-19 21-56-12,319,17.1387,36.883
2019-05-19 21-56-14,319,17.1722,36.8696
2019-05-19 21-56-16,319,17.2073,36.8696
2019-05-19 21-56-18,319,17.1707,36.8269
2019-05-19 21-56-20,319,17.276,36.8002
2019-05-19 21-56-22,319,17.2913,36.7575
2019-05-19 21-56-24,319,17.45,36.7308
2019-05-19 21-56-26,319,17.4454,36.6747
2019-05-19 21-56-30,319,17.4423,36.632
2019-05-19 21-56-32,319,17.511,36.6186
2019-05-19 21-56-34,318,17.511,36.6186
2019-05-19 21-56-36,318,17.4774,36.6026
2019-05-19 21-56-38,317,17.4927,36.5732
2019-05-19 21-56-40,317,17.5095,36.5732
2019-05-19 21-56-42,316,17.5659,36.6026
2019-05-19 21-56-44,316,17.5293,36.5732
2019-05-19 21-56-48,315,17.424,36.5866
2019-05-19 21-56-50,315,17.4561,36.5599
2019-05-19 21-56-52,315,17.4408,36.5866
2019-05-19 21-56-54,314,17.4057,36.6026
2019-05-19 21-56-56,314,17.424,36.5866
2019-05-19 21-56-58,314,17.4591,36.6026
2019-05-19 21-57-00,314,17.4728,36.5438
2019-05-19 21-57-02,314,17.5278,36.5305
2019-05-19 21-57-06,315,17.6331,36.5171
2019-05-19 21-57-08,315,17.5644,36.5438
2019-05-19 21-57-10,315,17.5461,36.5305
2019-05-19 21-57-12,314,17.5461,36.5171
2019-05-19 21-57-14,313,17.5613,36.5305
2019-05-19 21-57-16,313,17.5095,36.5438
2019-05-19 21-57-18,314,17.5613,36.5011
2019-05-19 21-57-20,314,17.5613,36.5011
2019-05-19 21-57-24,314,17.543,36.5011
2019-05-19 21-57-26,314,17.5934,36.4744
2019-05-19 21-57-28,313,17.5919,36.4317
2019-05-19 21-57-30,313,17.6254,36.4183
2019-05-19 21-57-32,313,17.6102,36.4317
2019-05-19 21-57-34,312,17.6254,36.4183
2019-05-19 21-57-36,312,17.662,36.4317
2019-05-19 21-57-38,312,17.6804,36.4183
2019-05-19 21-57-42,311,17.7353,36.4744
2019-05-19 21-57-44,311,17.6849,36.5011
2019-05-19 21-57-46,310,17.6147,36.5305
2019-05-19 21-57-48,311,17.5659,36.5732
2019-05-19 21-57-50,311,17.5476,36.5866
2019-05-19 21-57-52,311,17.5507,36.6186
2019-05-19 21-57-54,310,17.569,36.632
2019-05-19 21-57-58,310,17.5705,36.6747
2019-05-19 21-58-00,310,17.5888,36.7014
2019-05-19 21-58-02,311,17.5003,36.7014
2019-05-19 21-58-04,311,17.5018,36.7308
2019-05-19 21-58-06,311,17.4652,36.7308
2019-05-19 21-58-08,310,17.4683,36.7575
2019-05-19 21-58-10,311,17.4515,36.7868
2019-05-19 21-58-12,311,17.3828,36.8002
2019-05-19 21-58-16,312,17.4194,36.8429
2019-05-19 21-58-18,312,17.363,36.8002
2019-05-19 21-58-20,313,17.4011,36.8002
2019-05-19 21-58-22,313,17.3828,36.8002
2019-05-19 21-58-24,312,17.4011,36.8002
2019-05-19 21-58-26,313,17.4362,36.8135
2019-05-19 21-58-28,314,17.3828,36.8135
2019-05-19 21-58-30,314,17.3859,36.8269
2019-05-19 21-58-34,314,17.3859,36.8429
2019-05-19 21-58-36,315,17.3462,36.8269
2019-05-19 21-58-38,315,17.3126,36.8429
2019-05-19 21-58-40,315,17.3126,36.8135
2019-05-19 21-58-42,315,17.3645,36.8135
2019-05-19 21-58-44,314,17.3309,36.8269
2019-05-19 21-58-46,314,17.3462,36.8135
2019-05-19 21-58-48,314,17.2913,36.7868
2019-05-19 21-58-52,313,17.2943,36.8135
2019-05-19 21-58-54,314,17.2913,36.7575
2019-05-19 21-58-56,314,17.363,36.8002
2019-05-19 21-58-58,314,17.3813,36.7708
2019-05-19 21-59-00,315,17.2913,36.7868
2019-05-19 21-59-02,315,17.3264,36.7708
2019-05-19 21-59-04,315,17.3264,36.7575
2019-05-19 21-59-06,315,17.308,36.7575
2019-05-19 21-59-10,315,17.3401,36.7147
2019-05-19 21-59-12,315,17.3584,36.7014
2019-05-19 21-59-14,315,17.3813,36.7441
2019-05-19 21-59-16,315,17.305,36.7014
2019-05-19 21-59-18,314,17.3782,36.7308
2019-05-19 21-59-20,314,17.4316,36.7147
2019-05-19 21-59-22,314,17.3813,36.7708
2019-05-19 21-59-24,314,17.3279,36.7868
2019-05-19 21-59-28,314,17.363,36.7868
2019-05-19 21-59-30,314,17.3309,36.8269
2019-05-19 21-59-32,314,17.2943,36.8269
2019-05-19 21-59-34,314,17.2958,36.8429
2019-05-19 21-59-36,315,17.3645,36.8135
2019-05-19 21-59-38,314,17.4011,36.8002
2019-05-19 21-59-40,314,17.4194,36.8135
2019-05-19 21-59-42,315,17.4377,36.8429
2019-05-19 21-59-46,315,17.3859,36.8429
2019-05-19 21-59-48,315,17.4042,36.8563
2019-05-19 21-59-50,315,17.3141,36.883
2019-05-19 21-59-52,314,17.2989,36.899
2019-05-19 21-59-54,315,17.2806,36.883
2019-05-19 21-59-56,315,17.3172,36.9257
2019-05-19 21-59-58,315,17.3172,36.9257
2019-05-19 22-00-00,315,17.2821,36.9123
2019-05-19 22-00-04,314,17.2485,36.9123
2019-05-19 22-00-06,315,17.3004,36.9123
2019-05-19 22-00-08,315,17.3355,36.9257
2019-05-19 22-00-11,316,17.2668,36.9257
2019-05-19 22-00-13,317,17.3004,36.9123
2019-05-19 22-00-15,317,17.3004,36.9257
2019-05-19 22-00-17,316,17.2821,36.899
2019-05-19 22-00-19,316,17.3508,36.899
2019-05-19 22-00-23,316,17.2989,36.899
2019-05-19 22-00-25,315,17.2089,36.9257
2019-05-19 22-00-27,315,17.2668,36.939
2019-05-19 22-00-29,315,17.2852,36.939
2019-05-19 22-00-31,315,17.3004,36.9257
2019-05-19 22-00-33,316,17.2638,36.883
2019-05-19 22-00-35,315,17.2989,36.899
2019-05-19 22-00-39,315,17.3309,36.8563
2019-05-19 22-00-41,315,17.3492,36.8429
2019-05-19 22-00-43,314,17.3813,36.7708
2019-05-19 22-00-45,315,17.4332,36.7441
2019-05-19 22-00-47,315,17.4835,36.7308
2019-05-19 22-00-49,314,17.4316,36.7147
2019-05-19 22-00-51,313,17.4133,36.7014
2019-05-19 22-00-53,314,17.3401,36.7014
2019-05-19 22-00-57,314,17.3584,36.7014
2019-05-19 22-00-59,314,17.4271,36.6587
2019-05-19 22-01-01,314,17.4271,36.632
2019-05-19 22-01-03,314,17.4927,36.6026
2019-05-19 22-01-05,314,17.5659,36.5866
2019-05-19 22-01-07,314,17.5095,36.5732
2019-05-19 22-01-09,313,17.5644,36.5438
2019-05-19 22-01-11,314,17.6483,36.5011
2019-05-19 22-01-15,313,17.6468,36.4744
2019-05-19 22-01-17,313,17.662,36.4317
2019-05-19 22-01-19,313,17.662,36.4317
2019-05-19 22-01-21,313,17.6971,36.3756
2019-05-19 22-01-23,313,17.7307,36.3623
2019-05-19 22-01-25,312,17.7292,36.3489
2019-05-19 22-01-27,312,17.7795,36.2928
2019-05-19 22-01-29,312,17.8162,36.2928
2019-05-19 22-01-33,312,17.868,36.2928
2019-05-19 22-01-35,312,17.9352,36.2501
2019-05-19 22-01-37,312,17.9352,36.2501
2019-05-19 22-01-39,311,18.0054,36.2207
2019-05-19 22-01-41,311,17.8986,36.194
2019-05-19 22-01-43,311,17.9138,36.194
2019-05-19 22-01-45,311,17.9321,36.178
2019-05-19 22-01-47,310,17.8802,36.178
2019-05-19 22-01-51,310,17.9169,36.2074
2019-05-19 22-01-53,309,17.8482,36.2501
2019-05-19 22-01-55,309,17.7795,36.3195
2019-05-19 22-01-57,308,17.7124,36.3756
2019-05-19 22-01-59,308,17.7521,36.4183
2019-05-19 22-02-01,309,17.6987,36.445
2019-05-19 22-02-03,309,17.72,36.4878
2019-05-19 22-02-05,310,17.7216,36.5171
2019-05-19 22-02-09,310,17.7216,36.5305
2019-05-19 22-02-11,310,17.6895,36.5599
2019-05-19 22-02-13,310,17.6376,36.6026
2019-05-19 22-02-15,310,17.6376,36.6026
2019-05-19 22-02-17,310,17.6376,36.6026
2019-05-19 22-02-19,311,17.6376,36.6186
2019-05-19 22-02-21,310,17.6712,36.6186
2019-05-19 22-02-23,311,17.6376,36.632
2019-05-19 22-02-27,311,17.6208,36.6453
2019-05-19 22-02-29,312,17.6239,36.688
2019-05-19 22-02-31,311,17.5552,36.7014
2019-05-19 22-02-33,311,17.5552,36.7147
2019-05-19 22-02-35,310,17.5415,36.7441
2019-05-19 22-02-37,310,17.5018,36.7575
2019-05-19 22-02-39,311,17.5415,36.7708
2019-05-19 22-02-43,312,17.4545,36.8002
2019-05-19 22-02-45,313,17.3996,36.7575
2019-05-19 22-02-47,314,17.4332,36.7441
2019-05-19 22-02-49,313,17.4835,36.7441
2019-05-19 22-02-51,313,17.4149,36.7441
2019-05-19 22-02-53,312,17.5018,36.7441
2019-05-19 22-02-55,312,17.4881,36.8002
2019-05-19 22-02-57,312,17.4866,36.7868
2019-05-19 22-03-01,311,17.5064,36.8269
2019-05-19 22-03-03,311,17.4011,36.8135
2019-05-19 22-03-05,310,17.4194,36.8135
2019-05-19 22-03-07,311,17.4011,36.8135
2019-05-19 22-03-09,311,17.363,36.7868
2019-05-19 22-03-11,311,17.4011,36.8135
2019-05-19 22-03-13,311,17.4728,36.8269
2019-05-19 22-03-15,311,17.4042,36.8429
2019-05-19 22-03-19,310,17.4377,36.8563
2019-05-19 22-03-21,310,17.4057,36.883
2019-05-19 22-03-23,310,17.4057,36.899
2019-05-19 22-03-25,311,17.3676,36.883
2019-05-19 22-03-27,311,17.3355,36.9257
2019-05-19 22-03-29,312,17.3355,36.939
2019-05-19 22-03-31,313,17.3187,36.9551
2019-05-19 22-03-33,313,17.3721,36.9684
2019-05-19 22-03-37,313,17.2852,36.9551
2019-05-19 22-03-39,314,17.2867,36.9818
2019-05-19 22-03-41,314,17.2501,36.9551
2019-05-19 22-03-43,315,17.3218,36.9684
2019-05-19 22-03-45,314,17.2668,36.9551
2019-05-19 22-03-47,314,17.3721,36.9551
2019-05-19 22-03-49,315,17.2119,36.9551
2019-05-19 22-03-51,315,17.3035,36.9684
2019-05-19 22-03-55,315,17.2501,36.9551
2019-05-19 22-03-57,315,17.305,36.9978
2019-05-19 22-03-59,314,17.3218,36.9684
2019-05-19 22-04-01,315,17.2684,36.9684
2019-05-19 22-04-03,314,17.2867,36.9818
2019-05-19 22-04-05,315,17.2684,36.9684
2019-05-19 22-04-07,315,17.3035,36.9818
2019-05-19 22-04-09,314,17.2684,36.9978
2019-05-19 22-04-13,314,17.2501,36.9551
2019-05-19 22-04-15,314,17.305,36.9978
2019-05-19 22-04-17,313,17.2867,36.9818
2019-05-19 22-04-19,314,17.2348,37.0245
2019-05-19 22-04-21,313,17.2531,37.0245
2019-05-19 22-04-23,314,17.2897,37.0245
2019-05-19 22-04-25,314,17.2714,37.0378
2019-05-19 22-04-27,315,17.2348,37.0378
2019-05-19 22-04-31,315,17.337,36.9818
2019-05-19 22-04-33,315,17.2852,36.9684
2019-05-19 22-04-35,314,17.3218,36.9684
2019-05-19 22-04-37,314,17.3187,36.939
2019-05-19 22-04-39,314,17.3187,36.9551
2019-05-19 22-04-41,314,17.3355,36.939
2019-05-19 22-04-43,315,17.3187,36.9551
2019-05-19 22-04-45,315,17.3218,36.9684
2019-05-19 22-04-49,315,17.3218,36.9684
2019-05-19 22-04-51,315,17.3035,36.9818
2019-05-19 22-04-53,315,17.3218,36.9818
2019-05-19 22-04-55,315,17.3416,37.0245
2019-05-19 22-04-57,315,17.2348,37.0245
2019-05-19 22-04-59,315,17.2714,37.0378
2019-05-19 22-05-01,315,17.2546,37.0539
2019-05-19 22-05-05,315,17.2714,37.0378
2019-05-19 22-05-07,315,17.1997,37.0699
2019-05-19 22-05-09,315,17.2028,37.0832
2019-05-19 22-05-11,315,17.1997,37.0699
2019-05-19 22-05-13,315,17.1844,37.0966
2019-05-19 22-05-15,315,17.2211,37.0966
2019-05-19 22-05-17,315,17.186,37.1126
2019-05-19 22-05-19,316,17.186,37.1126
2019-05-19 22-05-23,316,17.131,37.0966
2019-05-19 22-05-26,316,17.131,37.0966
2019-05-19 22-05-28,316,17.131,37.0966
2019-05-19 22-05-30,316,17.131,37.0966
2019-05-19 22-05-32,316,17.0761,37.0966
2019-05-19 22-05-34,316,17.131,37.0832
2019-05-19 22-05-36,316,17.0975,37.0966
2019-05-19 22-05-38,315,17.1524,37.1126
2019-05-19 22-05-42,315,17.1494,37.0966
2019-05-19 22-05-44,315,17.1524,37.1126
2019-05-19 22-05-46,315,17.1707,37.126
2019-05-19 22-05-48,315,17.186,37.1126
2019-05-19 22-05-50,315,17.1844,37.0966
2019-05-19 22-05-52,315,17.1524,37.1126
2019-05-19 22-05-54,314,17.1341,37.126
2019-05-19 22-05-56,314,17.1524,37.1126
2019-05-19 22-06-00,313,17.1524,37.1126
2019-05-19 22-06-02,314,17.1524,37.1126
2019-05-19 22-06-04,314,17.1524,37.126
2019-05-19 22-06-06,315,17.131,37.0832
2019-05-19 22-06-08,314,17.0975,37.0832
2019-05-19 22-06-10,314,17.0975,37.0832
2019-05-19 22-06-12,314,17.131,37.0966
2019-05-19 22-06-14,314,17.1478,37.0699
2019-05-19 22-06-18,313,17.1661,37.0539
2019-05-19 22-06-20,313,17.131,37.0699
2019-05-19 22-06-22,313,17.1494,37.0966
2019-05-19 22-06-24,313,17.218,37.0699
2019-05-19 22-06-26,313,17.2348,37.0245
2019-05-19 22-06-28,313,17.2348,37.0245
2019-05-19 22-06-30,313,17.1982,37.0111
2019-05-19 22-06-32,312,17.2165,37.0245
2019-05-19 22-06-36,312,17.2531,37.0245
2019-05-19 22-06-38,312,17.2165,37.0378
2019-05-19 22-06-40,311,17.2546,37.0378
2019-05-19 22-06-42,311,17.218,37.0699
2019-05-19 22-06-44,311,17.1478,37.0699
2019-05-19 22-06-46,310,17.1844,37.0832
2019-05-19 22-06-48,311,17.1661,37.0539
2019-05-19 22-06-50,312,17.1997,37.0378
2019-05-19 22-06-54,313,17.1997,37.0539
2019-05-19 22-06-56,313,17.1982,37.0245
2019-05-19 22-06-58,313,17.2318,37.0111
2019-05-19 22-07-00,313,17.2501,36.9684
2019-05-19 22-07-02,313,17.3218,36.9978
2019-05-19 22-07-04,312,17.2501,36.9818
2019-05-19 22-07-06,312,17.2684,36.9978
2019-05-19 22-07-10,312,17.2318,36.9978
2019-05-19 22-07-12,312,17.305,37.0245
2019-05-19 22-07-14,312,17.2302,36.9818
2019-05-19 22-07-16,312,17.2318,36.9978
2019-05-19 22-07-18,312,17.2134,36.9978
2019-05-19 22-07-20,311,17.2318,36.9978
2019-05-19 22-07-22,311,17.1799,36.9978
2019-05-19 22-07-24,312,17.2134,36.9818
2019-05-19 22-07-28,312,17.2668,36.9551
2019-05-19 22-07-30,312,17.3004,36.939
2019-05-19 22-07-32,312,17.2302,36.9551
2019-05-19 22-07-34,311,17.2668,36.9551
2019-05-19 22-07-36,312,17.2852,36.939
2019-05-19 22-07-38,312,17.2501,36.9684
2019-05-19 22-07-40,312,17.3035,36.9551
2019-05-19 22-07-42,312,17.2668,36.9257
2019-05-19 22-07-46,312,17.2852,36.939
2019-05-19 22-07-48,312,17.2668,36.9551
2019-05-19 22-07-50,312,17.2668,36.939
2019-05-19 22-07-52,312,17.3004,36.9257
2019-05-19 22-07-54,311,17.2272,36.9257
2019-05-19 22-07-56,311,17.2485,36.939
2019-05-19 22-07-58,311,17.3172,36.9123
2019-05-19 22-08-00,311,17.2821,36.9123
2019-05-19 22-08-04,311,17.3325,36.899
2019-05-19 22-08-06,311,17.3508,36.899
2019-05-19 22-08-08,312,17.3141,36.883
2019-05-19 22-08-10,312,17.3492,36.8563
2019-05-19 22-08-12,312,17.3645,36.8429
2019-05-19 22-08-14,313,17.3309,36.8429
2019-05-19 22-08-16,313,17.3492,36.8563
2019-05-19 22-08-18,312,17.3492,36.8563
2019-05-19 22-08-22,312,17.3492,36.8429
2019-05-19 22-08-24,311,17.4011,36.8269
2019-05-19 22-08-26,312,17.3874,36.8696
2019-05-19 22-08-28,311,17.4042,36.8563
2019-05-19 22-08-30,312,17.4377,36.8563
2019-05-19 22-08-32,312,17.3874,36.883
2019-05-19 22-08-34,312,17.3676,36.8696
2019-05-19 22-08-36,312,17.3874,36.8696
2019-05-19 22-08-40,312,17.3676,36.8696
2019-05-19 22-08-42,312,17.3676,36.8696
2019-05-19 22-08-44,311,17.3676,36.883
2019-05-19 22-08-46,312,17.3309,36.8563
2019-05-19 22-08-48,311,17.4225,36.8563
2019-05-19 22-08-50,311,17.3508,36.883
2019-05-19 22-08-52,312,17.3676,36.883
2019-05-19 22-08-54,312,17.3676,36.883
2019-05-19 22-08-58,312,17.3691,36.9123
2019-05-19 22-09-00,312,17.3691,36.899
2019-05-19 22-09-02,312,17.3721,36.939
2019-05-19 22-09-04,312,17.3553,36.9684
2019-05-19 22-09-06,312,17.3004,36.9257
2019-05-19 22-09-08,312,17.3172,36.9257
2019-05-19 22-09-10,313,17.2668,36.9257
2019-05-19 22-09-12,313,17.3691,36.9123
2019-05-19 22-09-16,313,17.3187,36.939
2019-05-19 22-09-18,312,17.3538,36.9257
2019-05-19 22-09-20,312,17.3691,36.9257
2019-05-19 22-09-22,312,17.392,36.939
2019-05-19 22-09-24,312,17.3035,36.9551
2019-05-19 22-09-26,313,17.3004,36.939
2019-05-19 22-09-28,314,17.3172,36.9257
2019-05-19 22-09-32,315,17.3874,36.8563
2019-05-19 22-09-34,315,17.3676,36.8563
2019-05-19 22-09-36,315,17.4194,36.8429
2019-05-19 22-09-38,315,17.3492,36.8429
2019-05-19 22-09-40,315,17.3645,36.8135
2019-05-19 22-09-42,315,17.3859,36.8269
2019-05-19 22-09-44,315,17.4194,36.8429
2019-05-19 22-09-46,315,17.3828,36.8002
2019-05-19 22-09-50,314,17.4194,36.8269
2019-05-19 22-09-52,313,17.3859,36.8429
2019-05-19 22-09-54,314,17.4042,36.8696
2019-05-19 22-09-56,314,17.4377,36.8563
2019-05-19 22-09-58,314,17.3325,36.8696
2019-05-19 22-10-00,314,17.4225,36.8696
2019-05-19 22-10-02,314,17.3676,36.8563
2019-05-19 22-10-04,313,17.4225,36.8563
2019-05-19 22-10-08,314,17.4042,36.8696
2019-05-19 22-10-10,315,17.3676,36.8563
2019-05-19 22-10-12,316,17.4561,36.8429
2019-05-19 22-10-14,315,17.4011,36.8269
2019-05-19 22-10-16,315,17.4377,36.8269
2019-05-19 22-10-18,315,17.4377,36.8269
2019-05-19 22-10-20,314,17.4545,36.8135
2019-05-19 22-10-22,314,17.4362,36.8002
2019-05-19 22-10-26,313,17.5232,36.7868
2019-05-19 22-10-28,314,17.4866,36.7868
2019-05-19 22-10-30,314,17.5018,36.7441
2019-05-19 22-10-32,314,17.5735,36.7308
2019-05-19 22-10-34,314,17.5186,36.7147
2019-05-19 22-10-37,313,17.5156,36.6587
2019-05-19 22-10-39,313,17.5369,36.6747
2019-05-19 22-10-41,314,17.5552,36.688
2019-05-19 22-10-45,314,17.5552,36.7014
2019-05-19 22-10-47,314,17.4973,36.6747
2019-05-19 22-10-49,315,17.5873,36.6587
2019-05-19 22-10-51,314,17.6743,36.6453
2019-05-19 22-10-53,313,17.6376,36.6186
2019-05-19 22-10-55,314,17.6193,36.5866
2019-05-19 22-10-57,313,17.6941,36.6453
2019-05-19 22-10-59,313,17.6743,36.6587
2019-05-19 22-11-03,312,17.6392,36.6587
2019-05-19 22-11-05,312,17.6941,36.6453
2019-05-19 22-11-07,312,17.5888,36.7014
2019-05-19 22-11-09,311,17.5888,36.7014
2019-05-19 22-11-11,311,17.6254,36.7308
2019-05-19 22-11-13,310,17.5385,36.7308
2019-05-19 22-11-15,310,17.5751,36.7441
2019-05-19 22-11-17,311,17.5201,36.7708
2019-05-19 22-11-21,312,17.4683,36.7708
2019-05-19 22-11-23,312,17.5201,36.7575
2019-05-19 22-11-25,313,17.5049,36.7868
2019-05-19 22-11-27,314,17.5201,36.7575
2019-05-19 22-11-29,315,17.5201,36.7441
2019-05-19 22-11-31,316,17.5018,36.7575
2019-05-19 22-11-33,316,17.5934,36.7575
2019-05-19 22-11-37,316,17.5735,36.7308
2019-05-19 22-11-39,316,17.5552,36.7147
2019-05-19 22-11-41,316,17.5888,36.688
2019-05-19 22-11-43,316,17.6071,36.7014
2019-05-19 22-11-45,316,17.6422,36.688
2019-05-19 22-11-47,315,17.6102,36.7441
2019-05-19 22-11-49,316,17.6254,36.7147
2019-05-19 22-11-51,315,17.6102,36.7308
2019-05-19 22-11-55,315,17.5934,36.7708
2019-05-19 22-11-57,315,17.5598,36.7708
2019-05-19 22-11-59,315,17.543,36.8002
2019-05-19 22-12-01,315,17.5247,36.8429
2019-05-19 22-12-03,315,17.5064,36.8269
2019-05-19 22-12-05,315,17.4377,36.8563
2019-05-19 22-12-07,314,17.5095,36.8563
2019-05-19 22-12-09,315,17.4606,36.9257
2019-05-19 22-12-13,315,17.4225,36.883
2019-05-19 22-12-15,316,17.4591,36.883
2019-05-19 22-12-17,316,17.4408,36.883
2019-05-19 22-12-19,315,17.4591,36.883
2019-05-19 22-12-21,315,17.5476,36.883
2019-05-19 22-12-23,316,17.4774,36.899
2019-05-19 22-12-25,316,17.4927,36.883
2019-05-19 22-12-27,316,17.4774,36.899
2019-05-19 22-12-31,317,17.3904,36.9123
2019-05-19 22-12-33,316,17.3691,36.899
2019-05-19 22-12-35,316,17.4591,36.899
2019-05-19 22-12-37,316,17.424,36.899
2019-05-19 22-12-39,315,17.4774,36.9123
2019-05-19 22-12-41,315,17.4408,36.899
2019-05-19 22-12-43,315,17.4423,36.9123
2019-05-19 22-12-45,315,17.4408,36.899
2019-05-19 22-12-49,315,17.4408,36.8696
2019-05-19 22-12-51,315,17.4561,36.8696
2019-05-19 22-12-53,316,17.4744,36.8696
2019-05-19 22-12-55,315,17.4774,36.899
2019-05-19 22-12-57,315,17.4927,36.899
2019-05-19 22-12-59,316,17.4408,36.883
2019-05-19 22-13-01,315,17.4408,36.8696
2019-05-19 22-13-03,316,17.4591,36.883
2019-05-19 22-13-07,316,17.4744,36.8696
2019-05-19 22-13-09,317,17.4927,36.899
2019-05-19 22-13-11,316,17.4744,36.8696
2019-05-19 22-13-13,316,17.5278,36.8696
2019-05-19 22-13-15,316,17.4561,36.8563
2019-05-19 22-13-17,316,17.5644,36.8696
2019-05-19 22-13-19,316,17.5064,36.8269
2019-05-19 22-13-21,315,17.5644,36.8563
2019-05-19 22-13-25,315,17.5461,36.8563
2019-05-19 22-13-27,315,17.511,36.883
2019-05-19 22-13-29,315,17.5476,36.883
2019-05-19 22-13-31,316,17.4744,36.8563
2019-05-19 22-13-33,316,17.4927,36.899
2019-05-19 22-13-35,316,17.4927,36.8696
2019-05-19 22-13-37,316,17.4911,36.8429
2019-05-19 22-13-39,316,17.5095,36.8429
2019-05-19 22-13-43,316,17.5247,36.8429
2019-05-19 22-13-45,315,17.543,36.8002
2019-05-19 22-13-47,314,17.543,36.8135
2019-05-19 22-13-49,314,17.598,36.8269
2019-05-19 22-13-51,315,17.5232,36.8135
2019-05-19 22-13-53,315,17.5064,36.8135
2019-05-19 22-13-55,315,17.5064,36.8269
2019-05-19 22-13-59,315,17.543,36.7868
2019-05-19 22-14-01,314,17.5568,36.7575
2019-05-19 22-14-03,314,17.5385,36.7308
2019-05-19 22-14-05,314,17.5919,36.7308
2019-05-19 22-14-07,313,17.6071,36.7014
2019-05-19 22-14-09,313,17.5735,36.7147
2019-05-19 22-14-11,313,17.6102,36.7308
2019-05-19 22-14-13,312,17.6422,36.7014
2019-05-19 22-14-17,312,17.6239,36.6747
2019-05-19 22-14-19,312,17.6575,36.6587
2019-05-19 22-14-21,312,17.6743,36.6587
2019-05-19 22-14-23,313,17.5705,36.6747
2019-05-19 22-14-25,313,17.5156,36.6747
2019-05-19 22-14-27,312,17.5339,36.6587
2019-05-19 22-14-29,312,17.5339,36.632
2019-05-19 22-14-31,312,17.6743,36.632
2019-05-19 22-14-35,312,17.7292,36.6453
2019-05-19 22-14-37,312,17.6376,36.632
2019-05-19 22-14-39,312,17.6743,36.6453
2019-05-19 22-14-41,312,17.6208,36.6587
2019-05-19 22-14-43,312,17.6239,36.6747
2019-05-19 22-14-45,312,17.6605,36.7014
2019-05-19 22-14-47,311,17.6392,36.6587
2019-05-19 22-14-49,311,17.6071,36.688
2019-05-19 22-14-53,312,17.5705,36.6587
2019-05-19 22-14-55,311,17.6208,36.6587
2019-05-19 22-14-57,311,17.6254,36.7147
2019-05-19 22-14-59,311,17.6758,36.7014
2019-05-19 22-15-01,311,17.662,36.7441
2019-05-19 22-15-03,312,17.6254,36.7308
2019-05-19 22-15-05,313,17.6758,36.7014
2019-05-19 22-15-07,313,17.6254,36.7014
2019-05-19 22-15-11,313,17.6788,36.7147
2019-05-19 22-15-13,313,17.662,36.7308
2019-05-19 22-15-15,314,17.6971,36.688
2019-05-19 22-15-17,315,17.6971,36.6747
2019-05-19 22-15-19,315,17.7261,36.6186
2019-05-19 22-15-21,315,17.7246,36.5732
2019-05-19 22-15-23,315,17.7429,36.5866
2019-05-19 22-15-27,314,17.7795,36.6026
2019-05-19 22-15-29,314,17.7612,36.6026
2019-05-19 22-15-31,313,17.6926,36.6026
2019-05-19 22-15-33,313,17.7444,36.6186
2019-05-19 22-15-35,313,17.7429,36.5732
2019-05-19 22-15-37,312,17.7933,36.5599
2019-05-19 22-15-39,312,17.8314,36.5732
2019-05-19 22-15-41,311,17.7948,36.5732
2019-05-19 22-15-45,311,17.8848,36.5732
2019-05-19 22-15-47,311,17.7429,36.5732
2019-05-19 22-15-49,311,17.7765,36.5599
2019-05-19 22-15-51,311,17.8665,36.5438
2019-05-19 22-15-53,310,17.8818,36.5171
2019-05-19 22-15-55,310,17.8299,36.5305
2019-05-19 22-15-57,310,17.8848,36.5599
2019-05-19 22-16-00,310,17.868,36.5866
2019-05-19 22-16-04,311,17.8497,36.5732
2019-05-19 22-16-06,311,17.7795,36.6026
2019-05-19 22-16-08,311,17.8131,36.6186
2019-05-19 22-16-10,311,17.7628,36.6186
2019-05-19 22-16-12,311,17.7979,36.632
2019-05-19 22-16-14,311,17.7628,36.6186
2019-05-19 22-16-16,311,17.7628,36.6186
2019-05-19 22-16-18,311,17.8497,36.5866
2019-05-19 22-16-22,312,17.7948,36.5732
2019-05-19 22-16-24,312,17.8116,36.5438
2019-05-19 22-16-26,312,17.8085,36.5305
2019-05-19 22-16-28,312,17.8085,36.5171
2019-05-19 22-16-30,312,17.7383,36.4878
2019-05-19 22-16-32,313,17.8116,36.5438
2019-05-19 22-16-34,313,17.775,36.5171
2019-05-19 22-16-36,313,17.8299,36.5011
2019-05-19 22-16-40,314,17.8986,36.4878
2019-05-19 22-16-42,314,17.9306,36.445
2019-05-19 22-16-44,314,17.9306,36.445
2019-05-19 22-16-46,314,17.9306,36.445
2019-05-19 22-16-48,313,17.9306,36.445
2019-05-19 22-16-50,313,17.9169,36.5011
2019-05-19 22-16-52,314,17.8818,36.5171
2019-05-19 22-16-54,314,17.8665,36.5438
2019-05-19 22-16-58,314,17.8085,36.5305
2019-05-19 22-17-00,314,17.8314,36.5599
2019-05-19 22-17-02,314,17.8314,36.5732
2019-05-19 22-17-04,314,17.7612,36.5732
2019-05-19 22-17-06,314,17.8314,36.5599
2019-05-19 22-17-08,313,17.8162,36.632
2019-05-19 22-17-10,313,17.7444,36.6186
2019-05-19 22-17-14,314,17.7628,36.6453
2019-05-19 22-17-16,315,17.7628,36.6186
2019-05-19 22-17-18,315,17.7948,36.6026
2019-05-19 22-17-20,315,17.7612,36.5732
2019-05-19 22-17-22,315,17.7948,36.5732
2019-05-19 22-17-24,316,17.7933,36.5599
2019-05-19 22-17-26,315,17.7795,36.5866
2019-05-19 22-17-28,315,17.8848,36.5732
2019-05-19 22-17-32,315,17.8131,36.5866
2019-05-19 22-17-34,314,17.7948,36.5866
2019-05-19 22-17-36,314,17.7933,36.5599
2019-05-19 22-17-38,314,17.8818,36.5438
2019-05-19 22-17-40,314,17.8848,36.5599
2019-05-19 22-17-42,314,17.7933,36.5599
2019-05-19 22-17-44,314,17.8131,36.6026
2019-05-19 22-17-46,314,17.8131,36.6026
2019-05-19 22-17-50,314,17.7811,36.6587
2019-05-19 22-17-52,314,17.7811,36.6587
2019-05-19 22-17-54,314,17.7292,36.6587
2019-05-19 22-17-56,314,17.7658,36.6587
2019-05-19 22-17-58,315,17.7811,36.6453
2019-05-19 22-18-00,315,17.8131,36.6186
2019-05-19 22-18-02,315,17.8131,36.5866
2019-05-19 22-18-04,315,17.8665,36.5599
2019-05-19 22-18-08,316,17.8314,36.5438
2019-05-19 22-18-10,316,17.8665,36.5438
2019-05-19 22-18-12,315,17.9001,36.5305
2019-05-19 22-18-14,315,17.8818,36.5171
2019-05-19 22-18-16,314,17.8635,36.5171
2019-05-19 22-18-18,314,17.8482,36.5438
2019-05-19 22-18-20,314,17.9001,36.5599
2019-05-19 22-18-22,314,17.9001,36.5305
2019-05-19 22-18-26,315,17.8818,36.5171
2019-05-19 22-18-28,314,17.8802,36.5011
2019-05-19 22-18-30,314,17.9169,36.5171
2019-05-19 22-18-32,314,17.9169,36.5011
2019-05-19 22-18-34,314,17.8986,36.4878
2019-05-19 22-18-36,314,17.9123,36.445
2019-05-19 22-18-38,314,17.9626,36.4183
2019-05-19 22-18-42,315,18.0176,36.405
2019-05-19 22-18-44,314,17.9443,36.405
2019-05-19 22-18-46,314,17.8726,36.3623
2019-05-19 22-18-48,314,17.9596,36.3489
2019-05-19 22-18-50,314,17.9596,36.3489
2019-05-19 22-18-52,314,17.9779,36.3489
2019-05-19 22-18-54,313,18.0496,36.3623
2019-05-19 22-18-56,313,17.9962,36.3623
2019-05-19 22-19-00,313,18.0313,36.3489
2019-05-19 22-19-02,313,18.0496,36.3623
2019-05-19 22-19-04,313,17.9993,36.3756
2019-05-19 22-19-06,314,17.926,36.3756
2019-05-19 22-19-08,314,17.8909,36.3756
2019-05-19 22-19-10,313,17.926,36.3756
2019-05-19 22-19-12,314,17.9413,36.3623
2019-05-19 22-19-14,314,17.9413,36.3623
2019-05-19 22-19-18,313,18.0328,36.3623
2019-05-19 22-19-20,314,18.0649,36.3195
2019-05-19 22-19-22,314,18.0649,36.3195
2019-05-19 22-19-24,315,18.1519,36.2635
2019-05-19 22-19-26,315,18.1839,36.2367
2019-05-19 22-19-28,314,18.2007,36.2207
2019-05-19 22-19-30,315,18.1702,36.2768
2019-05-19 22-19-32,315,18.1366,36.2928
2019-05-19 22-19-36,314,18.1,36.3062
2019-05-19 22-19-38,314,18.1015,36.3623
2019-05-19 22-19-40,314,18.0679,36.3756
2019-05-19 22-19-42,315,18.0511,36.3756
2019-05-19 22-19-44,315,18.0679,36.389
2019-05-19 22-19-46,316,18.0176,36.405
2019-05-19 22-19-48,316,18.0176,36.389
2019-05-19 22-19-52,316,18.0725,36.445
2019-05-19 22-19-54,315,17.9871,36.4878
2019-05-19 22-19-56,315,17.9504,36.5011
2019-05-19 22-19-58,315,17.9184,36.5438
2019-05-19 22-20-00,316,17.9169,36.5305
2019-05-19 22-20-02,316,17.9352,36.5171
2019-05-19 22-20-04,317,17.9184,36.5732
2019-05-19 22-20-06,317,17.9001,36.5599
2019-05-19 22-20-10,317,17.8345,36.6026
2019-05-19 22-20-12,317,17.8345,36.6186
2019-05-19 22-20-14,316,17.836,36.632
2019-05-19 22-20-16,317,17.8345,36.6026
2019-05-19 22-20-18,317,17.868,36.5866
2019-05-19 22-20-20,318,17.8314,36.5438
2019-05-19 22-20-22,318,17.8848,36.5599
2019-05-19 22-20-24,319,17.8986,36.4878
2019-05-19 22-20-28,319,17.9489,36.4744
2019-05-19 22-20-30,319,17.8986,36.5011
2019-05-19 22-20-32,319,17.9321,36.4878
2019-05-19 22-20-34,318,17.9169,36.5011
2019-05-19 22-20-36,317,17.9001,36.5599
2019-05-19 22-20-38,317,17.9001,36.5305
2019-05-19 22-20-40,318,17.9001,36.5599
2019-05-19 22-20-42,317,17.8528,36.6186
2019-05-19 22-20-46,316,17.7994,36.6453
2019-05-19 22-20-48,317,17.8543,36.6453
2019-05-19 22-20-50,317,17.8131,36.6186
2019-05-19 22-20-52,317,17.8345,36.6026
2019-05-19 22-20-54,317,17.8131,36.6186
2019-05-19 22-20-56,317,17.8345,36.5866
2019-05-19 22-20-58,318,17.7795,36.6026
2019-05-19 22-21-02,319,17.8497,36.5732
2019-05-19 22-21-04,319,17.8711,36.6186
2019-05-19 22-21-06,320,17.8131,36.6026
2019-05-19 22-21-08,320,17.8864,36.6186
2019-05-19 22-21-10,319,17.8131,36.6186
2019-05-19 22-21-12,319,17.8543,36.6453
2019-05-19 22-21-15,319,17.836,36.632
2019-05-19 22-21-17,319,17.836,36.6453
2019-05-19 22-21-21,320,17.836,36.6587
2019-05-19 22-21-23,320,17.8162,36.632
2019-05-19 22-21-25,320,17.8162,36.632
2019-05-19 22-21-27,320,17.7979,36.632
2019-05-19 22-21-29,320,17.7994,36.6453
2019-05-19 22-21-31,320,17.7841,36.688
2019-05-19 22-21-33,320,17.7658,36.688
2019-05-19 22-21-35,320,17.7841,36.688
2019-05-19 22-21-39,321,17.7841,36.688
2019-05-19 22-21-41,321,17.7658,36.6747
2019-05-19 22-21-43,321,17.7994,36.6587
2019-05-19 22-21-45,322,17.836,36.6587
2019-05-19 22-21-47,322,17.7979,36.632
2019-05-19 22-21-49,322,17.7811,36.6453
2019-05-19 22-21-51,322,17.8162,36.632
2019-05-19 22-21-53,322,17.7994,36.6453
2019-05-19 22-21-57,321,17.8162,36.632
2019-05-19 22-21-59,321,17.8726,36.6587
2019-05-19 22-22-01,321,17.7994,36.6747
2019-05-19 22-22-03,320,17.7475,36.6453
2019-05-19 22-22-05,320,17.7994,36.6747
2019-05-19 22-22-07,321,17.7811,36.6587
2019-05-19 22-22-09,321,17.7292,36.6587
2019-05-19 22-22-11,321,17.7124,36.6587
2019-05-19 22-22-15,321,17.6193,36.6186
2019-05-19 22-22-17,321,17.6926,36.6026
2019-05-19 22-22-19,321,17.7444,36.6026
2019-05-19 22-22-21,321,17.7612,36.5866
2019-05-19 22-22-23,321,17.7078,36.5732
2019-05-19 22-22-25,321,17.7612,36.5866
2019-05-19 22-22-27,321,17.7261,36.6186
2019-05-19 22-22-29,322,17.8864,36.5866
2019-05-19 22-22-33,322,17.9031,36.5866
2019-05-19 22-22-35,321,17.955,36.5866
2019-05-19 22-22-37,321,17.9031,36.5866
2019-05-19 22-22-39,321,17.868,36.5866
2019-05-19 22-22-41,321,17.8848,36.5732
2019-05-19 22-22-43,320,17.868,36.5732
2019-05-19 22-22-45,320,17.9031,36.5732
2019-05-19 22-22-49,319,17.9214,36.5866
2019-05-19 22-22-51,320,17.9214,36.6186
2019-05-19 22-22-53,320,17.9031,36.5866
2019-05-19 22-22-55,320,17.8848,36.5732
2019-05-19 22-22-57,320,17.8497,36.5732
2019-05-19 22-22-59,320,17.9184,36.5438
2019-05-19 22-23-01,320,17.9367,36.5599
2019-05-19 22-23-03,320,17.9489,36.4878
2019-05-19 22-23-07,320,18.0222,36.4744
2019-05-19 22-23-09,320,18.0374,36.445
2019-05-19 22-23-11,319,17.9626,36.4183
2019-05-19 22-23-13,319,18.0542,36.4317
2019-05-19 22-23-15,320,18.0176,36.405
2019-05-19 22-23-17,320,18.0511,36.3756
2019-05-19 22-23-19,319,18.0649,36.3489
2019-05-19 22-23-21,319,18.1015,36.3489
2019-05-19 22-23-25,319,18.1549,36.3062
2019-05-19 22-23-27,318,18.1366,36.3195
2019-05-19 22-23-29,318,18.1885,36.3195
2019-05-19 22-23-31,318,18.1702,36.2768
2019-05-19 22-23-33,318,18.1839,36.2367
2019-05-19 22-23-35,318,18.1656,36.2074
2019-05-19 22-23-37,317,18.1656,36.2207
2019-05-19 22-23-39,317,18.1503,36.2367
2019-05-19 22-23-43,316,18.1503,36.2501
2019-05-19 22-23-45,315,18.187,36.2635
2019-05-19 22-23-47,315,18.2205,36.2501
2019-05-19 22-23-49,314,18.2205,36.2768
2019-05-19 22-23-51,314,18.1702,36.3062
2019-05-19 22-23-53,315,18.1549,36.3195
2019-05-19 22-23-55,315,18.1,36.3195
2019-05-19 22-23-57,314,18.1366,36.3062
2019-05-19 22-24-01,315,18.0634,36.3062
2019-05-19 22-24-03,314,18.1183,36.3195
2019-05-19 22-24-05,314,18.1381,36.3329
2019-05-19 22-24-07,314,18.0832,36.3623
2019-05-19 22-24-09,314,18.0649,36.3489
2019-05-19 22-24-11,314,18.1183,36.3489
2019-05-19 22-24-13,314,18.0466,36.3329
2019-05-19 22-24-15,314,18.0649,36.3329
2019-05-19 22-24-19,314,18.1381,36.3329
2019-05-19 22-24-21,314,18.1412,36.3623
2019-05-19 22-24-23,314,18.0832,36.3489
2019-05-19 22-24-25,314,18.0649,36.3329
2019-05-19 22-24-27,314,18.1198,36.3623
2019-05-19 22-24-29,315,18.0466,36.3195
2019-05-19 22-24-31,315,18.0649,36.3195
2019-05-19 22-24-33,315,18.0466,36.3062
2019-05-19 22-24-37,314,18.1,36.3195
2019-05-19 22-24-39,314,18.1366,36.3195
2019-05-19 22-24-41,315,18.1885,36.3195
2019-05-19 22-24-43,314,18.1686,36.2635
2019-05-19 22-24-45,315,18.1503,36.2367
2019-05-19 22-24-47,315,18.2007,36.2207
2019-05-19 22-24-49,314,18.2205,36.2501
2019-05-19 22-24-53,314,18.187,36.2768
2019-05-19 22-24-55,313,18.0969,36.2928
2019-05-19 22-24-57,313,18.1702,36.2768
2019-05-19 22-24-59,313,18.1839,36.2367
2019-05-19 22-25-01,313,18.2526,36.2207
2019-05-19 22-25-03,313,18.2922,36.2207
2019-05-19 22-25-05,312,18.2373,36.2207
2019-05-19 22-25-07,312,18.1656,36.2207
2019-05-19 22-25-11,313,18.1473,36.194
2019-05-19 22-25-13,313,18.1976,36.178
2019-05-19 22-25-15,313,18.251,36.178
2019-05-19 22-25-17,312,18.2693,36.2074
2019-05-19 22-25-19,312,18.2892,36.178
2019-05-19 22-25-21,312,18.338,36.1379
2019-05-19 22-25-23,312,18.3014,36.0925
2019-05-19 22-25-25,312,18.3517,36.0632
2019-05-19 22-25-29,313,18.3304,36.0231
2019-05-19 22-25-31,312,18.3655,35.9937
2019-05-19 22-25-33,312,18.3289,35.967
2019-05-19 22-25-35,312,18.2938,35.967
2019-05-19 22-25-37,312,18.3792,35.951
2019-05-19 22-25-39,312,18.3609,35.9243
2019-05-19 22-25-41,312,18.3624,35.967
2019-05-19 22-25-43,312,18.3258,35.9377
2019-05-19 22-25-47,312,18.3441,35.9377
2019-05-19 22-25-49,312,18.3792,35.9377
2019-05-19 22-25-51,311,18.3807,35.967
2019-05-19 22-25-53,311,18.3441,35.951
2019-05-19 22-25-55,310,18.3075,35.9243
2019-05-19 22-25-57,310,18.3762,35.911
2019-05-19 22-25-59,310,18.4311,35.8949
2019-05-19 22-26-01,311,18.4662,35.8682
2019-05-19 22-26-05,311,18.3929,35.8682
2019-05-19 22-26-07,310,18.4662,35.8682
2019-05-19 22-26-09,310,18.4677,35.9243
2019-05-19 22-26-11,310,18.4158,35.911
2019-05-19 22-26-13,309,18.3258,35.9377
2019-05-19 22-26-15,309,18.3304,35.9937
2019-05-19 22-26-17,308,18.2983,36.0632
2019-05-19 22-26-19,309,18.2251,36.0498
2019-05-19 22-26-23,309,18.2831,36.0632
2019-05-19 22-26-25,310,18.2831,36.0632
2019-05-19 22-26-27,310,18.2251,36.0498
2019-05-19 22-26-29,311,18.2602,36.0231
2019-05-19 22-26-31,311,18.3487,36.0231
2019-05-19 22-26-33,311,18.3304,36.0231
2019-05-19 22-26-35,311,18.2983,36.0498
2019-05-19 22-26-39,311,18.335,36.0792
2019-05-19 22-26-41,311,18.3014,36.1059
2019-05-19 22-26-43,311,18.1793,36.1513
2019-05-19 22-26-45,311,18.219,36.2207
2019-05-19 22-26-47,311,18.2205,36.2768
2019-05-19 22-26-49,311,18.1702,36.2768
2019-05-19 22-26-51,311,18.1366,36.3195
2019-05-19 22-26-53,311,18.1366,36.3195
2019-05-19 22-26-58,312,18.1747,36.3623
2019-05-19 22-27-00,313,18.0328,36.3756
2019-05-19 22-27-02,312,18.0511,36.3756
2019-05-19 22-27-04,312,18.0862,36.3756
2019-05-19 22-27-06,313,18.0496,36.3623
2019-05-19 22-27-08,315,18.0817,36.3195
2019-05-19 22-27-10,316,18.0832,36.3329
2019-05-19 22-27-12,316,18.1732,36.3195
2019-05-19 22-27-16,317,18.0817,36.3062
2019-05-19 22-27-18,318,18.0969,36.2928
2019-05-19 22-27-20,318,18.1335,36.2501
2019-05-19 22-27-22,320,18.251,36.194
2019-05-19 22-27-24,320,18.1976,36.178
2019-05-19 22-27-26,319,18.2327,36.1646
2019-05-19 22-27-28,320,18.251,36.194
2019-05-19 22-27-30,320,18.2922,36.2207
2019-05-19 22-27-34,317,18.1839,36.2207
2019-05-19 22-27-36,316,18.219,36.2207
2019-05-19 22-27-38,314,18.2373,36.2367
2019-05-19 22-27-40,314,18.1686,36.2367
2019-05-19 22-27-42,315,18.1335,36.2768
2019-05-19 22-27-44,315,18.0969,36.2768
2019-05-19 22-27-46,314,18.0969,36.2928
2019-05-19 22-27-48,314,18.0649,36.3329
2019-05-19 22-27-52,315,18.0649,36.3329
2019-05-19 22-27-54,315,18.0679,36.3623
2019-05-19 22-27-56,316,17.9993,36.3756
2019-05-19 22-27-58,315,18.0878,36.405
2019-05-19 22-28-00,316,18.0359,36.405
2019-05-19 22-28-02,316,18.0191,36.4317
2019-05-19 22-28-04,317,17.9443,36.405
2019-05-19 22-28-06,317,17.9993,36.3756
2019-05-19 22-28-10,318,18.0145,36.3756
2019-05-19 22-28-12,320,18.1015,36.3489
2019-05-19 22-28-14,320,18.1198,36.3756
2019-05-19 22-28-16,319,18.0328,36.389
2019-05-19 22-28-18,319,18.0328,36.389
2019-05-19 22-28-20,317,18.1046,36.4183
2019-05-19 22-28-22,316,18.0008,36.445
2019-05-19 22-28-24,317,18.0008,36.445
2019-05-19 22-28-28,318,18.1061,36.4317
2019-05-19 22-28-30,318,17.9855,36.4611
2019-05-19 22-28-32,319,18.0695,36.405
2019-05-19 22-28-34,319,18.0862,36.389
2019-05-19 22-28-36,319,18.0511,36.405
2019-05-19 22-28-38,319,18.1015,36.3756
2019-05-19 22-28-40,319,18.1015,36.3756
2019-05-19 22-28-42,319,18.1381,36.3489
2019-05-19 22-28-46,319,18.1015,36.3489
2019-05-19 22-28-48,318,18.0862,36.3756
2019-05-19 22-28-50,319,18.1198,36.3756
2019-05-19 22-28-52,319,18.1183,36.3489
2019-05-19 22-28-54,319,18.1549,36.3195
2019-05-19 22-28-56,319,18.1519,36.2928
2019-05-19 22-28-58,319,18.187,36.2501
2019-05-19 22-29-02,319,18.2526,36.2207
2019-05-19 22-29-04,318,18.219,36.2074
2019-05-19 22-29-06,318,18.306,36.1513
2019-05-19 22-29-08,318,18.2144,36.1513
2019-05-19 22-29-10,318,18.306,36.1513
2019-05-19 22-29-12,319,18.3533,36.1059
2019-05-19 22-29-14,319,18.3701,36.0792
2019-05-19 22-29-16,318,18.4402,36.0498
2019-05-19 22-29-20,317,18.4387,36.0231
2019-05-19 22-29-22,317,18.4753,36.0498
2019-05-19 22-29-24,317,18.457,36.0365
2019-05-19 22-29-26,317,18.4723,35.9937
2019-05-19 22-29-28,317,18.4021,36.0071
2019-05-19 22-29-30,316,18.4021,36.0231
2019-05-19 22-29-32,315,18.454,35.9804
2019-05-19 22-29-34,315,18.4174,35.967
2019-05-19 22-29-38,315,18.4174,35.951
2019-05-19 22-29-40,315,18.3945,35.9243
2019-05-19 22-29-42,315,18.4494,35.911
2019-05-19 22-29-44,314,18.4662,35.8816
2019-05-19 22-29-46,314,18.4998,35.8949
2019-05-19 22-29-48,314,18.4814,35.8682
2019-05-19 22-29-50,313,18.5501,35.8389
2019-05-19 22-29-52,314,18.5486,35.8122
2019-05-19 22-29-56,313,18.605,35.8255
2019-05-19 22-29-58,313,18.6188,35.7828
2019-05-19 22-30-00,314,18.6172,35.7561
2019-05-19 22-30-02,313,18.6859,35.7134
2019-05-19 22-30-04,313,18.7912,35.7
2019-05-19 22-30-06,314,18.7378,35.6813
2019-05-19 22-30-08,313,18.7195,35.6813
2019-05-19 22-30-12,313,18.7012,35.6813
2019-05-19 22-30-14,313,18.7561,35.7
2019-05-19 22-30-16,313,18.6508,35.7267
2019-05-19 22-30-18,312,18.7241,35.7401
2019-05-19 22-30-20,311,18.6356,35.7694
2019-05-19 22-30-22,311,18.6737,35.8255
2019-05-19 22-30-24,311,18.6401,35.8255
2019-05-19 22-30-26,311,18.605,35.8389
2019-05-19 22-30-30,311,18.5364,35.8949
2019-05-19 22-30-32,311,18.5547,35.9377
2019-05-19 22-30-34,311,18.5226,35.9804
2019-05-19 22-30-36,311,18.454,35.967
2019-05-19 22-30-38,311,18.5074,35.9937
2019-05-19 22-30-40,311,18.5089,36.0365
2019-05-19 22-30-42,311,18.4952,36.0792
2019-05-19 22-30-44,310,18.4616,36.0925
2019-05-19 22-30-48,311,18.3746,36.1513
2019-05-19 22-30-50,311,18.3212,36.1513
2019-05-19 22-30-52,311,18.3426,36.2074
2019-05-19 22-30-54,312,18.3243,36.178
2019-05-19 22-30-56,312,18.3426,36.194
2019-05-19 22-30-58,313,18.2938,36.2635
2019-05-19 22-31-00,313,18.2373,36.2367
2019-05-19 22-31-02,314,18.2556,36.2635
2019-05-19 22-31-06,314,18.2755,36.3062
2019-05-19 22-31-08,315,18.2068,36.3062
2019-05-19 22-31-10,315,18.2251,36.3329
2019-05-19 22-31-12,315,18.2068,36.3329
2019-05-19 22-31-14,315,18.1747,36.3756
2019-05-19 22-31-16,316,18.1046,36.389
2019-05-19 22-31-18,316,18.1412,36.3756
2019-05-19 22-31-22,317,18.0695,36.4183
2019-05-19 22-31-24,317,18.0878,36.4183
2019-05-19 22-31-26,318,18.0542,36.4317
2019-05-19 22-31-28,317,18.0878,36.4317
2019-05-19 22-31-30,318,17.9993,36.405
2019-05-19 22-31-32,318,18.1046,36.405
2019-05-19 22-31-34,319,18.0679,36.3756
2019-05-19 22-31-36,319,18.0145,36.3623
2019-05-19 22-31-40,319,18.1366,36.3195
2019-05-19 22-31-42,319,18.1366,36.3195
2019-05-19 22-31-44,320,18.1366,36.3062
2019-05-19 22-31-46,321,18.187,36.2635
2019-05-19 22-31-48,322,18.219,36.2367
2019-05-19 22-31-50,322,18.2373,36.2207
2019-05-19 22-31-52,322,18.2373,36.2367
2019-05-19 22-31-54,320,18.2556,36.2501
2019-05-19 22-31-58,319,18.2373,36.2501
2019-05-19 22-32-00,319,18.2022,36.2635
2019-05-19 22-32-02,319,18.187,36.2635
2019-05-19 22-32-04,319,18.1686,36.2367
2019-05-19 22-32-06,319,18.1366,36.2928
2019-05-19 22-32-08,318,18.1885,36.3195
2019-05-19 22-32-10,318,18.1381,36.3329
2019-05-19 22-32-12,318,18.1732,36.3195
2019-05-19 22-32-16,318,18.1,36.3062
2019-05-19 22-32-18,319,18.1564,36.3623
2019-05-19 22-32-20,318,18.1564,36.3489
2019-05-19 22-32-22,318,18.1198,36.3623
2019-05-19 22-32-24,318,18.0466,36.3329
2019-05-19 22-32-26,318,18.1381,36.3489
2019-05-19 22-32-28,317,18.1198,36.3623
2019-05-19 22-32-32,317,18.1412,36.3623
2019-05-19 22-32-34,317,18.0862,36.389
2019-05-19 22-32-36,317,18.0725,36.445
2019-05-19 22-32-38,317,18.0725,36.4611
2019-05-19 22-32-40,317,18.0374,36.445
2019-05-19 22-32-43,316,18.074,36.4744
2019-05-19 22-32-45,316,18.0374,36.445
2019-05-19 22-32-47,316,18.0878,36.4183
2019-05-19 22-32-51,317,18.1198,36.389
2019-05-19 22-32-53,317,18.1412,36.3623
2019-05-19 22-32-55,317,18.1198,36.3756
2019-05-19 22-32-57,316,18.1198,36.3756
2019-05-19 22-32-59,317,18.1778,36.405
2019-05-19 22-33-01,317,18.1046,36.405
2019-05-19 22-33-03,317,18.0725,36.4317
2019-05-19 22-33-05,317,18.1091,36.4611
2019-05-19 22-33-09,316,18.0359,36.4317
2019-05-19 22-33-11,317,18.0908,36.4611
2019-05-19 22-33-13,318,18.0359,36.4317
2019-05-19 22-33-15,318,18.0359,36.405
2019-05-19 22-33-17,319,18.1427,36.405
2019-05-19 22-33-19,318,18.0878,36.405
2019-05-19 22-33-21,318,18.1061,36.4317
2019-05-19 22-33-23,318,18.0374,36.445
2019-05-19 22-33-27,318,18.0725,36.445
2019-05-19 22-33-29,318,18.0038,36.4611
2019-05-19 22-33-31,317,18.1091,36.4611
2019-05-19 22-33-33,317,18.1091,36.4878
2019-05-19 22-33-35,317,18.0557,36.4878
2019-05-19 22-33-37,317,18.0054,36.5171
2019-05-19 22-33-39,316,17.9688,36.5305
2019-05-19 22-33-41,316,17.9871,36.5011
2019-05-19 22-33-45,316,18.0588,36.5171
2019-05-19 22-33-47,317,18.0237,36.5011
2019-05-19 22-33-49,318,18.0405,36.4878
2019-05-19 22-33-51,319,18.0374,36.445
2019-05-19 22-33-53,318,18.0038,36.4744
2019-05-19 22-33-55,318,18.0374,36.4611
2019-05-19 22-33-57,318,18.0878,36.4183
2019-05-19 22-33-59,318,18.0328,36.3623
2019-05-19 22-34-03,318,18.1183,36.3195
2019-05-19 22-34-05,318,18.1519,36.2768
2019-05-19 22-34-07,318,18.1519,36.2635
2019-05-19 22-34-09,318,18.1686,36.2367
2019-05-19 22-34-11,318,18.219,36.2207
2019-05-19 22-34-13,316,18.219,36.2207
2019-05-19 22-34-15,316,18.3426,36.2074
2019-05-19 22-34-17,316,18.3792,36.2207
2019-05-19 22-34-21,316,18.2693,36.2074
2019-05-19 22-34-23,316,18.219,36.2367
2019-05-19 22-34-25,315,18.3441,36.2501
2019-05-19 22-34-27,315,18.2022,36.2635
2019-05-19 22-34-29,314,18.2388,36.2635
2019-05-19 22-34-31,313,18.2571,36.3062
2019-05-19 22-34-33,313,18.1885,36.3195
2019-05-19 22-34-37,313,18.1885,36.3195
2019-05-19 22-34-39,314,18.1549,36.3195
2019-05-19 22-34-41,313,18.1885,36.3195
2019-05-19 22-34-43,313,18.2098,36.3489
2019-05-19 22-34-45,313,18.1366,36.3195
2019-05-19 22-34-47,313,18.1686,36.2635
2019-05-19 22-34-49,313,18.2205,36.2635
2019-05-19 22-34-51,314,18.2556,36.2635
2019-05-19 22-34-55,314,18.2236,36.2928
2019-05-19 22-34-57,314,18.2236,36.3062
2019-05-19 22-34-59,314,18.1885,36.3195
2019-05-19 22-35-01,313,18.1915,36.3623
2019-05-19 22-35-03,314,18.1412,36.3623
2019-05-19 22-35-05,314,18.1381,36.3489
2019-05-19 22-35-07,314,18.0496,36.3489
2019-05-19 22-35-09,313,18.0649,36.3489
2019-05-19 22-35-13,313,18.0649,36.3489
2019-05-19 22-35-15,313,18.1015,36.3756
2019-05-19 22-35-17,313,18.0511,36.3756
2019-05-19 22-35-19,313,18.1229,36.405
2019-05-19 22-35-21,313,18.1046,36.4183
2019-05-19 22-35-23,312,18.0725,36.445
2019-05-19 22-35-25,312,18.1244,36.4744
2019-05-19 22-35-27,312,18.0725,36.4611
2019-05-19 22-35-31,313,18.1061,36.4317
2019-05-19 22-35-33,313,18.1046,36.4183
2019-05-19 22-35-35,314,18.0908,36.445
2019-05-19 22-35-37,313,18.0374,36.445
2019-05-19 22-35-39,313,18.1061,36.445
2019-05-19 22-35-41,312,18.0191,36.445
2019-05-19 22-35-43,312,18.0191,36.445
2019-05-19 22-35-45,312,18.0542,36.445
2019-05-19 22-35-49,313,18.0695,36.405
2019-05-19 22-35-51,314,18.1061,36.4317
2019-05-19 22-35-53,314,18.161,36.445
2019-05-19 22-35-55,314,18.1229,36.4183
2019-05-19 22-35-57,314,18.161,36.4183
2019-05-19 22-35-59,315,18.0878,36.4183
2019-05-19 22-36-01,315,18.1412,36.3756
2019-05-19 22-36-05,315,18.1702,36.3062
2019-05-19 22-36-07,315,18.187,36.2768
2019-05-19 22-36-09,314,18.2938,36.2635
2019-05-19 22-36-11,314,18.2922,36.2501
2019-05-19 22-36-13,314,18.2739,36.2501
2019-05-19 22-36-15,314,18.3105,36.2501
2019-05-19 22-36-17,313,18.2938,36.2768
2019-05-19 22-36-19,312,18.3121,36.3062
2019-05-19 22-36-23,311,18.2434,36.3489
2019-05-19 22-36-25,311,18.2465,36.3756
2019-05-19 22-36-27,310,18.1793,36.4317
2019-05-19 22-36-29,310,18.1427,36.405
2019-05-19 22-36-31,311,18.0878,36.4183
2019-05-19 22-36-33,312,18.1564,36.3756
2019-05-19 22-36-35,313,18.1747,36.389
2019-05-19 22-36-37,315,18.2098,36.3623
2019-05-19 22-36-41,313,18.1412,36.3756
2019-05-19 22-36-43,310,18.1198,36.389
2019-05-19 22-36-45,309,18.2114,36.389
2019-05-19 22-36-47,303,18.2281,36.389
2019-05-19 22-36-49,299,18.1427,36.4317
2019-05-19 22-36-51,300,18.1091,36.4611
2019-05-19 22-36-53,301,18.0557,36.4744
2019-05-19 22-36-55,305,18.0222,36.4744
2019-05-19 22-36-59,305,18.0405,36.5011
2019-05-19 22-37-01,306,18.0405,36.5011
2019-05-19 22-37-03,309,18.0038,36.4611
2019-05-19 22-37-05,310,18.0222,36.4744
2019-05-19 22-37-07,310,18.0038,36.4744
2019-05-19 22-37-09,312,18.1091,36.4744
2019-05-19 22-37-11,313,18.0908,36.445
2019-05-19 22-37-13,314,18.0908,36.445
2019-05-19 22-37-17,316,18.0878,36.4183
2019-05-19 22-37-19,317,18.1747,36.3623
2019-05-19 22-37-21,315,18.1732,36.3329
2019-05-19 22-37-23,316,18.1732,36.3195
2019-05-19 22-37-25,315,18.1702,36.2768
2019-05-19 22-37-27,315,18.2556,36.2501
2019-05-19 22-37-29,314,18.2526,36.2207
2019-05-19 22-37-31,313,18.2892,36.2074
2019-05-19 22-37-35,313,18.3243,36.178
2019-05-19 22-37-37,313,18.3212,36.1646
2019-05-19 22-37-39,312,18.3762,36.194
2019-05-19 22-37-41,312,18.3395,36.178
2019-05-19 22-37-43,311,18.3243,36.194
2019-05-19 22-37-45,312,18.2693,36.178
2019-05-19 22-37-47,311,18.2693,36.178
2019-05-19 22-37-51,312,18.1641,36.178
2019-05-19 22-37-53,313,18.248,36.1513
2019-05-19 22-37-55,313,18.3029,36.1192
2019-05-19 22-37-57,312,18.338,36.1059
2019-05-19 22-37-59,312,18.3884,36.0925
2019-05-19 22-38-02,312,18.425,36.0792
2019-05-19 22-38-04,311,18.4402,36.0498
2019-05-19 22-38-06,311,18.4616,36.0925
2019-05-19 22-38-10,311,18.4586,36.0792
2019-05-19 22-38-12,310,18.3701,36.0792
2019-05-19 22-38-14,310,18.4753,36.0498
2019-05-19 22-38-16,311,18.512,36.0498
2019-05-19 22-38-18,311,18.5272,36.0498
2019-05-19 22-38-20,310,18.5455,36.0632
2019-05-19 22-38-22,310,18.4402,36.0632
2019-05-19 22-38-24,310,18.457,36.0365
2019-05-19 22-38-28,310,18.4586,36.0632
2019-05-19 22-38-30,310,18.4402,36.0498
2019-05-19 22-38-32,310,18.4433,36.0925
2019-05-19 22-38-34,309,18.4265,36.1192
2019-05-19 22-38-36,309,18.3746,36.1513
2019-05-19 22-38-38,308,18.4113,36.194
2019-05-19 22-38-40,308,18.3762,36.194
2019-05-19 22-38-42,307,18.3945,36.2074
2019-05-19 22-38-46,307,18.3762,36.194
2019-05-19 22-38-48,308,18.3441,36.2501
2019-05-19 22-38-50,308,18.3792,36.2501
2019-05-19 22-38-52,308,18.3304,36.2928
2019-05-19 22-38-54,309,18.2755,36.3062
2019-05-19 22-38-56,309,18.2419,36.3062
2019-05-19 22-38-58,309,18.2602,36.3329
2019-05-19 22-39-00,310,18.2434,36.3623
2019-05-19 22-39-04,311,18.2281,36.3623
2019-05-19 22-39-06,311,18.2098,36.3489
2019-05-19 22-39-08,312,18.1885,36.3062
2019-05-19 22-39-10,312,18.2556,36.2635
2019-05-19 22-39-12,314,18.3121,36.2768
2019-05-19 22-39-14,314,18.2922,36.2207
2019-05-19 22-39-16,314,18.2892,36.2074
2019-05-19 22-39-18,314,18.3258,36.2367
2019-05-19 22-39-22,313,18.3609,36.2207
2019-05-19 22-39-24,313,18.3105,36.2501
2019-05-19 22-39-26,313,18.2739,36.2635
2019-05-19 22-39-28,313,18.2922,36.2501
2019-05-19 22-39-30,313,18.3121,36.3062
2019-05-19 22-39-32,313,18.2388,36.2928
2019-05-19 22-39-34,312,18.2602,36.3195
2019-05-19 22-39-38,312,18.2602,36.3329
2019-05-19 22-39-40,312,18.2602,36.3329
2019-05-19 22-39-42,312,18.1549,36.3329
2019-05-19 22-39-44,312,18.1412,36.3623
2019-05-19 22-39-46,312,18.1564,36.3756
2019-05-19 22-39-48,311,18.0878,36.405
2019-05-19 22-39-50,312,18.0862,36.389
2019-05-19 22-39-52,312,18.1229,36.4183
2019-05-19 22-39-56,312,18.1427,36.405
2019-05-19 22-39-58,313,18.0878,36.4183
2019-05-19 22-40-00,313,18.1229,36.405
2019-05-19 22-40-02,314,18.1427,36.405
2019-05-19 22-40-04,314,18.1564,36.3756
2019-05-19 22-40-06,314,18.2602,36.3489
2019-05-19 22-40-08,314,18.2434,36.3489
2019-05-19 22-40-10,314,18.2419,36.3329
2019-05-19 22-40-14,314,18.2068,36.3062
2019-05-19 22-40-16,315,18.3105,36.2635
2019-05-19 22-40-18,316,18.3624,36.2367
2019-05-19 22-40-20,316,18.3609,36.2207
2019-05-19 22-40-22,315,18.3792,36.2207
2019-05-19 22-40-24,315,18.3258,36.2074
2019-05-19 22-40-26,315,18.2938,36.2635
2019-05-19 22-40-28,315,18.3441,36.2501
2019-05-19 22-40-32,315,18.2922,36.2501
2019-05-19 22-40-34,316,18.3075,36.2074
2019-05-19 22-40-36,316,18.3243,36.178
2019-05-19 22-40-38,316,18.3762,36.178
2019-05-19 22-40-40,315,18.3212,36.1513
2019-05-19 22-40-42,314,18.3029,36.1379
2019-05-19 22-40-44,314,18.3014,36.1059
2019-05-19 22-40-46,314,18.3701,36.0925
2019-05-19 22-40-50,314,18.4402,36.0632
2019-05-19 22-40-52,314,18.425,36.0792
2019-05-19 22-40-54,313,18.457,36.0365
2019-05-19 22-40-56,313,18.4402,36.0632
2019-05-19 22-40-58,313,18.4402,36.0365
2019-05-19 22-41-00,313,18.541,35.9937
2019-05-19 22-41-02,313,18.5593,35.9804
2019-05-19 22-41-04,314,18.541,35.9937
2019-05-19 22-41-08,313,18.5593,35.9937
2019-05-19 22-41-10,312,18.541,35.9937
2019-05-19 22-41-12,312,18.5593,36.0071
2019-05-19 22-41-14,312,18.512,36.0498
2019-05-19 22-41-16,312,18.4952,36.0792
2019-05-19 22-41-18,311,18.4769,36.0632
2019-05-19 22-41-20,312,18.4937,36.0498
2019-05-19 22-41-22,312,18.5135,36.0925
2019-05-19 22-41-26,313,18.4586,36.0498
2019-05-19 22-41-28,313,18.4769,36.0792
2019-05-19 22-41-30,313,18.4616,36.0925
2019-05-19 22-41-32,313,18.4952,36.1059
2019-05-19 22-41-34,314,18.5272,36.0632
2019-05-19 22-41-36,314,18.5623,36.0365
2019-05-19 22-41-38,314,18.5623,36.0231
2019-05-19 22-41-42,314,18.5577,35.967
2019-05-19 22-41-44,314,18.5959,35.967
2019-05-19 22-41-46,313,18.5776,35.967
2019-05-19 22-41-48,313,18.6127,35.951
2019-05-19 22-41-50,313,18.6279,35.9377
2019-05-19 22-41-52,314,18.6127,35.9377
2019-05-19 22-41-54,314,18.5944,35.951
2019-05-19 22-41-56,314,18.5959,35.9937
2019-05-19 22-42-00,314,18.5852,36.0632
2019-05-19 22-42-02,314,18.5486,36.0925
2019-05-19 22-42-04,314,18.5135,36.1192
2019-05-19 22-42-06,314,18.4448,36.1192
2019-05-19 22-42-08,314,18.4448,36.1192
2019-05-19 22-42-10,314,18.4265,36.1192
2019-05-19 22-42-12,315,18.4448,36.1379
2019-05-19 22-42-14,315,18.4265,36.1192
2019-05-19 22-42-18,315,18.4631,36.1379
2019-05-19 22-42-20,316,18.4448,36.1192
2019-05-19 22-42-22,316,18.4265,36.1192
2019-05-19 22-42-24,316,18.4265,36.1192
2019-05-19 22-42-26,315,18.4631,36.1192
2019-05-19 22-42-28,315,18.4067,36.1192
2019-05-19 22-42-30,316,18.4067,36.1192
2019-05-19 22-42-32,317,18.4265,36.0925
2019-05-19 22-42-36,317,18.4219,36.0498
2019-05-19 22-42-38,317,18.425,36.0792
2019-05-19 22-42-40,317,18.4937,36.0632
2019-05-19 22-42-42,318,18.4586,36.0498
2019-05-19 22-42-44,318,18.512,36.0498
2019-05-19 22-42-46,318,18.4723,36.0071
2019-05-19 22-42-48,318,18.5257,36.0231
2019-05-19 22-42-50,317,18.5226,35.967
2019-05-19 22-42-54,318,18.5776,35.967
2019-05-19 22-42-56,318,18.576,35.9243
2019-05-19 22-42-58,318,18.6081,35.8816
2019-05-19 22-43-00,318,18.5532,35.8816
2019-05-19 22-43-02,317,18.6081,35.8682
2019-05-19 22-43-04,316,18.6462,35.9377
2019-05-19 22-43-06,316,18.6676,36.0071
2019-05-19 22-43-08,315,18.6356,36.0498
2019-05-19 22-43-12,315,18.5852,36.0632
2019-05-19 22-43-14,316,18.5806,35.9937
2019-05-19 22-43-16,316,18.631,35.9804
2019-05-19 22-43-18,316,18.6325,35.9937
2019-05-19 22-43-21,317,18.6325,36.0071
2019-05-19 22-43-23,316,18.541,35.9804
2019-05-19 22-43-25,316,18.6172,36.0231
2019-05-19 22-43-27,316,18.5852,36.0792
2019-05-19 22-43-31,315,18.5867,36.1059
2019-05-19 22-43-33,316,18.5822,36.0498
2019-05-19 22-43-35,316,18.5822,36.0498
2019-05-19 22-43-37,316,18.5822,36.0365
2019-05-19 22-43-39,317,18.6142,35.9937
2019-05-19 22-43-41,317,18.5806,35.9937
2019-05-19 22-43-43,317,18.541,35.9937
2019-05-19 22-43-45,317,18.6142,35.9804
2019-05-19 22-43-49,317,18.5577,35.967
2019-05-19 22-43-51,317,18.5074,35.9937
2019-05-19 22-43-53,317,18.5959,35.9937
2019-05-19 22-43-55,317,18.5593,35.9804
2019-05-19 22-43-57,317,18.6462,35.9377
2019-05-19 22-43-59,318,18.6462,35.9377
2019-05-19 22-44-01,318,18.6096,35.9243
2019-05-19 22-44-05,318,18.6081,35.8949
2019-05-19 22-44-07,318,18.6737,35.8389
2019-05-19 22-44-09,318,18.6737,35.8255
2019-05-19 22-44-11,318,18.7469,35.8389
2019-05-19 22-44-13,318,18.7637,35.8122
2019-05-19 22-44-15,318,18.7057,35.7961
2019-05-19 22-44-17,317,18.7454,35.7828
2019-05-19 22-44-19,317,18.6905,35.7828
2019-05-19 22-44-23,318,18.7592,35.7401
2019-05-19 22-44-25,317,18.7592,35.7561
2019-05-19 22-44-27,317,18.811,35.7401
2019-05-19 22-44-29,316,18.779,35.7961
2019-05-19 22-44-31,315,18.7469,35.8549
2019-05-19 22-44-33,315,18.6951,35.8682
2019-05-19 22-44-35,314,18.7149,35.9377
2019-05-19 22-44-37,314,18.6813,35.9377
2019-05-19 22-44-41,314,18.6813,35.9377
2019-05-19 22-44-43,315,18.6783,35.911
2019-05-19 22-44-45,315,18.663,35.9243
2019-05-19 22-44-47,316,18.6447,35.9243
2019-05-19 22-44-49,316,18.663,35.9377
2019-05-19 22-44-51,317,18.6127,35.951
2019-05-19 22-44-53,318,18.631,35.9804
2019-05-19 22-44-55,317,18.6172,36.0231
2019-05-19 22-44-59,317,18.6172,36.0231
2019-05-19 22-45-01,318,18.6005,36.0498
2019-05-19 22-45-03,317,18.5822,36.0498
2019-05-19 22-45-05,317,18.5501,36.1192
2019-05-19 22-45-07,317,18.5135,36.1059
2019-05-19 22-45-09,317,18.4814,36.1379
2019-05-19 22-45-11,317,18.5318,36.1192
2019-05-19 22-45-13,318,18.4769,36.0925
2019-05-19 22-45-17,318,18.4769,36.0792
2019-05-19 22-45-19,318,18.4433,36.0925
2019-05-19 22-45-21,318,18.4616,36.0925
2019-05-19 22-45-23,319,18.4753,36.0498
2019-05-19 22-45-25,320,18.4937,36.0498
2019-05-19 22-45-27,321,18.4906,36.0071
2019-05-19 22-45-29,320,18.544,36.0071
2019-05-19 22-45-31,320,18.5776,35.9804
2019-05-19 22-45-35,321,18.5394,35.9377
2019-05-19 22-45-37,320,18.5959,35.9804
2019-05-19 22-45-39,319,18.6279,35.951
2019-05-19 22-45-41,319,18.6829,35.9937
2019-05-19 22-45-43,319,18.6142,36.0071
2019-05-19 22-45-45,319,18.6325,35.9937
2019-05-19 22-45-47,319,18.631,35.9804
2019-05-19 22-45-51,319,18.6142,36.0071
2019-05-19 22-45-53,320,18.6127,35.951
2019-05-19 22-45-55,319,18.6279,35.9377
2019-05-19 22-45-57,319,18.5944,35.9243
2019-05-19 22-45-59,320,18.5898,35.8816
2019-05-19 22-46-01,321,18.7103,35.8682
2019-05-19 22-46-03,320,18.7286,35.8389
2019-05-19 22-46-05,320,18.7286,35.8389
2019-05-19 22-46-09,321,18.7469,35.8389
2019-05-19 22-46-11,321,18.7286,35.8389
2019-05-19 22-46-13,321,18.7286,35.8389
2019-05-19 22-46-15,321,18.7103,35.8682
2019-05-19 22-46-17,321,18.6783,35.911
2019-05-19 22-46-19,321,18.6783,35.911
2019-05-19 22-46-21,321,18.6447,35.9243
2019-05-19 22-46-23,321,18.7363,35.9243
2019-05-19 22-46-27,321,18.663,35.9243
2019-05-19 22-46-29,321,18.66,35.8949
2019-05-19 22-46-31,322,18.7317,35.8682
2019-05-19 22-46-33,322,18.7286,35.8389
2019-05-19 22-46-35,321,18.7088,35.8255
2019-05-19 22-46-37,322,18.7332,35.8816
2019-05-19 22-46-39,322,18.6951,35.8682
2019-05-19 22-46-41,322,18.66,35.8816
2019-05-19 22-46-45,322,18.6768,35.8816
2019-05-19 22-46-47,322,18.6768,35.8816
2019-05-19 22-46-49,322,18.6768,35.8549
2019-05-19 22-46-51,323,18.6417,35.8816
2019-05-19 22-46-53,323,18.6234,35.8682
2019-05-19 22-46-55,323,18.692,35.8549
2019-05-19 22-46-57,323,18.6417,35.8682
2019-05-19 22-46-59,324,18.6554,35.8255
2019-05-19 22-47-03,323,18.6768,35.8549
2019-05-19 22-47-05,322,18.6584,35.8389
2019-05-19 22-47-07,323,18.6951,35.8682
2019-05-19 22-47-09,322,18.6768,35.8682
2019-05-19 22-47-11,322,18.66,35.8949
2019-05-19 22-47-13,322,18.6783,35.8949
2019-05-19 22-47-15,323,18.7134,35.911
2019-05-19 22-47-17,323,18.7103,35.8682
2019-05-19 22-47-21,323,18.7103,35.8682
2019-05-19 22-47-23,323,18.7103,35.8389
2019-05-19 22-47-25,323,18.6584,35.8389
2019-05-19 22-47-27,323,18.7286,35.8255
2019-05-19 22-47-29,323,18.7286,35.8122
2019-05-19 22-47-31,323,18.7088,35.8255
2019-05-19 22-47-33,323,18.6905,35.7961
2019-05-19 22-47-37,323,18.7088,35.8122
2019-05-19 22-47-39,323,18.7088,35.8255
2019-05-19 22-47-41,323,18.7469,35.8255
2019-05-19 22-47-43,322,18.692,35.8549
2019-05-19 22-47-45,322,18.692,35.8549
2019-05-19 22-47-47,322,18.692,35.8549
2019-05-19 22-47-49,322,18.7103,35.8389
2019-05-19 22-47-51,322,18.7088,35.8255
2019-05-19 22-47-55,321,18.7103,35.8682
2019-05-19 22-47-57,321,18.66,35.8816
2019-05-19 22-47-59,320,18.7332,35.8816
2019-05-19 22-48-01,321,18.8004,35.8549
2019-05-19 22-48-03,321,18.7836,35.8549
2019-05-19 22-48-05,321,18.7469,35.8255
2019-05-19 22-48-07,321,18.782,35.8122
2019-05-19 22-48-09,321,18.7637,35.8122
2019-05-19 22-48-13,320,18.7637,35.8122
2019-05-19 22-48-16,320,18.7469,35.8549
2019-05-19 22-48-18,320,18.7683,35.8816
2019-05-19 22-48-20,319,18.7363,35.9243
2019-05-19 22-48-22,319,18.7515,35.911
2019-05-19 22-48-24,319,18.7134,35.8949
2019-05-19 22-48-26,319,18.7134,35.8816
2019-05-19 22-48-28,319,18.7317,35.8682
2019-05-19 22-48-32,320,18.7103,35.8549
2019-05-19 22-48-34,320,18.7317,35.8549
2019-05-19 22-48-36,319,18.6447,35.911
2019-05-19 22-48-38,319,18.6813,35.951
2019-05-19 22-48-40,319,18.6646,35.9804
2019-05-19 22-48-42,319,18.6676,36.0071
2019-05-19 22-48-44,319,18.6691,36.0365
2019-05-19 22-48-48,320,18.5638,36.0632
2019-05-19 22-48-50,320,18.5822,36.0365
2019-05-19 22-48-52,320,18.5806,36.0071
2019-05-19 22-48-54,320,18.6142,35.9804
2019-05-19 22-48-56,320,18.5959,35.9937
2019-05-19 22-48-58,320,18.6325,36.0071
2019-05-19 22-49-00,320,18.6325,36.0071
2019-05-19 22-49-02,320,18.6188,36.0632
2019-05-19 22-49-06,320,18.5638,36.0792
2019-05-19 22-49-08,320,18.5486,36.0925
2019-05-19 22-49-10,320,18.5486,36.0925
2019-05-19 22-49-12,320,18.5638,36.0925
2019-05-19 22-49-14,321,18.5455,36.0498
2019-05-19 22-49-16,320,18.5638,36.0632
2019-05-19 22-49-18,321,18.5852,36.0792
2019-05-19 22-49-20,321,18.5455,36.0632
2019-05-19 22-49-24,321,18.5623,36.0498
2019-05-19 22-49-26,321,18.5822,36.0231
2019-05-19 22-49-28,321,18.6005,36.0498
2019-05-19 22-49-30,321,18.6325,35.9937
2019-05-19 22-49-32,320,18.6142,35.9937
2019-05-19 22-49-34,320,18.6829,35.9804
2019-05-19 22-49-36,320,18.5944,35.951
2019-05-19 22-49-38,320,18.6966,35.9243
2019-05-19 22-49-42,320,18.7332,35.911
2019-05-19 22-49-44,321,18.6447,35.8949
2019-05-19 22-49-46,320,18.7134,35.8949
2019-05-19 22-49-48,320,18.6447,35.8949
2019-05-19 22-49-50,320,18.6768,35.8816
2019-05-19 22-49-52,319,18.7134,35.8949
2019-05-19 22-49-54,319,18.75,35.8816
2019-05-19 22-49-56,319,18.66,35.8949
2019-05-19 22-50-00,319,18.7286,35.8255
2019-05-19 22-50-02,320,18.6905,35.8122
2019-05-19 22-50-04,319,18.7271,35.7828
2019-05-19 22-50-06,319,18.7775,35.7561
2019-05-19 22-50-08,319,18.7744,35.7267
2019-05-19 22-50-10,319,18.8278,35.7267
2019-05-19 22-50-12,319,18.8431,35.6813
2019-05-19 22-50-14,319,18.8599,35.6813
2019-05-19 22-50-18,319,18.9285,35.6252
2019-05-19 22-50-20,319,18.9468,35.6119
2019-05-19 22-50-22,319,18.9972,35.5985
2019-05-19 22-50-24,319,18.9438,35.5985
2019-05-19 22-50-26,318,18.9468,35.6119
2019-05-19 22-50-28,318,19.017,35.5985
2019-05-19 22-50-30,317,18.9789,35.5692
2019-05-19 22-50-34,317,18.9438,35.5852
2019-05-19 22-50-36,317,19.017,35.5985
2019-05-19 22-50-38,317,18.9972,35.6119
2019-05-19 22-50-40,317,18.9835,35.6546
2019-05-19 22-50-42,316,18.9697,35.7134
2019-05-19 22-50-44,317,18.9529,35.7401
2019-05-19 22-50-46,316,18.9346,35.7401
2019-05-19 22-50-48,316,18.9392,35.7961
2019-05-19 22-50-52,317,18.924,35.8122
2019-05-19 22-50-54,317,18.8324,35.8122
2019-05-19 22-50-56,317,18.837,35.8682
2019-05-19 22-50-58,316,18.8019,35.8816
2019-05-19 22-51-00,317,18.7653,35.8389
2019-05-19 22-51-02,317,18.7836,35.8682
2019-05-19 22-51-04,317,18.7317,35.8682
2019-05-19 22-51-06,317,18.7469,35.8389
2019-05-19 22-51-10,317,18.8004,35.8549
2019-05-19 22-51-12,317,18.7317,35.8549
2019-05-19 22-51-14,317,18.7286,35.8389
2019-05-19 22-51-16,317,18.7836,35.8549
2019-05-19 22-51-18,317,18.7653,35.8389
2019-05-19 22-51-20,317,18.7271,35.7961
2019-05-19 22-51-22,318,18.779,35.7961
2019-05-19 22-51-24,317,18.8141,35.7961
2019-05-19 22-51-28,318,18.7454,35.7961
2019-05-19 22-51-30,318,18.7469,35.8389
2019-05-19 22-51-32,317,18.6951,35.8816
2019-05-19 22-51-34,317,18.6768,35.8682
2019-05-19 22-51-36,317,18.6447,35.8949
2019-05-19 22-51-38,317,18.6768,35.8682
2019-05-19 22-51-40,317,18.6417,35.8816
2019-05-19 22-51-42,317,18.7134,35.8816
2019-05-19 22-51-46,317,18.6447,35.911
2019-05-19 22-51-48,318,18.6447,35.911
2019-05-19 22-51-50,318,18.5547,35.9377
2019-05-19 22-51-52,318,18.6279,35.9243
2019-05-19 22-51-54,319,18.6081,35.8816
2019-05-19 22-51-56,319,18.5181,35.8949
2019-05-19 22-51-58,319,18.573,35.8816
2019-05-19 22-52-00,319,18.6081,35.8682
2019-05-19 22-52-04,319,18.6264,35.8816
2019-05-19 22-52-06,320,18.5349,35.8549
2019-05-19 22-52-08,319,18.605,35.8389
2019-05-19 22-52-10,319,18.5501,35.8549
2019-05-19 22-52-12,319,18.6401,35.8389
2019-05-19 22-52-14,319,18.692,35.8255
2019-05-19 22-52-16,319,18.6722,35.7828
2019-05-19 22-52-18,319,18.7454,35.7828
2019-05-19 22-52-22,319,18.7607,35.7694
2019-05-19 22-52-24,319,18.7271,35.7828
2019-05-19 22-52-26,319,18.6874,35.7561
2019-05-19 22-52-28,319,18.7057,35.7961
2019-05-19 22-52-30,320,18.7271,35.7694
2019-05-19 22-52-32,320,18.7775,35.7694
2019-05-19 22-52-34,320,18.7775,35.7401
2019-05-19 22-52-38,320,18.8278,35.7267
2019-05-19 22-52-40,320,18.9163,35.7
2019-05-19 22-52-42,319,18.8431,35.7
2019-05-19 22-52-44,320,18.8065,35.6546
2019-05-19 22-52-46,320,18.8416,35.6413
2019-05-19 22-52-48,320,18.9102,35.6119
2019-05-19 22-52-50,320,18.9102,35.5852
2019-05-19 22-52-52,320,18.9423,35.5558
2019-05-19 22-52-56,320,18.9758,35.5558
2019-05-19 22-52-58,320,19.0659,35.5291
2019-05-19 22-53-00,320,19.0475,35.4997
2019-05-19 22-53-02,319,19.0292,35.5131
2019-05-19 22-53-04,319,19.0475,35.5291
2019-05-19 22-53-06,319,19.0292,35.5131
2019-05-19 22-53-08,319,19.0475,35.4997
2019-05-19 22-53-10,319,19.0445,35.4864
2019-05-19 22-53-14,318,19.0628,35.4997
2019-05-19 22-53-16,318,19.1132,35.473
2019-05-19 22-53-18,318,19.0796,35.473
2019-05-19 22-53-20,318,19.0948,35.457
2019-05-19 22-53-22,317,19.0262,35.4437
2019-05-19 22-53-25,318,19.0613,35.457
2019-05-19 22-53-27,317,19.043,35.457
2019-05-19 22-53-29,317,19.0765,35.4437
2019-05-19 22-53-33,316,19.0445,35.4864
2019-05-19 22-53-35,316,19.0292,35.4864
2019-05-19 22-53-37,316,19.0262,35.473
2019-05-19 22-53-39,316,19.0613,35.457
2019-05-19 22-53-41,316,19.0796,35.473
2019-05-19 22-53-43,316,19.0445,35.473
2019-05-19 22-53-45,316,19.043,35.457
2019-05-19 22-53-47,315,19.0445,35.473
2019-05-19 22-53-51,316,18.988,35.457
2019-05-19 22-53-53,316,19.0262,35.473
2019-05-19 22-53-55,316,18.9056,35.4997
2019-05-19 22-53-57,316,18.9606,35.5558
2019-05-19 22-53-59,316,18.9102,35.5852
2019-05-19 22-54-01,316,18.8553,35.5985
2019-05-19 22-54-03,316,18.8232,35.6252
2019-05-19 22-54-07,317,18.8782,35.6413
2019-05-19 22-54-09,317,18.8553,35.6119
2019-05-19 22-54-11,317,18.9255,35.5852
2019-05-19 22-54-13,318,18.9941,35.5558
2019-05-19 22-54-15,318,19.0491,35.5425
2019-05-19 22-54-17,318,19.0308,35.5425
2019-05-19 22-54-19,319,19.0491,35.5558
2019-05-19 22-54-21,318,18.9941,35.5692
2019-05-19 22-54-25,318,18.9575,35.5425
2019-05-19 22-54-27,319,18.9941,35.5558
2019-05-19 22-54-29,319,19.0308,35.5425
2019-05-19 22-54-31,319,19.0842,35.5425
2019-05-19 22-54-33,318,19.0125,35.5291
2019-05-19 22-54-35,317,19.0308,35.5425
2019-05-19 22-54-37,317,18.9941,35.5558
2019-05-19 22-54-39,317,18.9941,35.5692
2019-05-19 22-54-43,317,18.9468,35.6119
2019-05-19 22-54-45,316,18.9835,35.6546
2019-05-19 22-54-47,316,18.9713,35.7401
2019-05-19 22-54-49,316,18.9377,35.7561
2019-05-19 22-54-51,316,18.8141,35.7828
2019-05-19 22-54-53,316,18.779,35.7961
2019-05-19 22-54-55,316,18.8141,35.7961
2019-05-19 22-54-57,317,18.7286,35.8122
2019-05-19 22-55-01,317,18.7286,35.8255
2019-05-19 22-55-03,317,18.7286,35.8389
2019-05-19 22-55-05,317,18.7103,35.8682
2019-05-19 22-55-07,317,18.6966,35.9243
2019-05-19 22-55-09,317,18.6096,35.9243
2019-05-19 22-55-11,317,18.5547,35.9377
2019-05-19 22-55-13,317,18.4525,35.9377
2019-05-19 22-55-15,317,18.5944,35.951
2019-05-19 22-55-19,317,18.541,35.967
2019-05-19 22-55-21,317,18.541,35.9804
2019-05-19 22-55-23,318,18.5394,35.9377
2019-05-19 22-55-25,318,18.5043,35.9377
2019-05-19 22-55-27,318,18.576,35.9377
2019-05-19 22-55-29,319,18.6813,35.9243
2019-05-19 22-55-31,319,18.663,35.9243
2019-05-19 22-55-33,319,18.6783,35.911
2019-05-19 22-55-37,319,18.75,35.8682
2019-05-19 22-55-39,319,18.6783,35.8949
2019-05-19 22-55-41,320,18.7683,35.8949
2019-05-19 22-55-43,320,18.7332,35.8816
2019-05-19 22-55-45,320,18.7103,35.8682
2019-05-19 22-55-47,320,18.7332,35.8816
2019-05-19 22-55-49,320,18.6783,35.8949
2019-05-19 22-55-53,320,18.6768,35.8682
2019-05-19 22-55-55,320,18.6951,35.8682
2019-05-19 22-55-57,320,18.7088,35.8255
2019-05-19 22-55-59,321,18.7088,35.8122
2019-05-19 22-56-01,321,18.7057,35.7694
2019-05-19 22-56-03,321,18.7057,35.7828
2019-05-19 22-56-05,321,18.7927,35.7267
2019-05-19 22-56-07,321,18.8278,35.7134
2019-05-19 22-56-11,322,18.8797,35.6813
2019-05-19 22-56-13,321,18.8965,35.6546
2019-05-19 22-56-15,321,18.9438,35.5985
2019-05-19 22-56-17,321,19.0308,35.5425
2019-05-19 22-56-19,321,19.0125,35.5131
2019-05-19 22-56-21,321,19.0796,35.4864
2019-05-19 22-56-23,321,19.1132,35.473
2019-05-19 22-56-25,321,19.1299,35.4303
2019-05-19 22-56-29,321,19.1437,35.3876
2019-05-19 22-56-31,320,19.1437,35.3742
2019-05-19 22-56-33,320,19.1818,35.4009
2019-05-19 22-56-35,320,19.2001,35.4009
2019-05-19 22-56-37,319,19.1437,35.3876
2019-05-19 22-56-39,318,19.1666,35.4143
2019-05-19 22-56-41,318,19.1818,35.4143
2019-05-19 22-56-43,318,19.2184,35.4143
2019-05-19 22-56-47,317,19.1086,35.3742
2019-05-19 22-56-49,317,19.1086,35.3742
2019-05-19 22-56-51,317,19.1086,35.3742
2019-05-19 22-56-53,317,19.1223,35.3182
2019-05-19 22-56-55,318,19.1956,35.3315
2019-05-19 22-56-57,317,19.249,35.3449
2019-05-19 22-56-59,317,19.1803,35.3449
2019-05-19 22-57-01,317,19.1956,35.3315
2019-05-19 22-57-05,316,19.1437,35.3742
2019-05-19 22-57-07,316,19.2307,35.3315
2019-05-19 22-57-09,315,19.2642,35.3315
2019-05-19 22-57-11,315,19.2825,35.3315
2019-05-19 22-57-13,316,19.2307,35.3449
2019-05-19 22-57-15,316,19.2871,35.4009
2019-05-19 22-57-17,315,19.1666,35.4303
2019-05-19 22-57-21,315,19.1116,35.4303
2019-05-19 22-57-23,315,19.0948,35.4437
2019-05-19 22-57-25,315,18.9713,35.457
2019-05-19 22-57-27,315,19.0262,35.473
2019-05-19 22-57-29,315,19.0628,35.4997
2019-05-19 22-57-31,315,19.0628,35.473
2019-05-19 22-57-33,315,19.0796,35.4864
2019-05-19 22-57-35,315,19.1132,35.457
2019-05-19 22-57-39,315,19.1132,35.457
2019-05-19 22-57-41,315,19.0765,35.4437
2019-05-19 22-57-43,316,19.0582,35.4303
2019-05-19 22-57-45,316,19.075,35.4009
2019-05-19 22-57-47,317,19.0903,35.3582
2019-05-19 22-57-49,318,19.0903,35.3742
2019-05-19 22-57-51,318,19.0384,35.3449
2019-05-19 22-57-53,318,19.0903,35.3582
2019-05-19 22-57-57,318,19.0903,35.3582
2019-05-19 22-57-59,318,19.1986,35.3582
2019-05-19 22-58-01,317,19.2627,35.3021
2019-05-19 22-58-03,317,19.2993,35.3315
2019-05-19 22-58-05,317,19.3176,35.2888
2019-05-19 22-58-07,317,19.2596,35.2621
2019-05-19 22-58-09,317,19.3146,35.2327
2019-05-19 22-58-11,318,19.3314,35.2327
2019-05-19 22-58-15,318,19.3314,35.2327
2019-05-19 22-58-17,318,19.3466,35.1873
2019-05-19 22-58-19,318,19.3466,35.1873
2019-05-19 22-58-21,318,19.4473,35.1472
2019-05-19 22-58-23,318,19.4107,35.1179
2019-05-19 22-58-25,318,19.4107,35.1179
2019-05-19 22-58-28,318,19.3954,35.1312
2019-05-19 22-58-32,319,19.4092,35.0912
2019-05-19 22-58-34,318,19.4824,35.0751
2019-05-19 22-58-36,317,19.3741,35.0912
2019-05-19 22-58-38,317,19.4244,35.0618
2019-05-19 22-58-40,317,19.5511,35.0618
2019-05-19 22-58-42,317,19.5328,35.0484
2019-05-19 22-58-44,317,19.4962,35.0191
2019-05-19 22-58-46,316,19.4794,35.0484
2019-05-19 22-58-50,316,19.4962,35.0324
2019-05-19 22-58-52,316,19.4641,35.0618
2019-05-19 22-58-54,316,19.4794,35.0484
2019-05-19 22-58-56,315,19.4641,35.0751
2019-05-19 22-58-58,315,19.4641,35.0912
2019-05-19 22-59-00,315,19.5328,35.0618
2019-05-19 22-59-02,314,19.4275,35.0751
2019-05-19 22-59-04,315,19.4107,35.1045
2019-05-19 22-59-08,315,19.342,35.1179
2019-05-19 22-59-10,315,19.3237,35.1179
2019-05-19 22-59-12,315,19.3771,35.1179
2019-05-19 22-59-14,315,19.3771,35.1179
2019-05-19 22-59-16,315,19.4824,35.1045
2019-05-19 22-59-18,315,19.516,35.0912
2019-05-19 22-59-20,316,19.4244,35.0618
2019-05-19 22-59-22,316,19.4611,35.0484
2019-05-19 22-59-26,316,19.4794,35.0484
2019-05-19 22-59-28,317,19.4931,34.9763
2019-05-19 22-59-30,316,19.5618,34.9763
2019-05-19 22-59-32,317,19.5435,34.9763
2019-05-19 22-59-34,316,19.5435,34.9763
2019-05-19 22-59-36,316,19.5786,34.9496
2019-05-19 22-59-38,316,19.6487,34.9363
2019-05-19 22-59-40,316,19.5969,34.9363
2019-05-19 22-59-44,316,19.5969,34.9203
2019-05-19 22-59-46,316,19.5602,34.9363
2019-05-19 22-59-48,316,19.5068,34.9496
2019-05-19 22-59-50,316,19.5251,34.9363
2019-05-19 22-59-52,315,19.5572,34.8936
2019-05-19 22-59-54,315,19.5969,34.9069
2019-05-19 22-59-56,314,19.574,34.8802
2019-05-19 22-59-58,314,19.5755,34.9069
2019-05-19 23-00-02,314,19.5236,34.9069
2019-05-19 23-00-04,314,19.5419,34.9203
2019-05-19 23-00-06,313,19.6121,34.9069
2019-05-19 23-00-08,313,19.6121,34.9069
2019-05-19 23-00-10,313,19.6152,34.9363
2019-05-19 23-00-12,313,19.5602,34.9363
2019-05-19 23-00-14,312,19.5419,34.9363
2019-05-19 23-00-18,313,19.4916,34.9496
2019-05-19 23-00-20,313,19.5435,34.963
2019-05-19 23-00-22,313,19.6167,34.963
2019-05-19 23-00-24,313,19.5831,35.0324
2019-05-19 23-00-26,314,19.5511,35.0912
2019-05-19 23-00-28,314,19.5206,35.1606
2019-05-19 23-00-30,313,19.4519,35.2033
2019-05-19 23-00-32,313,19.3542,35.3021
2019-05-19 23-00-36,313,19.2673,35.3449
2019-05-19 23-00-38,313,19.2734,35.457
2019-05-19 23-00-40,313,19.1864,35.473
2019-05-19 23-00-42,313,19.0659,35.5425
2019-05-19 23-00-44,313,18.9621,35.5852
2019-05-19 23-00-46,315,19.0353,35.5985
2019-05-19 23-00-48,316,18.9789,35.5852
2019-05-19 23-00-50,317,18.9941,35.5425
2019-05-19 23-00-54,319,18.9926,35.5131
2019-05-19 23-00-56,329,19.0659,35.5291
2019-05-19 23-00-58,323,19.0308,35.5558
2019-05-19 23-01-00,328,19.0521,35.5852
2019-05-19 23-01-02,320,19.0536,35.6119
2019-05-19 23-01-04,324,19.0704,35.5985
2019-05-19 23-01-06,326,19.0018,35.6546
2019-05-19 23-01-08,323,19.0033,35.7
2019-05-19 23-01-12,324,19.0262,35.7401
2019-05-19 23-01-14,325,18.9575,35.8122
2019-05-19 23-01-16,324,18.9056,35.8255
2019-05-19 23-01-18,322,18.8019,35.8816
2019-05-19 23-01-20,324,18.782,35.8389
2019-05-19 23-01-22,321,18.6951,35.8816
2019-05-19 23-01-24,321,18.66,35.8816
2019-05-19 23-01-26,325,18.6234,35.8682
2019-05-19 23-01-30,325,18.7134,35.8949
2019-05-19 23-01-32,327,18.7134,35.911
2019-05-19 23-01-34,328,18.7332,35.8949
2019-05-19 23-01-36,329,18.7683,35.8816
2019-05-19 23-01-38,329,18.7729,35.951
2019-05-19 23-01-40,329,18.7149,35.9243
2019-05-19 23-01-42,330,18.7881,35.951
2019-05-19 23-01-44,330,18.6813,35.951
2019-05-19 23-01-48,332,18.7546,35.951
2019-05-19 23-01-50,331,18.7546,35.951
2019-05-19 23-01-52,332,18.7012,35.9804
2019-05-19 23-01-54,332,18.6829,35.9937
2019-05-19 23-01-56,331,18.7012,35.9937
2019-05-19 23-01-58,333,18.7012,36.0071
2019-05-19 23-02-00,333,18.7012,36.0071
2019-05-19 23-02-02,332,18.6691,36.0365
2019-05-19 23-02-06,332,18.7225,36.0365
2019-05-19 23-02-08,332,18.6539,36.0632
2019-05-19 23-02-10,331,18.6356,36.0498
2019-05-19 23-02-12,331,18.5623,36.0365
2019-05-19 23-02-14,330,18.6172,36.0365
2019-05-19 23-02-16,330,18.6172,36.0365
2019-05-19 23-02-18,330,18.6188,36.0632
2019-05-19 23-02-22,329,18.6005,36.0632
2019-05-19 23-02-24,329,18.6035,36.1059
2019-05-19 23-02-26,329,18.5638,36.0632
2019-05-19 23-02-28,330,18.5989,36.0231
2019-05-19 23-02-30,330,18.6325,35.9937
2019-05-19 23-02-32,330,18.6996,35.9377
2019-05-19 23-02-34,332,18.7683,35.8949
2019-05-19 23-02-36,332,18.7653,35.8389
2019-05-19 23-02-40,331,18.8141,35.7961
2019-05-19 23-02-42,332,18.8873,35.7828
2019-05-19 23-02-44,330,18.8614,35.7267
2019-05-19 23-02-46,330,18.9529,35.7267
2019-05-19 23-02-48,329,18.9163,35.7267
2019-05-19 23-02-50,327,18.9667,35.6813
2019-05-19 23-02-52,327,18.9301,35.6546
2019-05-19 23-02-54,326,18.9331,35.668
2019-05-19 23-02-58,324,18.9835,35.6413
2019-05-19 23-03-00,322,19.0216,35.6546
2019-05-19 23-03-02,320,19.0201,35.6413
2019-05-19 23-03-04,316,18.9651,35.6252
2019-05-19 23-03-06,314,19.0887,35.6119
2019-05-19 23-03-08,312,18.9987,35.6413
2019-05-19 23-03-10,317,18.9651,35.6546
2019-05-19 23-03-12,315,18.8828,35.7
2019-05-19 23-03-16,315,18.8614,35.7
2019-05-19 23-03-18,316,18.8965,35.668
2019-05-19 23-03-20,315,18.9117,35.6413
2019-05-19 23-03-22,315,18.9468,35.6413
2019-05-19 23-03-24,316,19.017,35.6119
2019-05-19 23-03-26,316,19.017,35.5852
2019-05-19 23-03-28,316,19.017,35.5852
2019-05-19 23-03-30,316,19.0674,35.5692
2019-05-19 23-03-34,316,19.0491,35.5558
2019-05-19 23-03-36,317,19.1162,35.5131
2019-05-19 23-03-39,318,19.1162,35.4864
2019-05-19 23-03-41,319,19.1315,35.4864
2019-05-19 23-03-43,318,19.2215,35.473
2019-05-19 23-03-45,318,19.2505,35.4009
2019-05-19 23-03-47,318,19.3222,35.3742
2019-05-19 23-03-49,318,19.3558,35.3449
2019-05-19 23-03-53,318,19.2993,35.3021
2019-05-19 23-03-55,318,19.2993,35.3021
2019-05-19 23-03-57,316,19.3695,35.2888
2019-05-19 23-03-59,315,19.4016,35.2327
2019-05-19 23-04-01,315,19.4183,35.2327
2019-05-19 23-04-03,315,19.4016,35.246
2019-05-19 23-04-05,315,19.3863,35.2754
2019-05-19 23-04-07,314,19.4061,35.3182
2019-05-19 23-04-11,314,19.3771,35.4009
2019-05-19 23-04-13,313,19.3466,35.473
2019-05-19 23-04-15,313,19.2596,35.5425
2019-05-19 23-04-17,312,19.1406,35.6252
2019-05-19 23-04-19,311,19.0567,35.668
2019-05-19 23-04-21,311,18.9529,35.7267
2019-05-19 23-04-23,311,18.9026,35.7694
2019-05-19 23-04-25,312,18.8873,35.7828
2019-05-19 23-04-29,313,18.8507,35.8122
2019-05-19 23-04-31,314,18.7973,35.7961
2019-05-19 23-04-33,316,18.8187,35.8682
2019-05-19 23-04-35,317,18.8889,35.8389
2019-05-19 23-04-37,319,18.8339,35.8255
2019-05-19 23-04-39,321,18.8522,35.8682
2019-05-19 23-04-41,323,18.8705,35.8682
2019-05-19 23-04-45,325,18.8019,35.8682
2019-05-19 23-04-47,325,18.8568,35.911
2019-05-19 23-04-49,326,18.7698,35.9377
2019-05-19 23-04-51,327,18.7546,35.9377
2019-05-19 23-04-53,328,18.7683,35.8949
2019-05-19 23-04-55,328,18.7134,35.911
2019-05-19 23-04-57,330,18.6813,35.9243
2019-05-19 23-04-59,329,18.6462,35.951
2019-05-19 23-05-03,330,18.6829,35.967
2019-05-19 23-05-05,331,18.6493,35.9804
2019-05-19 23-05-07,332,18.7729,35.951
2019-05-19 23-05-09,333,18.663,35.9243
2019-05-19 23-05-11,335,18.6768,35.8816
2019-05-19 23-05-13,335,18.7103,35.8682
2019-05-19 23-05-15,334,18.7103,35.8549
2019-05-19 23-05-17,334,18.7134,35.911
2019-05-19 23-05-21,333,18.6417,35.8682
2019-05-19 23-05-23,333,18.66,35.8816
2019-05-19 23-05-25,333,18.6447,35.9243
2019-05-19 23-05-27,331,18.6279,35.9377
2019-05-19 23-05-29,330,18.6462,35.967
2019-05-19 23-05-31,330,18.6493,35.9804
2019-05-19 23-05-33,329,18.7408,36.0231
2019-05-19 23-05-35,328,18.6722,36.0632
2019-05-19 23-05-39,327,18.5852,36.0792
2019-05-19 23-05-41,327,18.5455,36.0792
2019-05-19 23-05-43,327,18.6218,36.1192
2019-05-19 23-05-45,327,18.5318,36.1379
2019-05-19 23-05-47,327,18.4814,36.1513
2019-05-19 23-05-49,328,18.5349,36.1646
2019-05-19 23-05-51,327,18.4662,36.178
2019-05-19 23-05-53,328,18.4479,36.1513
2019-05-19 23-05-57,328,18.4448,36.1192
2019-05-19 23-05-59,329,18.4769,36.0925
2019-05-19 23-06-01,330,18.4769,36.0792
2019-05-19 23-06-03,330,18.5623,36.0231
2019-05-19 23-06-05,330,18.5822,36.0365
2019-05-19 23-06-07,330,18.5593,36.0071
2019-05-19 23-06-09,330,18.5593,36.0071
2019-05-19 23-06-11,330,18.576,35.9377
2019-05-19 23-06-15,330,18.576,35.9243
2019-05-19 23-06-17,330,18.6447,35.911
2019-05-19 23-06-19,329,18.6951,35.8949
2019-05-19 23-06-21,329,18.75,35.8816
2019-05-19 23-06-23,329,18.75,35.8682
2019-05-19 23-06-25,328,18.8004,35.8549
2019-05-19 23-06-27,328,18.782,35.8389
2019-05-19 23-06-29,327,18.7653,35.8389
2019-05-19 23-06-33,326,18.837,35.8682
2019-05-19 23-06-35,325,18.7332,35.8949
2019-05-19 23-06-37,324,18.6813,35.951
2019-05-19 23-06-39,324,18.7012,35.9804
2019-05-19 23-06-41,325,18.7592,36.0365
2019-05-19 23-06-43,325,18.7225,36.0498
2019-05-19 23-06-45,326,18.6539,36.0498
2019-05-19 23-06-49,325,18.5272,36.0632
2019-05-19 23-06-51,326,18.5455,36.0792
2019-05-19 23-06-53,327,18.6035,36.1059
2019-05-19 23-06-55,327,18.5669,36.1192
2019-05-19 23-06-57,327,18.4982,36.1192
2019-05-19 23-06-59,327,18.6081,36.178
2019-05-19 23-07-01,327,18.5364,36.194
2019-05-19 23-07-03,326,18.5364,36.194
2019-05-19 23-07-07,326,18.5364,36.2207
2019-05-19 23-07-09,327,18.4341,36.2207
2019-05-19 23-07-11,327,18.5028,36.2207
2019-05-19 23-07-13,327,18.5532,36.194
2019-05-19 23-07-15,327,18.4479,36.178
2019-05-19 23-07-17,327,18.5364,36.194
2019-05-19 23-07-19,327,18.5547,36.2074
2019-05-19 23-07-21,327,18.486,36.2207
2019-05-19 23-07-25,327,18.5028,36.2074
2019-05-19 23-07-27,327,18.4998,36.1646
2019-05-19 23-07-29,328,18.5898,36.1646
2019-05-19 23-07-31,329,18.5501,36.1513
2019-05-19 23-07-33,329,18.5898,36.1646
2019-05-19 23-07-35,328,18.4982,36.1192
2019-05-19 23-07-37,328,18.6035,36.1059
2019-05-19 23-07-39,328,18.6188,36.0792
2019-05-19 23-07-43,327,18.6188,36.0632
2019-05-19 23-07-45,328,18.6371,36.0792
2019-05-19 23-07-47,328,18.6905,36.0792
2019-05-19 23-07-49,328,18.6905,36.0925
2019-05-19 23-07-51,327,18.6172,36.0498
2019-05-19 23-07-53,327,18.5989,36.0365
2019-05-19 23-07-55,327,18.6829,35.9937
2019-05-19 23-07-57,327,18.6829,35.9937
2019-05-19 23-08-01,327,18.631,35.9804
2019-05-19 23-08-03,327,18.6127,35.967
2019-05-19 23-08-05,326,18.6279,35.951
2019-05-19 23-08-07,326,18.6813,35.9377
2019-05-19 23-08-09,327,18.6646,35.967
2019-05-19 23-08-11,327,18.6462,35.9377
2019-05-19 23-08-13,327,18.66,35.8949
2019-05-19 23-08-15,327,18.66,35.8816
2019-05-19 23-08-19,326,18.6951,35.8949
2019-05-19 23-08-21,327,18.7653,35.8549
2019-05-19 23-08-23,326,18.8156,35.8389
2019-05-19 23-08-25,326,18.8522,35.8389
2019-05-19 23-08-27,326,18.7637,35.8122
2019-05-19 23-08-29,325,18.7973,35.7961
2019-05-19 23-08-31,325,18.8324,35.7961
2019-05-19 23-08-35,325,18.7775,35.7694
2019-05-19 23-08-37,325,18.811,35.7401
2019-05-19 23-08-39,325,18.7424,35.7694
2019-05-19 23-08-41,325,18.7958,35.7561
2019-05-19 23-08-43,325,18.898,35.7134
2019-05-19 23-08-45,324,18.9163,35.7134
2019-05-19 23-08-47,325,18.8614,35.7267
2019-05-19 23-08-49,325,18.9331,35.7
2019-05-19 23-08-53,324,18.9163,35.7267
2019-05-19 23-08-55,324,18.8248,35.7
2019-05-19 23-08-57,324,18.8416,35.668
2019-05-19 23-08-59,323,18.8232,35.6546
2019-05-19 23-09-01,323,18.8782,35.6546
2019-05-19 23-09-03,323,18.9468,35.6252
2019-05-19 23-09-05,322,19.0887,35.6119
2019-05-19 23-09-07,322,19.0018,35.668
2019-05-19 23-09-11,322,19.0567,35.6546
2019-05-19 23-09-13,322,19.0216,35.668
2019-05-19 23-09-15,322,19.0018,35.6813
2019-05-19 23-09-17,321,19.0765,35.7267
2019-05-19 23-09-20,322,19.0079,35.7694
2019-05-19 23-09-22,321,18.9758,35.8255
2019-05-19 23-09-24,321,18.8919,35.8682
2019-05-19 23-09-26,320,18.8553,35.8949
2019-05-19 23-09-30,320,18.8385,35.9243
2019-05-19 23-09-32,321,18.8705,35.8816
2019-05-19 23-09-34,322,18.8049,35.911
2019-05-19 23-09-36,322,18.7866,35.8949
2019-05-19 23-09-38,321,18.8385,35.8949
2019-05-19 23-09-40,322,18.8049,35.9243
2019-05-19 23-09-42,322,18.7912,35.9804
2019-05-19 23-09-44,321,18.7912,35.9804
2019-05-19 23-09-48,322,18.7042,36.0498
2019-05-19 23-09-50,323,18.6691,36.0498
2019-05-19 23-09-52,323,18.6188,36.0632
2019-05-19 23-09-54,324,18.6539,36.0498
2019-05-19 23-09-56,325,18.6539,36.0498
2019-05-19 23-09-58,325,18.5822,36.0365
2019-05-19 23-10-00,325,18.6172,36.0231
2019-05-19 23-10-02,325,18.6539,36.0792
2019-05-19 23-10-06,326,18.6371,36.0925
2019-05-19 23-10-08,325,18.6218,36.1192
2019-05-19 23-10-10,325,18.6218,36.1192
2019-05-19 23-10-12,324,18.5898,36.1513
2019-05-19 23-10-14,324,18.5913,36.2074
2019-05-19 23-10-16,324,18.5226,36.2501
2019-05-19 23-10-18,324,18.5394,36.2501
2019-05-19 23-10-20,324,18.4708,36.2635
2019-05-19 23-10-24,324,18.457,36.3062
2019-05-19 23-10-26,325,18.4174,36.3062
2019-05-19 23-10-28,325,18.4357,36.2635
2019-05-19 23-10-30,326,18.4158,36.2501
2019-05-19 23-10-32,327,18.4158,36.2635
2019-05-19 23-10-34,327,18.457,36.3062
2019-05-19 23-10-36,326,18.3838,36.2928
2019-05-19 23-10-40,326,18.4906,36.3195
2019-05-19 23-10-42,326,18.3838,36.3062
2019-05-19 23-10-44,326,18.3853,36.3489
2019-05-19 23-10-46,327,18.2785,36.3329
2019-05-19 23-10-48,327,18.2968,36.3062
2019-05-19 23-10-50,327,18.3121,36.3062
2019-05-19 23-10-52,328,18.2602,36.3195
2019-05-19 23-10-54,328,18.2419,36.3062
2019-05-19 23-10-58,328,18.2968,36.2928
2019-05-19 23-11-00,328,18.3105,36.2367
2019-05-19 23-11-02,327,18.3075,36.2207
2019-05-19 23-11-04,328,18.3609,36.2074
2019-05-19 23-11-06,328,18.3563,36.1513
2019-05-19 23-11-08,328,18.3716,36.1059
2019-05-19 23-11-10,329,18.4937,36.0498
2019-05-19 23-11-12,329,18.6142,35.9804
2019-05-19 23-11-16,329,18.541,35.9804
2019-05-19 23-11-18,329,18.5577,35.951
2019-05-19 23-11-20,328,18.5913,35.911
2019-05-19 23-11-22,328,18.6417,35.8682
2019-05-19 23-11-24,328,18.6951,35.8682
2019-05-19 23-11-26,327,18.6737,35.8389
2019-05-19 23-11-28,327,18.6737,35.8389
2019-05-19 23-11-30,326,18.779,35.7961
2019-05-19 23-11-34,325,18.8324,35.8122
2019-05-19 23-11-36,324,18.8156,35.8122
2019-05-19 23-11-38,324,18.8156,35.8389
2019-05-19 23-11-40,324,18.8477,35.7828
2019-05-19 23-11-42,324,18.811,35.7401
2019-05-19 23-11-44,323,18.811,35.7267
2019-05-19 23-11-46,323,18.8095,35.7
2019-05-19 23-11-48,323,18.7561,35.6813
2019-05-19 23-11-52,322,18.8065,35.6813
2019-05-19 23-11-54,323,18.7881,35.668
2019-05-19 23-11-56,322,18.8065,35.6813
2019-05-19 23-11-58,321,18.8065,35.6546
2019-05-19 23-12-00,321,18.8416,35.6546
2019-05-19 23-12-02,321,18.8782,35.6413
2019-05-19 23-12-04,321,18.8568,35.6252
2019-05-19 23-12-06,321,18.8553,35.5985
2019-05-19 23-12-10,321,18.8553,35.6119
2019-05-19 23-12-12,321,18.9621,35.6119
2019-05-19 23-12-14,321,18.9423,35.5558
2019-05-19 23-12-16,320,18.8736,35.5692
2019-05-19 23-12-18,321,18.8919,35.5692
2019-05-19 23-12-20,320,19.0308,35.5558
2019-05-19 23-12-22,320,19.0155,35.5425
2019-05-19 23-12-26,320,19.0308,35.5291
2019-05-19 23-12-28,320,19.0659,35.5131
2019-05-19 23-12-30,319,19.0811,35.4997
2019-05-19 23-12-32,319,19.0979,35.473
2019-05-19 23-12-34,320,19.1299,35.457
2019-05-19 23-12-36,319,19.1483,35.4437
2019-05-19 23-12-38,319,19.1498,35.4997
2019-05-19 23-12-40,319,19.1757,35.5692
2019-05-19 23-12-44,318,19.072,35.6252
2019-05-19 23-12-46,318,19.0216,35.668
2019-05-19 23-12-48,318,18.9163,35.7134
2019-05-19 23-12-50,318,18.8828,35.7267
2019-05-19 23-12-52,318,18.8461,35.7267
2019-05-19 23-12-54,318,18.8156,35.8122
2019-05-19 23-12-56,318,18.8339,35.8389
2019-05-19 23-12-58,319,18.75,35.8682
2019-05-19 23-13-02,319,18.6951,35.8816
2019-05-19 23-13-04,320,18.663,35.9243
2019-05-19 23-13-06,321,18.6279,35.9243
2019-05-19 23-13-08,320,18.6127,35.951
2019-05-19 23-13-10,321,18.6127,35.951
2019-05-19 23-13-12,322,18.5776,35.9804
2019-05-19 23-13-14,322,18.6829,35.967
2019-05-19 23-13-16,324,18.6462,35.9377
2019-05-19 23-13-20,325,18.7149,35.9377
2019-05-19 23-13-22,328,18.7149,35.9377
2019-05-19 23-13-24,327,18.6996,35.967
2019-05-19 23-13-26,326,18.6996,35.967
2019-05-19 23-13-28,328,18.7012,35.9804
2019-05-19 23-13-30,328,18.6646,35.9804
2019-05-19 23-13-32,326,18.5959,35.9804
2019-05-19 23-13-34,324,18.5822,36.0231
2019-05-19 23-13-38,322,18.5272,36.0365
2019-05-19 23-13-40,322,18.5303,36.0792
2019-05-19 23-13-42,323,18.5455,36.0632
2019-05-19 23-13-44,323,18.5638,36.0792
2019-05-19 23-13-46,323,18.4769,36.0792
2019-05-19 23-13-48,324,18.5303,36.0925
2019-05-19 23-13-50,325,18.4769,36.0632
2019-05-19 23-13-52,324,18.4769,36.0792
2019-05-19 23-13-56,323,18.4769,36.0632
2019-05-19 23-13-58,324,18.5089,36.0231
2019-05-19 23-14-00,325,18.5257,36.0071
2019-05-19 23-14-02,326,18.4891,35.9937
2019-05-19 23-14-04,326,18.5043,35.951
2019-05-19 23-14-06,327,18.6096,35.911
2019-05-19 23-14-08,328,18.7134,35.8816
2019-05-19 23-14-12,327,18.7286,35.8122
2019-05-19 23-14-14,325,18.782,35.8122
2019-05-19 23-14-16,325,18.8141,35.7694
2019-05-19 23-14-18,325,18.8293,35.7694
2019-05-19 23-14-20,325,18.8461,35.7401
2019-05-19 23-14-22,323,18.8828,35.7134
2019-05-19 23-14-24,322,18.9331,35.6813
2019-05-19 23-14-26,321,18.9667,35.668
2019-05-19 23-14-30,320,18.9468,35.6413
2019-05-19 23-14-32,320,18.9651,35.6252
2019-05-19 23-14-34,320,18.9789,35.5692
2019-05-19 23-14-36,319,19.0491,35.5558
2019-05-19 23-14-39,319,19.0994,35.5291
2019-05-19 23-14-41,318,19.0125,35.5291
2019-05-19 23-14-43,318,19.1528,35.5131
2019-05-19 23-14-45,317,19.0628,35.4864
2019-05-19 23-14-49,317,19.1315,35.4864
2019-05-19 23-14-51,317,19.1299,35.4303
2019-05-19 23-14-53,316,19.2169,35.3876
2019-05-19 23-14-55,316,19.2169,35.3876
2019-05-19 23-14-57,315,19.2307,35.3315
2019-05-19 23-14-59,315,19.249,35.3582
2019-05-19 23-15-01,315,19.3375,35.3315
2019-05-19 23-15-03,315,19.3176,35.3021
2019-05-19 23-15-07,315,19.3512,35.2754
2019-05-19 23-15-09,314,19.3329,35.2754
2019-05-19 23-15-11,314,19.3359,35.2888
2019-05-19 23-15-13,313,19.2993,35.3021
2019-05-19 23-15-15,313,19.3176,35.3021
2019-05-19 23-15-17,313,19.2123,35.3021
2019-05-19 23-15-19,312,19.2123,35.3021
2019-05-19 23-15-21,312,19.194,35.3182
2019-05-19 23-15-25,312,19.3359,35.3021
2019-05-19 23-15-27,312,19.2307,35.3315
2019-05-19 23-15-29,312,19.2459,35.3182
2019-05-19 23-15-31,313,19.2459,35.3182
2019-05-19 23-15-33,313,19.1406,35.3449
2019-05-19 23-15-35,312,19.1223,35.3449
2019-05-19 23-15-37,313,19.1437,35.3742
2019-05-19 23-15-39,312,19.162,35.3449
2019-05-19 23-15-43,312,19.1406,35.3449
2019-05-19 23-15-45,313,19.1437,35.3742
2019-05-19 23-15-47,313,19.1818,35.3876
2019-05-19 23-15-49,313,19.1116,35.4143
2019-05-19 23-15-51,313,19.1849,35.4437
2019-05-19 23-15-53,313,19.1711,35.4997
2019-05-19 23-15-55,312,19.0994,35.5291
2019-05-19 23-15-59,312,18.9789,35.5692
2019-05-19 23-16-01,312,18.9606,35.5558
2019-05-19 23-16-03,313,19.0338,35.5692
2019-05-19 23-16-05,313,19.0491,35.5692
2019-05-19 23-16-07,314,19.0155,35.5692
2019-05-19 23-16-09,314,18.9606,35.5558
2019-05-19 23-16-11,314,19.0857,35.5692
2019-05-19 23-16-13,315,19.0857,35.5692
2019-05-19 23-16-17,314,19.0674,35.5852
2019-05-19 23-16-19,315,19.1223,35.5985
2019-05-19 23-16-21,314,19.0384,35.6413
2019-05-19 23-16-23,314,19.0018,35.6546
2019-05-19 23-16-25,314,18.9484,35.668
2019-05-19 23-16-27,314,18.9163,35.7134
2019-05-19 23-16-29,315,18.9148,35.6813
2019-05-19 23-16-31,316,18.9148,35.6813
2019-05-19 23-16-35,315,18.985,35.7
2019-05-19 23-16-37,315,18.985,35.7
2019-05-19 23-16-39,315,18.988,35.7401
2019-05-19 23-16-41,314,18.9896,35.7561
2019-05-19 23-16-43,314,18.924,35.8255
2019-05-19 23-16-45,313,18.9102,35.8682
2019-05-19 23-16-47,314,18.8553,35.8949
2019-05-19 23-16-51,314,18.8202,35.8816
2019-05-19 23-16-53,315,18.7332,35.8949
2019-05-19 23-16-55,316,18.7332,35.911
2019-05-19 23-16-57,317,18.6813,35.9243
2019-05-19 23-16-59,318,18.7363,35.9377
2019-05-19 23-17-01,319,18.6783,35.911
2019-05-19 23-17-03,319,18.7653,35.8682
2019-05-19 23-17-05,320,18.7103,35.8389
2019-05-19 23-17-09,320,18.779,35.7828
2019-05-19 23-17-11,320,18.8293,35.7694
2019-05-19 23-17-13,321,18.8477,35.7561
2019-05-19 23-17-15,320,18.8828,35.7267
2019-05-19 23-17-17,320,18.9346,35.7267
2019-05-19 23-17-19,320,18.8828,35.7267
2019-05-19 23-17-21,320,18.9514,35.7134
2019-05-19 23-17-23,319,18.9163,35.7267
2019-05-19 23-17-27,318,18.898,35.7134
2019-05-19 23-17-29,318,18.9697,35.7
2019-05-19 23-17-31,318,18.9835,35.668
2019-05-19 23-17-33,319,18.9484,35.6546
2019-05-19 23-17-35,319,19.0201,35.6252
2019-05-19 23-17-37,319,19.0201,35.6252
2019-05-19 23-17-39,318,19.0521,35.5852
2019-05-19 23-17-41,318,18.9941,35.5692
2019-05-19 23-17-45,318,19.0155,35.5558
2019-05-19 23-17-47,318,19.0308,35.5291
2019-05-19 23-17-49,317,19.0628,35.4864
2019-05-19 23-17-51,317,19.1315,35.473
2019-05-19 23-17-53,317,19.0262,35.473
2019-05-19 23-17-55,316,19.0796,35.473
2019-05-19 23-17-57,316,19.1269,35.4009
2019-05-19 23-17-59,315,19.0933,35.4009
2019-05-19 23-18-03,315,19.0948,35.4303
2019-05-19 23-18-05,315,19.0765,35.4303
2019-05-19 23-18-07,314,19.0765,35.4303
2019-05-19 23-18-09,314,19.1116,35.4303
2019-05-19 23-18-11,314,19.1437,35.3876
2019-05-19 23-18-13,314,19.0903,35.3876
2019-05-19 23-18-15,314,19.1071,35.3582
2019-05-19 23-18-19,314,19.162,35.3449
2019-05-19 23-18-21,314,19.1254,35.3582
2019-05-19 23-18-23,313,19.1803,35.3742
2019-05-19 23-18-25,313,19.1452,35.4009
2019-05-19 23-18-27,313,19.1086,35.3742
2019-05-19 23-18-29,313,19.1254,35.3582
2019-05-19 23-18-31,313,19.1086,35.3876
2019-05-19 23-18-33,314,19.1986,35.3742
2019-05-19 23-18-37,313,19.1956,35.3449
2019-05-19 23-18-39,314,19.249,35.3315
2019-05-19 23-18-41,314,19.2123,35.3021
2019-05-19 23-18-43,314,19.2444,35.2888
2019-05-19 23-18-45,314,19.3146,35.2621
2019-05-19 23-18-47,313,19.3512,35.2621
2019-05-19 23-18-49,314,19.3146,35.2327
2019-05-19 23-18-51,314,19.278,35.2621
2019-05-19 23-18-55,314,19.3146,35.246
2019-05-19 23-18-57,314,19.3695,35.2754
2019-05-19 23-18-59,314,19.3512,35.2621
2019-05-19 23-19-01,315,19.3329,35.246
2019-05-19 23-19-03,315,19.3329,35.246
2019-05-19 23-19-05,315,19.2764,35.2327
2019-05-19 23-19-07,315,19.2596,35.2621
2019-05-19 23-19-09,315,19.2596,35.2327
2019-05-19 23-19-13,314,19.2947,35.2327
2019-05-19 23-19-15,315,19.2413,35.2327
2019-05-19 23-19-17,314,19.1711,35.2167
2019-05-19 23-19-19,314,19.2963,35.2754
2019-05-19 23-19-21,314,19.3329,35.246
2019-05-19 23-19-23,314,19.281,35.2888
2019-05-19 23-19-25,314,19.2993,35.3021
2019-05-19 23-19-29,314,19.281,35.3182
2019-05-19 23-19-31,314,19.3008,35.3449
2019-05-19 23-19-33,314,19.2139,35.3582
2019-05-19 23-19-35,314,19.1986,35.3876
2019-05-19 23-19-37,314,19.1452,35.4303
2019-05-19 23-19-39,315,19.1452,35.4143
2019-05-19 23-19-41,315,19.1483,35.457
2019-05-19 23-19-43,315,19.1132,35.473
2019-05-19 23-19-47,316,19.1711,35.4864
2019-05-19 23-19-49,315,19.0842,35.5291
2019-05-19 23-19-51,316,19.0994,35.5131
2019-05-19 23-19-53,316,19.0811,35.5131
2019-05-19 23-19-55,316,19.1208,35.5692
2019-05-19 23-19-57,315,19.0659,35.5425
2019-05-19 23-19-59,315,19.1544,35.5692
2019-05-19 23-20-01,316,19.0491,35.5558
2019-05-19 23-20-05,316,19.0842,35.5425
2019-05-19 23-20-07,316,19.1177,35.5291
2019-05-19 23-20-09,316,19.1345,35.5291
2019-05-19 23-20-11,317,19.1162,35.4997
2019-05-19 23-20-13,317,19.1162,35.4997
2019-05-19 23-20-15,317,19.1132,35.473
2019-05-19 23-20-17,317,19.1849,35.4437
2019-05-19 23-20-20,316,19.2184,35.4303
2019-05-19 23-20-24,316,19.2032,35.457
2019-05-19 23-20-26,316,19.2215,35.457
2019-05-19 23-20-28,316,19.1864,35.4864
2019-05-19 23-20-30,316,19.1727,35.5291
2019-05-19 23-20-32,315,19.136,35.5425
2019-05-19 23-20-34,316,19.191,35.5425
2019-05-19 23-20-36,316,19.1544,35.5558
2019-05-19 23-20-40,316,19.1757,35.5692
2019-05-19 23-20-42,316,19.1772,35.6119
2019-05-19 23-20-44,315,19.0887,35.6252
2019-05-19 23-20-46,316,19.0384,35.6413
2019-05-19 23-20-48,316,19.072,35.6413
2019-05-19 23-20-50,316,19.1071,35.6413
2019-05-19 23-20-52,316,19.0567,35.6813
2019-05-19 23-20-54,316,19.075,35.6813
2019-05-19 23-20-58,317,19.0384,35.6546
2019-05-19 23-21-00,317,19.0033,35.7134
2019-05-19 23-21-02,318,18.9697,35.7134
2019-05-19 23-21-04,318,19.0033,35.7267
2019-05-19 23-21-06,318,19.0262,35.7401
2019-05-19 23-21-08,318,19.043,35.7401
2019-05-19 23-21-10,318,18.9896,35.7561
2019-05-19 23-21-12,318,19.0033,35.7267
2019-05-19 23-21-16,319,19.0399,35.7
2019-05-19 23-21-18,319,19.0216,35.668
2019-05-19 23-21-20,320,18.9987,35.6413
2019-05-19 23-21-22,320,19.017,35.5985
2019-05-19 23-21-24,320,18.9804,35.6252
2019-05-19 23-21-26,320,19.0491,35.5692
2019-05-19 23-21-28,320,19.1528,35.5425
2019-05-19 23-21-30,320,19.1711,35.4997
2019-05-19 23-21-34,320,19.1681,35.473
2019-05-19 23-21-36,320,19.1299,35.457
2019-05-19 23-21-38,320,19.1483,35.457
2019-05-19 23-21-40,319,19.1666,35.4143
2019-05-19 23-21-42,318,19.1086,35.4009
2019-05-19 23-21-44,319,19.2169,35.3742
2019-05-19 23-21-46,318,19.2307,35.3449
2019-05-19 23-21-48,318,19.3359,35.2888
2019-05-19 23-21-52,318,19.368,35.2621
2019-05-19 23-21-54,318,19.3832,35.246
2019-05-19 23-21-56,317,19.4,35.2167
2019-05-19 23-21-58,317,19.4519,35.2167
2019-05-19 23-22-00,317,19.5053,35.1873
2019-05-19 23-22-02,317,19.487,35.174
2019-05-19 23-22-04,316,19.5206,35.174
2019-05-19 23-22-06,315,19.5251,35.2167
2019-05-19 23-22-10,315,19.4733,35.2167
2019-05-19 23-22-12,314,19.4183,35.2167
2019-05-19 23-22-14,314,19.3649,35.2033
2019-05-19 23-22-16,314,19.397,35.1873
2019-05-19 23-22-18,314,19.4336,35.1873
2019-05-19 23-22-20,313,19.4336,35.1873
2019-05-19 23-22-22,313,19.397,35.1873
2019-05-19 23-22-26,313,19.4504,35.1873
2019-05-19 23-22-28,313,19.4153,35.1873
2019-05-19 23-22-30,312,19.4504,35.174
2019-05-19 23-22-32,312,19.5068,35.2167
2019-05-19 23-22-34,312,19.5053,35.1873
2019-05-19 23-22-36,312,19.4702,35.174
2019-05-19 23-22-38,312,19.4504,35.1606
2019-05-19 23-22-40,313,19.5053,35.174
2019-05-19 23-22-44,312,19.4321,35.174
2019-05-19 23-22-46,312,19.4885,35.2033
2019-05-19 23-22-48,312,19.4748,35.2621
2019-05-19 23-22-50,312,19.4931,35.2888
2019-05-19 23-22-52,312,19.3909,35.3582
2019-05-19 23-22-54,312,19.3588,35.4009
2019-05-19 23-22-56,312,19.2734,35.457
2019-05-19 23-22-58,312,19.223,35.5131
2019-05-19 23-23-02,312,19.2261,35.5558
2019-05-19 23-23-04,313,19.2093,35.5692
2019-05-19 23-23-06,313,19.1544,35.5692
2019-05-19 23-23-08,313,19.0338,35.5852
2019-05-19 23-23-10,314,19.0659,35.5425
2019-05-19 23-23-12,315,19.1177,35.5291
2019-05-19 23-23-14,315,19.1208,35.5692
2019-05-19 23-23-16,316,18.9789,35.5692
2019-05-19 23-23-20,316,19.0674,35.5558
2019-05-19 23-23-22,317,19.0308,35.5291
2019-05-19 23-23-24,317,19.0109,35.4997
2019-05-19 23-23-26,318,19.0109,35.4997
2019-05-19 23-23-28,318,19.0979,35.4864
2019-05-19 23-23-30,318,19.0628,35.473
2019-05-19 23-23-32,318,19.1452,35.4143
2019-05-19 23-23-34,318,19.1452,35.4009
2019-05-19 23-23-38,318,19.162,35.3582
2019-05-19 23-23-40,318,19.249,35.3582
2019-05-19 23-23-42,318,19.2307,35.3182
2019-05-19 23-23-44,318,19.2642,35.3315
2019-05-19 23-23-46,318,19.3176,35.2888
2019-05-19 23-23-48,317,19.278,35.2621
2019-05-19 23-23-50,318,19.2947,35.246
2019-05-19 23-23-54,318,19.3649,35.2033
2019-05-19 23-23-56,318,19.4336,35.1873
2019-05-19 23-23-58,317,19.4153,35.2033
2019-05-19 23-24-00,317,19.487,35.174
2019-05-19 23-24-02,317,19.397,35.1606
2019-05-19 23-24-04,317,19.4733,35.2167
2019-05-19 23-24-06,316,19.5236,35.2033
2019-05-19 23-24-08,315,19.4885,35.1873
2019-05-19 23-24-12,315,19.4321,35.174
2019-05-19 23-24-14,315,19.397,35.1873
2019-05-19 23-24-16,315,19.2581,35.2167
2019-05-19 23-24-18,315,19.2596,35.2621
2019-05-19 23-24-20,314,19.2307,35.3315
2019-05-19 23-24-22,314,19.1803,35.3449
2019-05-19 23-24-24,313,19.2169,35.3876
2019-05-19 23-24-26,314,19.2169,35.3876
2019-05-19 23-24-30,314,19.1803,35.3742
2019-05-19 23-24-32,315,19.2673,35.3449
2019-05-19 23-24-34,315,19.1956,35.3315
2019-05-19 23-24-36,315,19.2993,35.3182
2019-05-19 23-24-38,316,19.3359,35.2888
2019-05-19 23-24-40,316,19.3878,35.3021
2019-05-19 23-24-42,316,19.4565,35.2888
2019-05-19 23-24-44,317,19.4016,35.2327
2019-05-19 23-24-48,317,19.4519,35.2033
2019-05-19 23-24-50,318,19.487,35.174
2019-05-19 23-24-52,319,19.5206,35.1472
2019-05-19 23-24-54,318,19.5694,35.0912
2019-05-19 23-24-56,318,19.6579,35.0912
2019-05-19 23-24-58,318,19.6396,35.0751
2019-05-19 23-25-00,318,19.6426,35.0912
2019-05-19 23-25-04,317,19.6075,35.1179
2019-05-19 23-25-06,317,19.5343,35.1045
2019-05-19 23-25-08,317,19.5526,35.1179
2019-05-19 23-25-10,316,19.5023,35.1472
2019-05-19 23-25-12,316,19.5557,35.1472
2019-05-19 23-25-14,316,19.5572,35.174
2019-05-19 23-25-16,316,19.4916,35.2327
2019-05-19 23-25-18,316,19.5068,35.2327
2019-05-19 23-25-22,316,19.4733,35.2327
2019-05-19 23-25-24,315,19.5282,35.2754
2019-05-19 23-25-26,315,19.4412,35.3021
2019-05-19 23-25-28,315,19.4824,35.3582
2019-05-19 23-25-30,315,19.4275,35.3742
2019-05-19 23-25-32,315,19.3375,35.3449
2019-05-19 23-25-35,315,19.3558,35.3449
2019-05-19 23-25-37,315,19.2642,35.3315
2019-05-19 23-25-41,316,19.249,35.3315
2019-05-19 23-25-43,316,19.3359,35.3021
2019-05-19 23-25-45,317,19.4016,35.2621
2019-05-19 23-25-47,317,19.4016,35.2621
2019-05-19 23-25-49,316,19.4733,35.2327
2019-05-19 23-25-51,316,19.5236,35.2033
2019-05-19 23-25-53,315,19.5236,35.1873
2019-05-19 23-25-55,315,19.4321,35.174
2019-05-19 23-25-59,315,19.487,35.174
2019-05-19 23-26-01,316,19.4321,35.1472
2019-05-19 23-26-03,316,19.4473,35.1472
2019-05-19 23-26-05,316,19.519,35.1179
2019-05-19 23-26-07,315,19.5526,35.1045
2019-05-19 23-26-09,316,19.5663,35.0618
2019-05-19 23-26-11,316,19.5831,35.0324
2019-05-19 23-26-13,316,19.6167,34.9924
2019-05-19 23-26-17,317,19.6167,34.963
2019-05-19 23-26-19,318,19.7037,34.9763
2019-05-19 23-26-21,318,19.754,34.9203
2019-05-19 23-26-23,318,19.7571,34.9496
2019-05-19 23-26-25,317,19.8166,35.0484
2019-05-19 23-26-27,316,19.7479,35.1179
2019-05-19 23-26-29,315,19.6487,35.2033
2019-05-19 23-26-31,314,19.5618,35.2621
2019-05-19 23-26-35,313,19.4412,35.3021
2019-05-19 23-26-37,314,19.3695,35.3021
2019-05-19 23-26-39,315,19.3329,35.2754
2019-05-19 23-26-41,315,19.3832,35.2327
2019-05-19 23-26-43,315,19.4366,35.246
2019-05-19 23-26-45,315,19.5251,35.2167
2019-05-19 23-26-47,315,19.5786,35.2327
2019-05-19 23-26-49,314,19.5251,35.2327
2019-05-19 23-26-53,315,19.4733,35.2033
2019-05-19 23-26-55,315,19.4702,35.1873
2019-05-19 23-26-57,316,19.4336,35.2033
2019-05-19 23-26-59,315,19.3832,35.2167
2019-05-19 23-27-01,315,19.4016,35.2327
2019-05-19 23-27-03,317,19.4016,35.2327
2019-05-19 23-27-05,317,19.455,35.2621
2019-05-19 23-27-07,317,19.368,35.2621
2019-05-19 23-27-11,317,19.3359,35.2888
2019-05-19 23-27-13,319,19.2444,35.2888
2019-05-19 23-27-15,319,19.3695,35.2888
2019-05-19 23-27-17,318,19.3863,35.2754
2019-05-19 23-27-19,319,19.3695,35.2754
2019-05-19 23-27-21,320,19.4199,35.246
2019-05-19 23-27-23,320,19.4016,35.246
2019-05-19 23-27-25,320,19.4183,35.2167
2019-05-19 23-27-29,320,19.3634,35.1873
2019-05-19 23-27-31,319,19.4504,35.1606
2019-05-19 23-27-33,319,19.5053,35.1873
2019-05-19 23-27-35,319,19.5557,35.1606
2019-05-19 23-27-37,319,19.5419,35.2033
2019-05-19 23-27-39,319,19.5755,35.1873
2019-05-19 23-27-41,319,19.5206,35.1606
2019-05-19 23-27-43,319,19.5053,35.1606
2019-05-19 23-27-47,318,19.519,35.1312
2019-05-19 23-27-49,319,19.5526,35.1179
2019-05-19 23-27-51,319,19.5877,35.1045
2019-05-19 23-27-53,319,19.6426,35.0912
2019-05-19 23-27-55,319,19.516,35.0912
2019-05-19 23-27-57,319,19.5663,35.0618
2019-05-19 23-27-59,318,19.6396,35.0751
2019-05-19 23-28-03,319,19.7067,35.0324
2019-05-19 23-28-05,318,19.7617,35.0057
2019-05-19 23-28-07,317,19.7754,34.9496
2019-05-19 23-28-09,318,19.8441,34.9363
2019-05-19 23-28-11,318,19.8074,34.9069
2019-05-19 23-28-13,318,19.8257,34.9069
2019-05-19 23-28-15,318,19.8761,34.8936
2019-05-19 23-28-17,318,19.873,34.8642
2019-05-19 23-28-21,318,19.9127,34.8802
2019-05-19 23-28-23,318,19.9448,34.8375
2019-05-19 23-28-25,317,20.0134,34.8375
2019-05-19 23-28-27,317,19.9265,34.8081
2019-05-19 23-28-29,317,19.9081,34.8081
2019-05-19 23-28-31,317,19.9051,34.7681
2019-05-19 23-28-33,317,19.8502,34.7814
2019-05-19 23-28-35,316,19.8318,34.7681
2019-05-19 23-28-39,316,19.8853,34.7681
2019-05-19 23-28-41,315,19.9402,34.7681
2019-05-19 23-28-43,315,19.9921,34.7814
2019-05-19 23-28-45,315,19.9768,34.7948
2019-05-19 23-28-47,315,19.9951,34.7948
2019-05-19 23-28-49,314,19.8898,34.8241
2019-05-19 23-28-51,314,20.015,34.8642
2019-05-19 23-28-53,313,19.9127,34.8642
2019-05-19 23-28-57,313,19.8578,34.8642
2019-05-19 23-28-59,312,19.8578,34.8802
2019-05-19 23-29-01,312,19.8395,34.8642
2019-05-19 23-29-03,313,19.8044,34.8802
2019-05-19 23-29-05,312,19.931,34.8802
2019-05-19 23-29-07,312,19.8914,34.8642
2019-05-19 23-29-09,312,19.8395,34.8642
2019-05-19 23-29-11,313,19.8761,34.8936
2019-05-19 23-29-15,314,19.9463,34.8642
2019-05-19 23-29-17,314,19.8898,34.8508
2019-05-19 23-29-19,314,19.9631,34.8642
2019-05-19 23-29-21,314,19.928,34.8508
2019-05-19 23-29-23,315,19.9768,34.7948
2019-05-19 23-29-25,315,19.9234,34.7948
2019-05-19 23-29-27,316,20.0287,34.7948
2019-05-19 23-29-29,316,19.9234,34.7681
2019-05-19 23-29-33,316,19.9585,34.7814
2019-05-19 23-29-35,316,19.9371,34.736
2019-05-19 23-29-37,317,19.9402,34.7494
2019-05-19 23-29-39,317,19.9036,34.736
2019-05-19 23-29-41,318,20.0058,34.7093
2019-05-19 23-29-43,317,20.0607,34.6933
2019-05-19 23-29-45,317,20.1797,34.6532
2019-05-19 23-29-49,317,20.1797,34.6532
2019-05-19 23-29-51,317,20.2148,34.6105
2019-05-19 23-29-53,318,20.2652,34.5945
2019-05-19 23-29-55,319,20.2484,34.6105
2019-05-19 23-29-57,318,20.3537,34.5945
2019-05-19 23-29-59,318,20.1981,34.6239
2019-05-19 23-30-01,317,20.2118,34.5945
2019-05-19 23-30-03,317,20.2332,34.6239
2019-05-19 23-30-07,317,20.2515,34.6372
2019-05-19 23-30-09,316,20.2347,34.6799
2019-05-19 23-30-11,316,20.1462,34.6799
2019-05-19 23-30-13,317,20.1279,34.6666
2019-05-19 23-30-15,317,20.1797,34.6666
2019-05-19 23-30-17,317,20.1111,34.6799
2019-05-19 23-30-19,316,20.0958,34.6933
2019-05-19 23-30-21,317,20.1141,34.736
2019-05-19 23-30-25,316,20.0821,34.7494
2019-05-19 23-30-27,316,19.9921,34.7494
2019-05-19 23-30-29,316,20.079,34.736
2019-05-19 23-30-31,317,20.0958,34.7093
2019-05-19 23-30-33,317,20.1828,34.7227
2019-05-19 23-30-35,317,20.1508,34.736
2019-05-19 23-30-37,317,20.0455,34.736
2019-05-19 23-30-39,317,20.0455,34.7227
2019-05-19 23-30-43,317,20.0089,34.736
2019-05-19 23-30-46,317,19.9738,34.7681
2019-05-19 23-30-48,317,19.9448,34.8241
2019-05-19 23-30-50,317,19.9814,34.8508
2019-05-19 23-30-52,317,19.9127,34.8642
2019-05-19 23-30-54,317,19.8395,34.8508
2019-05-19 23-30-56,317,19.8441,34.9363
2019-05-19 23-30-58,317,19.8303,34.9924
2019-05-19 23-31-02,317,19.7433,35.0324
2019-05-19 23-31-04,317,19.6762,35.0912
2019-05-19 23-31-06,317,19.6762,35.0912
2019-05-19 23-31-08,317,19.7342,35.1606
2019-05-19 23-31-10,317,19.6991,35.1873
2019-05-19 23-31-12,318,19.574,35.174
2019-05-19 23-31-14,319,19.5053,35.174
2019-05-19 23-31-16,319,19.4321,35.174
2019-05-19 23-31-20,319,19.5557,35.1472
2019-05-19 23-31-22,320,19.6945,35.1045
2019-05-19 23-31-24,319,19.6609,35.1045
2019-05-19 23-31-26,319,19.5526,35.1179
2019-05-19 23-31-28,320,19.519,35.1179
2019-05-19 23-31-30,320,19.4824,35.0912
2019-05-19 23-31-32,319,19.5694,35.0912
2019-05-19 23-31-36,319,19.5877,35.0912
2019-05-19 23-31-38,319,19.6426,35.0912
2019-05-19 23-31-40,319,19.693,35.0751
2019-05-19 23-31-42,318,19.7296,35.0912
2019-05-19 23-31-44,318,19.7296,35.1179
2019-05-19 23-31-46,319,19.7678,35.1312
2019-05-19 23-31-48,319,19.7479,35.1312
2019-05-19 23-31-50,320,19.7128,35.1179
2019-05-19 23-31-54,320,19.6579,35.0751
2019-05-19 23-31-56,319,19.693,35.0751
2019-05-19 23-31-58,320,19.7113,35.0912
2019-05-19 23-32-00,320,19.7815,35.0484
2019-05-19 23-32-02,319,19.8166,35.0618
2019-05-19 23-32-04,319,19.7845,35.0912
2019-05-19 23-32-06,319,19.7678,35.1179
2019-05-19 23-32-08,319,19.7128,35.1179
2019-05-19 23-32-12,319,19.6945,35.1179
2019-05-19 23-32-14,319,19.6075,35.1045
2019-05-19 23-32-16,319,19.6259,35.1179
2019-05-19 23-32-18,319,19.6579,35.0618
2019-05-19 23-32-20,320,19.6213,35.0618
2019-05-19 23-32-22,320,19.725,35.0324
2019-05-19 23-32-24,319,19.812,34.9924
2019-05-19 23-32-26,319,19.7769,34.9763
2019-05-19 23-32-30,320,19.7586,34.963
2019-05-19 23-32-32,320,19.8074,34.9069
2019-05-19 23-32-34,320,19.8761,34.9069
2019-05-19 23-32-36,320,19.8578,34.8936
2019-05-19 23-32-38,320,19.8578,34.8642
2019-05-19 23-32-40,319,19.8395,34.8508
2019-05-19 23-32-42,319,19.8578,34.8642
2019-05-19 23-32-44,319,19.9097,34.8508
2019-05-19 23-32-48,318,19.9448,34.8375
2019-05-19 23-32-50,318,19.96,34.8241
2019-05-19 23-32-52,318,19.9783,34.8241
2019-05-19 23-32-54,318,19.8898,34.8375
2019-05-19 23-32-56,318,19.9493,34.8936
2019-05-19 23-32-58,318,19.8624,34.9363
2019-05-19 23-33-00,318,19.841,34.8936
2019-05-19 23-33-02,318,19.8593,34.9069
2019-05-19 23-33-06,318,19.8776,34.9363
2019-05-19 23-33-08,317,19.8944,34.9203
2019-05-19 23-33-10,317,19.931,34.9069
2019-05-19 23-33-12,317,19.9997,34.8936
2019-05-19 23-33-14,317,19.931,34.9069
2019-05-19 23-33-16,317,19.8944,34.9069
2019-05-19 23-33-18,317,19.8593,34.9203
2019-05-19 23-33-22,317,19.9173,34.9363
2019-05-19 23-33-24,317,19.8776,34.9496
2019-05-19 23-33-26,317,19.8456,34.963
2019-05-19 23-33-28,316,19.8456,34.9924
2019-05-19 23-33-30,316,19.8822,34.9924
2019-05-19 23-33-32,316,19.7952,35.0057
2019-05-19 23-33-34,316,19.7586,34.9763
2019-05-19 23-33-36,316,19.8273,34.963
2019-05-19 23-33-40,317,19.7357,34.9363
2019-05-19 23-33-42,317,19.8257,34.9069
2019-05-19 23-33-44,318,19.9142,34.9069
2019-05-19 23-33-46,317,19.928,34.8642
2019-05-19 23-33-48,317,19.9631,34.8642
2019-05-19 23-33-50,318,19.9097,34.8375
2019-05-19 23-33-52,317,19.9631,34.8375
2019-05-19 23-33-54,317,19.9951,34.7948
2019-05-19 23-33-58,318,20.0272,34.7814
2019-05-19 23-34-00,318,20.0104,34.7681
2019-05-19 23-34-02,318,20.1004,34.7814
2019-05-19 23-34-04,318,20.1004,34.7948
2019-05-19 23-34-06,317,20.1004,34.7814
2019-05-19 23-34-08,317,19.9738,34.7494
2019-05-19 23-34-10,317,20.0089,34.7494
2019-05-19 23-34-12,317,20.0638,34.736
2019-05-19 23-34-16,317,20.0974,34.7494
2019-05-19 23-34-18,317,20.079,34.7227
2019-05-19 23-34-20,317,20.0821,34.7494
2019-05-19 23-34-22,317,20.0821,34.7494
2019-05-19 23-34-24,316,20.1157,34.7494
2019-05-19 23-34-26,317,20.0821,34.7681
2019-05-19 23-34-28,316,20.0104,34.7681
2019-05-19 23-34-30,316,19.9921,34.7814
2019-05-19 23-34-34,316,19.9417,34.8081
2019-05-19 23-34-36,316,19.8715,34.8375
2019-05-19 23-34-38,316,19.9463,34.8642
2019-05-19 23-34-40,316,19.8761,34.8936
2019-05-19 23-34-42,315,19.8944,34.9069
2019-05-19 23-34-44,316,19.841,34.8936
2019-05-19 23-34-46,316,19.8914,34.8802
2019-05-19 23-34-50,317,19.841,34.8936
2019-05-19 23-34-52,317,19.8395,34.8508
2019-05-19 23-34-54,317,19.8914,34.8642
2019-05-19 23-34-56,317,20.0317,34.8241
2019-05-19 23-34-58,318,19.9951,34.8241
2019-05-19 23-35-00,318,19.9951,34.8081
2019-05-19 23-35-02,318,19.9783,34.8375
2019-05-19 23-35-04,317,20.0043,34.963
2019-05-19 23-35-08,316,20.0638,35.0191
2019-05-19 23-35-10,317,19.9417,35.0751
2019-05-19 23-35-12,317,19.8547,35.1312
2019-05-19 23-35-14,318,19.7678,35.1312
2019-05-19 23-35-16,318,19.6793,35.1472
2019-05-19 23-35-18,318,19.6762,35.1045
2019-05-19 23-35-20,319,19.7678,35.1045
2019-05-19 23-35-22,319,19.693,35.0618
2019-05-19 23-35-26,319,19.6945,35.1045
2019-05-19 23-35-28,319,19.7296,35.1045
2019-05-19 23-35-30,319,19.6945,35.1045
2019-05-19 23-35-32,319,19.7128,35.1179
2019-05-19 23-35-34,319,19.7479,35.1045
2019-05-19 23-35-36,319,19.8181,35.0912
2019-05-19 23-35-38,319,19.8181,35.0912
2019-05-19 23-35-40,319,19.7998,35.0618
2019-05-19 23-35-44,319,19.8318,35.0324
2019-05-19 23-35-46,319,19.8502,35.0484
2019-05-19 23-35-48,319,19.8166,35.0618
2019-05-19 23-35-50,319,19.7845,35.1045
2019-05-19 23-35-52,319,19.7311,35.1312
2019-05-19 23-35-54,319,19.7723,35.1873
2019-05-19 23-35-56,318,19.7723,35.1873
2019-05-19 23-35-58,318,19.6487,35.2327
2019-05-19 23-36-02,318,19.6701,35.2621
2019-05-19 23-36-04,318,19.6213,35.3315
2019-05-19 23-36-06,318,19.6014,35.3315
2019-05-19 23-36-08,319,19.5511,35.3449
2019-05-19 23-36-10,319,19.4962,35.3315
2019-05-19 23-36-12,320,19.4962,35.3021
2019-05-19 23-36-14,321,19.4748,35.2754
2019-05-19 23-36-19,322,19.5572,35.2033
2019-05-19 23-36-21,323,19.5938,35.2033
2019-05-19 23-36-23,323,19.6808,35.1606
2019-05-19 23-36-25,323,19.6976,35.1472
2019-05-19 23-36-27,323,19.8029,35.1179
2019-05-19 23-36-29,322,19.8715,35.1045
2019-05-19 23-36-31,321,19.7311,35.1312
2019-05-19 23-36-33,321,19.7296,35.0912
2019-05-19 23-36-37,320,19.7662,35.0751
2019-05-19 23-36-39,321,19.7403,35.0191
2019-05-19 23-36-41,322,19.8639,34.9924
2019-05-19 23-36-43,322,19.9509,34.9496
2019-05-19 23-36-45,322,20.0012,34.9069
2019-05-19 23-36-47,322,19.9677,34.9203
2019-05-19 23-36-49,322,19.931,34.8936
2019-05-19 23-36-51,321,19.9356,34.9763
2019-05-19 23-36-55,321,19.8868,35.0618
2019-05-19 23-36-57,320,19.8364,35.1045
2019-05-19 23-36-59,319,19.7815,35.0751
2019-05-19 23-37-01,319,19.8349,35.0618
2019-05-19 23-37-03,319,19.7998,35.0751
2019-05-19 23-37-05,319,19.7998,35.0751
2019-05-19 23-37-07,319,19.7815,35.0618
2019-05-19 23-37-09,320,19.8669,35.0324
2019-05-19 23-37-13,320,19.8166,35.0618
2019-05-19 23-37-15,319,19.8395,35.1312
2019-05-19 23-37-17,318,19.7525,35.1873
2019-05-19 23-37-19,318,19.7205,35.246
2019-05-19 23-37-21,319,19.722,35.2888
2019-05-19 23-37-23,320,19.6533,35.3021
2019-05-19 23-37-25,321,19.635,35.2754
2019-05-19 23-37-27,322,19.5786,35.2327
2019-05-19 23-37-31,324,19.5419,35.2033
2019-05-19 23-37-33,325,19.5602,35.2167
2019-05-19 23-37-35,325,19.6991,35.174
2019-05-19 23-37-37,328,19.7342,35.174
2019-05-19 23-37-39,327,19.8227,35.174
2019-05-19 23-37-41,327,19.7708,35.174
2019-05-19 23-37-43,326,19.7891,35.1873
2019-05-19 23-37-45,324,19.8441,35.2033
2019-05-19 23-37-49,322,19.7525,35.2033
2019-05-19 23-37-51,322,19.8074,35.1873
2019-05-19 23-37-53,325,19.7723,35.2167
2019-05-19 23-37-55,324,19.7357,35.2327
2019-05-19 23-37-57,324,19.6854,35.2621
2019-05-19 23-37-59,325,19.6716,35.3021
2019-05-19 23-38-01,325,19.6899,35.3315
2019-05-19 23-38-05,325,19.6564,35.3449
2019-05-19 23-38-07,324,19.6014,35.3449
2019-05-19 23-38-09,324,19.5328,35.3449
2019-05-19 23-38-11,324,19.516,35.3582
2019-05-19 23-38-13,324,19.5007,35.3876
2019-05-19 23-38-15,324,19.5877,35.4009
2019-05-19 23-38-17,323,19.606,35.4143
2019-05-19 23-38-19,325,19.6243,35.3582
2019-05-19 23-38-23,325,19.6243,35.3582
2019-05-19 23-38-25,325,19.5877,35.3876
2019-05-19 23-38-27,324,19.5526,35.4143
2019-05-19 23-38-29,323,19.5023,35.4143
2019-05-19 23-38-31,323,19.5206,35.457
2019-05-19 23-38-33,323,19.4473,35.4437
2019-05-19 23-38-35,322,19.5557,35.4437
2019-05-19 23-38-37,323,19.4519,35.4864
2019-05-19 23-38-41,322,19.5068,35.4997
2019-05-19 23-38-43,322,19.4,35.5131
2019-05-19 23-38-45,322,19.368,35.5291
2019-05-19 23-38-47,321,19.3878,35.5852
2019-05-19 23-38-49,320,19.3192,35.6413
2019-05-19 23-38-51,319,19.3192,35.668
2019-05-19 23-38-53,319,19.3954,35.7
2019-05-19 23-38-55,320,19.3222,35.7134
2019-05-19 23-38-59,322,19.3222,35.7134
2019-05-19 23-39-01,323,19.3085,35.7401
2019-05-19 23-39-03,324,19.3054,35.7267
2019-05-19 23-39-05,325,19.3222,35.6813
2019-05-19 23-39-07,325,19.3604,35.7
2019-05-19 23-39-09,325,19.3771,35.7
2019-05-19 23-39-11,325,19.3222,35.6813
2019-05-19 23-39-15,325,19.3008,35.6413
2019-05-19 23-39-17,325,19.3405,35.6546
2019-05-19 23-39-19,324,19.3192,35.6546
2019-05-19 23-39-21,324,19.3909,35.6413
2019-05-19 23-39-23,323,19.3726,35.6119
2019-05-19 23-39-25,324,19.3726,35.6252
2019-05-19 23-39-27,325,19.3878,35.5852
2019-05-19 23-39-29,324,19.4412,35.5852
2019-05-19 23-39-33,325,19.3878,35.5852
2019-05-19 23-39-35,325,19.3878,35.5852
2019-05-19 23-39-37,325,19.455,35.5291
2019-05-19 23-39-39,324,19.4519,35.4864
2019-05-19 23-39-41,323,19.4336,35.4997
2019-05-19 23-39-43,323,19.4153,35.473
2019-05-19 23-39-45,322,19.4656,35.457
2019-05-19 23-39-47,322,19.4839,35.4009
2019-05-19 23-39-51,322,19.4473,35.4143
2019-05-19 23-39-53,321,19.4458,35.3876
2019-05-19 23-39-55,320,19.5023,35.4143
2019-05-19 23-39-57,319,19.5526,35.4009
2019-05-19 23-39-59,319,19.516,35.3582
2019-05-19 23-40-01,319,19.606,35.3876
2019-05-19 23-40-03,319,19.5694,35.3876
2019-05-19 23-40-05,318,19.5007,35.4009
2019-05-19 23-40-09,317,19.487,35.457
2019-05-19 23-40-11,316,19.5068,35.4864
2019-05-19 23-40-13,316,19.5236,35.4864
2019-05-19 23-40-15,317,19.5251,35.4997
2019-05-19 23-40-17,316,19.5068,35.5131
2019-05-19 23-40-19,316,19.4519,35.4864
2019-05-19 23-40-21,316,19.4473,35.4437
2019-05-19 23-40-23,316,19.574,35.4437
2019-05-19 23-40-27,317,19.5007,35.3876
2019-05-19 23-40-29,318,19.5328,35.3449
2019-05-19 23-40-31,318,19.6213,35.3315
2019-05-19 23-40-33,319,19.6533,35.3021
2019-05-19 23-40-35,319,19.5984,35.2754
2019-05-19 23-40-37,318,19.5618,35.2754
2019-05-19 23-40-39,317,19.6167,35.2621
2019-05-19 23-40-43,316,19.6671,35.2327
2019-05-19 23-40-45,316,19.7021,35.2033
2019-05-19 23-40-47,316,19.7342,35.1873
2019-05-19 23-40-49,316,19.7128,35.1312
2019-05-19 23-40-51,316,19.6976,35.1312
2019-05-19 23-40-53,316,19.7708,35.1472
2019-05-19 23-40-55,316,19.7678,35.1312
2019-05-19 23-40-57,315,19.8212,35.1312
2019-05-19 23-41-01,316,19.7479,35.1179
2019-05-19 23-41-03,315,19.8395,35.1472
2019-05-19 23-41-05,316,19.7678,35.1179
2019-05-19 23-41-07,316,19.7678,35.1179
2019-05-19 23-41-09,316,19.7815,35.0751
2019-05-19 23-41-11,316,19.8502,35.0618
2019-05-19 23-41-13,317,19.8181,35.0912
2019-05-19 23-41-15,317,19.8181,35.0912
2019-05-19 23-41-19,317,19.8532,35.0751
2019-05-19 23-41-21,318,19.8349,35.0912
2019-05-19 23-41-23,318,19.8685,35.0618
2019-05-19 23-41-25,318,19.9234,35.0751
2019-05-19 23-41-27,318,19.9738,35.0191
2019-05-19 23-41-29,317,20.0409,34.9924
2019-05-19 23-41-31,318,20.0378,34.9496
2019-05-19 23-41-33,319,20.0745,34.9363
2019-05-19 23-41-37,319,20.1096,34.9203
2019-05-19 23-41-39,319,20.0729,34.8936
2019-05-19 23-41-41,319,20.0729,34.8936
2019-05-19 23-41-43,319,20.1065,34.8802
2019-05-19 23-41-45,320,20.0699,34.8642
2019-05-19 23-41-47,320,20.0546,34.8642
2019-05-19 23-41-49,319,19.9814,34.8802
2019-05-19 23-41-53,320,20.0333,34.8642
2019-05-19 23-41-55,320,20.0729,34.8802
2019-05-19 23-41-57,320,20.1935,34.8802
2019-05-19 23-41-59,319,20.2148,34.8936
2019-05-19 23-42-01,319,20.1248,34.9069
2019-05-19 23-42-04,319,20.1065,34.8936
2019-05-19 23-42-06,319,20.0363,34.9069
2019-05-19 23-42-08,318,19.9493,34.9203
2019-05-19 23-42-12,319,20.0012,34.9203
2019-05-19 23-42-14,320,20.0226,34.963
2019-05-19 23-42-16,320,20.0043,34.963
2019-05-19 23-42-18,320,20.0378,34.9496
2019-05-19 23-42-20,320,19.986,34.9363
2019-05-19 23-42-22,320,20.0012,34.9203
2019-05-19 23-42-24,320,19.9493,34.9069
2019-05-19 23-42-26,321,20.018,34.9069
2019-05-19 23-42-30,321,20.1248,34.9203
2019-05-19 23-42-32,321,20.0745,34.9203
2019-05-19 23-42-34,322,20.1599,34.9069
2019-05-19 23-42-36,322,20.1416,34.8802
2019-05-19 23-42-38,322,20.1935,34.8802
2019-05-19 23-42-40,321,20.1385,34.8642
2019-05-19 23-42-42,321,20.192,34.8375
2019-05-19 23-42-44,322,20.2606,34.8081
2019-05-19 23-42-48,322,20.3476,34.8081
2019-05-19 23-42-50,322,20.224,34.7681
2019-05-19 23-42-52,321,20.2209,34.7227
2019-05-19 23-42-54,321,20.2927,34.7681
2019-05-19 23-42-56,321,20.3659,34.7681
2019-05-19 23-42-58,320,20.2759,34.7681
2019-05-19 23-43-00,321,20.3293,34.7948
2019-05-19 23-43-02,320,20.2606,34.7948
2019-05-19 23-43-06,320,20.2789,34.7948
2019-05-19 23-43-08,320,20.3476,34.7814
2019-05-19 23-43-10,319,20.3445,34.7494
2019-05-19 23-43-12,319,20.3812,34.736
2019-05-19 23-43-14,319,20.3629,34.7227
2019-05-19 23-43-16,320,20.3949,34.6799
2019-05-19 23-43-18,320,20.4117,34.6532
2019-05-19 23-43-22,318,20.4132,34.6933
2019-05-19 23-43-24,318,20.34,34.6799
2019-05-19 23-43-26,318,20.34,34.6933
2019-05-19 23-43-28,319,20.3217,34.6799
2019-05-19 23-43-30,319,20.3064,34.6799
2019-05-19 23-43-32,318,20.3262,34.7494
2019-05-19 23-43-34,318,20.2789,34.8241
2019-05-19 23-43-36,318,20.2972,34.8375
2019-05-19 23-43-40,318,20.2805,34.8508
2019-05-19 23-43-42,319,20.2286,34.8508
2019-05-19 23-43-44,320,20.3339,34.8375
2019-05-19 23-43-46,320,20.3293,34.7814
2019-05-19 23-43-48,320,20.3491,34.8241
2019-05-19 23-43-50,320,20.3293,34.7948
2019-05-19 23-43-52,320,20.2621,34.8241
2019-05-19 23-43-54,320,20.1508,34.7681
2019-05-19 23-43-58,320,20.134,34.7814
2019-05-19 23-44-00,320,20.2072,34.7681
2019-05-19 23-44-02,320,20.343,34.7227
2019-05-19 23-44-04,320,20.3629,34.7227
2019-05-19 23-44-06,320,20.3949,34.6933
2019-05-19 23-44-08,321,20.3384,34.6532
2019-05-19 23-44-10,321,20.4254,34.6239
2019-05-19 23-44-12,321,20.4941,34.6105
2019-05-19 23-44-16,321,20.549,34.5811
2019-05-19 23-44-18,321,20.4575,34.5678
2019-05-19 23-44-20,322,20.491,34.5544
2019-05-19 23-44-22,321,20.5826,34.5678
2019-05-19 23-44-24,320,20.5826,34.5678
2019-05-19 23-44-26,319,20.5994,34.5544
2019-05-19 23-44-28,320,20.6543,34.5544
2019-05-19 23-44-30,320,20.6329,34.5544
2019-05-19 23-44-34,319,20.6329,34.5544
2019-05-19 23-44-36,318,20.6543,34.5544
2019-05-19 23-44-38,318,20.6177,34.5678
2019-05-19 23-44-40,317,20.6329,34.5678
2019-05-19 23-44-42,317,20.6543,34.5544
2019-05-19 23-44-44,318,20.6726,34.5678
2019-05-19 23-44-46,318,20.6284,34.4984
2019-05-19 23-44-50,318,20.6696,34.5251
2019-05-19 23-44-52,319,20.5963,34.5117
2019-05-19 23-44-54,319,20.5948,34.4984
2019-05-19 23-44-56,318,20.6284,34.4823
2019-05-19 23-44-58,319,20.7184,34.469
2019-05-19 23-45-00,319,20.697,34.4423
2019-05-19 23-45-02,320,20.7657,34.4263
2019-05-19 23-45-04,320,20.6787,34.4129
2019-05-19 23-45-08,320,20.7474,34.4129
2019-05-19 23-45-10,321,20.7504,34.4263
2019-05-19 23-45-12,321,20.6238,34.4263
2019-05-19 23-45-14,320,20.6635,34.4263
2019-05-19 23-45-16,320,20.6635,34.4423
2019-05-19 23-45-18,321,20.6787,34.4263
2019-05-19 23-45-20,321,20.784,34.4263
2019-05-19 23-45-22,321,20.7687,34.4556
2019-05-19 23-45-26,321,20.8054,34.4423
2019-05-19 23-45-28,321,20.752,34.4556
2019-05-19 23-45-30,320,20.8069,34.4556
2019-05-19 23-45-32,319,20.8069,34.4556
2019-05-19 23-45-34,320,20.8389,34.4423
2019-05-19 23-45-36,320,20.784,34.4423
2019-05-19 23-45-38,319,20.7153,34.4556
2019-05-19 23-45-40,321,20.7703,34.4984
2019-05-19 23-45-44,321,20.6863,34.5251
2019-05-19 23-45-46,321,20.7428,34.5945
2019-05-19 23-45-48,321,20.6589,34.6239
2019-05-19 23-45-50,321,20.6589,34.6532
2019-05-19 23-45-52,322,20.6406,34.6666
2019-05-19 23-45-54,322,20.5902,34.6799
2019-05-19 23-45-56,325,20.6589,34.6239
2019-05-19 23-45-58,326,20.6009,34.6105
2019-05-19 23-46-02,328,20.5673,34.6105
2019-05-19 23-46-04,328,20.636,34.5945
2019-05-19 23-46-06,329,20.636,34.5945
2019-05-19 23-46-08,327,20.636,34.5811
2019-05-19 23-46-10,324,20.5856,34.6372
2019-05-19 23-46-12,323,20.6421,34.7093
2019-05-19 23-46-14,321,20.5597,34.7681
2019-05-19 23-46-18,320,20.4391,34.8241
2019-05-19 23-46-20,319,20.4758,34.8642
2019-05-19 23-46-22,320,20.4086,34.8936
2019-05-19 23-46-24,322,20.3354,34.8802
2019-05-19 23-46-26,323,20.2652,34.8508
2019-05-19 23-46-28,324,20.3491,34.8241
2019-05-19 23-46-30,325,20.2972,34.8241
2019-05-19 23-46-32,325,20.2103,34.8241
2019-05-19 23-46-36,326,20.2789,34.8241
2019-05-19 23-46-38,326,20.2789,34.8241
2019-05-19 23-46-40,325,20.2469,34.8375
2019-05-19 23-46-42,324,20.2805,34.8642
2019-05-19 23-46-44,325,20.2988,34.8642
2019-05-19 23-46-46,323,20.2972,34.8375
2019-05-19 23-46-48,324,20.3125,34.8081
2019-05-19 23-46-50,324,20.2789,34.8241
2019-05-19 23-46-54,325,20.2942,34.7948
2019-05-19 23-46-56,324,20.3995,34.7681
2019-05-19 23-46-58,325,20.4529,34.7814
2019-05-19 23-47-00,324,20.4865,34.7681
2019-05-19 23-47-02,323,20.4712,34.7814
2019-05-19 23-47-04,323,20.3659,34.7681
2019-05-19 23-47-06,324,20.4163,34.7494
2019-05-19 23-47-08,322,20.4025,34.7814
2019-05-19 23-47-12,323,20.4041,34.8241
2019-05-19 23-47-14,324,20.4208,34.7948
2019-05-19 23-47-17,325,20.3995,34.7494
2019-05-19 23-47-19,325,20.4315,34.7093
2019-05-19 23-47-21,324,20.5399,34.7093
2019-05-19 23-47-23,324,20.5368,34.6799
2019-05-19 23-47-25,324,20.5185,34.6666
2019-05-19 23-47-29,326,20.5353,34.6532
2019-05-19 23-47-31,325,20.6192,34.6239
2019-05-19 23-47-33,325,20.6741,34.6239
2019-05-19 23-47-35,324,20.6558,34.5945
2019-05-19 23-47-37,324,20.6589,34.6239
2019-05-19 23-47-39,324,20.6909,34.5945
2019-05-19 23-47-41,324,20.7275,34.6239
2019-05-19 23-47-43,324,20.7108,34.6532
2019-05-19 23-47-47,325,20.6223,34.6532
2019-05-19 23-47-49,324,20.5536,34.6532
2019-05-19 23-47-51,325,20.5673,34.6239
2019-05-19 23-47-53,325,20.5856,34.6239
2019-05-19 23-47-55,325,20.5872,34.6666
2019-05-19 23-47-57,324,20.5734,34.7093
2019-05-19 23-47-59,323,20.5414,34.7681
2019-05-19 23-48-01,323,20.4208,34.7948
2019-05-19 23-48-05,324,20.4361,34.7814
2019-05-19 23-48-07,324,20.4346,34.7681
2019-05-19 23-48-09,324,20.4529,34.7494
2019-05-19 23-48-11,324,20.5048,34.7948
2019-05-19 23-48-13,324,20.5261,34.7681
2019-05-19 23-48-15,324,20.4346,34.7494
2019-05-19 23-48-17,325,20.4346,34.7494
2019-05-19 23-48-19,326,20.5002,34.7093
2019-05-19 23-48-23,327,20.5215,34.7227
2019-05-19 23-48-25,327,20.5536,34.6666
2019-05-19 23-48-27,326,20.5872,34.6666
2019-05-19 23-48-29,326,20.6772,34.6666
2019-05-19 23-48-31,325,20.6604,34.6799
2019-05-19 23-48-33,325,20.5902,34.6933
2019-05-19 23-48-35,325,20.6055,34.6666
2019-05-19 23-48-39,325,20.6406,34.6666
2019-05-19 23-48-41,324,20.6589,34.6239
2019-05-19 23-48-43,325,20.636,34.6105
2019-05-19 23-48-45,325,20.6039,34.6372
2019-05-19 23-48-47,325,20.5719,34.6666
2019-05-19 23-48-49,325,20.5185,34.6532
2019-05-19 23-48-51,325,20.517,34.6239
2019-05-19 23-48-53,325,20.5688,34.6372
2019-05-19 23-48-57,324,20.6375,34.6372
2019-05-19 23-48-59,326,20.6192,34.6105
2019-05-19 23-49-01,327,20.6741,34.6239
2019-05-19 23-49-03,326,20.636,34.6105
2019-05-19 23-49-05,327,20.7413,34.5678
2019-05-19 23-49-07,327,20.7062,34.5678
2019-05-19 23-49-09,325,20.6909,34.5945
2019-05-19 23-49-11,323,20.6818,34.7227
2019-05-19 23-49-15,321,20.6131,34.7814
2019-05-19 23-49-17,318,20.6039,34.9203
2019-05-19 23-49-19,319,20.4132,34.9924
2019-05-19 23-49-21,315,20.3842,35.0484
2019-05-19 23-49-23,314,20.3659,35.1045
2019-05-19 23-49-25,321,20.2759,35.0618
2019-05-19 23-49-27,323,20.2789,35.0912
2019-05-19 23-49-29,327,20.2255,35.0751
2019-05-19 23-49-33,328,20.2423,35.0751
2019-05-19 23-49-35,331,20.3125,35.0751
2019-05-19 23-49-37,333,20.2805,35.1179
2019-05-19 23-49-39,334,20.2469,35.1472
2019-05-19 23-49-41,332,20.1736,35.1312
2019-05-19 23-49-43,334,20.1736,35.1179
2019-05-19 23-49-45,335,20.1096,35.1873
2019-05-19 23-49-49,336,20.1279,35.2033
2019-05-19 23-49-51,336,20.0912,35.2033
2019-05-19 23-49-53,335,20.105,35.1312
2019-05-19 23-49-55,338,20.1523,35.0618
2019-05-19 23-49-57,338,20.2744,35.0057
2019-05-19 23-49-59,337,20.343,34.9924
2019-05-19 23-50-01,335,20.2896,34.9763
2019-05-19 23-50-03,334,20.3217,34.9363
2019-05-19 23-50-07,336,20.3201,34.9069
2019-05-19 23-50-09,336,20.372,34.8642
2019-05-19 23-50-11,335,20.4575,34.8241
2019-05-19 23-50-13,333,20.578,34.7814
2019-05-19 23-50-15,332,20.5963,34.7948
2019-05-19 23-50-17,330,20.5643,34.8375
2019-05-19 23-50-19,329,20.459,34.8642
2019-05-19 23-50-21,328,20.5093,34.8642
2019-05-19 23-50-25,327,20.462,34.9069
2019-05-19 23-50-27,326,20.4117,34.9363
2019-05-19 23-50-29,325,20.34,34.963
2019-05-19 23-50-31,324,20.3217,34.9496
2019-05-19 23-50-33,324,20.253,34.9496
2019-05-19 23-50-35,324,20.2332,34.9203
2019-05-19 23-50-37,325,20.2469,34.8642
2019-05-19 23-50-39,326,20.3888,34.8375
2019-05-19 23-50-43,327,20.4224,34.8508
2019-05-19 23-50-45,328,20.4041,34.8241
2019-05-19 23-50-47,327,20.4895,34.7948
2019-05-19 23-50-49,327,20.4178,34.7681
2019-05-19 23-50-51,326,20.5597,34.7814
2019-05-19 23-50-53,325,20.6467,34.7814
2019-05-19 23-50-55,324,20.5826,34.8508
2019-05-19 23-50-57,323,20.5536,34.9363
2019-05-19 23-51-01,322,20.4681,35.0191
2019-05-19 23-51-03,322,20.4025,35.0751
2019-05-19 23-51-05,322,20.3888,35.1312
2019-05-19 23-51-07,323,20.3156,35.1312
2019-05-19 23-51-09,324,20.2805,35.1179
2019-05-19 23-51-11,325,20.2621,35.1179
2019-05-19 23-51-13,325,20.2286,35.1312
2019-05-19 23-51-15,325,20.1752,35.1472
2019-05-19 23-51-19,325,20.1965,35.2167
2019-05-19 23-51-21,324,20.1797,35.2327
2019-05-19 23-51-23,325,20.1111,35.2327
2019-05-19 23-51-25,326,20.0928,35.246
2019-05-19 23-51-27,325,20.1141,35.2754
2019-05-19 23-51-29,325,20.0226,35.246
2019-05-19 23-51-31,326,19.9326,35.2327
2019-05-19 23-51-35,326,19.9509,35.2327
2019-05-19 23-51-37,326,20.018,35.1873
2019-05-19 23-51-39,326,20.1248,35.174
2019-05-19 23-51-41,326,20.0516,35.1606
2019-05-19 23-51-43,326,20.0729,35.1606
2019-05-19 23-51-45,326,20.0684,35.1045
2019-05-19 23-51-47,325,20.1019,35.1045
2019-05-19 23-51-49,326,20.1004,35.0618
2019-05-19 23-51-53,326,20.2423,35.0484
2019-05-19 23-51-55,326,20.224,35.0324
2019-05-19 23-51-57,326,20.3064,34.963
2019-05-19 23-51-59,326,20.3064,34.9763
2019-05-19 23-52-01,324,20.285,34.9363
2019-05-19 23-52-03,323,20.3751,34.9069
2019-05-19 23-52-05,323,20.3766,34.9363
2019-05-19 23-52-07,322,20.3568,34.9496
2019-05-19 23-52-11,322,20.3568,34.9496
2019-05-19 23-52-13,322,20.3354,34.9069
2019-05-19 23-52-15,323,20.4407,34.8508
2019-05-19 23-52-17,322,20.3903,34.8802
2019-05-19 23-52-19,322,20.4941,34.8802
2019-05-19 23-52-21,322,20.4941,34.8802
2019-05-19 23-52-23,321,20.4254,34.8936
2019-05-19 23-52-25,320,20.3354,34.8936
2019-05-19 23-52-29,321,20.3903,34.8936
2019-05-19 23-52-31,320,20.4758,34.8642
2019-05-19 23-52-33,320,20.4758,34.8642
2019-05-19 23-52-35,321,20.5124,34.8802
2019-05-19 23-52-37,321,20.4758,34.8508
2019-05-19 23-52-39,321,20.4727,34.8241
2019-05-19 23-52-41,321,20.491,34.8375
2019-05-19 23-52-43,321,20.4575,34.8508
2019-05-19 23-52-47,320,20.4224,34.8508
2019-05-19 23-52-49,321,20.4391,34.8375
2019-05-19 23-52-51,321,20.4071,34.8642
2019-05-19 23-52-53,321,20.462,34.9069
2019-05-19 23-52-55,320,20.5124,34.8936
2019-05-19 23-52-57,320,20.4086,34.9069
2019-05-19 23-52-59,320,20.3537,34.9203
2019-05-19 23-53-02,320,20.2347,34.9363
2019-05-19 23-53-06,321,20.253,34.9496
2019-05-19 23-53-08,321,20.2667,34.9203
2019-05-19 23-53-10,321,20.3217,34.9363
2019-05-19 23-53-12,322,20.4086,34.9069
2019-05-19 23-53-14,322,20.4269,34.9069
2019-05-19 23-53-16,322,20.459,34.8936
2019-05-19 23-53-18,323,20.459,34.8936
2019-05-19 23-53-20,322,20.491,34.8508
2019-05-19 23-53-24,323,20.5093,34.8642
2019-05-19 23-53-26,323,20.3888,34.8642
2019-05-19 23-53-28,322,20.4391,34.8375
2019-05-19 23-53-30,322,20.3888,34.8508
2019-05-19 23-53-32,322,20.4254,34.8802
2019-05-19 23-53-34,322,20.3888,34.8508
2019-05-19 23-53-36,322,20.5078,34.8241
2019-05-19 23-53-38,322,20.4224,34.8375
2019-05-19 23-53-42,322,20.3751,34.8936
2019-05-19 23-53-44,322,20.3201,34.9203
2019-05-19 23-53-46,322,20.2698,34.9496
2019-05-19 23-53-48,321,20.2713,34.9924
2019-05-19 23-53-50,321,20.2896,35.0057
2019-05-19 23-53-52,321,20.2942,35.0618
2019-05-19 23-53-54,322,20.2759,35.0484
2019-05-19 23-53-56,323,20.3842,35.0618
2019-05-19 23-54-00,323,20.3629,35.0618
2019-05-19 23-54-02,324,20.3857,35.0751
2019-05-19 23-54-04,324,20.3293,35.0751
2019-05-19 23-54-06,324,20.3491,35.1045
2019-05-19 23-54-08,324,20.3522,35.1472
2019-05-19 23-54-10,325,20.285,35.1873
2019-05-19 23-54-12,325,20.2698,35.2033
2019-05-19 23-54-16,325,20.1431,35.2167
2019-05-19 23-54-18,325,20.1477,35.2621
2019-05-19 23-54-20,325,20.0775,35.2621
2019-05-19 23-54-22,325,20.0592,35.2754
2019-05-19 23-54-24,325,20.0241,35.2754
2019-05-19 23-54-26,326,20.0241,35.2754
2019-05-19 23-54-28,327,20.0607,35.3182
2019-05-19 23-54-30,328,20.1157,35.3021
2019-05-19 23-54-34,327,20.0455,35.3315
2019-05-19 23-54-36,327,19.9951,35.3742
2019-05-19 23-54-38,329,20.0455,35.3315
2019-05-19 23-54-40,329,20.0241,35.3021
2019-05-19 23-54-42,331,19.9722,35.2754
2019-05-19 23-54-44,331,20.0958,35.2621
2019-05-19 23-54-46,331,20.1141,35.2621
2019-05-19 23-54-48,331,20.1462,35.246
2019-05-19 23-54-52,331,20.0775,35.2621
2019-05-19 23-54-54,332,20.0729,35.174
2019-05-19 23-54-56,331,20.1096,35.1873
2019-05-19 23-54-58,331,20.0912,35.1873
2019-05-19 23-55-00,331,20.1233,35.1606
2019-05-19 23-55-02,330,20.2103,35.1472
2019-05-19 23-55-04,330,20.2057,35.0751
2019-05-19 23-55-06,331,20.2927,35.0324
2019-05-19 23-55-10,330,20.2393,35.0191
2019-05-19 23-55-12,330,20.2209,35.0191
2019-05-19 23-55-14,329,20.2011,34.9924
2019-05-19 23-55-16,328,20.2194,34.9763
2019-05-19 23-55-18,327,20.2698,34.9363
2019-05-19 23-55-20,328,20.4086,34.8936
2019-05-19 23-55-22,328,20.459,34.8642
2019-05-19 23-55-24,328,20.5093,34.8375
2019-05-19 23-55-28,327,20.5307,34.8375
2019-05-19 23-55-30,327,20.5048,34.7948
2019-05-19 23-55-32,327,20.4346,34.7681
2019-05-19 23-55-34,326,20.4681,34.7494
2019-05-19 23-55-36,325,20.5414,34.7494
2019-05-19 23-55-38,325,20.5765,34.736
2019-05-19 23-55-40,325,20.6635,34.7227
2019-05-19 23-55-42,324,20.6451,34.7227
2019-05-19 23-55-46,323,20.6818,34.7227
2019-05-19 23-55-48,324,20.6787,34.6933
2019-05-19 23-55-50,323,20.6818,34.7093
2019-05-19 23-55-52,323,20.6818,34.7093
2019-05-19 23-55-54,322,20.6635,34.6933
2019-05-19 23-55-56,322,20.6085,34.7093
2019-05-19 23-55-58,321,20.5917,34.7227
2019-05-19 23-56-00,322,20.5872,34.6666
2019-05-19 23-56-04,321,20.6421,34.6933
2019-05-19 23-56-06,321,20.7001,34.7227
2019-05-19 23-56-08,321,20.7184,34.736
2019-05-19 23-56-10,320,20.7321,34.7093
2019-05-19 23-56-12,321,20.7794,34.6372
2019-05-19 23-56-14,321,20.7458,34.6532
2019-05-19 23-56-16,321,20.7642,34.6372
2019-05-19 23-56-20,321,20.8344,34.6239
2019-05-19 23-56-22,320,20.7977,34.6532
2019-05-19 23-56-24,320,20.7458,34.6532
2019-05-19 23-56-26,319,20.7611,34.6239
2019-05-19 23-56-28,319,20.6924,34.6239
2019-05-19 23-56-30,319,20.8511,34.6105
2019-05-19 23-56-32,320,20.8664,34.5945
2019-05-19 23-56-34,320,20.8694,34.6239
2019-05-19 23-56-38,320,20.816,34.6239
2019-05-19 23-56-40,320,20.7794,34.6239
2019-05-19 23-56-42,319,20.7825,34.6532
2019-05-19 23-56-44,319,20.816,34.6239
2019-05-19 23-56-46,319,20.8145,34.5945
2019-05-19 23-56-48,319,20.7458,34.6372
2019-05-19 23-56-50,319,20.6589,34.6239
2019-05-19 23-56-52,319,20.7596,34.5811
2019-05-19 23-56-56,319,20.8481,34.5678
2019-05-19 23-56-58,319,20.8649,34.5384
2019-05-19 23-57-00,319,20.8618,34.5251
2019-05-19 23-57-02,319,20.9671,34.4984
2019-05-19 23-57-04,319,20.8466,34.5384
2019-05-19 23-57-06,318,20.8115,34.5544
2019-05-19 23-57-08,318,20.8145,34.5945
2019-05-19 23-57-10,318,20.7275,34.6372
2019-05-19 23-57-14,317,20.5902,34.6799
2019-05-19 23-57-16,317,20.5582,34.7494
2019-05-19 23-57-18,316,20.5811,34.8375
2019-05-19 23-57-20,316,20.5643,34.8642
2019-05-19 23-57-22,317,20.5322,34.8802
2019-05-19 23-57-24,318,20.4758,34.8642
2019-05-19 23-57-26,318,20.5322,34.8802
2019-05-19 23-57-28,319,20.5856,34.8936
2019-05-19 23-57-32,319,20.5688,34.9363
2019-05-19 23-57-34,319,20.5002,34.9924
2019-05-19 23-57-36,319,20.3796,34.9924
2019-05-19 23-57-38,320,20.343,35.0057
2019-05-19 23-57-40,320,20.3445,35.0191
2019-05-19 23-57-42,320,20.2896,35.0057
2019-05-19 23-57-44,321,20.3079,35.0057
2019-05-19 23-57-48,322,20.4315,34.9924
2019-05-19 23-57-50,322,20.34,34.9496
2019-05-19 23-57-52,323,20.3217,34.9363
2019-05-19 23-57-54,323,20.4453,34.9203
2019-05-19 23-57-56,324,20.3537,34.8936
2019-05-19 23-57-58,324,20.4224,34.8642
2019-05-19 23-58-00,324,20.4575,34.8508
2019-05-19 23-58-02,325,20.4208,34.8081
2019-05-19 23-58-06,325,20.4895,34.8081
2019-05-19 23-58-08,325,20.5048,34.7948
2019-05-19 23-58-10,326,20.5261,34.7814
2019-05-19 23-58-12,326,20.5414,34.7681
2019-05-19 23-58-14,325,20.5582,34.736
2019-05-19 23-58-16,325,20.5231,34.7494
2019-05-19 23-58-18,326,20.4865,34.7681
2019-05-19 23-58-20,325,20.5444,34.7814
2019-05-19 23-58-24,325,20.4712,34.7948
2019-05-19 23-58-26,325,20.5627,34.8241
2019-05-19 23-58-28,325,20.5627,34.7948
2019-05-19 23-58-30,325,20.5261,34.7814
2019-05-19 23-58-32,325,20.5582,34.736
2019-05-19 23-58-34,326,20.6451,34.7227
2019-05-19 23-58-36,326,20.6787,34.6799
2019-05-19 23-58-39,327,20.6787,34.6799
2019-05-19 23-58-43,326,20.7138,34.6799
2019-05-19 23-58-45,327,20.7321,34.6799
2019-05-19 23-58-47,327,20.7611,34.6105
2019-05-19 23-58-49,327,20.7962,34.6239
2019-05-19 23-58-51,327,20.8328,34.5811
2019-05-19 23-58-53,327,20.8466,34.5251
2019-05-19 23-58-55,328,20.9488,34.5251
2019-05-19 23-58-57,327,20.9122,34.4823
2019-05-19 23-59-01,327,20.9473,34.4823
2019-05-19 23-59-03,325,20.9671,34.4823
2019-05-19 23-59-05,325,21.0892,34.4823
2019-05-19 23-59-07,325,21.1075,34.4556
2019-05-19 23-59-09,325,21.1075,34.4556
2019-05-19 23-59-11,325,21.0861,34.469
2019-05-19 23-59-13,324,21.0175,34.469
2019-05-19 23-59-17,324,20.9656,34.469
2019-05-19 23-59-19,324,21.0205,34.4984
2019-05-19 23-59-21,325,21.0388,34.4984
2019-05-19 23-59-23,324,20.9473,34.469
2019-05-19 23-59-25,324,21.0022,34.469
2019-05-19 23-59-27,324,21.0342,34.4556
2019-05-19 23-59-29,324,21.0526,34.4556
2019-05-19 23-59-31,324,21.0861,34.469
2019-05-19 23-59-35,323,21.0861,34.469
2019-05-19 23-59-37,324,21.0526,34.469
2019-05-19 23-59-39,324,21.0022,34.469
2019-05-19 23-59-41,323,20.9442,34.4556
2019-05-19 23-59-43,323,20.9442,34.4556
2019-05-19 23-59-45,324,20.929,34.4556
2019-05-19 23-59-47,323,20.9152,34.5117
2019-05-19 23-59-49,323,20.8145,34.5811
2019-05-19 23-59-53,323,20.8664,34.5945
2019-05-19 23-59-55,322,20.816,34.6105
2019-05-19 23-59-57,322,20.7611,34.6239
2019-05-19 23-59-59,323,20.8328,34.5811
