Time,#CO2,#Hum,#Temp
2019-06-02 01-00-02,462,21.9238,34.8642
2019-06-02 01-00-04,463,21.9635,34.8802
2019-06-02 01-00-06,463,21.9131,34.9069
2019-06-02 01-00-11,463,21.8414,34.9363
2019-06-02 01-00-13,463,21.7575,34.963
2019-06-02 01-00-15,463,21.6522,34.9763
2019-06-02 01-00-17,464,21.6354,34.9763
2019-06-02 01-00-19,463,21.6171,35.0057
2019-06-02 01-00-21,464,21.5836,34.9924
2019-06-02 01-00-23,464,21.6354,35.0057
2019-06-02 01-00-27,464,21.6385,34.9924
2019-06-02 01-00-29,464,21.6354,34.9069
2019-06-02 01-00-31,465,21.666,34.7948
2019-06-02 01-00-33,465,21.7819,34.7814
2019-06-02 01-00-35,465,21.8689,34.7093
2019-06-02 01-00-37,465,21.9543,34.7227
2019-06-02 01-00-39,465,22.0062,34.6933
2019-06-02 01-00-41,465,22.0596,34.6799
2019-06-02 01-00-45,464,22.0047,34.6799
2019-06-02 01-00-47,463,22.0596,34.7093
2019-06-02 01-00-49,463,21.9879,34.7093
2019-06-02 01-00-51,461,22.0062,34.7681
2019-06-02 01-00-53,460,21.9925,34.7681
2019-06-02 01-00-55,459,21.9589,34.7814
2019-06-02 01-00-57,458,21.9589,34.7681
2019-06-02 01-01-01,457,22.0093,34.7948
2019-06-02 01-01-03,454,21.8872,34.8241
2019-06-02 01-01-05,454,21.9269,34.8508
2019-06-02 01-01-07,452,21.8399,34.8802
2019-06-02 01-01-09,452,21.8048,34.9203
2019-06-02 01-01-11,453,21.7575,34.9496
2019-06-02 01-01-13,452,21.759,34.9763
2019-06-02 01-01-15,454,21.7392,34.9924
2019-06-02 01-01-19,454,21.6721,35.0057
2019-06-02 01-01-21,454,21.6202,35.0484
2019-06-02 01-01-23,454,21.5851,35.0618
2019-06-02 01-01-25,454,21.4981,35.0912
2019-06-02 01-01-27,454,21.5714,35.1472
2019-06-02 01-01-29,455,21.521,35.1606
2019-06-02 01-01-31,455,21.5057,35.1606
2019-06-02 01-01-33,456,21.489,35.2033
2019-06-02 01-01-37,455,21.5073,35.2167
2019-06-02 01-01-39,457,21.4752,35.2167
2019-06-02 01-01-41,457,21.3837,35.2327
2019-06-02 01-01-43,457,21.4371,35.2167
2019-06-02 01-01-45,457,21.4203,35.2621
2019-06-02 01-01-47,457,21.3699,35.2621
2019-06-02 01-01-49,457,21.3364,35.2754
2019-06-02 01-01-53,458,21.3699,35.2888
2019-06-02 01-01-55,459,21.2997,35.3021
2019-06-02 01-01-57,460,21.3196,35.2888
2019-06-02 01-01-59,461,21.2997,35.3182
2019-06-02 01-02-01,462,21.283,35.3182
2019-06-02 01-02-03,462,21.283,35.3449
2019-06-02 01-02-05,463,21.3226,35.3582
2019-06-02 01-02-07,463,21.199,35.3876
2019-06-02 01-02-11,463,21.254,35.3876
2019-06-02 01-02-13,462,21.2189,35.3742
2019-06-02 01-02-15,463,21.2875,35.3876
2019-06-02 01-02-17,463,21.254,35.3582
2019-06-02 01-02-19,463,21.2692,35.3876
2019-06-02 01-02-21,463,21.2357,35.4009
2019-06-02 01-02-23,463,21.2372,35.3876
2019-06-02 01-02-27,463,21.2189,35.4009
2019-06-02 01-02-29,462,21.2036,35.3582
2019-06-02 01-02-31,462,21.1823,35.3876
2019-06-02 01-02-33,462,21.2357,35.4143
2019-06-02 01-02-35,462,21.1853,35.3876
2019-06-02 01-02-37,462,21.1304,35.4143
2019-06-02 01-02-39,461,21.1685,35.3876
2019-06-02 01-02-41,462,21.2189,35.3876
2019-06-02 01-02-45,461,21.1456,35.3876
2019-06-02 01-02-47,462,21.1456,35.3876
2019-06-02 01-02-49,461,21.2006,35.3742
2019-06-02 01-02-51,461,21.2006,35.3742
2019-06-02 01-02-53,461,21.2006,35.3742
2019-06-02 01-02-55,460,21.1273,35.3876
2019-06-02 01-02-57,460,21.167,35.3742
2019-06-02 01-03-01,460,21.2173,35.4143
2019-06-02 01-03-03,459,21.1853,35.4009
2019-06-02 01-03-05,459,21.2036,35.4303
2019-06-02 01-03-07,459,21.2036,35.4437
2019-06-02 01-03-09,460,21.1716,35.457
2019-06-02 01-03-11,460,21.1899,35.4864
2019-06-02 01-03-13,460,21.0846,35.473
2019-06-02 01-03-15,458,21.048,35.4864
2019-06-02 01-03-19,458,21.0114,35.5131
2019-06-02 01-03-21,459,21.0342,35.4864
2019-06-02 01-03-23,458,20.9579,35.5425
2019-06-02 01-03-25,458,21.0129,35.5291
2019-06-02 01-03-27,458,20.9976,35.5425
2019-06-02 01-03-29,458,21.0526,35.5425
2019-06-02 01-03-31,458,21.0129,35.5291
2019-06-02 01-03-33,459,20.9442,35.5131
2019-06-02 01-03-37,460,20.961,35.5131
2019-06-02 01-03-39,460,21.0129,35.5558
2019-06-02 01-03-41,460,20.9625,35.5131
2019-06-02 01-03-43,459,20.9427,35.5131
2019-06-02 01-03-45,460,20.9259,35.4997
2019-06-02 01-03-47,460,21.0312,35.473
2019-06-02 01-03-49,460,21.0663,35.473
2019-06-02 01-03-53,459,21.0663,35.473
2019-06-02 01-03-55,458,21.1349,35.473
2019-06-02 01-03-57,458,21.1166,35.4437
2019-06-02 01-03-59,457,21.1716,35.4437
2019-06-02 01-04-01,457,21.1502,35.457
2019-06-02 01-04-03,456,21.1716,35.457
2019-06-02 01-04-05,455,21.1716,35.4437
2019-06-02 01-04-07,455,21.1716,35.457
2019-06-02 01-04-11,456,21.1502,35.457
2019-06-02 01-04-13,455,21.1716,35.4437
2019-06-02 01-04-15,455,21.1319,35.4997
2019-06-02 01-04-17,455,21.0846,35.4997
2019-06-02 01-04-19,454,21.0663,35.5131
2019-06-02 01-04-21,455,21.0129,35.4997
2019-06-02 01-04-23,455,21.0663,35.4864
2019-06-02 01-04-27,455,21.0846,35.5291
2019-06-02 01-04-29,455,21.0678,35.4997
2019-06-02 01-04-31,456,21.0663,35.473
2019-06-02 01-04-33,456,21.1349,35.473
2019-06-02 01-04-35,456,21.1349,35.457
2019-06-02 01-04-37,455,21.1166,35.457
2019-06-02 01-04-39,455,21.1502,35.473
2019-06-02 01-04-41,455,21.1166,35.457
2019-06-02 01-04-45,454,21.0815,35.473
2019-06-02 01-04-47,454,21.1533,35.457
2019-06-02 01-04-49,454,21.1502,35.4864
2019-06-02 01-04-51,454,21.0663,35.4864
2019-06-02 01-04-53,454,21.1731,35.4864
2019-06-02 01-04-55,454,21.0999,35.457
2019-06-02 01-04-57,454,21.0815,35.4864
2019-06-02 01-05-01,454,21.048,35.457
2019-06-02 01-05-03,454,21.0632,35.4437
2019-06-02 01-05-05,455,21.0983,35.3742
2019-06-02 01-05-07,455,21.1121,35.3742
2019-06-02 01-05-09,455,21.2173,35.3021
2019-06-02 01-05-11,454,21.2494,35.3021
2019-06-02 01-05-13,454,21.283,35.3021
2019-06-02 01-05-15,453,21.2646,35.2888
2019-06-02 01-05-19,453,21.2997,35.3021
2019-06-02 01-05-21,453,21.3379,35.3021
2019-06-02 01-05-23,453,21.283,35.2888
2019-06-02 01-05-25,453,21.2646,35.2754
2019-06-02 01-05-27,452,21.2997,35.246
2019-06-02 01-05-29,452,21.3699,35.2033
2019-06-02 01-05-31,451,21.3654,35.1606
2019-06-02 01-05-33,451,21.347,35.1472
2019-06-02 01-05-37,451,21.4325,35.174
2019-06-02 01-05-39,451,21.4523,35.174
2019-06-02 01-05-41,450,21.4706,35.1606
2019-06-02 01-05-43,450,21.3821,35.1606
2019-06-02 01-05-45,450,21.3821,35.174
2019-06-02 01-05-47,449,21.4157,35.1472
2019-06-02 01-05-49,449,21.4508,35.0751
2019-06-02 01-05-53,449,21.4462,35.0484
2019-06-02 01-05-55,450,21.4798,35.0484
2019-06-02 01-05-58,450,21.5515,35.0057
2019-06-02 01-06-00,450,21.5302,34.9363
2019-06-02 01-06-02,450,21.5942,34.9203
2019-06-02 01-06-04,450,21.6156,34.9069
2019-06-02 01-06-06,450,21.6309,34.8936
2019-06-02 01-06-08,449,21.6125,34.8802
2019-06-02 01-06-12,449,21.6995,34.8508
2019-06-02 01-06-14,449,21.7316,34.8642
2019-06-02 01-06-16,448,21.7163,34.8241
2019-06-02 01-06-18,448,21.8185,34.7948
2019-06-02 01-06-20,448,21.817,34.7814
2019-06-02 01-06-22,449,21.8353,34.7227
2019-06-02 01-06-24,449,21.8643,34.7093
2019-06-02 01-06-26,449,21.9009,34.6799
2019-06-02 01-06-30,450,21.9513,34.6666
2019-06-02 01-06-32,449,21.9177,34.6532
2019-06-02 01-06-34,449,21.9864,34.6372
2019-06-02 01-06-36,449,22.0016,34.6105
2019-06-02 01-06-38,449,22.0001,34.5945
2019-06-02 01-06-40,450,22.0886,34.5811
2019-06-02 01-06-42,450,22.0703,34.5544
2019-06-02 01-06-46,449,22.0505,34.5384
2019-06-02 01-06-48,449,22.084,34.4984
2019-06-02 01-06-50,449,22.1512,34.4984
2019-06-02 01-06-52,449,22.1512,34.4823
2019-06-02 01-06-54,449,22.1664,34.469
2019-06-02 01-06-56,448,22.1664,34.4423
2019-06-02 01-06-58,448,22.2198,34.4556
2019-06-02 01-07-00,448,22.2031,34.4263
2019-06-02 01-07-04,448,22.2702,34.3862
2019-06-02 01-07-06,447,22.2855,34.3996
2019-06-02 01-07-08,447,22.2855,34.3862
2019-06-02 01-07-10,447,22.2336,34.3702
2019-06-02 01-07-12,447,22.3389,34.3862
2019-06-02 01-07-14,447,22.3038,34.3702
2019-06-02 01-07-16,447,22.2336,34.3862
2019-06-02 01-07-18,446,22.3038,34.3141
2019-06-02 01-07-22,447,22.2626,34.3141
2019-06-02 01-07-24,447,22.3709,34.3301
2019-06-02 01-07-26,448,22.4075,34.3301
2019-06-02 01-07-28,447,22.3358,34.3568
2019-06-02 01-07-30,446,22.4075,34.3435
2019-06-02 01-07-32,446,22.4258,34.3301
2019-06-02 01-07-34,447,22.3709,34.3301
2019-06-02 01-07-36,447,22.4075,34.3141
2019-06-02 01-07-40,447,22.4228,34.2981
2019-06-02 01-07-42,447,22.3526,34.2847
2019-06-02 01-07-44,448,22.4396,34.242
2019-06-02 01-07-46,448,22.4533,34.242
2019-06-02 01-07-48,449,22.4182,34.2126
2019-06-02 01-07-50,449,22.4869,34.1993
2019-06-02 01-07-52,450,22.4503,34.242
2019-06-02 01-07-56,450,22.5082,34.1993
2019-06-02 01-07-58,450,22.4869,34.2126
2019-06-02 01-08-00,450,22.5052,34.2126
2019-06-02 01-08-02,450,22.4686,34.1993
2019-06-02 01-08-04,449,22.522,34.1859
2019-06-02 01-08-06,449,22.522,34.1859
2019-06-02 01-08-08,449,22.5555,34.1566
2019-06-02 01-08-10,449,22.5372,34.1726
2019-06-02 01-08-14,449,22.5372,34.1859
2019-06-02 01-08-16,448,22.6089,34.1726
2019-06-02 01-08-18,448,22.6059,34.1432
2019-06-02 01-08-20,448,22.5876,34.1566
2019-06-02 01-08-22,448,22.5723,34.1299
2019-06-02 01-08-24,448,22.6044,34.1566
2019-06-02 01-08-26,448,22.554,34.1299
2019-06-02 01-08-28,448,22.6044,34.1299
2019-06-02 01-08-32,448,22.6227,34.1432
2019-06-02 01-08-34,448,22.6044,34.1299
2019-06-02 01-08-36,448,22.641,34.1432
2019-06-02 01-08-38,448,22.6227,34.1566
2019-06-02 01-08-40,448,22.6425,34.1859
2019-06-02 01-08-42,448,22.6242,34.1566
2019-06-02 01-08-44,448,22.6059,34.1432
2019-06-02 01-08-48,448,22.6044,34.1432
2019-06-02 01-08-50,448,22.6425,34.1566
2019-06-02 01-08-52,448,22.6959,34.1165
2019-06-02 01-08-54,448,22.6593,34.1165
2019-06-02 01-08-56,448,22.6044,34.1165
2019-06-02 01-08-58,448,22.641,34.1165
2019-06-02 01-09-00,448,22.6593,34.0871
2019-06-02 01-09-02,449,22.6562,34.1005
2019-06-02 01-09-06,449,22.6913,34.0738
2019-06-02 01-09-08,449,22.7249,34.0604
2019-06-02 01-09-10,450,22.7234,34.0604
2019-06-02 01-09-12,450,22.673,34.0604
2019-06-02 01-09-14,451,22.7066,34.0738
2019-06-02 01-09-16,451,22.6379,34.0444
2019-06-02 01-09-18,451,22.6883,34.0444
2019-06-02 01-09-20,450,22.6883,34.0444
2019-06-02 01-09-24,450,22.7051,34.0604
2019-06-02 01-09-26,450,22.7966,34.0311
2019-06-02 01-09-28,450,22.7386,34.0444
2019-06-02 01-09-30,450,22.757,34.0311
2019-06-02 01-09-32,450,22.8119,34.0311
2019-06-02 01-09-34,450,22.7936,34.0177
2019-06-02 01-09-36,450,22.8287,33.9883
2019-06-02 01-09-40,451,22.7737,34.0043
2019-06-02 01-09-42,451,22.8104,33.9883
2019-06-02 01-09-44,451,22.879,33.975
2019-06-02 01-09-46,452,22.8607,33.9616
2019-06-02 01-09-48,452,22.876,33.9483
2019-06-02 01-09-50,452,22.8577,33.9616
2019-06-02 01-09-52,452,22.966,33.9189
2019-06-02 01-09-54,452,22.8561,33.9055
2019-06-02 01-09-58,452,22.9065,33.9055
2019-06-02 01-10-00,452,22.9263,33.8895
2019-06-02 01-10-02,453,22.9263,33.8762
2019-06-02 01-10-04,453,22.9034,33.8762
2019-06-02 01-10-06,453,23.0118,33.8895
2019-06-02 01-10-08,453,22.9614,33.8895
2019-06-02 01-10-10,453,22.9614,33.8762
2019-06-02 01-10-12,452,22.9767,33.8628
2019-06-02 01-10-16,452,22.8882,33.8495
2019-06-02 01-10-18,453,23.0087,33.8495
2019-06-02 01-10-20,454,22.9935,33.8628
2019-06-02 01-10-22,454,23.1003,33.8495
2019-06-02 01-10-24,454,23.0087,33.8041
2019-06-02 01-10-26,454,23.0408,33.8308
2019-06-02 01-10-28,454,23.0804,33.8041
2019-06-02 01-10-32,454,23.0408,33.8174
2019-06-02 01-10-34,454,23.114,33.8174
2019-06-02 01-10-36,454,23.114,33.8041
2019-06-02 01-10-38,454,23.0408,33.8041
2019-06-02 01-10-40,455,23.0255,33.8041
2019-06-02 01-10-42,455,23.0408,33.7747
2019-06-02 01-10-44,454,23.0576,33.7907
2019-06-02 01-10-46,454,23.0957,33.7747
2019-06-02 01-10-50,453,23.1461,33.7614
2019-06-02 01-10-52,453,23.1125,33.748
2019-06-02 01-10-54,453,23.0942,33.7614
2019-06-02 01-10-56,453,23.1461,33.748
2019-06-02 01-10-58,453,23.0759,33.7907
2019-06-02 01-11-00,454,23.1644,33.7614
2019-06-02 01-11-02,454,23.0576,33.7907
2019-06-02 01-11-04,454,23.0225,33.7747
2019-06-02 01-11-08,453,23.0392,33.7747
2019-06-02 01-11-10,453,23.0774,33.7907
2019-06-02 01-11-12,453,23.0576,33.7907
2019-06-02 01-11-14,453,23.0957,33.7907
2019-06-02 01-11-16,453,23.0576,33.8041
2019-06-02 01-11-18,453,23.0072,33.7907
2019-06-02 01-11-20,452,23.0576,33.8041
2019-06-02 01-11-24,452,23.0408,33.8495
2019-06-02 01-11-26,452,23.1003,33.8762
2019-06-02 01-11-28,452,23.0637,33.8895
2019-06-02 01-11-30,452,22.9767,33.8895
2019-06-02 01-11-32,452,22.9431,33.8895
2019-06-02 01-11-35,452,22.9431,33.9616
2019-06-02 01-11-37,451,22.9477,34.0311
2019-06-02 01-11-39,451,22.847,34.0871
2019-06-02 01-11-43,451,22.76,34.1432
2019-06-02 01-11-45,451,22.7112,34.1859
2019-06-02 01-11-47,451,22.6242,34.2287
2019-06-02 01-11-49,451,22.6288,34.2981
2019-06-02 01-11-51,451,22.4945,34.3435
2019-06-02 01-11-53,451,22.4762,34.4423
2019-06-02 01-11-55,451,22.3801,34.4984
2019-06-02 01-11-57,452,22.348,34.5384
2019-06-02 01-12-01,453,22.3679,34.5678
2019-06-02 01-12-03,454,22.3312,34.5544
2019-06-02 01-12-05,455,22.2626,34.5678
2019-06-02 01-12-07,456,22.2977,34.5945
2019-06-02 01-12-09,455,22.2305,34.6105
2019-06-02 01-12-11,455,22.197,34.6532
2019-06-02 01-12-13,456,22.0566,34.6799
2019-06-02 01-12-15,456,22.023,34.7093
2019-06-02 01-12-19,457,22.0062,34.7681
2019-06-02 01-12-21,457,21.9589,34.8375
2019-06-02 01-12-23,458,21.9452,34.8241
2019-06-02 01-12-25,460,21.9101,34.8375
2019-06-02 01-12-27,461,21.8216,34.8642
2019-06-02 01-12-29,463,21.8048,34.8802
2019-06-02 01-12-31,462,21.8048,34.8802
2019-06-02 01-12-35,464,21.7896,34.8936
2019-06-02 01-12-37,465,21.7896,34.8642
2019-06-02 01-12-39,465,21.8216,34.8375
2019-06-02 01-12-41,466,21.8903,34.8241
2019-06-02 01-12-43,468,21.8369,34.8081
2019-06-02 01-12-45,469,21.8872,34.7681
2019-06-02 01-12-47,470,21.8506,34.7814
2019-06-02 01-12-49,470,21.8506,34.7494
2019-06-02 01-12-53,471,21.9223,34.7494
2019-06-02 01-12-55,471,21.9559,34.736
2019-06-02 01-12-57,469,21.9727,34.7227
2019-06-02 01-12-59,468,22.0245,34.6799
2019-06-02 01-13-01,468,21.9864,34.6532
2019-06-02 01-13-03,466,21.9681,34.6666
2019-06-02 01-13-05,465,21.9681,34.6933
2019-06-02 01-13-07,464,21.9879,34.6666
2019-06-02 01-13-11,464,22.02,34.6666
2019-06-02 01-13-13,463,22.0596,34.6372
2019-06-02 01-13-15,463,22.0566,34.6532
2019-06-02 01-13-17,463,22.0016,34.6532
2019-06-02 01-13-19,463,22.0749,34.6372
2019-06-02 01-13-21,463,22.0734,34.5945
2019-06-02 01-13-23,463,22.0703,34.6239
2019-06-02 01-13-27,463,22.0184,34.6239
2019-06-02 01-13-29,461,22.0367,34.6239
2019-06-02 01-13-31,461,22.0734,34.5945
2019-06-02 01-13-33,461,22.1054,34.5945
2019-06-02 01-13-35,461,22.0703,34.5811
2019-06-02 01-13-37,461,22.052,34.5945
2019-06-02 01-13-39,460,22.0703,34.5678
2019-06-02 01-13-41,461,22.0322,34.5678
2019-06-02 01-13-45,461,22.0688,34.5678
2019-06-02 01-13-47,461,22.0139,34.5945
2019-06-02 01-13-49,461,22.0703,34.5384
2019-06-02 01-13-51,460,22.1191,34.5384
2019-06-02 01-13-53,461,22.1375,34.5384
2019-06-02 01-13-55,460,22.1527,34.5251
2019-06-02 01-13-57,460,22.171,34.5251
2019-06-02 01-13-59,460,22.171,34.4984
2019-06-02 01-14-03,460,22.1344,34.5117
2019-06-02 01-14-05,459,22.1893,34.5251
2019-06-02 01-14-07,459,22.0657,34.5251
2019-06-02 01-14-09,458,22.1008,34.5251
2019-06-02 01-14-11,458,22.1344,34.5384
2019-06-02 01-14-13,459,22.1527,34.5117
2019-06-02 01-14-15,459,22.1695,34.5117
2019-06-02 01-14-19,459,22.1344,34.4823
2019-06-02 01-14-21,459,22.2214,34.4423
2019-06-02 01-14-23,458,22.1649,34.4556
2019-06-02 01-14-25,458,22.1146,34.4556
2019-06-02 01-14-27,458,22.2382,34.4423
2019-06-02 01-14-29,459,22.3068,34.4423
2019-06-02 01-14-31,459,22.3251,34.3996
2019-06-02 01-14-33,458,22.3038,34.4129
2019-06-02 01-14-37,458,22.2885,34.3996
2019-06-02 01-14-39,457,22.3038,34.4129
2019-06-02 01-14-41,458,22.3434,34.3996
2019-06-02 01-14-43,458,22.2702,34.3702
2019-06-02 01-14-45,458,22.3206,34.3702
2019-06-02 01-14-47,457,22.3206,34.3568
2019-06-02 01-14-49,457,22.3389,34.3435
2019-06-02 01-14-53,456,22.3892,34.3301
2019-06-02 01-14-55,456,22.3709,34.3141
2019-06-02 01-14-57,456,22.4045,34.2687
2019-06-02 01-14-59,456,22.4365,34.2981
2019-06-02 01-15-01,456,22.4396,34.2981
2019-06-02 01-15-03,456,22.4045,34.2847
2019-06-02 01-15-05,455,22.4213,34.2554
2019-06-02 01-15-07,455,22.4533,34.2287
2019-06-02 01-15-11,455,22.4686,34.2287
2019-06-02 01-15-13,455,22.4686,34.1993
2019-06-02 01-15-15,455,22.522,34.1993
2019-06-02 01-15-17,455,22.5555,34.1859
2019-06-02 01-15-19,455,22.522,34.1859
2019-06-02 01-15-21,455,22.522,34.1566
2019-06-02 01-15-23,455,22.5876,34.1566
2019-06-02 01-15-25,455,22.6776,34.1432
2019-06-02 01-15-29,455,22.6227,34.1299
2019-06-02 01-15-31,454,22.641,34.1299
2019-06-02 01-15-33,454,22.7112,34.1299
2019-06-02 01-15-35,454,22.6593,34.1165
2019-06-02 01-15-37,454,22.6196,34.1299
2019-06-02 01-15-39,454,22.6593,34.1299
2019-06-02 01-15-41,454,22.6593,34.1566
2019-06-02 01-15-45,454,22.6776,34.1566
2019-06-02 01-15-47,455,22.6959,34.1165
2019-06-02 01-15-49,455,22.7463,34.1165
2019-06-02 01-15-51,455,22.6929,34.0871
2019-06-02 01-15-53,455,22.6913,34.0738
2019-06-02 01-15-55,455,22.6913,34.0444
2019-06-02 01-15-57,456,22.7234,34.0444
2019-06-02 01-15-59,455,22.757,34.0311
2019-06-02 01-16-03,455,22.7753,34.0043
2019-06-02 01-16-05,455,22.7203,34.0311
2019-06-02 01-16-07,455,22.7936,34.0444
2019-06-02 01-16-09,455,22.8302,34.0444
2019-06-02 01-16-11,455,22.8653,34.0311
2019-06-02 01-16-13,454,22.7936,34.0177
2019-06-02 01-16-15,454,22.8622,34.0043
2019-06-02 01-16-17,454,22.8439,33.9883
2019-06-02 01-16-21,455,22.8439,34.0043
2019-06-02 01-16-23,455,22.8439,34.0043
2019-06-02 01-16-25,455,22.8973,33.975
2019-06-02 01-16-27,454,22.876,34.0043
2019-06-02 01-16-29,455,22.8439,33.9616
2019-06-02 01-16-31,455,22.876,33.9483
2019-06-02 01-16-33,456,22.8745,33.9483
2019-06-02 01-16-37,456,22.8577,33.9483
2019-06-02 01-16-39,456,22.8577,33.9189
2019-06-02 01-16-41,456,22.908,33.9483
2019-06-02 01-16-43,456,22.8577,33.9323
2019-06-02 01-16-45,456,22.9477,33.9055
2019-06-02 01-16-47,456,22.9446,33.9055
2019-06-02 01-16-49,456,22.9446,33.8895
2019-06-02 01-16-51,457,22.9614,33.8895
2019-06-02 01-16-55,457,22.9431,33.8628
2019-06-02 01-16-57,457,23.027,33.8628
2019-06-02 01-16-59,457,22.9935,33.8762
2019-06-02 01-17-01,457,23.0118,33.8495
2019-06-02 01-17-03,457,23.0087,33.8308
2019-06-02 01-17-05,457,23.0438,33.8308
2019-06-02 01-17-07,456,23.0804,33.8041
2019-06-02 01-17-11,456,23.1308,33.8041
2019-06-02 01-17-13,456,23.0957,33.7907
2019-06-02 01-17-15,456,23.0957,33.7747
2019-06-02 01-17-17,456,23.0774,33.7614
2019-06-02 01-17-20,456,23.0942,33.7614
2019-06-02 01-17-22,456,23.0759,33.7614
2019-06-02 01-17-24,456,23.0759,33.748
2019-06-02 01-17-26,457,23.1094,33.7614
2019-06-02 01-17-30,457,23.1125,33.748
2019-06-02 01-17-32,457,23.1445,33.748
2019-06-02 01-17-34,457,23.1628,33.7614
2019-06-02 01-17-36,457,23.1125,33.748
2019-06-02 01-17-38,457,23.1277,33.7186
2019-06-02 01-17-40,457,23.1079,33.6919
2019-06-02 01-17-42,457,23.1583,33.7186
2019-06-02 01-17-44,457,23.1949,33.7186
2019-06-02 01-17-48,458,23.1781,33.6919
2019-06-02 01-17-50,457,23.2315,33.7346
2019-06-02 01-17-52,457,23.1628,33.748
2019-06-02 01-17-54,456,23.1445,33.7747
2019-06-02 01-17-56,456,23.1812,33.7614
2019-06-02 01-17-58,457,23.1277,33.7614
2019-06-02 01-18-00,457,23.1461,33.7747
2019-06-02 01-18-04,456,23.0942,33.7614
2019-06-02 01-18-06,457,23.1277,33.7907
2019-06-02 01-18-08,457,23.1308,33.8041
2019-06-02 01-18-10,457,23.0804,33.8041
2019-06-02 01-18-12,457,23.0591,33.8041
2019-06-02 01-18-14,457,23.0804,33.8308
2019-06-02 01-18-16,457,23.1171,33.8308
2019-06-02 01-18-18,457,23.0621,33.8495
2019-06-02 01-18-22,457,23.082,33.8308
2019-06-02 01-18-24,457,23.0988,33.8308
2019-06-02 01-18-26,458,23.0438,33.8308
2019-06-02 01-18-28,458,23.0438,33.8308
2019-06-02 01-18-30,458,23.0087,33.8495
2019-06-02 01-18-32,458,23.1506,33.8762
2019-06-02 01-18-34,459,23.085,33.8762
2019-06-02 01-18-36,459,23.0637,33.9189
2019-06-02 01-18-40,459,23.0499,33.9189
2019-06-02 01-18-42,460,22.9446,33.8762
2019-06-02 01-18-44,460,22.9248,33.8628
2019-06-02 01-18-46,461,22.9431,33.8762
2019-06-02 01-18-48,461,23.0301,33.8628
2019-06-02 01-18-50,461,22.9248,33.8495
2019-06-02 01-18-52,461,23.0087,33.8628
2019-06-02 01-18-56,461,23.0118,33.8308
2019-06-02 01-18-58,462,22.9401,33.8041
2019-06-02 01-19-00,462,23.0255,33.8308
2019-06-02 01-19-02,461,23.0804,33.8174
2019-06-02 01-19-04,462,23.0087,33.8308
2019-06-02 01-19-06,462,23.0438,33.8308
2019-06-02 01-19-08,462,23.0255,33.8041
2019-06-02 01-19-10,461,23.0804,33.8495
2019-06-02 01-19-14,460,23.1003,33.8308
2019-06-02 01-19-16,460,23.0804,33.8308
2019-06-02 01-19-18,460,23.0621,33.8495
2019-06-02 01-19-20,460,22.9935,33.8495
2019-06-02 01-19-22,460,23.0621,33.7907
2019-06-02 01-19-24,460,23.0225,33.7614
2019-06-02 01-19-26,460,23.0759,33.7747
2019-06-02 01-19-28,461,23.1308,33.7614
2019-06-02 01-19-32,460,23.1628,33.748
2019-06-02 01-19-34,460,23.1445,33.748
2019-06-02 01-19-36,461,23.1628,33.7346
2019-06-02 01-19-38,460,23.1445,33.7186
2019-06-02 01-19-40,460,23.1781,33.748
2019-06-02 01-19-42,460,23.1277,33.7346
2019-06-02 01-19-44,460,23.0911,33.748
2019-06-02 01-19-48,460,23.0942,33.7614
2019-06-02 01-19-50,460,23.1628,33.7186
2019-06-02 01-19-54,460,23.1079,33.7053
2019-06-02 01-19-56,460,23.2315,33.6919
2019-06-02 01-19-58,461,23.2315,33.7053
2019-06-02 01-20-00,461,23.1949,33.7186
2019-06-02 01-20-02,461,23.1949,33.6786
2019-06-02 01-20-06,460,23.1735,33.6919
2019-06-02 01-20-08,460,23.2101,33.6919
2019-06-02 01-20-10,460,23.3002,33.6786
2019-06-02 01-20-12,460,23.3002,33.6786
2019-06-02 01-20-14,460,23.2635,33.6625
2019-06-02 01-20-16,459,23.2452,33.6492
2019-06-02 01-20-18,459,23.2452,33.6919
2019-06-02 01-20-22,459,23.2315,33.6786
2019-06-02 01-20-24,459,23.2635,33.6919
2019-06-02 01-20-26,459,23.2468,33.6625
2019-06-02 01-20-28,459,23.2452,33.6919
2019-06-02 01-20-30,459,23.3002,33.6786
2019-06-02 01-20-32,459,23.1735,33.6492
2019-06-02 01-20-34,459,23.2452,33.6492
2019-06-02 01-20-36,459,23.2788,33.6492
2019-06-02 01-20-40,460,23.2971,33.6225
2019-06-02 01-20-42,460,23.2773,33.6225
2019-06-02 01-20-44,460,23.3658,33.5931
2019-06-02 01-20-46,460,23.3826,33.5798
2019-06-02 01-20-48,460,23.3826,33.5931
2019-06-02 01-20-50,460,23.3459,33.5664
2019-06-02 01-20-52,460,23.2742,33.5664
2019-06-02 01-20-54,460,23.3093,33.5798
2019-06-02 01-20-58,461,23.3429,33.5798
2019-06-02 01-21-00,460,23.4161,33.5798
2019-06-02 01-21-02,460,23.3643,33.5798
2019-06-02 01-21-04,460,23.4161,33.5931
2019-06-02 01-21-06,461,23.3459,33.5798
2019-06-02 01-21-08,461,23.4344,33.5931
2019-06-02 01-21-10,461,23.4161,33.5798
2019-06-02 01-21-14,461,23.3826,33.5504
2019-06-02 01-21-16,462,23.3414,33.5504
2019-06-02 01-21-18,462,23.4482,33.5504
2019-06-02 01-21-20,462,23.4146,33.5237
2019-06-02 01-21-22,462,23.4467,33.5237
2019-06-02 01-21-24,462,23.4116,33.537
2019-06-02 01-21-26,462,23.4833,33.537
2019-06-02 01-21-28,462,23.465,33.5237
2019-06-02 01-21-32,463,23.4985,33.5103
2019-06-02 01-21-34,463,23.4985,33.5103
2019-06-02 01-21-36,462,23.4985,33.5103
2019-06-02 01-21-38,462,23.5168,33.5103
2019-06-02 01-21-40,461,23.4802,33.5237
2019-06-02 01-21-42,461,23.465,33.4943
2019-06-02 01-21-44,461,23.4802,33.4676
2019-06-02 01-21-48,461,23.5336,33.481
2019-06-02 01-21-50,461,23.497,33.481
2019-06-02 01-21-52,461,23.5168,33.481
2019-06-02 01-21-54,461,23.5855,33.4516
2019-06-02 01-21-56,461,23.6176,33.4516
2019-06-02 01-21-58,461,23.5657,33.4676
2019-06-02 01-22-00,461,23.5489,33.4943
2019-06-02 01-22-02,460,23.5703,33.481
2019-06-02 01-22-06,460,23.5855,33.4676
2019-06-02 01-22-08,460,23.5672,33.4516
2019-06-02 01-22-10,460,23.5489,33.4676
2019-06-02 01-22-12,459,23.584,33.4516
2019-06-02 01-22-14,459,23.6176,33.4382
2019-06-02 01-22-16,460,23.5992,33.4382
2019-06-02 01-22-18,459,23.6526,33.4382
2019-06-02 01-22-20,459,23.584,33.4382
2019-06-02 01-22-24,459,23.584,33.4382
2019-06-02 01-22-26,459,23.5992,33.4382
2019-06-02 01-22-28,459,23.6176,33.4382
2019-06-02 01-22-30,459,23.584,33.4249
2019-06-02 01-22-32,459,23.6343,33.4382
2019-06-02 01-22-34,459,23.6176,33.4676
2019-06-02 01-22-36,459,23.6755,33.4676
2019-06-02 01-22-40,459,23.6542,33.4516
2019-06-02 01-22-42,458,23.6176,33.4516
2019-06-02 01-22-44,459,23.584,33.4516
2019-06-02 01-22-46,458,23.5306,33.4382
2019-06-02 01-22-48,458,23.5306,33.4676
2019-06-02 01-22-50,458,23.6206,33.4516
2019-06-02 01-22-52,458,23.6359,33.4249
2019-06-02 01-22-54,458,23.5809,33.4676
2019-06-02 01-22-59,458,23.584,33.4676
2019-06-02 01-23-01,458,23.6023,33.4382
2019-06-02 01-23-03,458,23.5992,33.4516
2019-06-02 01-23-05,458,23.6176,33.4382
2019-06-02 01-23-07,458,23.5992,33.4516
2019-06-02 01-23-09,458,23.6023,33.4676
2019-06-02 01-23-11,457,23.6542,33.4676
2019-06-02 01-23-15,458,23.6359,33.4382
2019-06-02 01-23-17,458,23.5306,33.4516
2019-06-02 01-23-19,458,23.6176,33.4382
2019-06-02 01-23-21,458,23.584,33.4382
2019-06-02 01-23-23,458,23.6343,33.4249
2019-06-02 01-23-25,458,23.6343,33.4249
2019-06-02 01-23-27,458,23.616,33.4249
2019-06-02 01-23-29,459,23.6343,33.3955
2019-06-02 01-23-33,459,23.613,33.4382
2019-06-02 01-23-35,457,23.6176,33.4115
2019-06-02 01-23-37,457,23.6862,33.3955
2019-06-02 01-23-39,457,23.6679,33.4249
2019-06-02 01-23-41,458,23.671,33.4115
2019-06-02 01-23-43,458,23.6496,33.3955
2019-06-02 01-23-45,458,23.6679,33.4115
2019-06-02 01-23-47,458,23.5977,33.4115
2019-06-02 01-23-51,458,23.5977,33.4115
2019-06-02 01-23-53,458,23.5809,33.4249
2019-06-02 01-23-55,458,23.6343,33.4516
2019-06-02 01-23-57,458,23.6725,33.4516
2019-06-02 01-23-59,457,23.7076,33.4382
2019-06-02 01-24-01,458,23.6526,33.4382
2019-06-02 01-24-03,457,23.6176,33.4676
2019-06-02 01-24-07,458,23.6359,33.4382
2019-06-02 01-24-09,458,23.5992,33.4676
2019-06-02 01-24-11,458,23.6206,33.481
2019-06-02 01-24-13,459,23.6206,33.4516
2019-06-02 01-24-15,459,23.5489,33.4676
2019-06-02 01-24-17,460,23.584,33.4516
2019-06-02 01-24-19,460,23.6725,33.4516
2019-06-02 01-24-21,460,23.5306,33.4676
2019-06-02 01-24-25,460,23.6023,33.4382
2019-06-02 01-24-27,460,23.5657,33.4676
2019-06-02 01-24-29,461,23.5489,33.4516
2019-06-02 01-24-31,461,23.6023,33.4516
2019-06-02 01-24-33,462,23.6023,33.4516
2019-06-02 01-24-35,462,23.5489,33.4382
2019-06-02 01-24-37,461,23.584,33.4676
2019-06-02 01-24-41,461,23.5672,33.4382
2019-06-02 01-24-43,461,23.5123,33.4516
2019-06-02 01-24-45,462,23.584,33.4382
2019-06-02 01-24-47,462,23.5657,33.4516
2019-06-02 01-24-49,461,23.6359,33.4382
2019-06-02 01-24-51,462,23.6176,33.4676
2019-06-02 01-24-53,463,23.6359,33.4382
2019-06-02 01-24-55,462,23.6526,33.481
2019-06-02 01-24-59,462,23.6389,33.4516
2019-06-02 01-25-01,462,23.6023,33.4382
2019-06-02 01-25-03,462,23.5306,33.4382
2019-06-02 01-25-05,462,23.5657,33.4115
2019-06-02 01-25-07,462,23.5809,33.4516
2019-06-02 01-25-09,461,23.6359,33.4516
2019-06-02 01-25-11,462,23.6359,33.4516
2019-06-02 01-25-15,462,23.5657,33.4382
2019-06-02 01-25-17,462,23.6893,33.4382
2019-06-02 01-25-19,462,23.584,33.4115
2019-06-02 01-25-21,462,23.5977,33.4115
2019-06-02 01-25-23,462,23.671,33.3955
2019-06-02 01-25-25,462,23.5977,33.3661
2019-06-02 01-25-27,462,23.613,33.3955
2019-06-02 01-25-29,462,23.6496,33.3661
2019-06-02 01-25-33,462,23.6481,33.3795
2019-06-02 01-25-35,462,23.6481,33.3661
2019-06-02 01-25-37,462,23.703,33.4115
2019-06-02 01-25-39,462,23.6496,33.3955
2019-06-02 01-25-41,462,23.7045,33.4115
2019-06-02 01-25-43,462,23.7045,33.4382
2019-06-02 01-25-45,461,23.6725,33.4249
2019-06-02 01-25-47,462,23.6893,33.4516
2019-06-02 01-25-51,462,23.6023,33.4676
2019-06-02 01-25-53,461,23.5489,33.4943
2019-06-02 01-25-55,460,23.4619,33.6225
2019-06-02 01-25-57,460,23.4528,33.6786
2019-06-02 01-25-59,459,23.3002,33.7346
2019-06-02 01-26-01,460,23.2513,33.7614
2019-06-02 01-26-03,460,23.1964,33.7747
2019-06-02 01-26-07,460,23.3063,33.8174
2019-06-02 01-26-09,461,23.2407,33.8174
2019-06-02 01-26-11,460,23.2559,33.8174
2019-06-02 01-26-13,461,23.1323,33.8495
2019-06-02 01-26-15,461,23.082,33.8308
2019-06-02 01-26-17,461,23.0621,33.8495
2019-06-02 01-26-19,461,22.9752,33.8495
2019-06-02 01-26-21,460,23.027,33.8174
2019-06-02 01-26-25,460,23.0438,33.8628
2019-06-02 01-26-27,461,23.0453,33.8308
2019-06-02 01-26-29,460,23.0255,33.8495
2019-06-02 01-26-31,461,22.9584,33.8628
2019-06-02 01-26-33,461,23.1003,33.8628
2019-06-02 01-26-35,461,23.0637,33.8762
2019-06-02 01-26-37,461,23.0637,33.8895
2019-06-02 01-26-41,461,23.0484,33.8495
2019-06-02 01-26-43,462,23.082,33.8308
2019-06-02 01-26-45,462,23.0804,33.8308
2019-06-02 01-26-47,463,23.0804,33.8041
2019-06-02 01-26-49,463,23.0255,33.8308
2019-06-02 01-26-51,464,23.0804,33.8041
2019-06-02 01-26-53,464,23.0408,33.7747
2019-06-02 01-26-55,464,23.1308,33.7614
2019-06-02 01-26-59,464,23.1461,33.748
2019-06-02 01-27-01,464,23.1277,33.7614
2019-06-02 01-27-03,465,23.1628,33.748
2019-06-02 01-27-05,464,23.2147,33.7614
2019-06-02 01-27-07,464,23.1812,33.7614
2019-06-02 01-27-09,464,23.2361,33.7614
2019-06-02 01-27-11,464,23.1628,33.7907
2019-06-02 01-27-13,463,23.1827,33.8041
2019-06-02 01-27-17,462,23.1308,33.8308
2019-06-02 01-27-19,462,23.1171,33.8308
2019-06-02 01-27-21,463,23.1506,33.8174
2019-06-02 01-27-23,463,23.0988,33.8174
2019-06-02 01-27-25,463,23.1491,33.7747
2019-06-02 01-27-27,463,23.1644,33.8041
2019-06-02 01-27-29,463,23.0957,33.7614
2019-06-02 01-27-33,463,23.1628,33.7614
2019-06-02 01-27-35,461,23.1461,33.7747
2019-06-02 01-27-37,461,23.1644,33.748
2019-06-02 01-27-39,461,23.1781,33.7614
2019-06-02 01-27-41,460,23.2361,33.7907
2019-06-02 01-27-43,459,23.1491,33.7747
2019-06-02 01-27-45,460,23.1812,33.7907
2019-06-02 01-27-47,460,23.1491,33.8041
2019-06-02 01-27-51,461,23.114,33.7907
2019-06-02 01-27-53,461,23.1644,33.7907
2019-06-02 01-27-55,461,23.1491,33.7614
2019-06-02 01-27-57,461,23.1628,33.7747
2019-06-02 01-27-59,460,23.2147,33.748
2019-06-02 01-28-01,460,23.1964,33.7614
2019-06-02 01-28-03,460,23.2361,33.7907
2019-06-02 01-28-07,459,23.1995,33.7907
2019-06-02 01-28-09,460,23.1995,33.8308
2019-06-02 01-28-11,460,23.1857,33.7907
2019-06-02 01-28-13,460,23.1827,33.7907
2019-06-02 01-28-15,460,23.1491,33.7907
2019-06-02 01-28-17,461,23.1644,33.748
2019-06-02 01-28-19,462,23.1277,33.7346
2019-06-02 01-28-21,462,23.1964,33.7346
2019-06-02 01-28-25,463,23.1964,33.7346
2019-06-02 01-28-27,463,23.1964,33.7346
2019-06-02 01-28-29,464,23.2513,33.7614
2019-06-02 01-28-31,464,23.2361,33.7053
2019-06-02 01-28-33,464,23.2834,33.7186
2019-06-02 01-28-35,464,23.2834,33.6919
2019-06-02 01-28-37,464,23.3002,33.748
2019-06-02 01-28-41,464,23.2697,33.7346
2019-06-02 01-28-43,464,23.2513,33.7186
2019-06-02 01-28-45,463,23.233,33.7053
2019-06-02 01-28-47,463,23.2498,33.7053
2019-06-02 01-28-49,463,23.2651,33.6786
2019-06-02 01-28-51,464,23.2635,33.6786
2019-06-02 01-28-53,464,23.3337,33.6625
2019-06-02 01-28-55,464,23.3154,33.6625
2019-06-02 01-28-59,464,23.2452,33.6492
2019-06-02 01-29-01,464,23.3139,33.6225
2019-06-02 01-29-03,464,23.2956,33.6225
2019-06-02 01-29-06,464,23.3841,33.6358
2019-06-02 01-29-08,464,23.3688,33.6065
2019-06-02 01-29-10,464,23.4009,33.6065
2019-06-02 01-29-12,464,23.4192,33.5798
2019-06-02 01-29-14,464,23.3978,33.5798
2019-06-02 01-29-18,465,23.4344,33.5931
2019-06-02 01-29-20,465,23.3826,33.5504
2019-06-02 01-29-22,465,23.3612,33.5664
2019-06-02 01-29-24,465,23.4329,33.5664
2019-06-02 01-29-26,466,23.4665,33.5504
2019-06-02 01-29-28,465,23.5214,33.5504
2019-06-02 01-29-30,465,23.4146,33.5504
2019-06-02 01-29-34,464,23.4833,33.537
2019-06-02 01-29-36,464,23.465,33.5504
2019-06-02 01-29-38,463,23.4833,33.537
2019-06-02 01-29-40,463,23.4299,33.5504
2019-06-02 01-29-42,462,23.5016,33.5504
2019-06-02 01-29-44,462,23.4833,33.5504
2019-06-02 01-29-46,462,23.4329,33.5664
2019-06-02 01-29-48,462,23.5016,33.5504
2019-06-02 01-29-52,462,23.3795,33.5504
2019-06-02 01-29-54,461,23.4833,33.5798
2019-06-02 01-29-56,461,23.4512,33.5798
2019-06-02 01-29-58,461,23.4695,33.5664
2019-06-02 01-30-00,461,23.3978,33.5664
2019-06-02 01-30-02,460,23.3643,33.5798
2019-06-02 01-30-04,460,23.3643,33.5798
2019-06-02 01-30-08,460,23.3978,33.5931
2019-06-02 01-30-10,460,23.4512,33.5798
2019-06-02 01-30-12,460,23.4161,33.5798
2019-06-02 01-30-14,460,23.4848,33.5798
2019-06-02 01-30-16,460,23.4512,33.5504
2019-06-02 01-30-18,460,23.4482,33.5798
2019-06-02 01-30-20,461,23.4512,33.5504
2019-06-02 01-30-22,461,23.5214,33.5664
2019-06-02 01-30-26,461,23.4512,33.5664
2019-06-02 01-30-28,461,23.4665,33.5931
2019-06-02 01-30-30,460,23.4009,33.5504
2019-06-02 01-30-32,460,23.4329,33.537
2019-06-02 01-30-34,460,23.4985,33.537
2019-06-02 01-30-36,460,23.4985,33.5504
2019-06-02 01-30-38,461,23.4665,33.5664
2019-06-02 01-30-40,461,23.4329,33.5504
2019-06-02 01-30-44,461,23.4482,33.5504
2019-06-02 01-30-46,461,23.4665,33.5664
2019-06-02 01-30-48,461,23.5214,33.537
2019-06-02 01-30-50,461,23.4985,33.5664
2019-06-02 01-30-52,462,23.4512,33.5664
2019-06-02 01-30-54,462,23.4329,33.5504
2019-06-02 01-30-56,462,23.5016,33.5664
2019-06-02 01-31-00,463,23.4665,33.5798
2019-06-02 01-31-02,463,23.4695,33.5931
2019-06-02 01-31-04,462,23.4344,33.5798
2019-06-02 01-31-06,462,23.4344,33.5931
2019-06-02 01-31-08,462,23.3826,33.6065
2019-06-02 01-31-10,461,23.3459,33.6065
2019-06-02 01-31-12,461,23.3459,33.5931
2019-06-02 01-31-14,461,23.4344,33.6065
2019-06-02 01-31-18,462,23.4009,33.6225
2019-06-02 01-31-20,462,23.4192,33.6225
2019-06-02 01-31-22,462,23.4711,33.5798
2019-06-02 01-31-24,462,23.4695,33.5798
2019-06-02 01-31-26,462,23.4695,33.5664
2019-06-02 01-31-28,462,23.4848,33.5504
2019-06-02 01-31-30,462,23.4833,33.5798
2019-06-02 01-31-34,462,23.4512,33.5504
2019-06-02 01-31-36,463,23.4329,33.5504
2019-06-02 01-31-38,462,23.5016,33.5798
2019-06-02 01-31-40,462,23.5397,33.5798
2019-06-02 01-31-42,462,23.4695,33.6492
2019-06-02 01-31-44,461,23.4894,33.7346
2019-06-02 01-31-46,461,23.3917,33.7747
2019-06-02 01-31-48,461,23.3231,33.7747
2019-06-02 01-31-52,460,23.2361,33.7907
2019-06-02 01-31-54,460,23.2376,33.748
2019-06-02 01-31-56,461,23.2147,33.748
2019-06-02 01-31-58,461,23.2697,33.7346
2019-06-02 01-32-00,461,23.2132,33.7747
2019-06-02 01-32-02,461,23.2544,33.7907
2019-06-02 01-32-04,461,23.2727,33.8041
2019-06-02 01-32-06,461,23.2559,33.7907
2019-06-02 01-32-10,461,23.1995,33.7907
2019-06-02 01-32-12,461,23.1827,33.748
2019-06-02 01-32-14,461,23.2147,33.7614
2019-06-02 01-32-16,461,23.1964,33.8041
2019-06-02 01-32-18,461,23.2178,33.7747
2019-06-02 01-32-20,461,23.2361,33.7747
2019-06-02 01-32-22,461,23.1995,33.7907
2019-06-02 01-32-26,460,23.1644,33.7747
2019-06-02 01-32-28,460,23.1644,33.7747
2019-06-02 01-32-30,460,23.1461,33.8174
2019-06-02 01-32-32,460,23.1674,33.8628
2019-06-02 01-32-34,460,23.082,33.8895
2019-06-02 01-32-36,460,23.085,33.8895
2019-06-02 01-32-38,461,23.0133,33.9055
2019-06-02 01-32-40,461,23.0133,33.8762
2019-06-02 01-32-44,461,22.995,33.8495
2019-06-02 01-32-46,461,23.0621,33.8041
2019-06-02 01-32-48,461,23.0804,33.8041
2019-06-02 01-32-50,461,23.0957,33.7747
2019-06-02 01-32-52,462,23.1812,33.7614
2019-06-02 01-32-54,462,23.1812,33.7346
2019-06-02 01-32-56,463,23.233,33.7346
2019-06-02 01-33-00,463,23.1781,33.7186
2019-06-02 01-33-02,463,23.2498,33.7053
2019-06-02 01-33-04,462,23.2315,33.7053
2019-06-02 01-33-06,463,23.2498,33.7186
2019-06-02 01-33-08,463,23.1598,33.6919
2019-06-02 01-33-10,463,23.2101,33.7186
2019-06-02 01-33-12,462,23.2498,33.7186
2019-06-02 01-33-14,462,23.2681,33.7053
2019-06-02 01-33-18,461,23.2834,33.7186
2019-06-02 01-33-20,460,23.3017,33.7614
2019-06-02 01-33-22,460,23.3383,33.7907
2019-06-02 01-33-24,460,23.2376,33.8041
2019-06-02 01-33-26,459,23.2178,33.8308
2019-06-02 01-33-28,460,23.1674,33.8495
2019-06-02 01-33-30,460,23.204,33.8174
2019-06-02 01-33-34,460,23.1674,33.8174
2019-06-02 01-33-36,460,23.1857,33.8174
2019-06-02 01-33-38,460,23.1491,33.8041
2019-06-02 01-33-40,460,23.114,33.7907
2019-06-02 01-33-42,460,23.0957,33.7907
2019-06-02 01-33-44,460,23.1491,33.7614
2019-06-02 01-33-46,460,23.1964,33.7614
2019-06-02 01-33-48,461,23.2147,33.748
2019-06-02 01-33-52,461,23.1964,33.7186
2019-06-02 01-33-54,461,23.2681,33.7186
2019-06-02 01-33-56,461,23.3017,33.7186
2019-06-02 01-33-58,461,23.233,33.7186
2019-06-02 01-34-00,460,23.2498,33.6625
2019-06-02 01-34-02,460,23.2971,33.6358
2019-06-02 01-34-04,460,23.2788,33.6358
2019-06-02 01-34-06,460,23.3688,33.6065
2019-06-02 01-34-10,461,23.3658,33.6225
2019-06-02 01-34-12,461,23.4192,33.6065
2019-06-02 01-34-14,461,23.4528,33.6065
2019-06-02 01-34-16,461,23.4344,33.5931
2019-06-02 01-34-18,460,23.4344,33.5931
2019-06-02 01-34-20,460,23.4512,33.6065
2019-06-02 01-34-22,460,23.4344,33.6225
2019-06-02 01-34-26,460,23.3658,33.5931
2019-06-02 01-34-28,460,23.3658,33.6225
2019-06-02 01-34-30,460,23.3475,33.6065
2019-06-02 01-34-32,459,23.4192,33.6065
2019-06-02 01-34-34,459,23.3459,33.5798
2019-06-02 01-34-36,459,23.4512,33.5798
2019-06-02 01-34-38,459,23.3978,33.5931
2019-06-02 01-34-40,459,23.3459,33.5664
2019-06-02 01-34-44,459,23.4161,33.5798
2019-06-02 01-34-46,460,23.4161,33.537
2019-06-02 01-34-48,460,23.4833,33.5237
2019-06-02 01-34-51,460,23.5199,33.5504
2019-06-02 01-34-53,460,23.5565,33.5237
2019-06-02 01-34-55,460,23.4802,33.537
2019-06-02 01-34-57,460,23.5535,33.5103
2019-06-02 01-35-01,460,23.5703,33.5237
2019-06-02 01-35-03,460,23.4802,33.5103
2019-06-02 01-35-05,460,23.5352,33.5103
2019-06-02 01-35-07,461,23.6038,33.5103
2019-06-02 01-35-09,460,23.5352,33.4943
2019-06-02 01-35-11,460,23.5703,33.4676
2019-06-02 01-35-13,461,23.6023,33.481
2019-06-02 01-35-15,461,23.6023,33.4676
2019-06-02 01-35-19,461,23.6023,33.4676
2019-06-02 01-35-21,461,23.5336,33.4943
2019-06-02 01-35-23,461,23.6038,33.4516
2019-06-02 01-35-25,461,23.6176,33.4943
2019-06-02 01-35-27,460,23.5855,33.4676
2019-06-02 01-35-29,460,23.6206,33.5103
2019-06-02 01-35-31,460,23.6038,33.5237
2019-06-02 01-35-35,459,23.6069,33.537
2019-06-02 01-35-37,459,23.5535,33.5237
2019-06-02 01-35-39,459,23.5718,33.5237
2019-06-02 01-35-41,459,23.5199,33.5103
2019-06-02 01-35-43,460,23.6572,33.5103
2019-06-02 01-35-45,460,23.5703,33.5237
2019-06-02 01-35-47,460,23.5535,33.537
2019-06-02 01-35-49,460,23.5199,33.5103
2019-06-02 01-35-53,459,23.5886,33.537
2019-06-02 01-35-55,459,23.5382,33.5237
2019-06-02 01-35-57,459,23.4985,33.5237
2019-06-02 01-35-59,459,23.5352,33.5103
2019-06-02 01-36-01,459,23.5535,33.5237
2019-06-02 01-36-03,460,23.5886,33.5103
2019-06-02 01-36-05,460,23.5703,33.5103
2019-06-02 01-36-07,460,23.5886,33.5103
2019-06-02 01-36-11,460,23.5352,33.4943
2019-06-02 01-36-13,460,23.5168,33.481
2019-06-02 01-36-15,460,23.5336,33.5103
2019-06-02 01-36-17,459,23.5703,33.481
2019-06-02 01-36-19,459,23.5168,33.5237
2019-06-02 01-36-21,459,23.5718,33.537
2019-06-02 01-36-23,458,23.5901,33.537
2019-06-02 01-36-27,458,23.5382,33.5237
2019-06-02 01-36-29,458,23.4802,33.537
2019-06-02 01-36-31,459,23.465,33.5103
2019-06-02 01-36-33,459,23.5168,33.5103
2019-06-02 01-36-35,460,23.5168,33.537
2019-06-02 01-36-37,460,23.5718,33.5103
2019-06-02 01-36-39,460,23.5886,33.5103
2019-06-02 01-36-41,460,23.5352,33.5237
2019-06-02 01-36-45,461,23.4802,33.5103
2019-06-02 01-36-47,461,23.5703,33.5237
2019-06-02 01-36-49,460,23.4985,33.5237
2019-06-02 01-36-51,459,23.5199,33.537
2019-06-02 01-36-53,459,23.5382,33.5103
2019-06-02 01-36-55,460,23.4985,33.5103
2019-06-02 01-36-57,460,23.5168,33.4943
2019-06-02 01-37-01,460,23.5168,33.481
2019-06-02 01-37-03,461,23.5672,33.4943
2019-06-02 01-37-05,462,23.6038,33.4676
2019-06-02 01-37-07,462,23.6023,33.481
2019-06-02 01-37-09,462,23.6023,33.4676
2019-06-02 01-37-11,463,23.6023,33.4676
2019-06-02 01-37-13,463,23.6359,33.4676
2019-06-02 01-37-15,462,23.6359,33.4516
2019-06-02 01-37-19,461,23.6359,33.4676
2019-06-02 01-37-21,461,23.6023,33.4676
2019-06-02 01-37-23,461,23.6206,33.4676
2019-06-02 01-37-25,461,23.6908,33.4382
2019-06-02 01-37-27,461,23.6526,33.4249
2019-06-02 01-37-29,463,23.7045,33.4382
2019-06-02 01-37-31,463,23.6343,33.4382
2019-06-02 01-37-33,463,23.7411,33.4516
2019-06-02 01-37-37,464,23.6725,33.4382
2019-06-02 01-37-39,463,23.6893,33.4676
2019-06-02 01-37-41,463,23.7259,33.481
2019-06-02 01-37-43,462,23.6389,33.481
2019-06-02 01-37-45,462,23.6389,33.4676
2019-06-02 01-37-47,462,23.6206,33.4676
2019-06-02 01-37-49,461,23.6206,33.4676
2019-06-02 01-37-53,461,23.6542,33.4676
2019-06-02 01-37-55,461,23.6908,33.4516
2019-06-02 01-37-57,462,23.6725,33.4382
2019-06-02 01-37-59,462,23.7228,33.4516
2019-06-02 01-38-01,462,23.7076,33.4516
2019-06-02 01-38-03,462,23.6725,33.4249
2019-06-02 01-38-05,462,23.671,33.4249
2019-06-02 01-38-07,462,23.6496,33.4249
2019-06-02 01-38-11,462,23.7045,33.4249
2019-06-02 01-38-13,463,23.6343,33.4115
2019-06-02 01-38-15,462,23.6496,33.4249
2019-06-02 01-38-17,462,23.7045,33.4249
2019-06-02 01-38-19,462,23.7411,33.4115
2019-06-02 01-38-21,461,23.7228,33.3955
2019-06-02 01-38-23,461,23.7396,33.3795
2019-06-02 01-38-27,461,23.8449,33.3955
2019-06-02 01-38-29,462,23.7732,33.3528
2019-06-02 01-38-31,462,23.735,33.3795
2019-06-02 01-38-33,462,23.79,33.3955
2019-06-02 01-38-35,462,23.8449,33.3528
2019-06-02 01-38-37,462,23.7717,33.3661
2019-06-02 01-38-39,463,23.8052,33.3368
2019-06-02 01-38-41,462,23.7534,33.3661
2019-06-02 01-38-45,462,23.7534,33.3368
2019-06-02 01-38-47,462,23.7869,33.3528
2019-06-02 01-38-49,462,23.8602,33.3795
2019-06-02 01-38-51,462,23.8632,33.3528
2019-06-02 01-38-53,462,23.8602,33.3528
2019-06-02 01-38-55,462,23.8602,33.3101
2019-06-02 01-38-57,462,23.822,33.3234
2019-06-02 01-38-59,463,23.8922,33.3234
2019-06-02 01-39-03,463,23.9105,33.3368
2019-06-02 01-39-05,463,23.8586,33.3101
2019-06-02 01-39-07,463,23.822,33.3368
2019-06-02 01-39-09,463,23.8419,33.3368
2019-06-02 01-39-11,462,23.8419,33.3234
2019-06-02 01-39-13,462,23.7854,33.3528
2019-06-02 01-39-15,462,23.8052,33.3528
2019-06-02 01-39-19,461,23.7717,33.3528
2019-06-02 01-39-21,461,23.7869,33.3528
2019-06-02 01-39-23,462,23.7717,33.3368
2019-06-02 01-39-25,462,23.8235,33.3368
2019-06-02 01-39-27,462,23.7686,33.3101
2019-06-02 01-39-29,462,23.7854,33.3528
2019-06-02 01-39-31,463,23.7869,33.3368
2019-06-02 01-39-33,463,23.7869,33.3661
2019-06-02 01-39-37,462,23.8449,33.3795
2019-06-02 01-39-39,462,23.8083,33.3661
2019-06-02 01-39-41,462,23.7717,33.3528
2019-06-02 01-39-43,462,23.7869,33.3661
2019-06-02 01-39-45,462,23.8052,33.3528
2019-06-02 01-39-47,462,23.8419,33.3528
2019-06-02 01-39-49,463,23.7534,33.3661
2019-06-02 01-39-51,463,23.8449,33.3368
2019-06-02 01-39-55,464,23.8586,33.3528
2019-06-02 01-39-57,464,23.8419,33.3234
2019-06-02 01-39-59,464,23.8586,33.3101
2019-06-02 01-40-01,465,23.8739,33.3101
2019-06-02 01-40-03,465,23.8922,33.3101
2019-06-02 01-40-05,465,23.8922,33.2967
2019-06-02 01-40-07,465,23.8739,33.3101
2019-06-02 01-40-11,464,23.8739,33.3101
2019-06-02 01-40-13,464,23.8922,33.2967
2019-06-02 01-40-15,464,23.8739,33.3101
2019-06-02 01-40-17,464,23.909,33.3368
2019-06-02 01-40-19,463,23.877,33.3368
2019-06-02 01-40-21,463,23.8586,33.3234
2019-06-02 01-40-23,463,23.9105,33.2967
2019-06-02 01-40-25,463,23.9243,33.2967
2019-06-02 01-40-29,463,23.9639,33.2807
2019-06-02 01-40-31,463,23.941,33.2673
2019-06-02 01-40-33,464,23.9059,33.2967
2019-06-02 01-40-36,464,23.9426,33.2967
2019-06-02 01-40-38,464,23.8907,33.2807
2019-06-02 01-40-40,464,23.8907,33.2673
2019-06-02 01-40-42,464,23.8876,33.2967
2019-06-02 01-40-46,464,23.909,33.254
2019-06-02 01-40-48,464,23.9227,33.2807
2019-06-02 01-40-50,464,23.9609,33.2673
2019-06-02 01-40-52,464,23.941,33.2807
2019-06-02 01-40-54,464,23.941,33.2673
2019-06-02 01-40-56,464,23.996,33.2967
2019-06-02 01-40-58,464,24.0326,33.2807
2019-06-02 01-41-00,464,24.0479,33.2673
2019-06-02 01-41-04,464,23.9777,33.2406
2019-06-02 01-41-06,464,23.938,33.2673
2019-06-02 01-41-08,464,23.9777,33.2406
2019-06-02 01-41-10,464,23.9777,33.2406
2019-06-02 01-41-12,464,23.938,33.2246
2019-06-02 01-41-14,464,24.028,33.2246
2019-06-02 01-41-16,464,24.0433,33.254
2019-06-02 01-41-18,464,23.9227,33.254
2019-06-02 01-41-22,463,23.9594,33.254
2019-06-02 01-41-24,463,24.0112,33.254
2019-06-02 01-41-26,464,23.9227,33.254
2019-06-02 01-41-28,463,23.9227,33.2807
2019-06-02 01-41-30,463,23.9243,33.2673
2019-06-02 01-41-32,463,23.9059,33.2807
2019-06-02 01-41-34,463,23.9609,33.2673
2019-06-02 01-41-38,463,23.9227,33.2673
2019-06-02 01-41-40,464,23.8876,33.2673
2019-06-02 01-41-42,464,23.9227,33.2673
2019-06-02 01-41-44,464,23.9227,33.2673
2019-06-02 01-41-46,464,23.996,33.254
2019-06-02 01-41-48,465,23.9777,33.2406
2019-06-02 01-41-50,465,23.9594,33.2673
2019-06-02 01-41-52,464,23.9227,33.2967
2019-06-02 01-41-56,464,23.9639,33.2807
2019-06-02 01-41-58,464,23.9243,33.3101
2019-06-02 01-42-00,464,23.9273,33.2967
2019-06-02 01-42-02,464,23.9792,33.2807
2019-06-02 01-42-04,463,23.9243,33.2807
2019-06-02 01-42-06,464,23.9243,33.2807
2019-06-02 01-42-08,464,23.9059,33.2807
2019-06-02 01-42-10,464,23.941,33.2967
2019-06-02 01-42-14,464,23.8907,33.2967
2019-06-02 01-42-16,464,23.9426,33.2673
2019-06-02 01-42-18,464,23.941,33.2807
2019-06-02 01-42-20,464,23.9059,33.2967
2019-06-02 01-42-22,463,23.9975,33.3234
2019-06-02 01-42-24,463,23.9456,33.3101
2019-06-02 01-42-26,463,23.9639,33.3101
2019-06-02 01-42-30,463,23.909,33.3101
2019-06-02 01-42-32,463,23.9426,33.2967
2019-06-02 01-42-34,463,23.9426,33.2807
2019-06-02 01-42-36,463,23.8907,33.2673
2019-06-02 01-42-38,463,23.8876,33.2807
2019-06-02 01-42-40,464,23.9609,33.2807
2019-06-02 01-42-42,465,23.996,33.254
2019-06-02 01-42-44,465,23.9227,33.2673
2019-06-02 01-42-48,465,23.941,33.254
2019-06-02 01-42-50,465,23.9594,33.2406
2019-06-02 01-42-52,466,23.9594,33.254
2019-06-02 01-42-54,466,23.9594,33.2246
2019-06-02 01-42-56,467,23.9746,33.2406
2019-06-02 01-42-58,467,23.938,33.2406
2019-06-02 01-43-00,467,24.0112,33.254
2019-06-02 01-43-02,467,23.9594,33.2113
2019-06-02 01-43-06,467,24.025,33.2406
2019-06-02 01-43-08,467,24.0112,33.2673
2019-06-02 01-43-10,467,23.9777,33.254
2019-06-02 01-43-12,467,24.0295,33.2246
2019-06-02 01-43-14,467,24.0433,33.2246
2019-06-02 01-43-16,467,24.028,33.2246
2019-06-02 01-43-18,467,24.0601,33.2246
2019-06-02 01-43-22,467,23.9929,33.254
2019-06-02 01-43-24,466,24.0463,33.1979
2019-06-02 01-43-26,467,24.025,33.2113
2019-06-02 01-43-28,466,24.0097,33.2113
2019-06-02 01-43-30,466,24.025,33.2246
2019-06-02 01-43-32,466,24.0097,33.2246
2019-06-02 01-43-34,466,24.0601,33.2246
2019-06-02 01-43-36,466,23.9929,33.2113
2019-06-02 01-43-40,465,23.9563,33.2246
2019-06-02 01-43-42,465,24.0433,33.2406
2019-06-02 01-43-44,465,24.028,33.2113
2019-06-02 01-43-46,465,24.025,33.254
2019-06-02 01-43-48,466,24.0295,33.2406
2019-06-02 01-43-50,466,23.9929,33.2246
2019-06-02 01-43-52,465,23.9929,33.2246
2019-06-02 01-43-56,465,24.028,33.254
2019-06-02 01-43-58,464,23.9777,33.2673
2019-06-02 01-44-00,464,24.0479,33.2967
2019-06-02 01-44-02,464,23.9426,33.3101
2019-06-02 01-44-04,465,23.9426,33.2807
2019-06-02 01-44-06,465,23.9609,33.2967
2019-06-02 01-44-08,465,23.9639,33.2967
2019-06-02 01-44-10,465,23.8907,33.3101
2019-06-02 01-44-14,465,23.909,33.3234
2019-06-02 01-44-16,466,23.8739,33.3234
2019-06-02 01-44-18,466,23.8922,33.3101
2019-06-02 01-44-20,466,23.8922,33.3101
2019-06-02 01-44-22,467,23.8556,33.3101
2019-06-02 01-44-24,467,23.909,33.2673
2019-06-02 01-44-26,468,23.9227,33.2673
2019-06-02 01-44-28,469,23.9777,33.254
2019-06-02 01-44-32,470,24.0112,33.2673
2019-06-02 01-44-34,470,23.9609,33.2673
2019-06-02 01-44-36,470,23.941,33.2807
2019-06-02 01-44-38,470,23.941,33.2673
2019-06-02 01-44-40,470,23.9059,33.2673
2019-06-02 01-44-42,469,24.0112,33.254
2019-06-02 01-44-44,469,23.941,33.2673
2019-06-02 01-44-48,469,23.941,33.2673
2019-06-02 01-44-50,468,23.9609,33.254
2019-06-02 01-44-52,468,24.0616,33.254
2019-06-02 01-44-54,467,23.9777,33.2406
2019-06-02 01-44-56,468,23.938,33.2246
2019-06-02 01-44-58,468,23.938,33.2246
2019-06-02 01-45-00,469,24.028,33.2113
2019-06-02 01-45-02,469,24.0433,33.2406
2019-06-02 01-45-06,470,24.0112,33.2246
2019-06-02 01-45-08,470,24.028,33.2406
2019-06-02 01-45-10,471,23.9929,33.2406
2019-06-02 01-45-12,470,23.9777,33.2246
2019-06-02 01-45-14,469,23.9746,33.254
2019-06-02 01-45-16,469,23.9929,33.254
2019-06-02 01-45-18,470,23.9929,33.254
2019-06-02 01-45-22,470,23.941,33.2406
2019-06-02 01-45-24,469,23.9594,33.254
2019-06-02 01-45-26,470,23.9227,33.2673
2019-06-02 01-45-28,470,23.941,33.3101
2019-06-02 01-45-30,470,23.9273,33.2673
2019-06-02 01-45-32,470,23.8876,33.2967
2019-06-02 01-45-34,470,23.9426,33.2807
2019-06-02 01-45-36,470,23.8724,33.3234
2019-06-02 01-45-40,470,23.8922,33.3528
2019-06-02 01-45-42,470,23.8602,33.3234
2019-06-02 01-45-44,470,23.9105,33.3368
2019-06-02 01-45-46,470,23.8922,33.3234
2019-06-02 01-45-48,470,23.8403,33.3368
2019-06-02 01-45-50,469,23.8586,33.3101
2019-06-02 01-45-52,470,23.909,33.3101
2019-06-02 01-45-54,470,23.8739,33.3101
2019-06-02 01-45-58,471,23.8922,33.3368
2019-06-02 01-46-00,471,23.8586,33.2807
2019-06-02 01-46-02,471,23.8907,33.2807
2019-06-02 01-46-04,471,23.9059,33.2807
2019-06-02 01-46-06,471,23.8724,33.2807
2019-06-02 01-46-08,471,23.9243,33.2807
2019-06-02 01-46-10,471,23.9792,33.254
2019-06-02 01-46-14,471,23.9227,33.2406
2019-06-02 01-46-16,471,24.0753,33.254
2019-06-02 01-46-18,472,24.0112,33.254
2019-06-02 01-46-20,472,24.0295,33.2406
2019-06-02 01-46-23,471,24.0616,33.2673
2019-06-02 01-46-25,471,23.9059,33.2113
2019-06-02 01-46-27,471,23.9746,33.2246
2019-06-02 01-46-29,471,23.9563,33.2406
2019-06-02 01-46-33,471,23.9227,33.2673
2019-06-02 01-46-35,470,23.9227,33.254
2019-06-02 01-46-37,470,23.941,33.254
2019-06-02 01-46-39,470,23.9594,33.2967
2019-06-02 01-46-41,470,24.0143,33.2807
2019-06-02 01-46-43,470,23.941,33.3368
2019-06-02 01-46-45,470,23.9105,33.3528
2019-06-02 01-46-49,470,23.9288,33.3528
2019-06-02 01-46-51,470,23.9105,33.3234
2019-06-02 01-46-53,470,23.9105,33.3528
2019-06-02 01-46-55,470,23.877,33.3368
2019-06-02 01-46-57,470,23.8419,33.3528
2019-06-02 01-46-59,471,23.8419,33.3234
2019-06-02 01-47-01,471,23.8586,33.3234
2019-06-02 01-47-03,471,23.8586,33.3528
2019-06-02 01-47-07,472,23.877,33.3101
2019-06-02 01-47-09,472,23.8403,33.2967
2019-06-02 01-47-11,472,23.8556,33.2967
2019-06-02 01-47-13,472,23.8556,33.2673
2019-06-02 01-47-15,472,23.9227,33.2807
2019-06-02 01-47-17,472,23.9059,33.2807
2019-06-02 01-47-19,472,23.941,33.2807
2019-06-02 01-47-23,472,23.9059,33.2673
2019-06-02 01-47-25,472,23.941,33.2967
2019-06-02 01-47-27,472,23.9426,33.2807
2019-06-02 01-47-29,472,23.8541,33.2673
2019-06-02 01-47-31,472,23.9609,33.2807
2019-06-02 01-47-33,472,23.9243,33.2673
2019-06-02 01-47-35,472,23.9227,33.2967
2019-06-02 01-47-37,472,24.0326,33.2807
2019-06-02 01-47-41,472,23.941,33.2807
2019-06-02 01-47-43,472,23.9243,33.2807
2019-06-02 01-47-45,472,23.8907,33.2967
2019-06-02 01-47-47,473,23.8876,33.2673
2019-06-02 01-47-49,473,23.8541,33.2807
2019-06-02 01-47-51,473,24.0112,33.2406
2019-06-02 01-47-53,474,23.941,33.2673
2019-06-02 01-47-55,473,23.9777,33.254
2019-06-02 01-47-59,473,23.9792,33.2807
2019-06-02 01-48-01,473,23.9243,33.2967
2019-06-02 01-48-03,473,23.9426,33.2967
2019-06-02 01-48-05,472,23.9059,33.2807
2019-06-02 01-48-07,472,23.8739,33.2967
2019-06-02 01-48-09,473,23.8403,33.3101
2019-06-02 01-48-11,473,23.8739,33.3101
2019-06-02 01-48-15,473,23.822,33.2967
2019-06-02 01-48-17,473,23.9273,33.3234
2019-06-02 01-48-19,473,23.8922,33.3234
2019-06-02 01-48-21,472,23.8922,33.3234
2019-06-02 01-48-23,472,23.8602,33.3661
2019-06-02 01-48-25,472,23.8785,33.3661
2019-06-02 01-48-27,471,23.8281,33.3955
2019-06-02 01-48-29,471,23.8312,33.4249
2019-06-02 01-48-33,471,23.7732,33.4115
2019-06-02 01-48-35,470,23.7946,33.4382
2019-06-02 01-48-37,470,23.7915,33.4249
2019-06-02 01-48-39,470,23.79,33.3955
2019-06-02 01-48-41,470,23.79,33.3955
2019-06-02 01-48-43,470,23.8083,33.3795
2019-06-02 01-48-45,470,23.8052,33.3661
2019-06-02 01-48-49,471,23.8266,33.3795
2019-06-02 01-48-51,471,23.8052,33.3528
2019-06-02 01-48-53,470,23.8266,33.3661
2019-06-02 01-48-55,470,23.8083,33.3795
2019-06-02 01-48-57,470,23.7183,33.3528
2019-06-02 01-48-59,470,23.7717,33.3661
2019-06-02 01-49-01,470,23.8052,33.3661
2019-06-02 01-49-03,470,23.8266,33.3795
2019-06-02 01-49-07,470,23.8235,33.3368
2019-06-02 01-49-09,471,23.877,33.3368
2019-06-02 01-49-11,471,23.8556,33.3101
2019-06-02 01-49-13,472,23.8556,33.2967
2019-06-02 01-49-15,472,23.941,33.2673
2019-06-02 01-49-17,473,23.9609,33.2807
2019-06-02 01-49-19,473,23.9044,33.254
2019-06-02 01-49-23,472,23.9594,33.2406
2019-06-02 01-49-25,472,23.9777,33.254
2019-06-02 01-49-27,473,23.9044,33.254
2019-06-02 01-49-29,472,23.938,33.2406
2019-06-02 01-49-31,472,23.9929,33.2406
2019-06-02 01-49-33,472,23.9929,33.2406
2019-06-02 01-49-35,472,23.9777,33.254
2019-06-02 01-49-37,471,23.9227,33.2406
2019-06-02 01-49-41,471,23.941,33.2807
2019-06-02 01-49-43,470,23.9044,33.254
2019-06-02 01-49-45,469,23.8693,33.2406
2019-06-02 01-49-47,469,23.8876,33.254
2019-06-02 01-49-49,469,23.9243,33.2967
2019-06-02 01-49-51,469,23.9243,33.2807
2019-06-02 01-49-53,469,23.9044,33.2406
2019-06-02 01-49-57,468,23.9227,33.2673
2019-06-02 01-49-59,468,23.9777,33.2673
2019-06-02 01-50-01,468,23.996,33.2807
2019-06-02 01-50-03,468,23.9227,33.2673
2019-06-02 01-50-05,468,23.9609,33.2673
2019-06-02 01-50-07,468,23.996,33.2673
2019-06-02 01-50-09,468,23.9777,33.254
2019-06-02 01-50-11,468,24.0112,33.254
2019-06-02 01-50-15,468,23.9929,33.2246
2019-06-02 01-50-17,469,23.9777,33.254
2019-06-02 01-50-19,469,24.028,33.2406
2019-06-02 01-50-21,470,23.9594,33.2406
2019-06-02 01-50-23,470,23.9563,33.2246
2019-06-02 01-50-25,471,23.9914,33.1979
2019-06-02 01-50-27,472,24.0433,33.2113
2019-06-02 01-50-29,472,24.025,33.1979
2019-06-02 01-50-33,472,24.0097,33.2113
2019-06-02 01-50-35,471,24.028,33.2406
2019-06-02 01-50-37,471,24.0295,33.254
2019-06-02 01-50-39,470,23.9594,33.2406
2019-06-02 01-50-41,470,23.8861,33.2406
2019-06-02 01-50-43,470,23.9746,33.2246
2019-06-02 01-50-45,470,23.9594,33.254
2019-06-02 01-50-49,470,24.0295,33.254
2019-06-02 01-50-51,471,23.9929,33.2246
2019-06-02 01-50-53,471,24.0112,33.2406
2019-06-02 01-50-55,471,23.9563,33.2246
2019-06-02 01-50-57,471,24.0112,33.254
2019-06-02 01-50-59,471,23.9777,33.254
2019-06-02 01-51-01,471,23.9777,33.254
2019-06-02 01-51-03,472,23.9777,33.254
2019-06-02 01-51-07,473,23.938,33.2406
2019-06-02 01-51-09,473,23.9929,33.2406
2019-06-02 01-51-11,473,23.9777,33.2406
2019-06-02 01-51-13,473,23.9563,33.2246
2019-06-02 01-51-15,472,24.0112,33.254
2019-06-02 01-51-17,472,23.941,33.254
2019-06-02 01-51-19,472,23.9929,33.2406
2019-06-02 01-51-23,473,23.9929,33.2406
2019-06-02 01-51-25,473,24.0112,33.254
2019-06-02 01-51-27,473,23.941,33.2673
2019-06-02 01-51-29,472,23.941,33.2673
2019-06-02 01-51-31,471,23.9777,33.2673
2019-06-02 01-51-33,471,23.9243,33.2807
2019-06-02 01-51-35,470,23.9594,33.254
2019-06-02 01-51-37,470,23.9227,33.2673
2019-06-02 01-51-41,469,23.941,33.254
2019-06-02 01-51-43,470,23.9059,33.2807
2019-06-02 01-51-45,470,23.9609,33.2807
2019-06-02 01-51-47,470,23.9609,33.2807
2019-06-02 01-51-49,470,23.9059,33.2807
2019-06-02 01-51-51,471,23.909,33.2967
2019-06-02 01-51-53,471,23.8739,33.3101
2019-06-02 01-51-57,471,23.909,33.2967
2019-06-02 01-51-59,472,23.9243,33.2967
2019-06-02 01-52-01,472,23.9456,33.3234
2019-06-02 01-52-03,472,23.9243,33.2967
2019-06-02 01-52-05,472,23.9426,33.2967
2019-06-02 01-52-08,472,23.909,33.3101
2019-06-02 01-52-10,472,23.8922,33.3101
2019-06-02 01-52-12,472,23.909,33.2967
2019-06-02 01-52-16,472,23.9227,33.2673
2019-06-02 01-52-18,472,23.9059,33.2807
2019-06-02 01-52-20,473,23.9243,33.2967
2019-06-02 01-52-22,473,23.8556,33.2967
2019-06-02 01-52-24,472,23.909,33.2967
2019-06-02 01-52-26,472,23.9426,33.3101
2019-06-02 01-52-28,472,23.9639,33.2967
2019-06-02 01-52-32,473,23.9639,33.3101
2019-06-02 01-52-34,473,23.9273,33.3101
2019-06-02 01-52-36,473,23.909,33.3101
2019-06-02 01-52-38,473,23.9426,33.2967
2019-06-02 01-52-40,473,23.9426,33.3101
2019-06-02 01-52-42,474,23.9609,33.2807
2019-06-02 01-52-44,475,23.996,33.2807
2019-06-02 01-52-46,475,23.9792,33.2807
2019-06-02 01-52-50,475,23.941,33.2673
2019-06-02 01-52-52,474,24.0005,33.3234
2019-06-02 01-52-54,474,23.9822,33.3368
2019-06-02 01-52-56,473,23.9288,33.3528
2019-06-02 01-52-58,472,23.9319,33.3795
2019-06-02 01-53-00,473,23.7762,33.4382
2019-06-02 01-53-02,473,23.851,33.4943
2019-06-02 01-53-04,473,23.6954,33.5237
2019-06-02 01-53-08,474,23.6572,33.4943
2019-06-02 01-53-10,475,23.6588,33.537
2019-06-02 01-53-12,475,23.6938,33.481
2019-06-02 01-53-14,475,23.7442,33.481
2019-06-02 01-53-16,476,23.7045,33.4249
2019-06-02 01-53-18,476,23.7915,33.4115
2019-06-02 01-53-20,476,23.7732,33.4115
2019-06-02 01-53-24,476,23.7717,33.3795
2019-06-02 01-53-26,477,23.8419,33.3528
2019-06-02 01-53-28,478,23.8419,33.3528
2019-06-02 01-53-30,478,23.8235,33.3368
2019-06-02 01-53-32,478,23.8556,33.2967
2019-06-02 01-53-34,478,23.8922,33.3234
2019-06-02 01-53-36,478,23.909,33.3101
2019-06-02 01-53-38,477,23.8922,33.3101
2019-06-02 01-53-42,477,23.8907,33.2807
2019-06-02 01-53-44,478,23.909,33.3101
2019-06-02 01-53-46,478,23.9426,33.2967
2019-06-02 01-53-48,478,23.9426,33.3101
2019-06-02 01-53-50,478,23.9105,33.3234
2019-06-02 01-53-52,477,23.8739,33.3234
2019-06-02 01-53-54,477,23.909,33.3101
2019-06-02 01-53-58,477,23.877,33.3368
2019-06-02 01-54-00,476,23.8922,33.3101
2019-06-02 01-54-02,476,23.9273,33.3101
2019-06-02 01-54-04,477,23.9273,33.3101
2019-06-02 01-54-06,476,23.9273,33.3101
2019-06-02 01-54-08,476,23.909,33.3101
2019-06-02 01-54-10,476,23.9426,33.3101
2019-06-02 01-54-12,475,23.9105,33.3234
2019-06-02 01-54-16,475,23.9456,33.3234
2019-06-02 01-54-18,475,23.8541,33.2807
2019-06-02 01-54-20,475,23.8907,33.2807
2019-06-02 01-54-22,475,23.9273,33.3101
2019-06-02 01-54-24,475,23.941,33.2807
2019-06-02 01-54-26,475,23.941,33.2673
2019-06-02 01-54-28,475,23.9609,33.2673
2019-06-02 01-54-30,475,23.9777,33.2673
2019-06-02 01-54-34,476,23.9777,33.2673
2019-06-02 01-54-36,476,23.9929,33.254
2019-06-02 01-54-38,475,23.9929,33.254
2019-06-02 01-54-40,475,24.028,33.2406
2019-06-02 01-54-42,475,24.0479,33.2807
2019-06-02 01-54-44,475,23.9059,33.2673
2019-06-02 01-54-46,475,23.941,33.2673
2019-06-02 01-54-50,475,23.996,33.2673
2019-06-02 01-54-52,475,23.9059,33.2673
2019-06-02 01-54-54,476,23.8724,33.2673
2019-06-02 01-54-56,476,23.8724,33.2673
2019-06-02 01-54-58,475,23.941,33.254
2019-06-02 01-55-00,475,23.8724,33.2673
2019-06-02 01-55-02,475,23.9777,33.2673
2019-06-02 01-55-04,476,23.8876,33.2673
2019-06-02 01-55-08,476,23.9227,33.254
2019-06-02 01-55-10,476,23.9777,33.254
2019-06-02 01-55-12,476,24.025,33.2113
2019-06-02 01-55-14,476,23.9929,33.2246
2019-06-02 01-55-16,476,24.0753,33.2406
2019-06-02 01-55-18,476,24.0433,33.2246
2019-06-02 01-55-20,477,23.9929,33.2406
2019-06-02 01-55-24,476,23.9777,33.2673
2019-06-02 01-55-26,476,23.941,33.254
2019-06-02 01-55-28,475,23.9777,33.2406
2019-06-02 01-55-30,475,24.0097,33.2113
2019-06-02 01-55-32,475,24.0112,33.2406
2019-06-02 01-55-34,475,24.0738,33.2113
2019-06-02 01-55-36,475,23.9777,33.2406
2019-06-02 01-55-38,475,24.028,33.2246
2019-06-02 01-55-42,476,24.0433,33.2113
2019-06-02 01-55-44,475,24.0433,33.2113
2019-06-02 01-55-46,476,23.938,33.2406
2019-06-02 01-55-48,475,23.9777,33.2406
2019-06-02 01-55-50,475,23.9914,33.2113
2019-06-02 01-55-52,475,24.028,33.2246
2019-06-02 01-55-54,474,23.9929,33.2246
2019-06-02 01-55-56,474,24.0067,33.1979
2019-06-02 01-56-00,474,24.0097,33.2113
2019-06-02 01-56-02,474,24.0097,33.2113
2019-06-02 01-56-04,474,24.0097,33.2113
2019-06-02 01-56-06,474,23.9594,33.254
2019-06-02 01-56-08,474,24.0784,33.254
2019-06-02 01-56-10,473,24.0753,33.2246
2019-06-02 01-56-12,473,23.9746,33.2246
2019-06-02 01-56-16,474,23.941,33.254
2019-06-02 01-56-18,473,23.9243,33.2807
2019-06-02 01-56-20,473,23.8693,33.254
2019-06-02 01-56-22,473,23.8876,33.2673
2019-06-02 01-56-24,472,23.9609,33.2673
2019-06-02 01-56-26,472,23.941,33.254
2019-06-02 01-56-28,472,23.996,33.2807
2019-06-02 01-56-30,473,23.941,33.254
2019-06-02 01-56-34,473,23.9227,33.2406
2019-06-02 01-56-36,473,23.9197,33.2246
2019-06-02 01-56-38,474,23.938,33.2406
2019-06-02 01-56-40,474,23.9365,33.2113
2019-06-02 01-56-42,474,24.025,33.2113
2019-06-02 01-56-44,474,24.028,33.2246
2019-06-02 01-56-46,475,24.028,33.2246
2019-06-02 01-56-50,474,24.0112,33.2406
2019-06-02 01-56-52,474,23.9594,33.2406
2019-06-02 01-56-54,474,23.9594,33.254
2019-06-02 01-56-56,474,23.996,33.2807
2019-06-02 01-56-58,474,24.0143,33.2807
2019-06-02 01-57-00,473,23.9639,33.2967
2019-06-02 01-57-02,473,23.9822,33.3101
2019-06-02 01-57-04,473,23.9273,33.3101
2019-06-02 01-57-08,473,23.9243,33.2967
2019-06-02 01-57-10,474,23.9059,33.2807
2019-06-02 01-57-12,474,23.9059,33.2673
2019-06-02 01-57-14,474,23.9243,33.2807
2019-06-02 01-57-16,474,23.941,33.2673
2019-06-02 01-57-18,474,24.0112,33.254
2019-06-02 01-57-20,474,23.996,33.2673
2019-06-02 01-57-24,475,23.9929,33.2406
2019-06-02 01-57-26,475,23.938,33.2406
2019-06-02 01-57-28,475,24.0112,33.2406
2019-06-02 01-57-30,475,23.9929,33.2406
2019-06-02 01-57-32,475,24.0112,33.254
2019-06-02 01-57-34,475,23.9777,33.2673
2019-06-02 01-57-36,474,24.0479,33.2673
2019-06-02 01-57-38,474,24.0112,33.254
2019-06-02 01-57-42,474,23.996,33.2673
2019-06-02 01-57-44,474,23.9929,33.254
2019-06-02 01-57-46,474,23.9227,33.2406
2019-06-02 01-57-48,475,23.9929,33.254
2019-06-02 01-57-50,475,24.0753,33.2246
2019-06-02 01-57-52,476,24.028,33.2246
2019-06-02 01-57-54,476,24.0295,33.254
2019-06-02 01-57-59,477,24.028,33.2406
2019-06-02 01-58-01,476,24.0112,33.2673
2019-06-02 01-58-03,476,23.9929,33.254
2019-06-02 01-58-05,476,23.9792,33.2807
2019-06-02 01-58-07,475,23.9426,33.2967
2019-06-02 01-58-09,475,23.9273,33.3101
2019-06-02 01-58-11,475,23.9792,33.2967
2019-06-02 01-58-13,476,23.9243,33.2807
2019-06-02 01-58-17,476,23.9792,33.2807
2019-06-02 01-58-19,477,23.9059,33.2807
2019-06-02 01-58-21,477,23.9777,33.2673
2019-06-02 01-58-23,477,23.9594,33.2406
2019-06-02 01-58-25,476,23.9639,33.2967
2019-06-02 01-58-27,477,23.9639,33.2967
2019-06-02 01-58-29,476,23.9975,33.3101
2019-06-02 01-58-33,476,23.9243,33.2967
2019-06-02 01-58-35,476,23.9792,33.2967
2019-06-02 01-58-37,475,24.0143,33.2967
2019-06-02 01-58-39,474,23.996,33.2807
2019-06-02 01-58-41,475,23.9639,33.2967
2019-06-02 01-58-43,476,23.9777,33.2673
2019-06-02 01-58-45,477,23.9975,33.2967
2019-06-02 01-58-47,478,23.941,33.2807
2019-06-02 01-58-51,478,23.9609,33.2807
2019-06-02 01-58-53,479,23.9609,33.2673
2019-06-02 01-58-55,481,23.9777,33.254
2019-06-02 01-58-57,481,23.9777,33.254
2019-06-02 01-58-59,479,23.9243,33.2807
2019-06-02 01-59-01,478,23.9609,33.2807
2019-06-02 01-59-03,478,23.9639,33.3101
2019-06-02 01-59-05,478,23.9975,33.2967
2019-06-02 01-59-09,477,23.9426,33.3101
2019-06-02 01-59-11,476,23.8953,33.3528
2019-06-02 01-59-13,477,23.8449,33.3955
2019-06-02 01-59-15,476,23.7915,33.4249
2019-06-02 01-59-17,475,23.7946,33.4382
2019-06-02 01-59-19,476,23.7595,33.4516
2019-06-02 01-59-21,477,23.6908,33.4516
2019-06-02 01-59-25,478,23.7762,33.4249
2019-06-02 01-59-27,479,23.7732,33.4115
2019-06-02 01-59-29,480,23.7045,33.4249
2019-06-02 01-59-31,480,23.7396,33.4115
2019-06-02 01-59-33,480,23.7534,33.3528
2019-06-02 01-59-35,481,23.79,33.3955
2019-06-02 01-59-37,481,23.7869,33.3528
2019-06-02 01-59-39,482,23.79,33.3661
2019-06-02 01-59-43,482,23.8586,33.3368
2019-06-02 01-59-45,482,23.8403,33.3234
2019-06-02 01-59-47,482,23.8403,33.3234
2019-06-02 01-59-49,481,23.8922,33.3234
2019-06-02 01-59-51,482,23.8586,33.3234
2019-06-02 01-59-53,482,23.9456,33.3234
2019-06-02 01-59-55,481,23.8739,33.2967
2019-06-02 01-59-59,481,23.9426,33.2967
2019-06-02 02-00-01,481,23.9609,33.2807
2019-06-02 02-00-03,481,23.9227,33.2673
2019-06-02 02-00-05,481,23.9594,33.254
2019-06-02 02-00-07,481,24.028,33.2406
2019-06-02 02-00-09,481,23.9044,33.2406
2019-06-02 02-00-11,480,23.9929,33.254
2019-06-02 02-00-13,480,24.0463,33.2406
2019-06-02 02-00-17,480,24.0616,33.2673
2019-06-02 02-00-19,480,23.938,33.2246
2019-06-02 02-00-21,479,24.028,33.2406
2019-06-02 02-00-23,478,24.028,33.2406
2019-06-02 02-00-25,478,24.0921,33.2246
2019-06-02 02-00-27,478,23.9746,33.2246
2019-06-02 02-00-29,477,24.0753,33.2246
2019-06-02 02-00-33,477,24.0112,33.2406
2019-06-02 02-00-35,476,24.028,33.2406
2019-06-02 02-00-37,476,24.0463,33.254
2019-06-02 02-00-39,476,24.0616,33.254
2019-06-02 02-00-41,476,24.0753,33.2406
2019-06-02 02-00-43,476,24.0784,33.254
2019-06-02 02-00-45,476,23.9777,33.254
2019-06-02 02-00-47,476,23.9594,33.254
2019-06-02 02-00-51,476,23.9563,33.2246
2019-06-02 02-00-53,477,24.028,33.2406
2019-06-02 02-00-55,477,24.0463,33.2406
2019-06-02 02-00-57,477,24.0112,33.2406
2019-06-02 02-00-59,477,24.028,33.2406
2019-06-02 02-01-01,477,23.9929,33.2246
2019-06-02 02-01-03,477,23.9929,33.254
2019-06-02 02-01-05,477,23.9929,33.2406
2019-06-02 02-01-09,477,23.9929,33.254
2019-06-02 02-01-11,477,24.0112,33.254
2019-06-02 02-01-13,478,24.0616,33.254
2019-06-02 02-01-15,478,24.0463,33.254
2019-06-02 02-01-17,477,24.0784,33.254
2019-06-02 02-01-19,477,24.0433,33.2246
2019-06-02 02-01-21,478,23.9777,33.254
2019-06-02 02-01-25,477,24.0112,33.254
2019-06-02 02-01-27,476,23.9594,33.2406
2019-06-02 02-01-29,477,23.9594,33.2406
2019-06-02 02-01-31,477,24.0463,33.2406
2019-06-02 02-01-33,477,24.0616,33.254
2019-06-02 02-01-35,476,24.0143,33.2967
2019-06-02 02-01-37,476,23.9822,33.3368
2019-06-02 02-01-39,475,23.9471,33.3661
2019-06-02 02-01-43,474,23.8312,33.4249
2019-06-02 02-01-45,474,23.8327,33.4516
2019-06-02 02-01-47,475,23.7228,33.4382
2019-06-02 02-01-49,474,23.7228,33.4382
2019-06-02 02-01-51,474,23.7595,33.4516
2019-06-02 02-01-53,475,23.7595,33.4676
2019-06-02 02-01-55,475,23.7595,33.4676
2019-06-02 02-01-59,475,23.7762,33.4382
2019-06-02 02-02-01,474,23.7946,33.4516
2019-06-02 02-02-03,474,23.8129,33.4676
2019-06-02 02-02-05,474,23.7778,33.481
2019-06-02 02-02-07,474,23.7946,33.4516
2019-06-02 02-02-09,474,23.7946,33.4516
2019-06-02 02-02-11,475,23.8129,33.4676
2019-06-02 02-02-13,476,23.7228,33.4249
2019-06-02 02-02-17,476,23.7915,33.4249
2019-06-02 02-02-19,477,23.8083,33.4115
2019-06-02 02-02-21,478,23.79,33.3955
2019-06-02 02-02-23,479,23.8785,33.3661
2019-06-02 02-02-25,479,23.8083,33.3955
2019-06-02 02-02-27,478,23.8449,33.3795
2019-06-02 02-02-29,478,23.8632,33.3795
2019-06-02 02-02-33,478,23.8922,33.3234
2019-06-02 02-02-35,478,23.9456,33.3368
2019-06-02 02-02-37,479,23.8739,33.3234
2019-06-02 02-02-39,479,23.909,33.3101
2019-06-02 02-02-41,479,23.9105,33.3368
2019-06-02 02-02-43,478,23.9655,33.3368
2019-06-02 02-02-45,477,23.8586,33.3234
2019-06-02 02-02-47,477,23.9273,33.3234
2019-06-02 02-02-51,477,23.9471,33.3528
2019-06-02 02-02-53,477,24.0021,33.3528
2019-06-02 02-02-55,477,23.9471,33.3795
2019-06-02 02-02-57,476,23.9151,33.3955
2019-06-02 02-02-59,476,23.8464,33.4115
2019-06-02 02-03-01,476,23.9319,33.3955
2019-06-02 02-03-03,475,23.9471,33.3661
2019-06-02 02-03-07,476,23.9471,33.3795
2019-06-02 02-03-09,477,23.8449,33.3795
2019-06-02 02-03-11,477,23.9319,33.3795
2019-06-02 02-03-13,476,23.9319,33.3955
2019-06-02 02-03-15,476,23.8632,33.3955
2019-06-02 02-03-17,476,23.8449,33.3661
2019-06-02 02-03-19,476,23.8815,33.3955
2019-06-02 02-03-21,475,23.9502,33.3955
2019-06-02 02-03-25,475,23.9319,33.3795
2019-06-02 02-03-27,475,23.8647,33.4382
2019-06-02 02-03-29,475,23.8815,33.4249
2019-06-02 02-03-31,475,23.8098,33.4382
2019-06-02 02-03-33,475,23.8312,33.4382
2019-06-02 02-03-35,475,23.8815,33.4249
2019-06-02 02-03-37,476,23.8281,33.3955
2019-06-02 02-03-39,476,23.8312,33.4249
2019-06-02 02-03-43,476,23.8815,33.4115
2019-06-02 02-03-45,476,23.8785,33.3795
2019-06-02 02-03-47,476,23.8968,33.3795
2019-06-02 02-03-49,476,23.8647,33.4249
2019-06-02 02-03-52,476,23.7595,33.4676
2019-06-02 02-03-54,476,23.8129,33.4676
2019-06-02 02-03-56,475,23.7442,33.481
2019-06-02 02-04-00,476,23.7625,33.481
2019-06-02 02-04-02,477,23.7274,33.481
2019-06-02 02-04-04,477,23.8129,33.4676
2019-06-02 02-04-06,478,23.7259,33.4516
2019-06-02 02-04-08,477,23.7274,33.481
2019-06-02 02-04-10,477,23.7946,33.4516
2019-06-02 02-04-12,477,23.7778,33.4516
2019-06-02 02-04-14,477,23.7411,33.4382
2019-06-02 02-04-18,476,23.7045,33.4249
2019-06-02 02-04-20,477,23.7595,33.4516
2019-06-02 02-04-22,477,23.7762,33.4249
2019-06-02 02-04-24,477,23.7946,33.4516
2019-06-02 02-04-26,476,23.7595,33.4382
2019-06-02 02-04-28,475,23.8129,33.4676
2019-06-02 02-04-30,476,23.8129,33.4676
2019-06-02 02-04-34,476,23.8495,33.4516
2019-06-02 02-04-36,475,23.8129,33.4516
2019-06-02 02-04-38,475,23.8144,33.481
2019-06-02 02-04-40,474,23.8144,33.5103
2019-06-02 02-04-42,474,23.764,33.5237
2019-06-02 02-04-44,475,23.764,33.5103
2019-06-02 02-04-46,475,23.6938,33.4943
2019-06-02 02-04-48,474,23.7488,33.5237
2019-06-02 02-04-52,474,23.732,33.5504
2019-06-02 02-04-54,476,23.6771,33.5237
2019-06-02 02-04-56,477,23.7457,33.5103
2019-06-02 02-04-58,478,23.7457,33.5103
2019-06-02 02-05-00,478,23.7122,33.4943
2019-06-02 02-05-02,478,23.7305,33.5103
2019-06-02 02-05-04,479,23.7778,33.4676
2019-06-02 02-05-06,480,23.7778,33.4676
2019-06-02 02-05-10,479,23.7762,33.4249
2019-06-02 02-05-12,481,23.8449,33.3955
2019-06-02 02-05-14,480,23.8968,33.3795
2019-06-02 02-05-16,480,23.877,33.3368
2019-06-02 02-05-18,481,23.9136,33.3661
2019-06-02 02-05-20,481,23.9288,33.3368
2019-06-02 02-05-22,481,23.996,33.2807
2019-06-02 02-05-26,481,23.9792,33.2807
2019-06-02 02-05-28,481,24.0479,33.2673
2019-06-02 02-05-30,481,24.0479,33.2673
2019-06-02 02-05-32,481,24.0753,33.2406
2019-06-02 02-05-34,481,24.0616,33.2673
2019-06-02 02-05-36,481,24.0784,33.2673
2019-06-02 02-05-38,481,24.0479,33.2673
2019-06-02 02-05-40,481,24.0097,33.2246
2019-06-02 02-05-44,481,24.0463,33.2406
2019-06-02 02-05-46,481,24.1394,33.1979
2019-06-02 02-05-48,481,24.0891,33.1979
2019-06-02 02-05-50,481,24.0891,33.2113
2019-06-02 02-05-52,482,24.1241,33.1979
2019-06-02 02-05-54,481,24.1394,33.1979
2019-06-02 02-05-56,481,24.1699,33.1846
2019-06-02 02-05-58,481,24.1394,33.1979
2019-06-02 02-06-02,481,24.1531,33.1846
2019-06-02 02-06-04,480,24.1394,33.1979
2019-06-02 02-06-06,481,24.1531,33.1846
2019-06-02 02-06-08,481,24.1699,33.1846
2019-06-02 02-06-10,481,24.1989,33.1685
2019-06-02 02-06-12,482,24.1348,33.1552
2019-06-02 02-06-14,482,24.1348,33.1418
2019-06-02 02-06-18,482,24.1806,33.1125
2019-06-02 02-06-20,482,24.1974,33.1418
2019-06-02 02-06-22,482,24.2264,33.1125
2019-06-02 02-06-24,483,24.1486,33.1125
2019-06-02 02-06-26,483,24.1974,33.1258
2019-06-02 02-06-28,483,24.2294,33.1258
2019-06-02 02-06-30,482,24.2615,33.1258
2019-06-02 02-06-32,482,24.2447,33.1125
2019-06-02 02-06-36,481,24.2264,33.1125
2019-06-02 02-06-38,481,24.1943,33.0991
2019-06-02 02-06-40,481,24.2126,33.1258
2019-06-02 02-06-42,481,24.2477,33.1258
2019-06-02 02-06-44,482,24.2905,33.0858
2019-06-02 02-06-46,482,24.2249,33.0858
2019-06-02 02-06-48,481,24.2615,33.1258
2019-06-02 02-06-52,481,24.2294,33.1258
2019-06-02 02-06-54,481,24.2447,33.0991
2019-06-02 02-06-56,481,24.2294,33.1258
2019-06-02 02-06-58,481,24.2447,33.0991
2019-06-02 02-07-00,481,24.2615,33.1125
2019-06-02 02-07-02,480,24.2752,33.0858
2019-06-02 02-07-04,480,24.2935,33.1125
2019-06-02 02-07-06,480,24.2905,33.0991
2019-06-02 02-07-10,480,24.2615,33.1125
2019-06-02 02-07-12,480,24.2264,33.1125
2019-06-02 02-07-14,480,24.2111,33.1125
2019-06-02 02-07-16,480,24.2126,33.1258
2019-06-02 02-07-18,480,24.2294,33.1258
2019-06-02 02-07-20,479,24.2294,33.1258
2019-06-02 02-07-22,479,24.2935,33.1125
2019-06-02 02-07-24,478,24.2615,33.1125
2019-06-02 02-07-28,478,24.2264,33.1125
2019-06-02 02-07-30,477,24.2111,33.1125
2019-06-02 02-07-32,477,24.1669,33.1418
2019-06-02 02-07-34,477,24.2126,33.1418
2019-06-02 02-07-36,477,24.1882,33.2113
2019-06-02 02-07-38,476,24.2035,33.2406
2019-06-02 02-07-40,476,24.1425,33.2406
2019-06-02 02-07-44,476,24.1562,33.2246
2019-06-02 02-07-46,476,24.0753,33.2246
2019-06-02 02-07-48,477,24.0921,33.2406
2019-06-02 02-07-50,477,24.1394,33.2113
2019-06-02 02-07-52,477,24.1852,33.1846
2019-06-02 02-07-54,477,24.1562,33.2113
2019-06-02 02-07-56,477,24.1531,33.1979
2019-06-02 02-07-58,477,24.1394,33.1979
2019-06-02 02-08-02,478,24.1714,33.2113
2019-06-02 02-08-04,478,24.1257,33.2246
2019-06-02 02-08-06,478,24.1104,33.2246
2019-06-02 02-08-08,477,24.1257,33.2406
2019-06-02 02-08-10,477,24.0799,33.3101
2019-06-02 02-08-12,476,23.9822,33.3234
2019-06-02 02-08-14,476,23.9288,33.3528
2019-06-02 02-08-18,476,23.9655,33.3528
2019-06-02 02-08-20,476,23.9456,33.3368
2019-06-02 02-08-22,477,23.9273,33.3234
2019-06-02 02-08-24,478,23.8922,33.3101
2019-06-02 02-08-26,478,23.9975,33.2967
2019-06-02 02-08-28,479,24.0326,33.2967
2019-06-02 02-08-30,479,24.0112,33.254
2019-06-02 02-08-32,479,23.9777,33.254
2019-06-02 02-08-36,478,23.9792,33.2967
2019-06-02 02-08-38,479,23.9609,33.2673
2019-06-02 02-08-40,479,24.0295,33.254
2019-06-02 02-08-42,479,24.0601,33.2113
2019-06-02 02-08-44,479,24.0601,33.2113
2019-06-02 02-08-46,479,24.0616,33.2406
2019-06-02 02-08-48,479,24.0891,33.2113
2019-06-02 02-08-52,479,24.0738,33.1979
2019-06-02 02-08-54,479,24.1104,33.2406
2019-06-02 02-08-56,479,24.1394,33.2113
2019-06-02 02-08-58,480,24.1379,33.1685
2019-06-02 02-09-00,480,24.1531,33.1979
2019-06-02 02-09-02,479,24.1348,33.1552
2019-06-02 02-09-04,479,24.1211,33.1685
2019-06-02 02-09-06,479,24.1241,33.1979
2019-06-02 02-09-10,479,24.1516,33.1552
2019-06-02 02-09-12,478,24.1058,33.1552
2019-06-02 02-09-14,479,24.1531,33.1846
2019-06-02 02-09-16,478,24.1379,33.1846
2019-06-02 02-09-18,479,24.1379,33.1685
2019-06-02 02-09-20,479,24.1852,33.1846
2019-06-02 02-09-22,479,24.1379,33.1685
2019-06-02 02-09-24,479,24.1837,33.1685
2019-06-02 02-09-28,479,24.1806,33.1418
2019-06-02 02-09-30,479,24.2126,33.1258
2019-06-02 02-09-32,479,24.2767,33.1258
2019-06-02 02-09-34,480,24.2294,33.1258
2019-06-02 02-09-36,480,24.2615,33.1125
2019-06-02 02-09-38,480,24.2126,33.1258
2019-06-02 02-09-40,480,24.1348,33.1418
2019-06-02 02-09-45,480,24.2157,33.1552
2019-06-02 02-09-47,480,24.1669,33.1418
2019-06-02 02-09-49,479,24.2126,33.1418
2019-06-02 02-09-51,480,24.1806,33.1258
2019-06-02 02-09-53,479,24.1837,33.1552
2019-06-02 02-09-55,478,24.1348,33.1418
2019-06-02 02-09-57,478,24.1531,33.1685
2019-06-02 02-09-59,477,24.1669,33.1685
2019-06-02 02-10-03,476,24.1806,33.1258
2019-06-02 02-10-05,477,24.2111,33.1125
2019-06-02 02-10-07,479,24.2294,33.1258
2019-06-02 02-10-09,480,24.1806,33.1418
2019-06-02 02-10-11,479,24.1837,33.1552
2019-06-02 02-10-13,480,24.1669,33.1418
2019-06-02 02-10-15,479,24.231,33.1685
2019-06-02 02-10-19,479,24.2157,33.1685
2019-06-02 02-10-21,479,24.2126,33.1418
2019-06-02 02-10-23,479,24.1806,33.1418
2019-06-02 02-10-25,478,24.2294,33.1552
2019-06-02 02-10-27,478,24.2172,33.1979
2019-06-02 02-10-29,477,24.1714,33.2246
2019-06-02 02-10-31,477,24.0616,33.2406
2019-06-02 02-10-33,477,24.1074,33.2113
2019-06-02 02-10-37,478,24.1104,33.2406
2019-06-02 02-10-39,478,24.1394,33.2113
2019-06-02 02-10-41,479,24.0738,33.1979
2019-06-02 02-10-43,478,24.1074,33.2113
2019-06-02 02-10-45,477,24.1257,33.2246
2019-06-02 02-10-47,477,24.1257,33.2246
2019-06-02 02-10-49,477,24.0738,33.1979
2019-06-02 02-10-51,477,24.1104,33.2246
2019-06-02 02-10-55,477,24.1394,33.2113
2019-06-02 02-10-57,478,24.1714,33.2246
2019-06-02 02-10-59,477,24.1241,33.2113
2019-06-02 02-11-01,477,24.1562,33.2246
2019-06-02 02-11-03,477,24.0799,33.2967
2019-06-02 02-11-05,476,24.0967,33.2967
2019-06-02 02-11-07,476,24.0967,33.2967
2019-06-02 02-11-11,475,24.0662,33.3101
2019-06-02 02-11-13,475,24.0662,33.3234
2019-06-02 02-11-15,475,24.0341,33.3234
2019-06-02 02-11-17,475,23.9822,33.3234
2019-06-02 02-11-19,475,23.9975,33.3101
2019-06-02 02-11-21,476,23.9639,33.3234
2019-06-02 02-11-23,477,23.9792,33.2967
2019-06-02 02-11-25,477,23.9822,33.3234
2019-06-02 02-11-29,478,23.9426,33.3101
2019-06-02 02-11-31,478,23.9456,33.3234
2019-06-02 02-11-33,478,23.909,33.3101
2019-06-02 02-11-35,479,23.9243,33.2807
2019-06-02 02-11-37,480,23.996,33.2807
2019-06-02 02-11-39,479,23.9975,33.3101
2019-06-02 02-11-41,480,23.9273,33.3234
2019-06-02 02-11-43,480,23.9639,33.3234
2019-06-02 02-11-47,480,23.9288,33.3368
2019-06-02 02-11-49,480,23.9822,33.3234
2019-06-02 02-11-51,480,23.9975,33.3101
2019-06-02 02-11-53,481,24.0341,33.3234
2019-06-02 02-11-55,481,23.9975,33.2967
2019-06-02 02-11-57,481,24.0326,33.2967
2019-06-02 02-11-59,481,23.9792,33.2807
2019-06-02 02-12-03,481,24.0479,33.2967
2019-06-02 02-12-05,480,23.996,33.2673
2019-06-02 02-12-07,480,24.0479,33.2673
2019-06-02 02-12-09,480,24.0143,33.2807
2019-06-02 02-12-11,480,24.0112,33.2673
2019-06-02 02-12-13,480,24.0463,33.254
2019-06-02 02-12-15,480,24.0463,33.2406
2019-06-02 02-12-17,480,24.1241,33.1979
2019-06-02 02-12-21,480,24.1714,33.2113
2019-06-02 02-12-23,480,24.234,33.1979
2019-06-02 02-12-25,479,24.1837,33.1552
2019-06-02 02-12-27,479,24.1531,33.1846
2019-06-02 02-12-29,479,24.1196,33.1552
2019-06-02 02-12-31,480,24.1837,33.1685
2019-06-02 02-12-33,480,24.1516,33.1552
2019-06-02 02-12-35,480,24.1531,33.1685
2019-06-02 02-12-39,481,24.1669,33.1418
2019-06-02 02-12-41,481,24.2813,33.1685
2019-06-02 02-12-43,481,24.2157,33.1685
2019-06-02 02-12-45,480,24.231,33.1685
2019-06-02 02-12-47,480,24.1989,33.1685
2019-06-02 02-12-49,480,24.1531,33.1846
2019-06-02 02-12-51,480,24.1531,33.1685
2019-06-02 02-12-55,480,24.1989,33.1685
2019-06-02 02-12-57,481,24.1531,33.1846
2019-06-02 02-12-59,481,24.2157,33.1846
2019-06-02 02-13-01,481,24.1699,33.1846
2019-06-02 02-13-03,481,24.1837,33.1685
2019-06-02 02-13-05,481,24.0738,33.1979
2019-06-02 02-13-07,482,24.1669,33.1685
2019-06-02 02-13-09,481,24.1211,33.1685
2019-06-02 02-13-13,481,24.1379,33.1685
2019-06-02 02-13-15,481,24.1974,33.1418
2019-06-02 02-13-17,482,24.2157,33.1685
2019-06-02 02-13-19,481,24.2157,33.1552
2019-06-02 02-13-21,481,24.1837,33.1552
2019-06-02 02-13-23,481,24.1516,33.1552
2019-06-02 02-13-25,481,24.2126,33.1418
2019-06-02 02-13-27,482,24.1974,33.1418
2019-06-02 02-13-31,482,24.2477,33.1418
2019-06-02 02-13-33,482,24.1837,33.1685
2019-06-02 02-13-35,481,24.2493,33.1685
2019-06-02 02-13-37,481,24.231,33.1846
2019-06-02 02-13-39,481,24.1394,33.2246
2019-06-02 02-13-41,480,24.1211,33.1846
2019-06-02 02-13-43,481,24.1379,33.1846
2019-06-02 02-13-47,481,24.1379,33.1846
2019-06-02 02-13-49,481,24.1516,33.1552
2019-06-02 02-13-51,482,24.231,33.1846
2019-06-02 02-13-53,482,24.1989,33.1685
2019-06-02 02-13-55,482,24.1531,33.1685
2019-06-02 02-13-57,482,24.1211,33.1846
2019-06-02 02-13-59,482,24.1531,33.1979
2019-06-02 02-14-01,483,24.1531,33.1846
2019-06-02 02-14-05,483,24.1516,33.1552
2019-06-02 02-14-07,484,24.1379,33.1685
2019-06-02 02-14-09,484,24.1669,33.1685
2019-06-02 02-14-11,484,24.1516,33.1552
2019-06-02 02-14-13,484,24.1531,33.1846
2019-06-02 02-14-15,483,24.1699,33.1846
2019-06-02 02-14-17,483,24.1928,33.2807
2019-06-02 02-14-21,482,24.1165,33.3234
2019-06-02 02-14-23,482,24.0417,33.4249
2019-06-02 02-14-25,482,23.941,33.5237
2019-06-02 02-14-27,482,23.7854,33.5664
2019-06-02 02-14-29,482,23.7366,33.6065
2019-06-02 02-14-31,483,23.645,33.6065
2019-06-02 02-14-33,484,23.6267,33.5931
2019-06-02 02-14-35,484,23.6816,33.5664
2019-06-02 02-14-39,485,23.6801,33.537
2019-06-02 02-14-41,485,23.7122,33.5237
2019-06-02 02-14-43,485,23.7122,33.4943
2019-06-02 02-14-45,486,23.7259,33.4516
2019-06-02 02-14-47,486,23.8327,33.4516
2019-06-02 02-14-49,487,23.7762,33.4382
2019-06-02 02-14-51,487,23.7732,33.4115
2019-06-02 02-14-53,487,23.8083,33.4115
2019-06-02 02-14-57,487,23.8831,33.4382
2019-06-02 02-14-59,487,23.8464,33.4115
2019-06-02 02-15-01,487,23.8312,33.4249
2019-06-02 02-15-03,486,23.8312,33.4249
2019-06-02 02-15-05,486,23.8312,33.4249
2019-06-02 02-15-07,486,23.8083,33.4115
2019-06-02 02-15-09,486,23.8632,33.3795
2019-06-02 02-15-13,487,23.8785,33.3795
2019-06-02 02-15-15,486,23.8968,33.3795
2019-06-02 02-15-18,486,23.8968,33.3795
2019-06-02 02-15-20,486,23.9136,33.3795
2019-06-02 02-15-22,486,23.9288,33.3661
2019-06-02 02-15-24,486,23.9288,33.3528
2019-06-02 02-15-26,486,23.9456,33.3368
2019-06-02 02-15-28,485,23.9288,33.3368
2019-06-02 02-15-32,485,23.9105,33.3234
2019-06-02 02-15-34,485,23.9426,33.3101
2019-06-02 02-15-36,485,23.9273,33.3101
2019-06-02 02-15-38,485,23.9456,33.3368
2019-06-02 02-15-40,484,23.8922,33.3368
2019-06-02 02-15-42,483,23.8922,33.3368
2019-06-02 02-15-44,482,23.8586,33.3368
2019-06-02 02-15-48,482,23.8739,33.3234
2019-06-02 02-15-50,482,23.8922,33.3234
2019-06-02 02-15-52,481,23.9456,33.3234
2019-06-02 02-15-54,482,23.9273,33.3234
2019-06-02 02-15-56,481,23.9273,33.3234
2019-06-02 02-15-58,481,23.9822,33.3101
2019-06-02 02-16-00,481,23.9609,33.2807
2019-06-02 02-16-02,482,23.8586,33.3368
2019-06-02 02-16-06,482,23.9426,33.3101
2019-06-02 02-16-08,482,23.9639,33.2967
2019-06-02 02-16-10,481,23.9456,33.3234
2019-06-02 02-16-12,482,23.9273,33.3234
2019-06-02 02-16-14,481,23.9273,33.3101
2019-06-02 02-16-16,481,23.9456,33.3368
2019-06-02 02-16-18,480,23.877,33.3368
2019-06-02 02-16-20,480,23.9273,33.3101
2019-06-02 02-16-24,480,23.877,33.3528
2019-06-02 02-16-26,480,23.9105,33.3234
2019-06-02 02-16-28,480,23.9288,33.3528
2019-06-02 02-16-30,480,23.909,33.3101
2019-06-02 02-16-32,481,23.8235,33.3368
2019-06-02 02-16-34,480,23.9105,33.3234
2019-06-02 02-16-36,480,23.877,33.3368
2019-06-02 02-16-40,480,23.8922,33.3101
2019-06-02 02-16-42,481,23.9822,33.3234
2019-06-02 02-16-44,482,23.9822,33.3234
2019-06-02 02-16-46,482,23.9426,33.3101
2019-06-02 02-16-48,482,23.9426,33.3101
2019-06-02 02-16-50,482,23.9975,33.2967
2019-06-02 02-16-52,482,24.0295,33.2807
2019-06-02 02-16-54,482,23.9929,33.254
2019-06-02 02-16-58,483,24.0601,33.2246
2019-06-02 02-17-00,483,24.0753,33.2406
2019-06-02 02-17-02,484,24.1394,33.2113
2019-06-02 02-17-04,484,24.1104,33.2406
2019-06-02 02-17-06,484,24.0891,33.2113
2019-06-02 02-17-08,485,24.057,33.1846
2019-06-02 02-17-10,484,24.1104,33.2246
2019-06-02 02-17-12,484,24.0921,33.2246
2019-06-02 02-17-16,484,24.0753,33.2246
2019-06-02 02-17-18,484,24.0616,33.2406
2019-06-02 02-17-20,484,24.0601,33.2246
2019-06-02 02-17-22,484,24.1577,33.2406
2019-06-02 02-17-24,485,24.0753,33.2246
2019-06-02 02-17-26,484,24.1119,33.254
2019-06-02 02-17-28,484,24.0784,33.254
2019-06-02 02-17-32,483,24.0097,33.2246
2019-06-02 02-17-34,483,24.0112,33.2406
2019-06-02 02-17-36,483,24.0463,33.2406
2019-06-02 02-17-38,483,24.0616,33.254
2019-06-02 02-17-40,483,24.0463,33.2406
2019-06-02 02-17-42,484,24.0753,33.2406
2019-06-02 02-17-44,484,24.0784,33.254
2019-06-02 02-17-46,484,24.0921,33.2246
2019-06-02 02-17-50,483,24.0921,33.2406
2019-06-02 02-17-52,484,24.028,33.2406
2019-06-02 02-17-54,484,24.0112,33.2406
2019-06-02 02-17-56,484,24.0479,33.2673
2019-06-02 02-17-58,483,24.0433,33.2246
2019-06-02 02-18-00,484,24.0616,33.2673
2019-06-02 02-18-02,485,24.0433,33.2113
2019-06-02 02-18-04,485,24.0463,33.254
2019-06-02 02-18-08,485,24.1104,33.2406
2019-06-02 02-18-10,485,24.0936,33.2673
2019-06-02 02-18-12,486,24.0463,33.2406
2019-06-02 02-18-14,486,24.1104,33.2246
2019-06-02 02-18-16,486,24.0433,33.2246
2019-06-02 02-18-18,486,24.0601,33.2246
2019-06-02 02-18-20,486,24.0753,33.2246
2019-06-02 02-18-24,486,24.025,33.2113
2019-06-02 02-18-26,486,23.9746,33.2246
2019-06-02 02-18-28,486,24.0097,33.2246
2019-06-02 02-18-30,485,24.0616,33.254
2019-06-02 02-18-32,485,24.028,33.2246
2019-06-02 02-18-34,485,24.0891,33.2113
2019-06-02 02-18-36,485,24.0601,33.2113
2019-06-02 02-18-38,485,24.0463,33.2406
2019-06-02 02-18-42,485,24.0601,33.2246
2019-06-02 02-18-44,485,24.025,33.2113
2019-06-02 02-18-46,485,24.1257,33.2246
2019-06-02 02-18-48,485,24.0921,33.2406
2019-06-02 02-18-50,486,24.1257,33.2406
2019-06-02 02-18-52,486,24.0112,33.254
2019-06-02 02-18-54,486,24.0784,33.254
2019-06-02 02-18-58,486,24.0784,33.254
2019-06-02 02-19-00,486,24.0601,33.2246
2019-06-02 02-19-02,486,24.0784,33.254
2019-06-02 02-19-04,486,24.0616,33.2406
2019-06-02 02-19-06,486,24.0295,33.254
2019-06-02 02-19-08,487,24.0463,33.254
2019-06-02 02-19-10,487,24.0112,33.254
2019-06-02 02-19-12,488,24.0433,33.2246
2019-06-02 02-19-16,488,24.0463,33.2406
2019-06-02 02-19-18,488,24.0616,33.2406
2019-06-02 02-19-20,488,24.1104,33.2246
2019-06-02 02-19-22,488,24.0921,33.2246
2019-06-02 02-19-24,488,24.0753,33.2406
2019-06-02 02-19-26,488,24.1074,33.2113
2019-06-02 02-19-28,487,24.1562,33.2246
2019-06-02 02-19-30,487,24.0875,33.1846
2019-06-02 02-19-34,487,24.0738,33.2113
2019-06-02 02-19-36,487,24.0738,33.1846
2019-06-02 02-19-38,486,24.1531,33.1846
2019-06-02 02-19-40,486,24.1562,33.2113
2019-06-02 02-19-42,486,24.1394,33.2113
2019-06-02 02-19-44,486,24.1531,33.1685
2019-06-02 02-19-46,486,24.1241,33.1979
2019-06-02 02-19-50,486,24.0738,33.2113
2019-06-02 02-19-52,487,24.1241,33.1979
2019-06-02 02-19-54,487,24.1074,33.1979
2019-06-02 02-19-56,487,24.1257,33.2246
2019-06-02 02-19-58,487,24.0891,33.2113
2019-06-02 02-20-00,487,24.0601,33.2113
2019-06-02 02-20-02,487,24.1074,33.2113
2019-06-02 02-20-04,487,24.1074,33.1979
2019-06-02 02-20-08,486,24.0601,33.2113
2019-06-02 02-20-10,486,24.1394,33.2113
2019-06-02 02-20-12,486,24.1104,33.2246
2019-06-02 02-20-14,485,24.0921,33.2406
2019-06-02 02-20-16,486,24.0784,33.254
2019-06-02 02-20-18,486,24.0295,33.254
2019-06-02 02-20-20,486,23.9929,33.254
2019-06-02 02-20-24,486,24.0295,33.2673
2019-06-02 02-20-26,486,24.0463,33.2406
2019-06-02 02-20-28,486,24.0433,33.2113
2019-06-02 02-20-30,487,24.0616,33.254
2019-06-02 02-20-32,486,24.0753,33.2406
2019-06-02 02-20-34,487,24.0753,33.2406
2019-06-02 02-20-36,487,24.0433,33.2246
2019-06-02 02-20-38,488,24.0433,33.2246
2019-06-02 02-20-42,488,24.0784,33.254
2019-06-02 02-20-44,488,24.028,33.2406
2019-06-02 02-20-46,488,24.025,33.2113
2019-06-02 02-20-48,488,24.0753,33.2246
2019-06-02 02-20-50,489,24.1241,33.2113
2019-06-02 02-20-52,489,24.0891,33.1979
2019-06-02 02-20-54,489,24.0417,33.1979
2019-06-02 02-20-58,489,24.0601,33.2113
2019-06-02 02-21-00,489,24.0616,33.2406
2019-06-02 02-21-03,488,24.0753,33.2406
2019-06-02 02-21-05,488,23.9914,33.2113
2019-06-02 02-21-07,488,24.0616,33.2406
2019-06-02 02-21-09,487,24.0295,33.254
2019-06-02 02-21-11,487,24.0479,33.2673
2019-06-02 02-21-13,487,23.9777,33.2673
2019-06-02 02-21-17,487,23.996,33.2673
2019-06-02 02-21-19,486,24.0479,33.2673
2019-06-02 02-21-21,486,23.9059,33.2673
2019-06-02 02-21-23,486,23.9792,33.2967
2019-06-02 02-21-25,486,23.9426,33.3101
2019-06-02 02-21-27,486,23.9639,33.2967
2019-06-02 02-21-29,486,24.0509,33.3101
2019-06-02 02-21-31,485,24.0326,33.3101
2019-06-02 02-21-35,485,23.9822,33.3234
2019-06-02 02-21-37,486,23.9822,33.3101
2019-06-02 02-21-39,486,23.9243,33.2807
2019-06-02 02-21-41,486,23.9792,33.2967
2019-06-02 02-21-43,485,23.9426,33.2967
2019-06-02 02-21-45,485,23.8922,33.3101
2019-06-02 02-21-47,485,23.996,33.2673
2019-06-02 02-21-51,486,24.0112,33.2673
2019-06-02 02-21-53,485,23.9594,33.254
2019-06-02 02-21-55,485,24.0463,33.254
2019-06-02 02-21-57,484,23.996,33.2807
2019-06-02 02-21-59,484,24.0295,33.2807
2019-06-02 02-22-01,483,23.9792,33.2807
2019-06-02 02-22-03,483,23.941,33.2807
2019-06-02 02-22-05,483,23.9227,33.2673
2019-06-02 02-22-09,482,24.0112,33.2673
2019-06-02 02-22-11,482,23.9792,33.2967
2019-06-02 02-22-13,482,24.0295,33.2807
2019-06-02 02-22-15,482,24.0295,33.2807
2019-06-02 02-22-17,481,24.0479,33.2967
2019-06-02 02-22-19,481,24.0616,33.2673
2019-06-02 02-22-21,480,23.996,33.2807
2019-06-02 02-22-25,480,24.0295,33.2807
2019-06-02 02-22-27,480,24.0479,33.2673
2019-06-02 02-22-29,481,24.0616,33.2673
2019-06-02 02-22-31,480,24.0295,33.254
2019-06-02 02-22-33,480,24.0799,33.2807
2019-06-02 02-22-35,481,24.0479,33.2673
2019-06-02 02-22-37,481,24.0799,33.2807
2019-06-02 02-22-39,482,24.0799,33.2807
2019-06-02 02-22-43,482,24.0784,33.254
2019-06-02 02-22-45,482,24.0479,33.2807
2019-06-02 02-22-47,482,24.0936,33.254
2019-06-02 02-22-49,482,24.0616,33.254
2019-06-02 02-22-51,482,24.0295,33.2673
2019-06-02 02-22-53,482,24.0463,33.254
2019-06-02 02-22-55,481,24.0616,33.254
2019-06-02 02-22-57,482,23.996,33.2807
2019-06-02 02-23-01,481,24.0112,33.2673
2019-06-02 02-23-03,481,24.0753,33.2406
2019-06-02 02-23-05,481,24.0753,33.2406
2019-06-02 02-23-07,482,24.0601,33.2246
2019-06-02 02-23-09,483,24.1394,33.2246
2019-06-02 02-23-11,483,24.0921,33.2406
2019-06-02 02-23-13,483,24.0601,33.2246
2019-06-02 02-23-17,483,24.0784,33.254
2019-06-02 02-23-19,482,24.0921,33.2246
2019-06-02 02-23-21,481,24.0921,33.2246
2019-06-02 02-23-23,481,24.0891,33.2113
2019-06-02 02-23-25,482,24.0417,33.1979
2019-06-02 02-23-27,482,24.057,33.1979
2019-06-02 02-23-29,482,24.0875,33.1846
2019-06-02 02-23-31,482,24.0891,33.2113
2019-06-02 02-23-35,482,24.0601,33.2113
2019-06-02 02-23-37,482,24.0097,33.2246
2019-06-02 02-23-39,481,23.9914,33.1979
2019-06-02 02-23-41,480,24.025,33.2113
2019-06-02 02-23-43,479,24.0601,33.2246
2019-06-02 02-23-45,479,24.0738,33.2113
2019-06-02 02-23-47,479,24.0753,33.2246
2019-06-02 02-23-49,479,24.0921,33.2246
2019-06-02 02-23-53,479,24.1074,33.2113
2019-06-02 02-23-55,478,24.0753,33.2246
2019-06-02 02-23-57,479,24.0738,33.2113
2019-06-02 02-23-59,478,24.0738,33.2113
2019-06-02 02-24-01,478,24.025,33.1979
2019-06-02 02-24-03,478,24.0097,33.2113
2019-06-02 02-24-05,478,24.0433,33.2113
2019-06-02 02-24-09,478,24.0875,33.1846
2019-06-02 02-24-11,478,24.1074,33.2113
2019-06-02 02-24-13,478,24.0891,33.2113
2019-06-02 02-24-15,477,24.0738,33.1979
2019-06-02 02-24-17,477,24.0463,33.254
2019-06-02 02-24-19,477,24.0112,33.2406
2019-06-02 02-24-21,477,24.028,33.2246
2019-06-02 02-24-23,476,24.0112,33.2406
2019-06-02 02-24-27,476,24.0295,33.2673
2019-06-02 02-24-29,476,24.0295,33.2673
2019-06-02 02-24-31,476,23.9929,33.254
2019-06-02 02-24-33,476,24.0295,33.254
2019-06-02 02-24-35,477,24.0479,33.2673
2019-06-02 02-24-37,477,24.0295,33.254
2019-06-02 02-24-39,477,23.996,33.2673
2019-06-02 02-24-43,477,23.996,33.2807
2019-06-02 02-24-45,477,23.9609,33.2807
2019-06-02 02-24-47,477,23.941,33.2673
2019-06-02 02-24-49,477,23.9792,33.2807
2019-06-02 02-24-51,477,23.9426,33.2967
2019-06-02 02-24-53,478,23.9777,33.2673
2019-06-02 02-24-55,478,23.9792,33.2807
2019-06-02 02-24-57,478,24.0326,33.3101
2019-06-02 02-25-01,477,24.0143,33.2807
2019-06-02 02-25-03,478,24.0158,33.3234
2019-06-02 02-25-05,478,24.0158,33.3101
2019-06-02 02-25-07,479,23.9792,33.2967
2019-06-02 02-25-09,480,24.0295,33.2807
2019-06-02 02-25-11,480,24.0143,33.2807
2019-06-02 02-25-13,480,24.0143,33.2807
2019-06-02 02-25-17,480,24.0295,33.2807
2019-06-02 02-25-19,480,24.0479,33.2807
2019-06-02 02-25-21,480,24.0295,33.2673
2019-06-02 02-25-23,480,24.028,33.2406
2019-06-02 02-25-25,480,24.0616,33.254
2019-06-02 02-25-27,480,24.1257,33.2246
2019-06-02 02-25-29,481,24.0601,33.2246
2019-06-02 02-25-31,481,24.0891,33.1979
2019-06-02 02-25-35,482,24.0875,33.1846
2019-06-02 02-25-37,482,24.1837,33.1685
2019-06-02 02-25-39,482,24.1379,33.1685
2019-06-02 02-25-41,482,24.1531,33.1685
2019-06-02 02-25-43,482,24.1837,33.1685
2019-06-02 02-25-45,483,24.1806,33.1258
2019-06-02 02-25-47,483,24.2264,33.1125
2019-06-02 02-25-49,483,24.2477,33.1258
2019-06-02 02-25-53,483,24.2264,33.1125
2019-06-02 02-25-55,483,24.2752,33.0858
2019-06-02 02-25-57,483,24.2432,33.0858
2019-06-02 02-25-59,482,24.2447,33.1125
2019-06-02 02-26-01,482,24.3042,33.0697
2019-06-02 02-26-03,481,24.2905,33.0858
2019-06-02 02-26-05,481,24.2432,33.0697
2019-06-02 02-26-09,481,24.2752,33.0697
2019-06-02 02-26-11,481,24.2752,33.0697
2019-06-02 02-26-13,481,24.2752,33.0991
2019-06-02 02-26-15,481,24.2569,33.0564
2019-06-02 02-26-18,481,24.2905,33.0858
2019-06-02 02-26-20,480,24.321,33.0697
2019-06-02 02-26-22,481,24.2401,33.0564
2019-06-02 02-26-24,482,24.3042,33.0697
2019-06-02 02-26-28,482,24.3042,33.0697
2019-06-02 02-26-30,482,24.3683,33.043
2019-06-02 02-26-32,483,24.35,33.043
2019-06-02 02-26-34,482,24.3683,33.0564
2019-06-02 02-26-36,480,24.3362,33.0858
2019-06-02 02-26-38,479,24.3439,33.1552
2019-06-02 02-26-40,477,24.2523,33.2113
2019-06-02 02-26-44,472,24.2569,33.254
2019-06-02 02-26-46,468,24.176,33.2807
2019-06-02 02-26-48,461,24.1486,33.3368
2019-06-02 02-26-50,458,24.028,33.4676
2019-06-02 02-26-52,454,23.9273,33.5798
2019-06-02 02-26-54,461,23.8419,33.6065
2019-06-02 02-26-56,470,23.7183,33.6225
2019-06-02 02-26-58,472,23.7534,33.6065
2019-06-02 02-27-02,478,23.7534,33.5931
2019-06-02 02-27-04,484,23.732,33.5664
2019-06-02 02-27-06,488,23.6954,33.5237
2019-06-02 02-27-08,490,23.7274,33.481
2019-06-02 02-27-10,494,23.7595,33.4516
2019-06-02 02-27-12,500,23.8647,33.4249
2019-06-02 02-27-14,503,23.8449,33.3955
2019-06-02 02-27-16,503,23.8449,33.3955
2019-06-02 02-27-20,499,23.9319,33.3955
2019-06-02 02-27-22,496,23.9136,33.3795
2019-06-02 02-27-24,493,23.9288,33.3368
2019-06-02 02-27-26,490,23.9471,33.3528
2019-06-02 02-27-28,489,23.9838,33.3528
2019-06-02 02-27-30,486,24.0021,33.3528
2019-06-02 02-27-32,485,23.9685,33.3795
2019-06-02 02-27-36,483,23.9685,33.3795
2019-06-02 02-27-38,484,23.8953,33.3661
2019-06-02 02-27-40,481,23.9502,33.4115
2019-06-02 02-27-42,481,23.8495,33.4516
2019-06-02 02-27-44,478,23.9014,33.4676
2019-06-02 02-27-46,477,23.8693,33.4943
2019-06-02 02-27-48,477,23.8373,33.537
2019-06-02 02-27-50,478,23.732,33.5504
2019-06-02 02-27-54,478,23.7,33.5931
2019-06-02 02-27-56,478,23.7,33.6065
2019-06-02 02-27-58,478,23.6816,33.5798
2019-06-02 02-28-00,479,23.6664,33.6225
2019-06-02 02-28-02,480,23.6481,33.6225
2019-06-02 02-28-04,481,23.6313,33.6358
2019-06-02 02-28-06,482,23.5947,33.6225
2019-06-02 02-28-08,483,23.613,33.6225
2019-06-02 02-28-12,482,23.6267,33.5798
2019-06-02 02-28-14,483,23.6618,33.5798
2019-06-02 02-28-16,484,23.6588,33.537
2019-06-02 02-28-18,484,23.6954,33.537
2019-06-02 02-28-20,485,23.7488,33.537
2019-06-02 02-28-22,485,23.7457,33.4943
2019-06-02 02-28-24,486,23.7595,33.4676
2019-06-02 02-28-28,486,23.8647,33.4249
2019-06-02 02-28-30,486,23.8815,33.4249
2019-06-02 02-28-32,487,23.8464,33.4115
2019-06-02 02-28-34,487,23.9319,33.3795
2019-06-02 02-28-36,486,23.97,33.3955
2019-06-02 02-28-38,485,23.9151,33.3955
2019-06-02 02-28-40,485,23.97,33.3955
2019-06-02 02-28-42,483,23.97,33.4249
2019-06-02 02-28-46,482,23.9182,33.4249
2019-06-02 02-28-48,482,23.8831,33.4382
2019-06-02 02-28-50,483,23.8998,33.4382
2019-06-02 02-28-52,483,23.8647,33.4249
2019-06-02 02-28-54,483,23.8647,33.4249
2019-06-02 02-28-56,483,23.8815,33.4115
2019-06-02 02-28-58,483,23.9151,33.3955
2019-06-02 02-29-00,483,23.8815,33.4115
2019-06-02 02-29-04,483,23.8632,33.3955
2019-06-02 02-29-06,482,23.9319,33.3955
2019-06-02 02-29-08,482,23.9151,33.4115
2019-06-02 02-29-10,482,23.9319,33.3955
2019-06-02 02-29-12,482,23.9136,33.3661
2019-06-02 02-29-14,482,23.9822,33.3234
2019-06-02 02-29-16,483,24.0005,33.3368
2019-06-02 02-29-20,483,24.0509,33.3234
2019-06-02 02-29-22,483,24.0326,33.3101
2019-06-02 02-29-24,482,24.0341,33.3368
2019-06-02 02-29-26,481,24.0204,33.3795
2019-06-02 02-29-28,481,23.9334,33.4249
2019-06-02 02-29-30,480,23.9731,33.4382
2019-06-02 02-29-32,480,23.8678,33.4516
2019-06-02 02-29-34,479,23.7961,33.481
2019-06-02 02-29-38,479,23.8464,33.4115
2019-06-02 02-29-40,480,23.8464,33.4249
2019-06-02 02-29-42,480,23.8083,33.4115
2019-06-02 02-29-44,481,23.8998,33.4249
2019-06-02 02-29-46,480,23.8632,33.3955
2019-06-02 02-29-48,481,23.8815,33.3955
2019-06-02 02-29-50,481,23.9685,33.3795
2019-06-02 02-29-54,481,23.9288,33.3528
2019-06-02 02-29-56,481,23.9273,33.3234
2019-06-02 02-29-58,481,24.0158,33.3234
2019-06-02 02-30-00,481,24.0005,33.3368
2019-06-02 02-30-02,482,23.9838,33.3661
2019-06-02 02-30-04,481,23.9685,33.3661
2019-06-02 02-30-06,480,23.9838,33.3528
2019-06-02 02-30-08,480,23.9471,33.3528
2019-06-02 02-30-12,479,23.9868,33.3795
2019-06-02 02-30-14,479,23.9517,33.4249
2019-06-02 02-30-16,479,23.9334,33.4115
2019-06-02 02-30-18,479,23.9151,33.4115
2019-06-02 02-30-20,478,23.9517,33.4382
2019-06-02 02-30-22,479,23.97,33.3955
2019-06-02 02-30-24,479,23.9334,33.4115
2019-06-02 02-30-26,480,23.9288,33.3528
2019-06-02 02-30-30,480,23.9471,33.3528
2019-06-02 02-30-32,481,24.0158,33.3101
2019-06-02 02-30-34,482,24.0646,33.2807
2019-06-02 02-30-36,482,24.0479,33.2807
2019-06-02 02-30-38,482,24.0784,33.254
2019-06-02 02-30-40,482,24.1119,33.2673
2019-06-02 02-30-42,481,24.1577,33.254
2019-06-02 02-30-46,480,24.0936,33.2807
2019-06-02 02-30-48,479,24.1119,33.2807
2019-06-02 02-30-50,478,24.1119,33.2673
2019-06-02 02-30-52,478,24.0799,33.2967
2019-06-02 02-30-54,478,24.0143,33.2967
2019-06-02 02-30-56,478,24.0463,33.254
2019-06-02 02-30-58,478,24.0295,33.2807
2019-06-02 02-31-00,478,24.0112,33.2673
2019-06-02 02-31-04,478,24.0295,33.2673
2019-06-02 02-31-06,478,24.0479,33.2673
2019-06-02 02-31-08,478,24.0784,33.254
2019-06-02 02-31-10,478,24.1287,33.254
2019-06-02 02-31-12,478,24.0936,33.254
2019-06-02 02-31-14,478,24.1119,33.2673
2019-06-02 02-31-16,477,24.1302,33.2967
2019-06-02 02-31-20,477,24.0662,33.3101
2019-06-02 02-31-22,477,24.0799,33.2807
2019-06-02 02-31-24,478,24.1623,33.3101
2019-06-02 02-31-26,478,24.0799,33.2967
2019-06-02 02-31-28,477,24.0479,33.2967
2019-06-02 02-31-30,477,24.0799,33.2967
2019-06-02 02-31-32,477,24.0799,33.3101
2019-06-02 02-31-34,477,24.0936,33.2807
2019-06-02 02-31-38,476,24.0662,33.3368
2019-06-02 02-31-40,476,24.0067,33.4249
2019-06-02 02-31-42,475,23.9197,33.4676
2019-06-02 02-31-44,475,23.8922,33.5664
2019-06-02 02-31-46,474,23.8602,33.6225
2019-06-02 02-31-48,474,23.7411,33.6786
2019-06-02 02-31-50,474,23.6404,33.7907
2019-06-02 02-31-52,475,23.5428,33.8495
2019-06-02 02-31-56,476,23.4711,33.8895
2019-06-02 02-31-58,477,23.439,33.9189
2019-06-02 02-32-00,478,23.3368,33.975
2019-06-02 02-32-03,479,23.2834,33.975
2019-06-02 02-32-05,479,23.3231,34.0177
2019-06-02 02-32-07,482,23.1857,34.0871
2019-06-02 02-32-09,484,23.1506,34.1005
2019-06-02 02-32-13,490,23.1537,34.1299
2019-06-02 02-32-15,502,23.1033,34.1566
2019-06-02 02-32-17,505,23.0255,34.0604
2019-06-02 02-32-19,499,23.0942,34.0311
2019-06-02 02-32-21,515,23.1415,33.975
2019-06-02 02-32-23,513,23.1918,33.9323
2019-06-02 02-32-25,511,23.2788,33.9055
2019-06-02 02-32-27,508,23.2452,33.9189
2019-06-02 02-32-31,506,23.3139,33.8895
2019-06-02 02-32-33,505,23.3475,33.8762
2019-06-02 02-32-35,502,23.4009,33.8628
2019-06-02 02-32-37,502,23.3841,33.8628
2019-06-02 02-32-39,499,23.4024,33.8762
2019-06-02 02-32-41,495,23.3612,33.8495
2019-06-02 02-32-43,491,23.4192,33.8628
2019-06-02 02-32-45,485,23.439,33.9055
2019-06-02 02-32-49,482,23.3017,33.975
2019-06-02 02-32-51,485,23.288,34.0177
2019-06-02 02-32-53,487,23.1827,34.0604
2019-06-02 02-32-55,485,23.2193,34.0871
2019-06-02 02-32-57,489,23.1491,34.0738
2019-06-02 02-32-59,490,23.1323,34.0738
2019-06-02 02-33-01,488,23.1171,34.1005
2019-06-02 02-33-05,489,23.1354,34.1005
2019-06-02 02-33-07,490,23.1003,34.1299
2019-06-02 02-33-09,490,23.0804,34.1299
2019-06-02 02-33-11,487,23.0301,34.1432
2019-06-02 02-33-13,489,23.0133,34.1566
2019-06-02 02-33-15,490,22.9797,34.1566
2019-06-02 02-33-17,490,22.9568,34.0871
2019-06-02 02-33-19,490,22.9904,34.0871
2019-06-02 02-33-23,490,23.1491,34.0604
2019-06-02 02-33-25,488,23.1171,34.0871
2019-06-02 02-33-27,487,23.114,34.0604
2019-06-02 02-33-29,488,23.1323,34.0738
2019-06-02 02-33-31,487,23.204,34.0871
2019-06-02 02-33-33,487,23.1674,34.0604
2019-06-02 02-33-35,488,23.1171,34.0871
2019-06-02 02-33-39,489,23.1308,34.0604
2019-06-02 02-33-41,490,23.1827,34.0444
2019-06-02 02-33-43,490,23.1125,34.0177
2019-06-02 02-33-45,491,23.1628,34.0177
2019-06-02 02-33-47,491,23.1598,33.975
2019-06-02 02-33-49,491,23.1781,33.975
2019-06-02 02-33-51,492,23.2056,33.8895
2019-06-02 02-33-53,492,23.2925,33.8495
2019-06-02 02-33-57,493,23.3597,33.8041
2019-06-02 02-33-59,492,23.465,33.7907
2019-06-02 02-34-01,492,23.4283,33.7614
2019-06-02 02-34-03,492,23.4619,33.7346
2019-06-02 02-34-05,492,23.5107,33.6919
2019-06-02 02-34-07,491,23.6176,33.6919
2019-06-02 02-34-09,491,23.5626,33.6625
2019-06-02 02-34-11,489,23.5657,33.6786
2019-06-02 02-34-15,489,23.584,33.6919
2019-06-02 02-34-17,488,23.5672,33.7053
2019-06-02 02-34-19,487,23.6206,33.7186
2019-06-02 02-34-21,486,23.6023,33.7186
2019-06-02 02-34-23,484,23.5535,33.7614
2019-06-02 02-34-25,483,23.5016,33.8174
2019-06-02 02-34-27,484,23.4558,33.9055
2019-06-02 02-34-31,483,23.3887,33.9483
2019-06-02 02-34-33,483,23.3505,33.9323
2019-06-02 02-34-35,486,23.3017,33.9883
2019-06-02 02-34-37,487,23.2681,33.975
2019-06-02 02-34-39,489,23.2101,33.9483
2019-06-02 02-34-41,492,23.2285,33.9483
2019-06-02 02-34-43,492,23.2605,33.8762
2019-06-02 02-34-45,492,23.3276,33.8495
2019-06-02 02-34-49,489,23.3643,33.8628
2019-06-02 02-34-51,488,23.3643,33.8628
2019-06-02 02-34-53,487,23.3292,33.8762
2019-06-02 02-34-55,487,23.259,33.8628
2019-06-02 02-34-57,486,23.3978,33.8174
2019-06-02 02-34-59,487,23.465,33.7907
2019-06-02 02-35-01,486,23.4467,33.748
2019-06-02 02-35-03,486,23.5336,33.7186
2019-06-02 02-35-07,485,23.5672,33.7186
2019-06-02 02-35-09,485,23.5703,33.7614
2019-06-02 02-35-11,485,23.6038,33.7346
2019-06-02 02-35-13,484,23.5672,33.7346
2019-06-02 02-35-15,484,23.584,33.6919
2019-06-02 02-35-17,484,23.5306,33.6919
2019-06-02 02-35-19,484,23.5657,33.6786
2019-06-02 02-35-23,483,23.5657,33.6919
2019-06-02 02-35-25,483,23.5672,33.7053
2019-06-02 02-35-27,483,23.5672,33.7186
2019-06-02 02-35-29,482,23.5336,33.7186
2019-06-02 02-35-31,481,23.4787,33.7186
2019-06-02 02-35-33,482,23.5306,33.7053
2019-06-02 02-35-35,482,23.5291,33.6625
2019-06-02 02-35-37,482,23.5626,33.6492
2019-06-02 02-35-41,482,23.703,33.6358
2019-06-02 02-35-43,482,23.7,33.5798
2019-06-02 02-35-45,483,23.7488,33.5504
2019-06-02 02-35-47,483,23.6984,33.5504
2019-06-02 02-35-49,482,23.7305,33.537
2019-06-02 02-35-51,482,23.7137,33.537
2019-06-02 02-35-53,482,23.8174,33.5237
2019-06-02 02-35-57,482,23.8678,33.4676
2019-06-02 02-35-59,482,23.8495,33.4516
2019-06-02 02-36-01,483,23.9334,33.4249
2019-06-02 02-36-03,482,23.97,33.3955
2019-06-02 02-36-05,482,23.9502,33.3955
2019-06-02 02-36-07,482,24.0189,33.3528
2019-06-02 02-36-09,482,23.9838,33.3661
2019-06-02 02-36-11,482,24.0189,33.3528
2019-06-02 02-36-15,480,23.9471,33.3795
2019-06-02 02-36-17,479,23.9838,33.3661
2019-06-02 02-36-19,479,23.9685,33.3795
2019-06-02 02-36-21,478,23.9838,33.3661
2019-06-02 02-36-23,477,23.9151,33.3955
2019-06-02 02-36-25,476,23.8998,33.4382
2019-06-02 02-36-27,476,23.8144,33.481
2019-06-02 02-36-29,476,23.851,33.481
2019-06-02 02-36-33,475,23.7808,33.4943
2019-06-02 02-36-35,475,23.819,33.5504
2019-06-02 02-36-37,475,23.735,33.5798
2019-06-02 02-36-39,474,23.6633,33.5931
2019-06-02 02-36-41,475,23.6679,33.6625
2019-06-02 02-36-43,475,23.5352,33.748
2019-06-02 02-36-45,475,23.5199,33.8174
2019-06-02 02-36-49,476,23.5062,33.8628
2019-06-02 02-36-51,476,23.4238,33.9323
2019-06-02 02-36-53,477,23.3337,33.9323
2019-06-02 02-36-55,478,23.3688,33.9483
2019-06-02 02-36-57,478,23.3154,33.9323
2019-06-02 02-36-59,479,23.3139,33.9055
2019-06-02 02-37-01,480,23.3505,33.9189
2019-06-02 02-37-03,480,23.2971,33.9189
2019-06-02 02-37-07,480,23.3505,33.9189
2019-06-02 02-37-09,481,23.3658,33.9055
2019-06-02 02-37-11,481,23.2971,33.9055
2019-06-02 02-37-13,482,23.3292,33.8628
2019-06-02 02-37-15,482,23.3429,33.8308
2019-06-02 02-37-17,482,23.3246,33.7907
2019-06-02 02-37-19,483,23.4283,33.748
2019-06-02 02-37-21,483,23.4787,33.7346
2019-06-02 02-37-25,484,23.4787,33.7186
2019-06-02 02-37-27,484,23.4924,33.6786
2019-06-02 02-37-29,484,23.584,33.6919
2019-06-02 02-37-31,484,23.6343,33.6625
2019-06-02 02-37-33,483,23.6496,33.6492
2019-06-02 02-37-35,484,23.6298,33.6225
2019-06-02 02-37-37,485,23.7,33.6065
2019-06-02 02-37-41,484,23.6633,33.6065
2019-06-02 02-37-43,484,23.6481,33.6225
2019-06-02 02-37-45,484,23.6664,33.6225
2019-06-02 02-37-47,483,23.6664,33.6225
2019-06-02 02-37-49,483,23.6847,33.6065
2019-06-02 02-37-51,482,23.6862,33.6358
2019-06-02 02-37-53,482,23.7,33.6065
2019-06-02 02-37-56,483,23.6618,33.5798
2019-06-02 02-38-00,482,23.6984,33.5504
2019-06-02 02-38-02,482,23.7488,33.537
2019-06-02 02-38-04,482,23.7137,33.537
2019-06-02 02-38-06,483,23.8144,33.5103
2019-06-02 02-38-08,483,23.8693,33.5103
2019-06-02 02-38-10,483,23.7961,33.481
2019-06-02 02-38-12,483,23.8327,33.481
2019-06-02 02-38-14,483,23.8693,33.5103
2019-06-02 02-38-18,482,23.8693,33.481
2019-06-02 02-38-20,481,23.8358,33.5103
2019-06-02 02-38-22,481,23.851,33.481
2019-06-02 02-38-24,481,23.8144,33.4943
2019-06-02 02-38-26,481,23.851,33.481
2019-06-02 02-38-28,481,23.8129,33.4676
2019-06-02 02-38-30,481,23.8327,33.4516
2019-06-02 02-38-34,481,23.8098,33.4382
2019-06-02 02-38-36,481,23.8678,33.4676
2019-06-02 02-38-38,481,23.8831,33.4516
2019-06-02 02-38-40,480,23.8815,33.4115
2019-06-02 02-38-42,480,23.9182,33.4249
2019-06-02 02-38-44,480,23.9502,33.4115
2019-06-02 02-38-46,481,23.9685,33.3661
2019-06-02 02-38-48,481,23.9838,33.3661
2019-06-02 02-38-52,481,23.9838,33.3661
2019-06-02 02-38-54,480,24.0021,33.3795
2019-06-02 02-38-56,480,23.9502,33.4115
2019-06-02 02-38-58,480,23.9502,33.3955
2019-06-02 02-39-00,480,23.9883,33.4249
2019-06-02 02-39-02,481,23.8312,33.4382
2019-06-02 02-39-04,481,23.8998,33.4382
2019-06-02 02-39-08,480,23.8998,33.4382
2019-06-02 02-39-10,481,23.9334,33.4249
2019-06-02 02-39-12,481,23.8998,33.4249
2019-06-02 02-39-14,481,23.8464,33.4115
2019-06-02 02-39-16,481,23.8831,33.4516
2019-06-02 02-39-18,480,23.9182,33.4516
2019-06-02 02-39-20,480,23.7808,33.5103
2019-06-02 02-39-22,479,23.7503,33.5798
2019-06-02 02-39-26,479,23.703,33.6225
2019-06-02 02-39-28,479,23.6343,33.6625
2019-06-02 02-39-30,479,23.6679,33.6625
2019-06-02 02-39-32,480,23.5794,33.6492
2019-06-02 02-39-34,479,23.5992,33.6786
2019-06-02 02-39-36,480,23.6359,33.7053
2019-06-02 02-39-38,480,23.5474,33.6625
2019-06-02 02-39-40,480,23.5336,33.7346
2019-06-02 02-39-44,480,23.497,33.7346
2019-06-02 02-39-46,481,23.5489,33.7053
2019-06-02 02-39-48,481,23.5672,33.7053
2019-06-02 02-39-50,482,23.5291,33.6625
2019-06-02 02-39-52,482,23.5977,33.6492
2019-06-02 02-39-54,483,23.6267,33.5931
2019-06-02 02-39-56,484,23.7503,33.5664
2019-06-02 02-40-00,484,23.732,33.5664
2019-06-02 02-40-02,485,23.7503,33.5664
2019-06-02 02-40-04,484,23.7686,33.5798
2019-06-02 02-40-06,484,23.7671,33.5504
2019-06-02 02-40-08,483,23.7137,33.5504
2019-06-02 02-40-10,483,23.764,33.5103
2019-06-02 02-40-12,482,23.7305,33.537
2019-06-02 02-40-14,483,23.764,33.5237
2019-06-02 02-40-18,485,23.7961,33.4943
2019-06-02 02-40-20,485,23.851,33.4943
2019-06-02 02-40-22,485,23.7915,33.4249
2019-06-02 02-40-24,484,23.8312,33.4382
2019-06-02 02-40-26,485,23.8098,33.4249
2019-06-02 02-40-28,485,23.9319,33.3795
2019-06-02 02-40-30,485,23.8785,33.3795
2019-06-02 02-40-34,485,23.8815,33.4249
2019-06-02 02-40-36,485,23.9502,33.3955
2019-06-02 02-40-38,485,23.8968,33.3795
2019-06-02 02-40-40,485,23.9471,33.3795
2019-06-02 02-40-42,485,23.9868,33.3955
2019-06-02 02-40-44,483,23.97,33.3955
2019-06-02 02-40-46,482,24.0021,33.3661
2019-06-02 02-40-48,482,23.9319,33.3955
2019-06-02 02-40-52,482,23.9334,33.4115
2019-06-02 02-40-54,482,23.9136,33.3795
2019-06-02 02-40-56,481,23.8953,33.3661
2019-06-02 02-40-58,482,23.9319,33.3795
2019-06-02 02-41-00,482,23.9136,33.3661
2019-06-02 02-41-02,482,23.9288,33.3528
2019-06-02 02-41-04,481,23.9471,33.3528
2019-06-02 02-41-06,481,24.0189,33.3528
2019-06-02 02-41-10,481,24.0005,33.3368
2019-06-02 02-41-12,481,24.0158,33.3234
2019-06-02 02-41-14,480,24.0158,33.3234
2019-06-02 02-41-16,480,24.0372,33.3528
2019-06-02 02-41-18,480,24.0341,33.3368
2019-06-02 02-41-20,480,23.9822,33.3234
2019-06-02 02-41-22,480,24.0005,33.3234
2019-06-02 02-41-26,481,24.0662,33.3101
2019-06-02 02-41-28,481,24.0662,33.3101
2019-06-02 02-41-30,481,24.1302,33.2967
2019-06-02 02-41-32,481,24.0967,33.3101
2019-06-02 02-41-34,481,24.0341,33.3234
2019-06-02 02-41-36,480,24.0372,33.3528
2019-06-02 02-41-38,480,23.9685,33.3795
2019-06-02 02-41-40,480,23.9151,33.3955
2019-06-02 02-41-44,480,23.9334,33.4115
2019-06-02 02-41-46,480,23.9182,33.4249
2019-06-02 02-41-48,480,23.8998,33.4115
2019-06-02 02-41-50,480,23.8815,33.3955
2019-06-02 02-41-52,481,23.9471,33.3528
2019-06-02 02-41-54,480,24.0021,33.3661
2019-06-02 02-41-56,481,23.9685,33.3661
2019-06-02 02-42-00,481,23.9471,33.3528
2019-06-02 02-42-02,481,23.9822,33.3368
2019-06-02 02-42-04,481,24.0021,33.3528
2019-06-02 02-42-06,481,24.0021,33.3661
2019-06-02 02-42-08,481,24.0189,33.3661
2019-06-02 02-42-10,481,24.0341,33.3368
2019-06-02 02-42-12,481,23.9655,33.3368
2019-06-02 02-42-14,481,24.0021,33.3661
2019-06-02 02-42-18,480,24.0555,33.3661
2019-06-02 02-42-20,480,24.0067,33.4249
2019-06-02 02-42-22,480,23.97,33.4249
2019-06-02 02-42-24,480,23.9746,33.481
2019-06-02 02-42-26,480,24.0097,33.4676
2019-06-02 02-42-28,480,23.8861,33.4676
2019-06-02 02-42-30,480,23.8693,33.4943
2019-06-02 02-42-34,481,23.8495,33.4382
2019-06-02 02-42-36,481,23.8647,33.4249
2019-06-02 02-42-38,482,23.8998,33.4249
2019-06-02 02-42-40,482,23.8968,33.3955
2019-06-02 02-42-42,482,23.9685,33.3795
2019-06-02 02-42-44,482,23.9319,33.3955
2019-06-02 02-42-46,482,24.0021,33.3661
2019-06-02 02-42-48,483,23.9288,33.3368
2019-06-02 02-42-52,482,24.0158,33.3234
2019-06-02 02-42-54,482,23.9822,33.3368
2019-06-02 02-42-56,482,24.0372,33.3528
2019-06-02 02-42-58,482,24.0189,33.3368
2019-06-02 02-43-00,482,24.0158,33.3101
2019-06-02 02-43-02,483,24.0158,33.3234
2019-06-02 02-43-04,482,24.0005,33.3234
2019-06-02 02-43-08,482,24.0021,33.3528
2019-06-02 02-43-10,482,24.0555,33.3661
2019-06-02 02-43-12,483,24.0021,33.3528
2019-06-02 02-43-14,483,23.9655,33.3368
2019-06-02 02-43-16,483,23.9655,33.3368
2019-06-02 02-43-18,483,23.9655,33.3528
2019-06-02 02-43-20,483,24.0158,33.3234
2019-06-02 02-43-22,483,23.9975,33.3101
2019-06-02 02-43-26,483,24.0662,33.3234
2019-06-02 02-43-28,483,24.0967,33.3101
2019-06-02 02-43-30,483,24.0967,33.2967
2019-06-02 02-43-32,483,24.0616,33.2673
2019-06-02 02-43-34,483,24.0616,33.254
2019-06-02 02-43-36,483,24.0936,33.2807
2019-06-02 02-43-38,482,24.0936,33.254
2019-06-02 02-43-42,482,24.0936,33.2807
2019-06-02 02-43-44,482,24.1577,33.254
2019-06-02 02-43-46,482,24.1425,33.254
2019-06-02 02-43-48,482,24.1577,33.2406
2019-06-02 02-43-50,482,24.1882,33.2113
2019-06-02 02-43-52,482,24.0753,33.2246
2019-06-02 02-43-54,481,24.1577,33.2406
2019-06-02 02-43-57,481,24.1714,33.2246
2019-06-02 02-44-01,481,24.0753,33.2406
2019-06-02 02-44-03,482,24.1898,33.2406
2019-06-02 02-44-05,482,24.1714,33.2246
2019-06-02 02-44-07,482,24.1394,33.2246
2019-06-02 02-44-09,481,24.1425,33.254
2019-06-02 02-44-11,481,24.144,33.2807
2019-06-02 02-44-13,481,24.1287,33.2673
2019-06-02 02-44-15,481,24.1119,33.254
2019-06-02 02-44-19,481,24.1119,33.254
2019-06-02 02-44-21,481,24.1425,33.254
2019-06-02 02-44-23,481,24.1257,33.2406
2019-06-02 02-44-25,481,24.1714,33.2246
2019-06-02 02-44-27,481,24.1104,33.2246
2019-06-02 02-44-29,482,24.1562,33.2113
2019-06-02 02-44-31,482,24.1882,33.2246
2019-06-02 02-44-35,482,24.1714,33.2113
2019-06-02 02-44-37,482,24.1562,33.2113
2019-06-02 02-44-39,483,24.1745,33.2406
2019-06-02 02-44-41,483,24.1714,33.2113
2019-06-02 02-44-43,483,24.1562,33.2113
2019-06-02 02-44-45,483,24.1669,33.1685
2019-06-02 02-44-47,483,24.1394,33.1979
2019-06-02 02-44-49,483,24.1394,33.2113
2019-06-02 02-44-53,483,24.1714,33.2246
2019-06-02 02-44-55,483,24.1257,33.2246
2019-06-02 02-44-57,483,24.1257,33.2246
2019-06-02 02-44-59,484,24.1882,33.2113
2019-06-02 02-45-01,484,24.1394,33.2246
2019-06-02 02-45-03,485,24.1714,33.2113
2019-06-02 02-45-05,485,24.1562,33.2113
2019-06-02 02-45-09,485,24.1714,33.2113
2019-06-02 02-45-13,486,24.1714,33.2113
2019-06-02 02-45-15,486,24.1394,33.1979
2019-06-02 02-45-17,486,24.1531,33.1979
2019-06-02 02-45-19,487,24.1882,33.2113
2019-06-02 02-45-21,487,24.1531,33.1685
2019-06-02 02-45-23,487,24.1669,33.1685
2019-06-02 02-45-27,488,24.1669,33.1552
2019-06-02 02-45-29,487,24.1989,33.1552
2019-06-02 02-45-31,488,24.2294,33.1552
2019-06-02 02-45-33,488,24.2798,33.1552
2019-06-02 02-45-35,488,24.3088,33.1125
2019-06-02 02-45-37,488,24.3225,33.0991
2019-06-02 02-45-39,489,24.3362,33.0697
2019-06-02 02-45-43,489,24.4034,33.0991
2019-06-02 02-45-45,489,24.3713,33.0697
2019-06-02 02-45-47,489,24.3683,33.0564
2019-06-02 02-45-49,488,24.3866,33.0858
2019-06-02 02-45-51,488,24.3683,33.043
2019-06-02 02-45-53,488,24.4308,33.043
2019-06-02 02-45-55,488,24.4003,33.043
2019-06-02 02-45-57,488,24.4141,33.0297
2019-06-02 02-46-01,487,24.3851,33.043
2019-06-02 02-46-03,487,24.4003,33.043
2019-06-02 02-46-05,487,24.4171,33.0697
2019-06-02 02-46-07,487,24.3851,33.0564
2019-06-02 02-46-09,487,24.4034,33.0697
2019-06-02 02-46-11,487,24.4034,33.0697
2019-06-02 02-46-13,487,24.3866,33.0697
2019-06-02 02-46-17,486,24.3362,33.0564
2019-06-02 02-46-19,486,24.3042,33.0697
2019-06-02 02-46-21,486,24.3393,33.0991
2019-06-02 02-46-23,486,24.3073,33.0858
2019-06-02 02-46-25,486,24.3729,33.0991
2019-06-02 02-46-27,486,24.2935,33.1125
2019-06-02 02-46-29,486,24.3073,33.0858
2019-06-02 02-46-31,486,24.3042,33.0697
2019-06-02 02-46-35,486,24.3362,33.0858
2019-06-02 02-46-37,487,24.35,33.0564
2019-06-02 02-46-39,487,24.3713,33.0697
2019-06-02 02-46-41,487,24.3362,33.0858
2019-06-02 02-46-43,487,24.3546,33.0991
2019-06-02 02-46-45,487,24.3408,33.1258
2019-06-02 02-46-47,487,24.2767,33.1125
2019-06-02 02-46-51,487,24.3256,33.1418
2019-06-02 02-46-53,487,24.295,33.1418
2019-06-02 02-46-55,486,24.2752,33.0991
2019-06-02 02-46-57,487,24.3073,33.0991
2019-06-02 02-46-59,488,24.3393,33.1125
2019-06-02 02-47-01,487,24.4034,33.0991
2019-06-02 02-47-03,487,24.4049,33.1125
2019-06-02 02-47-05,487,24.3896,33.1125
2019-06-02 02-47-09,487,24.3088,33.1125
2019-06-02 02-47-11,487,24.3393,33.1125
2019-06-02 02-47-13,487,24.3225,33.1125
2019-06-02 02-47-15,487,24.2767,33.1125
2019-06-02 02-47-17,487,24.3393,33.0991
2019-06-02 02-47-19,487,24.2905,33.0991
2019-06-02 02-47-21,487,24.3393,33.0991
2019-06-02 02-47-25,487,24.4186,33.0991
2019-06-02 02-47-27,487,24.353,33.0858
2019-06-02 02-47-29,486,24.3225,33.1125
2019-06-02 02-47-31,487,24.3088,33.1258
2019-06-02 02-47-33,487,24.3225,33.0858
2019-06-02 02-47-35,486,24.3546,33.1125
2019-06-02 02-47-37,485,24.263,33.1552
2019-06-02 02-47-39,485,24.3118,33.1685
2019-06-02 02-47-43,485,24.295,33.1418
2019-06-02 02-47-45,485,24.2798,33.1418
2019-06-02 02-47-47,485,24.3118,33.1552
2019-06-02 02-47-49,485,24.3805,33.1979
2019-06-02 02-47-51,485,24.3134,33.1979
2019-06-02 02-47-53,485,24.2813,33.1846
2019-06-02 02-47-55,485,24.2676,33.2246
2019-06-02 02-47-59,485,24.2523,33.2113
2019-06-02 02-48-01,486,24.1562,33.2246
2019-06-02 02-48-03,486,24.1577,33.2406
2019-06-02 02-48-05,486,24.1882,33.2113
2019-06-02 02-48-07,486,24.1562,33.2113
2019-06-02 02-48-09,487,24.2172,33.1979
2019-06-02 02-48-11,487,24.1882,33.2113
2019-06-02 02-48-13,487,24.2523,33.2113
2019-06-02 02-48-17,487,24.2676,33.2246
2019-06-02 02-48-19,487,24.2722,33.2807
2019-06-02 02-48-21,487,24.2081,33.2967
2019-06-02 02-48-23,487,24.2249,33.3101
2019-06-02 02-48-25,486,24.1669,33.3795
2019-06-02 02-48-27,486,24.1257,33.4516
2019-06-02 02-48-29,486,24.0326,33.537
2019-06-02 02-48-33,486,23.8907,33.5504
2019-06-02 02-48-35,486,23.8556,33.537
2019-06-02 02-48-37,486,23.8327,33.481
2019-06-02 02-48-39,487,23.8831,33.4382
2019-06-02 02-48-41,488,23.9151,33.4115
2019-06-02 02-48-43,489,23.9868,33.3955
2019-06-02 02-48-45,490,24.0189,33.3661
2019-06-02 02-48-47,493,24.0799,33.3101
2019-06-02 02-48-51,495,24.0646,33.2967
2019-06-02 02-48-53,500,24.1302,33.2967
2019-06-02 02-48-55,500,24.1287,33.2673
2019-06-02 02-48-57,500,24.2203,33.2406
2019-06-02 02-48-59,496,24.2386,33.2673
2019-06-02 02-49-01,492,24.1653,33.3528
2019-06-02 02-49-03,490,24.1241,33.4249
2019-06-02 02-49-07,490,24.0463,33.5103
2019-06-02 02-49-09,487,24.0143,33.5504
2019-06-02 02-49-11,488,23.9243,33.5504
2019-06-02 02-49-13,492,23.822,33.5931
2019-06-02 02-49-15,492,23.7869,33.5931
2019-06-02 02-49-17,491,23.7869,33.5931
2019-06-02 02-49-19,493,23.822,33.6065
2019-06-02 02-49-21,493,23.8785,33.6225
2019-06-02 02-49-25,493,23.7854,33.5798
2019-06-02 02-49-27,495,23.7869,33.6065
2019-06-02 02-49-29,494,23.732,33.5664
2019-06-02 02-49-31,493,23.8174,33.537
2019-06-02 02-49-33,493,23.8541,33.5237
2019-06-02 02-49-35,494,23.9044,33.4943
2019-06-02 02-49-37,497,23.9014,33.4676
2019-06-02 02-49-41,498,23.9548,33.481
2019-06-02 02-49-43,497,23.9914,33.4676
2019-06-02 02-49-45,496,24.0097,33.481
2019-06-02 02-49-47,495,24.0295,33.5237
2019-06-02 02-49-49,496,23.9227,33.4943
2019-06-02 02-49-51,495,23.9563,33.4943
2019-06-02 02-49-54,495,23.8678,33.4676
2019-06-02 02-49-56,494,23.9548,33.4676
2019-06-02 02-50-00,494,23.9197,33.481
2019-06-02 02-50-02,494,23.8358,33.5103
2019-06-02 02-50-04,494,23.8678,33.4516
2019-06-02 02-50-06,493,23.9197,33.4676
2019-06-02 02-50-08,493,23.9548,33.4516
2019-06-02 02-50-10,492,23.9731,33.4382
2019-06-02 02-50-12,492,24.0051,33.4115
2019-06-02 02-50-16,493,23.9685,33.3661
2019-06-02 02-50-18,494,24.0662,33.3234
2019-06-02 02-50-20,494,24.1623,33.2967
2019-06-02 02-50-22,494,24.1623,33.2967
2019-06-02 02-50-24,492,24.2218,33.2807
2019-06-02 02-50-26,491,24.2081,33.2967
2019-06-02 02-50-28,490,24.2569,33.2673
2019-06-02 02-50-30,490,24.2203,33.2406
2019-06-02 02-50-34,489,24.2035,33.2246
2019-06-02 02-50-36,489,24.1882,33.2113
2019-06-02 02-50-38,490,24.1882,33.2113
2019-06-02 02-50-40,489,24.2523,33.2113
2019-06-02 02-50-42,489,24.3134,33.1846
2019-06-02 02-50-44,489,24.2798,33.1552
2019-06-02 02-50-46,489,24.3271,33.1552
2019-06-02 02-50-48,490,24.3256,33.1258
2019-06-02 02-50-52,489,24.2935,33.1258
2019-06-02 02-50-54,489,24.3271,33.1552
2019-06-02 02-50-56,490,24.3088,33.1418
2019-06-02 02-50-58,489,24.3576,33.1418
2019-06-02 02-51-00,488,24.3408,33.1418
2019-06-02 02-51-02,489,24.3576,33.1418
2019-06-02 02-51-04,489,24.3256,33.1418
2019-06-02 02-51-08,489,24.3073,33.0991
2019-06-02 02-51-10,489,24.3546,33.1125
2019-06-02 02-51-12,488,24.3896,33.1258
2019-06-02 02-51-14,488,24.3729,33.0991
2019-06-02 02-51-16,488,24.3393,33.0991
2019-06-02 02-51-18,489,24.3729,33.0991
2019-06-02 02-51-20,488,24.3866,33.0697
2019-06-02 02-51-22,489,24.4171,33.043
2019-06-02 02-51-26,489,24.4171,33.043
2019-06-02 02-51-28,489,24.4781,33.043
2019-06-02 02-51-30,489,24.4781,33.0564
2019-06-02 02-51-32,489,24.4812,33.0697
2019-06-02 02-51-34,490,24.4461,33.043
2019-06-02 02-51-36,491,24.4461,33.0297
2019-06-02 02-51-38,491,24.4278,33.0137
2019-06-02 02-51-42,491,24.527,33.0297
2019-06-02 02-51-44,491,24.6048,33.0137
2019-06-02 02-51-46,492,24.6017,32.9736
2019-06-02 02-51-48,492,24.5865,32.987
2019-06-02 02-51-50,492,24.5544,32.9736
2019-06-02 02-51-52,492,24.556,33.0003
2019-06-02 02-51-54,491,24.556,33.0003
2019-06-02 02-51-56,490,24.5697,32.987
2019-06-02 02-52-00,491,24.5865,32.9736
2019-06-02 02-52-02,492,24.5697,32.987
2019-06-02 02-52-04,491,24.6002,32.9576
2019-06-02 02-52-06,491,24.614,32.9282
2019-06-02 02-52-08,491,24.6155,32.9442
2019-06-02 02-52-10,490,24.6323,32.9576
2019-06-02 02-52-12,491,24.6155,32.9576
2019-06-02 02-52-16,491,24.6002,32.9576
2019-06-02 02-52-18,491,24.6002,32.9576
2019-06-02 02-52-20,491,24.6323,32.9736
2019-06-02 02-52-22,491,24.6506,32.9576
2019-06-02 02-52-24,491,24.6155,32.9442
2019-06-02 02-52-26,491,24.6155,32.9576
2019-06-02 02-52-28,491,24.5377,32.9576
2019-06-02 02-52-30,490,24.5865,32.987
2019-06-02 02-52-34,490,24.5514,32.9442
2019-06-02 02-52-36,491,24.5361,32.9282
2019-06-02 02-52-38,491,24.6506,32.9442
2019-06-02 02-52-40,492,24.614,32.9282
2019-06-02 02-52-42,492,24.5834,32.9576
2019-06-02 02-52-44,491,24.6292,32.9282
2019-06-02 02-52-46,490,24.7116,32.9576
2019-06-02 02-52-48,490,24.6826,32.9736
2019-06-02 02-52-52,490,24.6323,32.9442
2019-06-02 02-52-54,489,24.6323,32.9576
2019-06-02 02-52-56,489,24.6155,32.9576
2019-06-02 02-52-58,489,24.6521,32.987
2019-06-02 02-53-00,487,24.6826,32.9576
2019-06-02 02-53-02,487,24.6185,32.987
2019-06-02 02-53-04,487,24.6368,33.0297
2019-06-02 02-53-08,487,24.6368,33.0137
2019-06-02 02-53-10,487,24.5911,33.043
2019-06-02 02-53-12,487,24.5407,33.0003
2019-06-02 02-53-14,487,24.527,33.0297
2019-06-02 02-53-16,486,24.527,33.0137
2019-06-02 02-53-18,486,24.5239,32.987
2019-06-02 02-53-20,486,24.5697,32.987
2019-06-02 02-53-22,487,24.5407,33.0003
2019-06-02 02-53-26,488,24.5865,32.987
2019-06-02 02-53-28,488,24.6201,33.0137
2019-06-02 02-53-30,488,24.5728,33.0137
2019-06-02 02-53-32,487,24.6552,33.0137
2019-06-02 02-53-34,487,24.5773,33.0564
2019-06-02 02-53-36,487,24.5514,33.1552
2019-06-02 02-53-38,486,24.4263,33.1979
2019-06-02 02-53-42,487,24.3637,33.2246
2019-06-02 02-53-44,487,24.3317,33.2246
2019-06-02 02-53-46,487,24.3347,33.2673
2019-06-02 02-53-48,487,24.2401,33.2967
2019-06-02 02-53-50,487,24.1928,33.2967
2019-06-02 02-53-52,488,24.2111,33.3234
2019-06-02 02-53-54,488,24.2584,33.3101
2019-06-02 02-53-56,488,24.2111,33.3101
2019-06-02 02-54-00,489,24.2401,33.2967
2019-06-02 02-54-02,489,24.2401,33.3101
2019-06-02 02-54-04,490,24.2264,33.3234
2019-06-02 02-54-06,490,24.2249,33.3101
2019-06-02 02-54-08,490,24.176,33.2967
2019-06-02 02-54-10,490,24.1928,33.2807
2019-06-02 02-54-12,490,24.1623,33.2967
2019-06-02 02-54-14,490,24.2065,33.254
2019-06-02 02-54-18,490,24.2401,33.2967
2019-06-02 02-54-20,490,24.2401,33.3101
2019-06-02 02-54-22,490,24.2249,33.2967
2019-06-02 02-54-24,490,24.2386,33.2807
2019-06-02 02-54-26,491,24.2065,33.2673
2019-06-02 02-54-28,491,24.2569,33.254
2019-06-02 02-54-30,491,24.2676,33.2246
2019-06-02 02-54-34,491,24.2981,33.1979
2019-06-02 02-54-36,491,24.3622,33.2113
2019-06-02 02-54-38,492,24.3439,33.1846
2019-06-02 02-54-40,493,24.3576,33.1552
2019-06-02 02-54-42,493,24.3912,33.1418
2019-06-02 02-54-44,493,24.4354,33.0991
2019-06-02 02-54-46,494,24.4034,33.0858
2019-06-02 02-54-48,494,24.4995,33.1125
2019-06-02 02-54-52,493,24.4827,33.0991
2019-06-02 02-54-54,492,24.4492,33.0697
2019-06-02 02-54-56,491,24.4995,33.1125
2019-06-02 02-54-58,490,24.4873,33.1685
2019-06-02 02-55-00,490,24.4171,33.2673
2019-06-02 02-55-02,489,24.3073,33.3101
2019-06-02 02-55-04,489,24.2752,33.3101
2019-06-02 02-55-08,489,24.1898,33.254
2019-06-02 02-55-10,490,24.2706,33.2406
2019-06-02 02-55-12,491,24.234,33.2113
2019-06-02 02-55-14,491,24.2676,33.1979
2019-06-02 02-55-16,491,24.3591,33.1846
2019-06-02 02-55-18,490,24.3805,33.1979
2019-06-02 02-55-20,489,24.3622,33.2113
2019-06-02 02-55-22,489,24.3454,33.2113
2019-06-02 02-55-26,488,24.2996,33.2246
2019-06-02 02-55-28,488,24.3164,33.2113
2019-06-02 02-55-31,489,24.3439,33.1846
2019-06-02 02-55-33,490,24.3637,33.2246
2019-06-02 02-55-35,489,24.2844,33.2246
2019-06-02 02-55-37,488,24.2569,33.2807
2019-06-02 02-55-39,486,24.2584,33.2967
2019-06-02 02-55-43,486,24.2584,33.2967
2019-06-02 02-55-45,486,24.2889,33.2807
2019-06-02 02-55-47,487,24.2752,33.3101
2019-06-02 02-55-49,487,24.2752,33.2967
2019-06-02 02-55-51,488,24.2218,33.2673
2019-06-02 02-55-53,488,24.2218,33.254
2019-06-02 02-55-55,488,24.2706,33.2406
2019-06-02 02-55-57,488,24.2844,33.2246
2019-06-02 02-56-01,488,24.2844,33.2246
2019-06-02 02-56-03,488,24.2722,33.2673
2019-06-02 02-56-05,488,24.2889,33.2673
2019-06-02 02-56-07,488,24.2386,33.2807
2019-06-02 02-56-09,489,24.2905,33.3234
2019-06-02 02-56-11,488,24.2905,33.3101
2019-06-02 02-56-13,487,24.2767,33.3368
2019-06-02 02-56-17,488,24.2126,33.3661
2019-06-02 02-56-19,488,24.1974,33.3528
2019-06-02 02-56-21,488,24.1974,33.3661
2019-06-02 02-56-23,489,24.1653,33.3368
2019-06-02 02-56-25,489,24.1623,33.3234
2019-06-02 02-56-27,489,24.2111,33.3368
2019-06-02 02-56-29,490,24.1806,33.3368
2019-06-02 02-56-31,490,24.1928,33.2967
2019-06-02 02-56-35,490,24.1928,33.2967
2019-06-02 02-56-37,489,24.2264,33.3234
2019-06-02 02-56-39,489,24.2752,33.2967
2019-06-02 02-56-41,489,24.2569,33.254
2019-06-02 02-56-43,490,24.2889,33.2673
2019-06-02 02-56-45,491,24.3637,33.2246
2019-06-02 02-56-47,490,24.3164,33.2113
2019-06-02 02-56-51,490,24.3637,33.2246
2019-06-02 02-56-53,489,24.3362,33.2807
2019-06-02 02-56-55,490,24.2752,33.2967
2019-06-02 02-56-57,490,24.2889,33.2807
2019-06-02 02-56-59,490,24.2859,33.2406
2019-06-02 02-57-01,491,24.2523,33.2113
2019-06-02 02-57-03,490,24.3805,33.1979
2019-06-02 02-57-05,490,24.3805,33.1979
2019-06-02 02-57-09,489,24.3637,33.2406
2019-06-02 02-57-11,488,24.2584,33.2967
2019-06-02 02-57-13,487,24.2111,33.3368
2019-06-02 02-57-15,487,24.2294,33.3528
2019-06-02 02-57-17,487,24.2126,33.3528
2019-06-02 02-57-19,487,24.1516,33.3661
2019-06-02 02-57-21,488,24.1989,33.3955
2019-06-02 02-57-23,487,24.1379,33.3955
2019-06-02 02-57-27,488,24.0875,33.3795
2019-06-02 02-57-29,486,24.0891,33.4115
2019-06-02 02-57-31,486,24.025,33.4382
2019-06-02 02-57-33,485,24.0387,33.4115
2019-06-02 02-57-35,486,24.0601,33.4516
2019-06-02 02-57-37,486,23.9914,33.4516
2019-06-02 02-57-39,485,24.025,33.4516
2019-06-02 02-57-43,487,24.0601,33.4516
2019-06-02 02-57-45,488,24.0601,33.4382
2019-06-02 02-57-47,489,23.9883,33.4115
2019-06-02 02-57-49,490,24.1211,33.4115
2019-06-02 02-57-51,490,24.1196,33.3795
2019-06-02 02-57-53,488,24.1852,33.4249
2019-06-02 02-57-55,487,24.1379,33.3955
2019-06-02 02-57-57,485,24.1379,33.4115
2019-06-02 02-58-01,486,24.1989,33.3795
2019-06-02 02-58-03,486,24.1653,33.3528
2019-06-02 02-58-05,485,24.1348,33.3528
2019-06-02 02-58-07,485,24.1669,33.3661
2019-06-02 02-58-09,484,24.1394,33.4249
2019-06-02 02-58-11,485,24.0433,33.4676
2019-06-02 02-58-13,484,23.9746,33.481
2019-06-02 02-58-17,485,24.0433,33.4516
2019-06-02 02-58-19,487,24.0067,33.4249
2019-06-02 02-58-21,486,24.0738,33.4249
2019-06-02 02-58-23,486,24.1058,33.4249
2019-06-02 02-58-25,488,24.1028,33.4115
2019-06-02 02-58-27,488,24.1104,33.4943
2019-06-02 02-58-29,487,24.0982,33.5504
2019-06-02 02-58-31,487,23.9838,33.6065
2019-06-02 02-58-35,488,23.9334,33.6625
2019-06-02 02-58-37,487,23.8647,33.6786
2019-06-02 02-58-39,485,23.8144,33.748
2019-06-02 02-58-41,484,23.7305,33.7614
2019-06-02 02-58-43,485,23.6984,33.8041
2019-06-02 02-58-45,487,23.6252,33.8041
2019-06-02 02-58-47,487,23.6267,33.8174
2019-06-02 02-58-51,486,23.6252,33.7907
2019-06-02 02-58-53,487,23.5931,33.8495
2019-06-02 02-58-55,488,23.6298,33.8628
2019-06-02 02-58-57,488,23.5565,33.8041
2019-06-02 02-58-59,490,23.6069,33.7907
2019-06-02 02-59-01,492,23.6221,33.748
2019-06-02 02-59-03,494,23.671,33.7186
2019-06-02 02-59-05,493,23.6526,33.7053
2019-06-02 02-59-09,493,23.7396,33.6492
2019-06-02 02-59-11,494,23.6847,33.6225
2019-06-02 02-59-13,494,23.7183,33.6225
2019-06-02 02-59-15,491,23.7717,33.6225
2019-06-02 02-59-17,488,23.8052,33.6225
2019-06-02 02-59-19,490,23.79,33.6358
2019-06-02 02-59-21,489,23.8449,33.6358
2019-06-02 02-59-25,488,23.8266,33.6625
2019-06-02 02-59-27,487,23.7396,33.6492
2019-06-02 02-59-29,489,23.7717,33.6225
2019-06-02 02-59-31,489,23.7869,33.5931
2019-06-02 02-59-33,489,23.8922,33.5664
2019-06-02 02-59-35,490,23.8693,33.5103
2019-06-02 02-59-37,491,23.9059,33.5103
2019-06-02 02-59-39,492,23.9365,33.4676
2019-06-02 02-59-43,491,23.97,33.4249
2019-06-02 02-59-45,489,24.0417,33.4382
2019-06-02 02-59-47,489,24.0234,33.4115
2019-06-02 02-59-49,490,24.0707,33.3795
2019-06-02 02-59-51,490,24.1013,33.3528
2019-06-02 02-59-53,490,24.115,33.3101
2019-06-02 02-59-55,490,24.147,33.2967
2019-06-02 02-59-57,490,24.2386,33.2673
2019-06-02 03-00-01,490,24.2538,33.2406
2019-06-02 03-00-03,490,24.2676,33.2113
2019-06-02 03-00-05,490,24.2996,33.2246
2019-06-02 03-00-07,490,24.2981,33.1846
2019-06-02 03-00-09,489,24.2996,33.2246
2019-06-02 03-00-11,490,24.3622,33.2113
2019-06-02 03-00-13,489,24.295,33.1552
2019-06-02 03-00-17,488,24.3637,33.2246
2019-06-02 03-00-19,486,24.3347,33.254
2019-06-02 03-00-21,486,24.321,33.2967
2019-06-02 03-00-23,484,24.2752,33.2967
2019-06-02 03-00-25,484,24.2905,33.2967
2019-06-02 03-00-27,484,24.2905,33.3101
2019-06-02 03-00-29,484,24.2752,33.2967
2019-06-02 03-00-31,484,24.2081,33.2807
2019-06-02 03-00-35,485,24.321,33.2807
2019-06-02 03-00-37,485,24.2889,33.2673
2019-06-02 03-00-39,486,24.3317,33.2246
2019-06-02 03-00-41,487,24.3439,33.1846
2019-06-02 03-00-43,487,24.3958,33.2246
2019-06-02 03-00-45,487,24.3134,33.1846
2019-06-02 03-00-47,487,24.2813,33.1979
2019-06-02 03-00-49,487,24.3774,33.1685
2019-06-02 03-00-53,486,24.4095,33.1685
2019-06-02 03-00-55,486,24.3591,33.1685
2019-06-02 03-00-57,488,24.4232,33.1418
2019-06-02 03-00-59,488,24.4049,33.1258
2019-06-02 03-01-01,488,24.4995,33.1258
2019-06-02 03-01-03,488,24.4827,33.1125
2019-06-02 03-01-05,489,24.5331,33.1125
2019-06-02 03-01-09,488,24.4507,33.0991
2019-06-02 03-01-11,488,24.4186,33.0858
2019-06-02 03-01-13,488,24.3729,33.0991
2019-06-02 03-01-15,487,24.4827,33.0991
2019-06-02 03-01-17,487,24.5148,33.0697
2019-06-02 03-01-19,487,24.4965,33.0697
2019-06-02 03-01-21,487,24.559,33.043
2019-06-02 03-01-24,487,24.5743,33.043
2019-06-02 03-01-28,486,24.5926,33.0697
2019-06-02 03-01-30,486,24.5285,33.043
2019-06-02 03-01-32,487,24.5453,33.0564
2019-06-02 03-01-34,487,24.5285,33.0564
2019-06-02 03-01-36,486,24.5422,33.0297
2019-06-02 03-01-38,487,24.559,33.0297
2019-06-02 03-01-40,487,24.5285,33.043
2019-06-02 03-01-44,487,24.5102,33.0297
2019-06-02 03-01-46,489,24.5422,33.0297
2019-06-02 03-01-48,488,24.5422,33.0297
2019-06-02 03-01-50,487,24.4629,33.043
2019-06-02 03-01-52,487,24.4919,33.0297
2019-06-02 03-01-54,487,24.4598,33.0137
2019-06-02 03-01-56,487,24.4949,33.043
2019-06-02 03-01-58,488,24.5407,33.0003
2019-06-02 03-02-02,487,24.5422,33.0297
2019-06-02 03-02-04,487,24.5422,33.0297
2019-06-02 03-02-06,488,24.4919,33.0137
2019-06-02 03-02-08,488,24.556,33.0137
2019-06-02 03-02-10,488,24.5911,33.0297
2019-06-02 03-02-12,489,24.6048,33.0003
2019-06-02 03-02-14,488,24.6048,33.0003
2019-06-02 03-02-16,488,24.5743,33.0297
2019-06-02 03-02-20,487,24.5453,33.043
2019-06-02 03-02-22,487,24.5956,33.0991
2019-06-02 03-02-24,486,24.556,33.2113
2019-06-02 03-02-26,485,24.4141,33.254
2019-06-02 03-02-28,486,24.3713,33.3234
2019-06-02 03-02-30,486,24.321,33.2967
2019-06-02 03-02-32,486,24.263,33.3528
2019-06-02 03-02-36,486,24.295,33.3795
2019-06-02 03-02-38,486,24.202,33.4249
2019-06-02 03-02-40,487,24.1379,33.4115
2019-06-02 03-02-42,488,24.1241,33.4382
2019-06-02 03-02-44,489,24.1211,33.4115
2019-06-02 03-02-46,490,24.1013,33.3661
2019-06-02 03-02-48,490,24.1348,33.3528
2019-06-02 03-02-50,491,24.1943,33.3234
2019-06-02 03-02-54,492,24.1623,33.3234
2019-06-02 03-02-56,492,24.2249,33.3101
2019-06-02 03-02-58,493,24.1608,33.2807
2019-06-02 03-03-00,493,24.147,33.3101
2019-06-02 03-03-02,493,24.1928,33.2967
2019-06-02 03-03-04,493,24.2386,33.2673
2019-06-02 03-03-06,494,24.2065,33.254
2019-06-02 03-03-10,496,24.2203,33.2246
2019-06-02 03-03-12,497,24.3179,33.254
2019-06-02 03-03-14,498,24.3164,33.2113
2019-06-02 03-03-16,497,24.3301,33.1846
2019-06-02 03-03-18,497,24.3134,33.1846
2019-06-02 03-03-20,498,24.3118,33.1552
2019-06-02 03-03-22,498,24.3759,33.1418
2019-06-02 03-03-24,500,24.437,33.1258
2019-06-02 03-03-28,499,24.437,33.1258
2019-06-02 03-03-30,499,24.437,33.1258
2019-06-02 03-03-32,500,24.4537,33.1418
2019-06-02 03-03-34,499,24.4049,33.1125
2019-06-02 03-03-36,498,24.4217,33.1258
2019-06-02 03-03-38,497,24.4675,33.0991
2019-06-02 03-03-40,497,24.4507,33.0991
2019-06-02 03-03-44,497,24.4644,33.0697
2019-06-02 03-03-46,497,24.4781,33.043
2019-06-02 03-03-48,497,24.4781,33.043
2019-06-02 03-03-50,498,24.5453,33.043
2019-06-02 03-03-52,496,24.4781,33.043
2019-06-02 03-03-54,497,24.4949,33.0564
2019-06-02 03-03-56,496,24.5316,33.0697
2019-06-02 03-03-58,496,24.4949,33.0564
2019-06-02 03-04-02,496,24.5148,33.0697
2019-06-02 03-04-04,496,24.4171,33.0564
2019-06-02 03-04-06,495,24.4781,33.0564
2019-06-02 03-04-08,495,24.4507,33.0991
2019-06-02 03-04-10,496,24.4629,33.0564
2019-06-02 03-04-12,496,24.5331,33.1125
2019-06-02 03-04-14,496,24.4507,33.0858
2019-06-02 03-04-18,496,24.5331,33.1125
2019-06-02 03-04-20,496,24.4827,33.1125
2019-06-02 03-04-22,495,24.501,33.1552
2019-06-02 03-04-24,494,24.4553,33.1552
2019-06-02 03-04-26,494,24.3942,33.1685
2019-06-02 03-04-28,494,24.3439,33.1846
2019-06-02 03-04-30,494,24.3805,33.2113
2019-06-02 03-04-32,494,24.3805,33.2113
2019-06-02 03-04-36,494,24.3591,33.1846
2019-06-02 03-04-38,494,24.3484,33.2246
2019-06-02 03-04-40,495,24.3484,33.2246
2019-06-02 03-04-42,495,24.2996,33.2113
2019-06-02 03-04-44,495,24.2981,33.1846
2019-06-02 03-04-46,496,24.3271,33.1552
2019-06-02 03-04-48,496,24.3774,33.1685
2019-06-02 03-04-52,496,24.3393,33.1125
2019-06-02 03-04-54,497,24.4186,33.0858
2019-06-02 03-04-56,497,24.4812,33.0858
2019-06-02 03-04-58,498,24.4781,33.0564
2019-06-02 03-05-00,499,24.4461,33.0297
2019-06-02 03-05-02,499,24.5911,33.0297
2019-06-02 03-05-04,496,24.5773,33.0564
2019-06-02 03-05-06,494,24.5911,33.0297
2019-06-02 03-05-10,494,24.5728,33.0137
2019-06-02 03-05-12,493,24.5743,33.043
2019-06-02 03-05-14,492,24.559,33.0297
2019-06-02 03-05-16,493,24.5728,33.0137
2019-06-02 03-05-18,493,24.5102,33.0137
2019-06-02 03-05-20,492,24.559,33.0297
2019-06-02 03-05-22,492,24.559,33.0297
2019-06-02 03-05-24,493,24.5728,33.0003
2019-06-02 03-05-28,492,24.588,33.0003
2019-06-02 03-05-30,492,24.5422,33.0297
2019-06-02 03-05-32,493,24.527,33.0297
2019-06-02 03-05-34,492,24.4904,32.987
2019-06-02 03-05-36,492,24.527,33.0137
2019-06-02 03-05-38,492,24.5102,33.0137
2019-06-02 03-05-40,492,24.4781,33.043
2019-06-02 03-05-44,491,24.4949,33.0564
2019-06-02 03-05-46,490,24.5453,33.043
2019-06-02 03-05-48,492,24.5285,33.043
2019-06-02 03-05-50,493,24.5316,33.0697
2019-06-02 03-05-52,493,24.5422,33.0297
2019-06-02 03-05-54,492,24.5285,33.043
2019-06-02 03-05-56,493,24.5453,33.043
2019-06-02 03-05-58,494,24.4919,33.0297
2019-06-02 03-06-02,494,24.5285,33.043
2019-06-02 03-06-04,493,24.559,33.043
2019-06-02 03-06-06,493,24.5132,33.043
2019-06-02 03-06-08,493,24.527,33.0137
2019-06-02 03-06-10,493,24.4598,33.0137
2019-06-02 03-06-12,492,24.4598,33.0137
2019-06-02 03-06-14,491,24.559,33.0297
2019-06-02 03-06-18,491,24.5743,33.043
2019-06-02 03-06-20,491,24.5743,33.0297
2019-06-02 03-06-22,491,24.6063,33.0297
2019-06-02 03-06-24,490,24.5453,33.0564
2019-06-02 03-06-26,490,24.588,33.0137
2019-06-02 03-06-28,490,24.6063,33.0297
2019-06-02 03-06-30,490,24.6185,33.0003
2019-06-02 03-06-32,489,24.6048,33.0137
2019-06-02 03-06-36,489,24.5728,33.0137
2019-06-02 03-06-38,489,24.6048,33.0003
2019-06-02 03-06-40,490,24.527,33.0297
2019-06-02 03-06-42,490,24.5422,33.0297
2019-06-02 03-06-44,490,24.5453,33.043
2019-06-02 03-06-46,491,24.5743,33.0297
2019-06-02 03-06-48,490,24.5728,33.0003
2019-06-02 03-06-52,491,24.6201,33.0297
2019-06-02 03-06-54,491,24.5422,33.0137
2019-06-02 03-06-56,490,24.5422,33.0297
2019-06-02 03-06-58,490,24.5911,33.0297
2019-06-02 03-07-00,489,24.6521,33.0003
2019-06-02 03-07-02,490,24.556,33.0137
2019-06-02 03-07-04,489,24.6063,33.0297
2019-06-02 03-07-06,489,24.5773,33.0564
2019-06-02 03-07-10,489,24.5743,33.043
2019-06-02 03-07-12,489,24.5743,33.043
2019-06-02 03-07-15,488,24.5911,33.0564
2019-06-02 03-07-17,489,24.5316,33.0991
2019-06-02 03-07-19,489,24.4827,33.0991
2019-06-02 03-07-21,488,24.4507,33.1125
2019-06-02 03-07-23,488,24.4858,33.1258
2019-06-02 03-07-27,489,24.4675,33.1125
2019-06-02 03-07-29,490,24.4827,33.0991
2019-06-02 03-07-31,490,24.4507,33.0858
2019-06-02 03-07-33,490,24.3866,33.0858
2019-06-02 03-07-35,491,24.4171,33.0697
2019-06-02 03-07-37,492,24.4644,33.0697
2019-06-02 03-07-39,492,24.4949,33.043
2019-06-02 03-07-41,492,24.4781,33.043
2019-06-02 03-07-45,492,24.527,33.0297
2019-06-02 03-07-47,493,24.5422,33.0297
2019-06-02 03-07-49,493,24.5132,33.0564
2019-06-02 03-07-51,493,24.5911,33.0564
2019-06-02 03-07-53,494,24.5743,33.043
2019-06-02 03-07-55,494,24.5422,33.0297
2019-06-02 03-07-57,494,24.5087,33.0003
2019-06-02 03-08-01,495,24.5407,32.987
2019-06-02 03-08-03,495,24.6185,33.0003
2019-06-02 03-08-05,495,24.6338,33.0003
2019-06-02 03-08-07,495,24.6384,33.043
2019-06-02 03-08-09,495,24.6384,33.043
2019-06-02 03-08-11,495,24.5422,33.0297
2019-06-02 03-08-13,495,24.527,33.0297
2019-06-02 03-08-15,495,24.5453,33.0564
2019-06-02 03-08-19,495,24.5102,33.0297
2019-06-02 03-08-21,496,24.5743,33.0297
2019-06-02 03-08-23,496,24.6063,33.0297
2019-06-02 03-08-25,496,24.4949,33.0564
2019-06-02 03-08-27,496,24.5132,33.043
2019-06-02 03-08-29,496,24.4919,33.0297
2019-06-02 03-08-31,496,24.5285,33.043
2019-06-02 03-08-35,495,24.5285,33.043
2019-06-02 03-08-37,495,24.6063,33.0297
2019-06-02 03-08-39,495,24.6048,33.0137
2019-06-02 03-08-41,495,24.6017,32.987
2019-06-02 03-08-43,496,24.6521,33.0003
2019-06-02 03-08-45,495,24.6185,32.9736
2019-06-02 03-08-47,496,24.6506,32.9442
2019-06-02 03-08-49,497,24.6658,32.9576
2019-06-02 03-08-53,497,24.6643,32.9149
2019-06-02 03-08-55,498,24.6796,32.9282
2019-06-02 03-08-57,498,24.6475,32.9149
2019-06-02 03-08-59,498,24.6292,32.9282
2019-06-02 03-09-01,497,24.678,32.9149
2019-06-02 03-09-03,497,24.678,32.9149
2019-06-02 03-09-05,498,24.6475,32.9149
2019-06-02 03-09-07,497,24.7101,32.9149
2019-06-02 03-09-11,497,24.6933,32.9149
2019-06-02 03-09-13,497,24.7238,32.8855
2019-06-02 03-09-15,497,24.8032,32.8721
2019-06-02 03-09-17,497,24.7894,32.8855
2019-06-02 03-09-19,496,24.7528,32.8721
2019-06-02 03-09-21,495,24.7711,32.8855
2019-06-02 03-09-23,494,24.7421,32.9149
2019-06-02 03-09-27,494,24.7574,32.9149
2019-06-02 03-09-29,494,24.7574,32.9282
2019-06-02 03-09-31,494,24.707,32.8855
2019-06-02 03-09-33,495,24.7421,32.9149
2019-06-02 03-09-35,496,24.7238,32.8855
2019-06-02 03-09-37,496,24.7711,32.8855
2019-06-02 03-09-39,495,24.8169,32.8588
2019-06-02 03-09-41,495,24.7375,32.8588
2019-06-02 03-09-45,494,24.707,32.8721
2019-06-02 03-09-47,494,24.7375,32.8721
2019-06-02 03-09-49,494,24.7391,32.8855
2019-06-02 03-09-51,495,24.7696,32.8721
2019-06-02 03-09-53,495,24.7528,32.8721
2019-06-02 03-09-55,494,24.7528,32.8588
2019-06-02 03-09-57,495,24.7879,32.8588
2019-06-02 03-10-01,494,24.8337,32.8428
2019-06-02 03-10-03,493,24.7925,32.9149
2019-06-02 03-10-05,493,24.7757,32.9576
2019-06-02 03-10-07,493,24.6506,32.9576
2019-06-02 03-10-09,493,24.6185,32.9736
2019-06-02 03-10-11,493,24.5911,33.0297
2019-06-02 03-10-13,492,24.6231,33.043
2019-06-02 03-10-15,492,24.5636,33.0991
2019-06-02 03-10-19,492,24.4995,33.0991
2019-06-02 03-10-21,491,24.5514,33.1418
2019-06-02 03-10-23,491,24.472,33.1846
2019-06-02 03-10-25,492,24.4232,33.1552
2019-06-02 03-10-27,493,24.4049,33.1258
2019-06-02 03-10-29,493,24.437,33.1258
2019-06-02 03-10-31,493,24.437,33.1125
2019-06-02 03-10-35,494,24.4812,33.0858
2019-06-02 03-10-37,494,24.4827,33.0991
2019-06-02 03-10-39,494,24.4492,33.0564
2019-06-02 03-10-41,495,24.5148,33.0858
2019-06-02 03-10-43,495,24.4537,33.1258
2019-06-02 03-10-45,495,24.4217,33.1258
2019-06-02 03-10-47,494,24.4537,33.1258
2019-06-02 03-10-49,494,24.4827,33.1125
2019-06-02 03-10-53,494,24.5316,33.0991
2019-06-02 03-10-55,494,24.4507,33.0991
2019-06-02 03-10-57,494,24.5148,33.0858
2019-06-02 03-10-59,494,24.4629,33.0564
2019-06-02 03-11-01,495,24.5316,33.0858
2019-06-02 03-11-03,495,24.5285,33.0564
2019-06-02 03-11-05,496,24.5453,33.0564
2019-06-02 03-11-07,495,24.5285,33.0564
2019-06-02 03-11-11,495,24.4781,33.0564
2019-06-02 03-11-13,496,24.5453,33.0564
2019-06-02 03-11-15,496,24.4949,33.043
2019-06-02 03-11-17,496,24.5453,33.0564
2019-06-02 03-11-19,496,24.5132,33.043
2019-06-02 03-11-21,496,24.5453,33.0697
2019-06-02 03-11-23,496,24.5132,33.043
2019-06-02 03-11-27,496,24.5468,33.0991
2019-06-02 03-11-29,496,24.4827,33.0991
2019-06-02 03-11-31,495,24.4324,33.0697
2019-06-02 03-11-33,495,24.4949,33.0564
2019-06-02 03-11-35,495,24.5468,33.0858
2019-06-02 03-11-37,495,24.5468,33.0858
2019-06-02 03-11-39,495,24.5789,33.0991
2019-06-02 03-11-41,495,24.5178,33.0991
2019-06-02 03-11-45,495,24.5468,33.0858
2019-06-02 03-11-47,496,24.5316,33.0697
2019-06-02 03-11-49,496,24.5132,33.0564
2019-06-02 03-11-51,495,24.5285,33.043
2019-06-02 03-11-53,495,24.5453,33.043
2019-06-02 03-11-55,495,24.5148,33.0858
2019-06-02 03-11-57,495,24.5285,33.0564
2019-06-02 03-12-01,495,24.5743,33.043
2019-06-02 03-12-03,495,24.4949,33.043
2019-06-02 03-12-05,495,24.4919,33.0297
2019-06-02 03-12-07,495,24.4781,33.0564
2019-06-02 03-12-09,495,24.5728,33.0137
2019-06-02 03-12-11,496,24.5407,33.0003
2019-06-02 03-12-13,496,24.527,33.0137
2019-06-02 03-12-15,496,24.527,33.0297
2019-06-02 03-12-19,496,24.588,33.0003
2019-06-02 03-12-21,496,24.556,33.0003
2019-06-02 03-12-23,496,24.5728,33.0003
2019-06-02 03-12-25,496,24.6048,33.0137
2019-06-02 03-12-27,496,24.6017,32.987
2019-06-02 03-12-29,495,24.6048,33.0137
2019-06-02 03-12-31,495,24.588,33.0003
2019-06-02 03-12-33,496,24.6048,33.0003
2019-06-02 03-12-37,495,24.5865,32.9736
2019-06-02 03-12-39,496,24.6185,32.987
2019-06-02 03-12-41,496,24.6017,32.9736
2019-06-02 03-12-43,496,24.5834,32.9576
2019-06-02 03-12-45,496,24.6002,32.9576
2019-06-02 03-12-47,496,24.6002,32.9576
2019-06-02 03-12-49,496,24.6506,32.9442
2019-06-02 03-12-53,496,24.6002,32.9442
2019-06-02 03-12-55,496,24.6643,32.9442
2019-06-02 03-12-57,496,24.6643,32.9282
2019-06-02 03-12-59,496,24.6292,32.9149
2019-06-02 03-13-01,496,24.678,32.9149
2019-06-02 03-13-03,497,24.7116,32.9282
2019-06-02 03-13-06,497,24.7116,32.9282
2019-06-02 03-13-08,497,24.678,32.9149
2019-06-02 03-13-12,497,24.6613,32.8988
2019-06-02 03-13-14,497,24.7101,32.8988
2019-06-02 03-13-16,496,24.6964,32.9442
2019-06-02 03-13-18,496,24.6933,32.9149
2019-06-02 03-13-20,496,24.6323,32.9576
2019-06-02 03-13-22,496,24.6521,33.0003
2019-06-02 03-13-24,496,24.6185,33.0003
2019-06-02 03-13-28,496,24.5728,33.0137
2019-06-02 03-13-30,496,24.559,33.0297
2019-06-02 03-13-32,496,24.5743,33.0297
2019-06-02 03-13-34,496,24.6368,33.0297
2019-06-02 03-13-36,496,24.5728,33.0003
2019-06-02 03-13-38,497,24.6017,32.987
2019-06-02 03-13-40,497,24.6185,33.0003
2019-06-02 03-13-42,497,24.6323,32.9736
2019-06-02 03-13-46,498,24.6338,33.0003
2019-06-02 03-13-48,498,24.6506,32.9736
2019-06-02 03-13-50,498,24.6185,32.987
2019-06-02 03-13-52,498,24.588,33.0003
2019-06-02 03-13-54,498,24.5239,32.987
2019-06-02 03-13-56,497,24.6048,33.0003
2019-06-02 03-13-58,497,24.6506,32.9736
2019-06-02 03-14-02,497,24.6521,32.987
2019-06-02 03-14-04,497,24.6521,32.987
2019-06-02 03-14-06,497,24.6338,32.987
2019-06-02 03-14-08,497,24.6063,33.0297
2019-06-02 03-14-10,496,24.6094,33.0858
2019-06-02 03-14-12,496,24.5193,33.1418
2019-06-02 03-14-14,495,24.4736,33.1979
2019-06-02 03-14-16,494,24.4461,33.2673
2019-06-02 03-14-20,493,24.3576,33.3528
2019-06-02 03-14-22,493,24.2935,33.3528
2019-06-02 03-14-24,490,24.2386,33.481
2019-06-02 03-14-26,494,24.0982,33.5504
2019-06-02 03-14-28,502,24.0799,33.5103
2019-06-02 03-14-30,515,24.0295,33.5237
2019-06-02 03-14-32,527,24.0112,33.4943
2019-06-02 03-14-36,538,24.0433,33.4676
2019-06-02 03-14-38,536,24.0067,33.4516
2019-06-02 03-14-40,532,23.9548,33.481
2019-06-02 03-14-42,519,24.028,33.4943
2019-06-02 03-14-44,517,23.996,33.5103
2019-06-02 03-14-46,517,24.0112,33.5103
2019-06-02 03-14-48,516,23.9792,33.5237
2019-06-02 03-14-50,513,23.9746,33.4676
2019-06-02 03-14-54,517,24.025,33.4516
2019-06-02 03-14-56,518,24.0051,33.4115
2019-06-02 03-14-58,519,24.0707,33.3795
2019-06-02 03-15-00,521,24.1516,33.3661
2019-06-02 03-15-02,522,24.1486,33.3528
2019-06-02 03-15-04,520,24.1348,33.3528
2019-06-02 03-15-06,518,24.2264,33.3368
2019-06-02 03-15-10,517,24.2447,33.3528
2019-06-02 03-15-12,515,24.1791,33.3234
2019-06-02 03-15-14,514,24.2432,33.3234
2019-06-02 03-15-16,513,24.2401,33.2967
2019-06-02 03-15-18,512,24.3027,33.254
2019-06-02 03-15-20,511,24.2569,33.2673
2019-06-02 03-15-22,510,24.2569,33.2807
2019-06-02 03-15-24,509,24.2264,33.3234
2019-06-02 03-15-28,508,24.2111,33.3101
2019-06-02 03-15-30,506,24.2111,33.3368
2019-06-02 03-15-32,504,24.1806,33.3368
2019-06-02 03-15-34,502,24.1348,33.3795
2019-06-02 03-15-36,501,24.1241,33.4249
2019-06-02 03-15-38,500,24.0921,33.4676
2019-06-02 03-15-40,499,24.0295,33.5103
2019-06-02 03-15-42,498,23.9426,33.537
2019-06-02 03-15-46,498,23.941,33.5237
2019-06-02 03-15-48,499,23.9777,33.5103
2019-06-02 03-15-50,499,24.0112,33.4943
2019-06-02 03-15-52,499,23.9914,33.4676
2019-06-02 03-15-54,500,23.9197,33.4676
2019-06-02 03-15-56,501,23.9548,33.4676
2019-06-02 03-15-58,501,24.0417,33.4382
2019-06-02 03-16-02,500,24.025,33.4382
2019-06-02 03-16-06,500,24.0097,33.481
2019-06-02 03-16-08,499,23.9563,33.5103
2019-06-02 03-16-10,499,23.941,33.5237
2019-06-02 03-16-12,499,23.8724,33.5237
2019-06-02 03-16-14,499,23.9243,33.5504
2019-06-02 03-16-16,498,23.8724,33.537
2019-06-02 03-16-20,499,23.7991,33.5237
2019-06-02 03-16-22,499,23.8739,33.5504
2019-06-02 03-16-24,498,23.8922,33.5664
2019-06-02 03-16-26,498,23.9243,33.537
2019-06-02 03-16-28,499,23.8739,33.5504
2019-06-02 03-16-30,498,23.8419,33.5931
2019-06-02 03-16-32,498,23.7686,33.5931
2019-06-02 03-16-36,498,23.7503,33.5798
2019-06-02 03-16-38,498,23.7717,33.6065
2019-06-02 03-16-40,498,23.8037,33.5664
2019-06-02 03-16-42,498,23.7869,33.6065
2019-06-02 03-16-44,498,23.8632,33.6492
2019-06-02 03-16-46,498,23.8464,33.6492
2019-06-02 03-16-48,498,23.7549,33.6492
2019-06-02 03-16-50,499,23.8266,33.6492
2019-06-02 03-16-54,499,23.8098,33.6786
2019-06-02 03-16-56,499,23.7732,33.6625
2019-06-02 03-16-58,499,23.7396,33.6492
2019-06-02 03-17-00,499,23.7595,33.6919
2019-06-02 03-17-02,499,23.8129,33.7053
2019-06-02 03-17-04,499,23.7595,33.7053
2019-06-02 03-17-06,500,23.671,33.7053
2019-06-02 03-17-10,500,23.7549,33.6358
2019-06-02 03-17-12,500,23.79,33.6225
2019-06-02 03-17-14,501,23.7869,33.5931
2019-06-02 03-17-16,502,23.8556,33.537
2019-06-02 03-17-18,502,23.8541,33.5237
2019-06-02 03-17-20,502,23.851,33.481
2019-06-02 03-17-22,503,23.9548,33.4516
2019-06-02 03-17-24,502,23.9883,33.4249
2019-06-02 03-17-28,502,24.0387,33.3955
2019-06-02 03-17-30,502,24.0707,33.3955
2019-06-02 03-17-32,502,24.147,33.3234
2019-06-02 03-17-34,502,24.1791,33.3234
2019-06-02 03-17-36,501,24.147,33.3101
2019-06-02 03-17-38,500,24.2401,33.3101
2019-06-02 03-17-40,500,24.1287,33.2807
2019-06-02 03-17-42,500,24.1745,33.2673
2019-06-02 03-17-46,498,24.2706,33.2406
2019-06-02 03-17-48,498,24.2844,33.2246
2019-06-02 03-17-50,497,24.3164,33.2113
2019-06-02 03-17-52,498,24.3958,33.2113
2019-06-02 03-17-54,497,24.4232,33.1685
2019-06-02 03-17-56,496,24.4232,33.1418
2019-06-02 03-17-58,496,24.4553,33.1552
2019-06-02 03-18-02,495,24.437,33.1418
2019-06-02 03-18-04,495,24.4354,33.0991
2019-06-02 03-18-06,494,24.4537,33.1258
2019-06-02 03-18-08,495,24.4507,33.0991
2019-06-02 03-18-10,494,24.4965,33.0858
2019-06-02 03-18-12,494,24.4354,33.0858
2019-06-02 03-18-14,494,24.4675,33.1125
2019-06-02 03-18-16,492,24.4995,33.1125
2019-06-02 03-18-20,492,24.4858,33.1258
2019-06-02 03-18-22,492,24.4217,33.1258
2019-06-02 03-18-24,492,24.4507,33.0991
2019-06-02 03-18-26,492,24.4812,33.0697
2019-06-02 03-18-28,492,24.4827,33.0991
2019-06-02 03-18-30,492,24.5132,33.0564
2019-06-02 03-18-32,492,24.559,33.0297
2019-06-02 03-18-36,492,24.5285,33.0564
2019-06-02 03-18-38,492,24.559,33.0297
2019-06-02 03-18-40,493,24.5102,33.0137
2019-06-02 03-18-42,493,24.5728,33.0137
2019-06-02 03-18-44,493,24.588,33.0137
2019-06-02 03-18-46,492,24.5132,33.043
2019-06-02 03-18-48,492,24.5148,33.0858
2019-06-02 03-18-50,492,24.4492,33.0697
2019-06-02 03-18-55,492,24.4644,33.0697
2019-06-02 03-18-57,491,24.5132,33.0564
2019-06-02 03-18-59,491,24.4781,33.0564
2019-06-02 03-19-01,491,24.4629,33.043
2019-06-02 03-19-03,492,24.4766,33.0137
2019-06-02 03-19-05,493,24.4629,33.043
2019-06-02 03-19-07,493,24.5132,33.043
2019-06-02 03-19-09,493,24.4949,33.043
2019-06-02 03-19-13,493,24.5102,33.0297
2019-06-02 03-19-15,493,24.4781,33.043
2019-06-02 03-19-17,494,24.527,33.0297
2019-06-02 03-19-19,494,24.4904,33.0003
2019-06-02 03-19-21,494,24.5239,33.0003
2019-06-02 03-19-23,495,24.5728,33.0003
2019-06-02 03-19-25,495,24.6002,32.9576
2019-06-02 03-19-29,495,24.6323,32.9736
2019-06-02 03-19-31,495,24.6323,32.9576
2019-06-02 03-19-33,495,24.6506,32.9442
2019-06-02 03-19-35,495,24.6185,32.9736
2019-06-02 03-19-37,494,24.5865,32.9736
2019-06-02 03-19-39,494,24.678,32.9149
2019-06-02 03-19-41,495,24.6323,32.9442
2019-06-02 03-19-43,494,24.6002,32.9576
2019-06-02 03-19-47,494,24.6002,32.9576
2019-06-02 03-19-49,494,24.5834,32.9442
2019-06-02 03-19-51,494,24.5834,32.9442
2019-06-02 03-19-53,493,24.6323,32.9576
2019-06-02 03-19-55,493,24.5697,32.9576
2019-06-02 03-19-57,493,24.5361,32.9442
2019-06-02 03-19-59,493,24.6521,33.0003
2019-06-02 03-20-01,493,24.6048,33.0003
2019-06-02 03-20-05,493,24.588,33.0003
2019-06-02 03-20-07,493,24.5407,32.987
2019-06-02 03-20-09,493,24.5422,33.0137
2019-06-02 03-20-11,493,24.5407,32.987
2019-06-02 03-20-13,493,24.559,33.0297
2019-06-02 03-20-15,493,24.5728,33.0003
2019-06-02 03-20-17,493,24.4766,33.0137
2019-06-02 03-20-21,494,24.5087,33.0003
2019-06-02 03-20-23,494,24.4904,33.0003
2019-06-02 03-20-25,494,24.5102,33.0137
2019-06-02 03-20-27,493,24.4766,33.0003
2019-06-02 03-20-29,493,24.5407,32.987
2019-06-02 03-20-31,494,24.5728,33.0137
2019-06-02 03-20-33,494,24.5743,33.0297
2019-06-02 03-20-35,494,24.6185,33.0003
2019-06-02 03-20-39,494,24.5087,32.9736
2019-06-02 03-20-41,495,24.6338,32.987
2019-06-02 03-20-43,495,24.6185,32.9736
2019-06-02 03-20-45,495,24.6185,32.9736
2019-06-02 03-20-47,496,24.6643,32.9442
2019-06-02 03-20-49,495,24.6826,32.9576
2019-06-02 03-20-51,496,24.6658,32.9736
2019-06-02 03-20-55,496,24.6063,33.043
2019-06-02 03-20-57,495,24.6094,33.0858
2019-06-02 03-20-59,495,24.5499,33.1125
2019-06-02 03-21-01,496,24.4827,33.1125
2019-06-02 03-21-03,496,24.5331,33.1125
2019-06-02 03-21-05,496,24.5956,33.0991
2019-06-02 03-21-07,496,24.5468,33.0858
2019-06-02 03-21-09,495,24.4965,33.0858
2019-06-02 03-21-13,495,24.4034,33.0991
2019-06-02 03-21-15,495,24.4492,33.0697
2019-06-02 03-21-17,495,24.4644,33.0697
2019-06-02 03-21-19,495,24.5316,33.0697
2019-06-02 03-21-21,495,24.5422,33.0297
2019-06-02 03-21-23,495,24.4949,33.043
2019-06-02 03-21-25,496,24.5285,33.043
2019-06-02 03-21-27,495,24.5102,33.0297
2019-06-02 03-21-31,495,24.4781,33.0297
2019-06-02 03-21-33,496,24.527,33.0137
2019-06-02 03-21-35,495,24.4949,33.0564
2019-06-02 03-21-37,496,24.5087,33.0003
2019-06-02 03-21-39,496,24.5407,33.0003
2019-06-02 03-21-41,496,24.5544,32.9736
2019-06-02 03-21-43,496,24.6323,32.9442
2019-06-02 03-21-47,496,24.6643,32.9282
2019-06-02 03-21-49,497,24.678,32.8988
2019-06-02 03-21-51,497,24.614,32.9149
2019-06-02 03-21-53,498,24.7101,32.8988
2019-06-02 03-21-55,498,24.6933,32.8988
2019-06-02 03-21-57,498,24.7238,32.8855
2019-06-02 03-21-59,498,24.7559,32.8855
2019-06-02 03-22-01,498,24.7101,32.9149
2019-06-02 03-22-05,498,24.7238,32.8988
2019-06-02 03-22-07,497,24.7101,32.8988
2019-06-02 03-22-09,498,24.6429,32.8721
2019-06-02 03-22-11,498,24.6643,32.9149
2019-06-02 03-22-13,497,24.707,32.8721
2019-06-02 03-22-15,498,24.6597,32.8721
2019-06-02 03-22-17,498,24.6933,32.8988
2019-06-02 03-22-21,498,24.6933,32.8988
2019-06-02 03-22-23,498,24.7375,32.8721
2019-06-02 03-22-25,497,24.7101,32.9149
2019-06-02 03-22-27,496,24.7116,32.9442
2019-06-02 03-22-29,495,24.733,33.0003
2019-06-02 03-22-31,495,24.6277,33.0991
2019-06-02 03-22-33,494,24.5514,33.1418
2019-06-02 03-22-35,494,24.4904,33.2113
2019-06-02 03-22-39,493,24.4308,33.2406
2019-06-02 03-22-41,495,24.35,33.254
2019-06-02 03-22-43,494,24.3362,33.2807
2019-06-02 03-22-45,494,24.2615,33.3234
2019-06-02 03-22-47,496,24.2767,33.3368
2019-06-02 03-22-49,498,24.263,33.3661
2019-06-02 03-22-51,499,24.2126,33.3661
2019-06-02 03-22-53,500,24.1989,33.3795
2019-06-02 03-22-57,500,24.1806,33.3368
2019-06-02 03-22-59,502,24.1165,33.3234
2019-06-02 03-23-01,503,24.1943,33.3101
2019-06-02 03-23-03,504,24.2218,33.2673
2019-06-02 03-23-05,504,24.2035,33.2246
2019-06-02 03-23-07,505,24.2706,33.2406
2019-06-02 03-23-09,504,24.2676,33.2113
2019-06-02 03-23-13,504,24.2844,33.2113
2019-06-02 03-23-15,504,24.3134,33.1979
2019-06-02 03-23-17,503,24.3454,33.2113
2019-06-02 03-23-19,501,24.3027,33.2673
2019-06-02 03-23-21,501,24.2798,33.3661
2019-06-02 03-23-23,500,24.2035,33.4516
2019-06-02 03-23-25,500,24.1257,33.4516
2019-06-02 03-23-27,501,24.1058,33.4382
2019-06-02 03-23-31,503,24.1074,33.4516
2019-06-02 03-23-33,503,24.0921,33.4516
2019-06-02 03-23-35,503,24.1257,33.4516
2019-06-02 03-23-37,504,24.0753,33.4516
2019-06-02 03-23-39,504,24.1211,33.3955
2019-06-02 03-23-41,505,24.1379,33.3955
2019-06-02 03-23-43,505,24.1516,33.3795
2019-06-02 03-23-47,504,24.1669,33.3955
2019-06-02 03-23-49,505,24.1653,33.3528
2019-06-02 03-23-51,505,24.1806,33.3368
2019-06-02 03-23-53,506,24.2401,33.2967
2019-06-02 03-23-55,506,24.2538,33.2406
2019-06-02 03-23-57,507,24.3179,33.254
2019-06-02 03-23-59,506,24.3301,33.2113
2019-06-02 03-24-01,506,24.4095,33.1979
2019-06-02 03-24-05,506,24.2813,33.1979
2019-06-02 03-24-07,505,24.3301,33.2113
2019-06-02 03-24-09,505,24.4095,33.1979
2019-06-02 03-24-11,505,24.3759,33.1552
2019-06-02 03-24-13,505,24.469,33.1418
2019-06-02 03-24-15,505,24.437,33.1125
2019-06-02 03-24-17,505,24.4186,33.0991
2019-06-02 03-24-21,504,24.4507,33.1125
2019-06-02 03-24-23,504,24.5316,33.0858
2019-06-02 03-24-26,504,24.5316,33.0991
2019-06-02 03-24-28,504,24.5773,33.0697
2019-06-02 03-24-30,502,24.5468,33.0858
2019-06-02 03-24-32,502,24.5148,33.0697
2019-06-02 03-24-34,501,24.4949,33.043
2019-06-02 03-24-36,501,24.5605,33.0564
2019-06-02 03-24-40,499,24.559,33.0297
2019-06-02 03-24-42,499,24.556,33.0137
2019-06-02 03-24-44,499,24.5728,33.0137
2019-06-02 03-24-46,500,24.5544,32.9736
2019-06-02 03-24-48,500,24.6185,33.0003
2019-06-02 03-24-50,500,24.6185,32.9736
2019-06-02 03-24-52,500,24.5697,32.987
2019-06-02 03-24-56,499,24.6185,32.9736
2019-06-02 03-24-58,499,24.588,33.0003
2019-06-02 03-25-00,498,24.6185,33.0003
2019-06-02 03-25-02,497,24.588,33.0003
2019-06-02 03-25-04,497,24.5697,32.9736
2019-06-02 03-25-06,497,24.6323,32.9576
2019-06-02 03-25-08,497,24.6323,32.9736
2019-06-02 03-25-10,497,24.6017,32.987
2019-06-02 03-25-14,496,24.6048,33.0003
2019-06-02 03-25-16,495,24.6735,33.043
2019-06-02 03-25-18,494,24.5789,33.0858
2019-06-02 03-25-20,494,24.4675,33.1125
2019-06-02 03-25-22,493,24.4049,33.1258
2019-06-02 03-25-24,493,24.4537,33.1418
2019-06-02 03-25-26,493,24.408,33.1418
2019-06-02 03-25-28,494,24.4858,33.1258
2019-06-02 03-25-32,493,24.4537,33.1418
2019-06-02 03-25-34,493,24.44,33.1552
2019-06-02 03-25-36,493,24.408,33.1418
2019-06-02 03-25-38,493,24.4049,33.1125
2019-06-02 03-25-40,493,24.4537,33.1258
2019-06-02 03-25-42,493,24.3546,33.1125
2019-06-02 03-25-44,493,24.437,33.1125
2019-06-02 03-25-48,493,24.4354,33.0991
2019-06-02 03-25-50,494,24.4171,33.0697
2019-06-02 03-25-52,494,24.4812,33.0697
2019-06-02 03-25-54,494,24.4812,33.0697
2019-06-02 03-25-56,494,24.4965,33.0858
2019-06-02 03-25-58,494,24.4812,33.0697
2019-06-02 03-26-00,495,24.4629,33.043
2019-06-02 03-26-02,495,24.5285,33.0564
2019-06-02 03-26-06,495,24.5773,33.0564
2019-06-02 03-26-08,495,24.5285,33.0564
2019-06-02 03-26-10,495,24.5148,33.0858
2019-06-02 03-26-12,495,24.4995,33.0991
2019-06-02 03-26-14,495,24.4781,33.043
2019-06-02 03-26-16,495,24.5422,33.0297
2019-06-02 03-26-18,495,24.5743,33.043
2019-06-02 03-26-22,496,24.5728,33.0137
2019-06-02 03-26-24,495,24.5865,32.987
2019-06-02 03-26-26,496,24.5743,33.043
2019-06-02 03-26-28,495,24.5453,33.043
2019-06-02 03-26-30,495,24.4949,33.043
2019-06-02 03-26-32,495,24.5285,33.0564
2019-06-02 03-26-34,494,24.4492,33.0564
2019-06-02 03-26-36,494,24.4644,33.0697
2019-06-02 03-26-40,494,24.4324,33.0564
2019-06-02 03-26-42,493,24.4324,33.0697
2019-06-02 03-26-44,493,24.4324,33.0697
2019-06-02 03-26-46,494,24.5285,33.043
2019-06-02 03-26-48,494,24.5728,33.0003
2019-06-02 03-26-50,495,24.6017,32.987
2019-06-02 03-26-52,495,24.5865,32.987
2019-06-02 03-26-54,496,24.6323,32.9576
2019-06-02 03-26-58,495,24.6002,32.9442
2019-06-02 03-27-00,495,24.6506,32.9736
2019-06-02 03-27-02,495,24.6323,32.9576
2019-06-02 03-27-04,495,24.6796,32.9282
2019-06-02 03-27-06,495,24.7116,32.9442
2019-06-02 03-27-08,495,24.6964,32.9282
2019-06-02 03-27-10,495,24.6643,32.9149
2019-06-02 03-27-14,495,24.678,32.9149
2019-06-02 03-27-16,495,24.7101,32.9149
2019-06-02 03-27-18,495,24.614,32.9282
2019-06-02 03-27-20,494,24.5972,32.9282
2019-06-02 03-27-22,494,24.6506,32.9576
2019-06-02 03-27-24,494,24.5834,32.9576
2019-06-02 03-27-26,493,24.6506,32.9442
2019-06-02 03-27-28,494,24.6155,32.9576
2019-06-02 03-27-32,493,24.6002,32.9442
2019-06-02 03-27-34,493,24.5834,32.9576
2019-06-02 03-27-36,493,24.6323,32.9576
2019-06-02 03-27-38,493,24.6796,32.9442
2019-06-02 03-27-40,493,24.6506,32.9576
2019-06-02 03-27-42,494,24.6338,32.987
2019-06-02 03-27-44,494,24.6689,32.987
2019-06-02 03-27-46,493,24.6063,33.0297
2019-06-02 03-27-50,493,24.559,33.0297
2019-06-02 03-27-52,492,24.5773,33.0697
2019-06-02 03-27-54,492,24.5789,33.0991
2019-06-02 03-27-56,491,24.5361,33.1418
2019-06-02 03-27-58,492,24.5178,33.1125
2019-06-02 03-28-00,492,24.437,33.1258
2019-06-02 03-28-02,492,24.4537,33.1418
2019-06-02 03-28-06,492,24.437,33.1258
2019-06-02 03-28-08,492,24.4507,33.0858
2019-06-02 03-28-10,493,24.4644,33.0697
2019-06-02 03-28-12,494,24.5102,33.0297
2019-06-02 03-28-14,494,24.5911,33.0297
2019-06-02 03-28-16,494,24.6048,33.0137
2019-06-02 03-28-18,493,24.556,33.0137
2019-06-02 03-28-20,492,24.6338,32.987
2019-06-02 03-28-24,493,24.6185,32.9736
2019-06-02 03-28-26,493,24.6689,32.987
2019-06-02 03-28-28,494,24.6185,32.9736
2019-06-02 03-28-30,494,24.6323,32.9576
2019-06-02 03-28-32,494,24.6002,32.9576
2019-06-02 03-28-34,494,24.6506,32.9736
2019-06-02 03-28-36,494,24.7421,32.9282
2019-06-02 03-28-40,494,24.678,32.8988
2019-06-02 03-28-42,494,24.7101,32.8988
2019-06-02 03-28-44,494,24.6796,32.9282
2019-06-02 03-28-46,494,24.6643,32.9282
2019-06-02 03-28-48,493,24.7116,32.9442
2019-06-02 03-28-50,493,24.6796,32.9282
2019-06-02 03-28-52,493,24.7421,32.9282
2019-06-02 03-28-54,493,24.675,32.8855
2019-06-02 03-28-58,492,24.6933,32.8988
2019-06-02 03-29-00,492,24.7101,32.8988
2019-06-02 03-29-02,492,24.678,32.8988
2019-06-02 03-29-04,492,24.707,32.8721
2019-06-02 03-29-06,493,24.7528,32.8721
2019-06-02 03-29-08,494,24.7559,32.8855
2019-06-02 03-29-10,494,24.707,32.8855
2019-06-02 03-29-14,495,24.707,32.8721
2019-06-02 03-29-16,495,24.7696,32.8721
2019-06-02 03-29-18,495,24.7696,32.8721
2019-06-02 03-29-20,495,24.7375,32.8721
2019-06-02 03-29-22,495,24.7879,32.8721
2019-06-02 03-29-24,495,24.7513,32.8428
2019-06-02 03-29-26,495,24.8337,32.8428
2019-06-02 03-29-28,495,24.765,32.8161
2019-06-02 03-29-32,494,24.8337,32.8588
2019-06-02 03-29-34,493,24.7574,32.9282
2019-06-02 03-29-36,491,24.7833,33.0564
2019-06-02 03-29-38,489,24.6292,33.1418
2019-06-02 03-29-40,493,24.5239,33.1979
2019-06-02 03-29-42,491,24.3988,33.2406
2019-06-02 03-29-44,494,24.3988,33.2406
2019-06-02 03-29-47,495,24.3484,33.2406
2019-06-02 03-29-51,496,24.321,33.2967
2019-06-02 03-29-53,499,24.2569,33.2807
2019-06-02 03-29-55,502,24.3073,33.3101
2019-06-02 03-29-57,499,24.2615,33.3234
2019-06-02 03-29-59,500,24.2432,33.3368
2019-06-02 03-30-01,502,24.1806,33.3528
2019-06-02 03-30-03,502,24.1943,33.3101
2019-06-02 03-30-07,503,24.1791,33.3101
2019-06-02 03-30-09,503,24.2218,33.2673
2019-06-02 03-30-11,505,24.2722,33.2673
2019-06-02 03-30-13,506,24.3347,33.2673
2019-06-02 03-30-15,507,24.2706,33.254
2019-06-02 03-30-17,506,24.2401,33.2967
2019-06-02 03-30-19,503,24.3073,33.3234
2019-06-02 03-30-21,503,24.2126,33.3528
2019-06-02 03-30-25,504,24.1486,33.3368
2019-06-02 03-30-27,504,24.1196,33.3528
2019-06-02 03-30-29,505,24.2294,33.3528
2019-06-02 03-30-31,505,24.1943,33.3368
2019-06-02 03-30-33,503,24.1028,33.3795
2019-06-02 03-30-35,503,24.1669,33.3795
2019-06-02 03-30-37,503,24.1531,33.3955
2019-06-02 03-30-41,504,24.1699,33.4249
2019-06-02 03-30-43,504,24.1028,33.4115
2019-06-02 03-30-45,504,24.1348,33.3528
2019-06-02 03-30-47,505,24.1623,33.3234
2019-06-02 03-30-49,506,24.176,33.2967
2019-06-02 03-30-51,507,24.1745,33.2673
2019-06-02 03-30-53,507,24.2538,33.2246
2019-06-02 03-30-55,507,24.3164,33.2246
2019-06-02 03-30-59,506,24.3317,33.2246
2019-06-02 03-31-01,506,24.3164,33.2246
2019-06-02 03-31-03,505,24.3164,33.2113
2019-06-02 03-31-05,505,24.3439,33.1846
2019-06-02 03-31-07,506,24.3317,33.2246
2019-06-02 03-31-09,506,24.2996,33.2113
2019-06-02 03-31-11,505,24.2996,33.2246
2019-06-02 03-31-13,505,24.2355,33.2406
2019-06-02 03-31-17,504,24.2859,33.254
2019-06-02 03-31-19,504,24.2065,33.254
2019-06-02 03-31-21,503,24.1745,33.2406
2019-06-02 03-31-23,502,24.1898,33.2673
2019-06-02 03-31-25,501,24.2218,33.2673
2019-06-02 03-31-27,502,24.2401,33.2967
2019-06-02 03-31-29,501,24.1898,33.2673
2019-06-02 03-31-33,501,24.2386,33.2673
2019-06-02 03-31-35,502,24.2355,33.2406
2019-06-02 03-31-37,502,24.2386,33.2673
2019-06-02 03-31-39,503,24.2722,33.2807
2019-06-02 03-31-41,502,24.2889,33.2673
2019-06-02 03-31-43,502,24.2569,33.2673
2019-06-02 03-31-45,503,24.2386,33.254
2019-06-02 03-31-47,503,24.3027,33.2406
2019-06-02 03-31-51,504,24.2203,33.2246
2019-06-02 03-31-53,504,24.2523,33.2113
2019-06-02 03-31-55,504,24.2813,33.1979
2019-06-02 03-31-57,504,24.3118,33.1685
2019-06-02 03-31-59,504,24.3301,33.1979
2019-06-02 03-32-01,504,24.3439,33.1685
2019-06-02 03-32-03,503,24.3759,33.1258
2019-06-02 03-32-07,504,24.3576,33.1418
2019-06-02 03-32-09,504,24.437,33.1258
2019-06-02 03-32-11,505,24.3896,33.0991
2019-06-02 03-32-13,506,24.4034,33.0858
2019-06-02 03-32-15,506,24.4781,33.0564
2019-06-02 03-32-17,506,24.4812,33.0858
2019-06-02 03-32-19,505,24.4812,33.0858
2019-06-02 03-32-21,505,24.437,33.1125
2019-06-02 03-32-25,505,24.4507,33.0858
2019-06-02 03-32-27,505,24.3912,33.1418
2019-06-02 03-32-29,505,24.4049,33.1258
2019-06-02 03-32-31,506,24.3576,33.1258
2019-06-02 03-32-33,505,24.3729,33.1125
2019-06-02 03-32-35,504,24.3912,33.1418
2019-06-02 03-32-37,505,24.4217,33.1125
2019-06-02 03-32-39,505,24.437,33.1418
2019-06-02 03-32-43,505,24.3759,33.1258
2019-06-02 03-32-45,505,24.3896,33.1258
2019-06-02 03-32-47,505,24.3408,33.1418
2019-06-02 03-32-49,504,24.3134,33.1846
2019-06-02 03-32-51,504,24.2981,33.1979
2019-06-02 03-32-53,503,24.2538,33.2246
2019-06-02 03-32-55,503,24.2172,33.2113
2019-06-02 03-32-59,503,24.2676,33.2246
2019-06-02 03-33-01,503,24.2386,33.2673
2019-06-02 03-33-03,503,24.1943,33.3101
2019-06-02 03-33-05,503,24.1196,33.3528
2019-06-02 03-33-07,503,24.0891,33.4115
2019-06-02 03-33-09,503,23.9883,33.4382
2019-06-02 03-33-11,504,23.9731,33.4382
2019-06-02 03-33-13,505,23.9548,33.4516
2019-06-02 03-33-17,505,23.9517,33.4249
2019-06-02 03-33-19,506,24.0204,33.3955
2019-06-02 03-33-21,506,24.0204,33.3795
2019-06-02 03-33-23,507,24.0829,33.3368
2019-06-02 03-33-25,507,24.0982,33.3368
2019-06-02 03-33-27,507,24.1165,33.3234
2019-06-02 03-33-29,507,24.1165,33.3368
2019-06-02 03-33-33,507,24.1165,33.3234
2019-06-02 03-33-35,507,24.1165,33.3368
2019-06-02 03-33-37,507,24.147,33.3101
2019-06-02 03-33-39,506,24.1486,33.3528
2019-06-02 03-33-41,507,24.1287,33.2807
2019-06-02 03-33-43,506,24.2081,33.2807
2019-06-02 03-33-45,506,24.2569,33.2673
2019-06-02 03-33-47,507,24.2676,33.2113
2019-06-02 03-33-51,506,24.2996,33.2113
2019-06-02 03-33-53,506,24.3591,33.1846
2019-06-02 03-33-55,507,24.3591,33.1846
2019-06-02 03-33-57,507,24.3591,33.1685
2019-06-02 03-33-59,506,24.3759,33.1418
2019-06-02 03-34-01,505,24.3256,33.1418
2019-06-02 03-34-03,505,24.3546,33.1125
2019-06-02 03-34-07,505,24.408,33.1552
2019-06-02 03-34-09,505,24.4034,33.0991
2019-06-02 03-34-11,504,24.4049,33.1125
2019-06-02 03-34-13,503,24.3896,33.1125
2019-06-02 03-34-15,503,24.4507,33.0991
2019-06-02 03-34-17,503,24.4675,33.0991
2019-06-02 03-34-19,503,24.4034,33.0858
2019-06-02 03-34-21,502,24.4354,33.0991
2019-06-02 03-34-25,502,24.4675,33.0991
2019-06-02 03-34-27,501,24.437,33.1125
2019-06-02 03-34-29,501,24.4675,33.0991
2019-06-02 03-34-31,501,24.4507,33.0991
2019-06-02 03-34-33,501,24.4354,33.0858
2019-06-02 03-34-35,501,24.4171,33.0697
2019-06-02 03-34-37,502,24.4034,33.0858
2019-06-02 03-34-41,501,24.3393,33.1125
2019-06-02 03-34-43,501,24.3896,33.1258
2019-06-02 03-34-45,501,24.4507,33.1125
2019-06-02 03-34-47,501,24.4034,33.0991
2019-06-02 03-34-49,502,24.4171,33.0697
2019-06-02 03-34-51,503,24.4034,33.0858
2019-06-02 03-34-53,502,24.4186,33.0991
2019-06-02 03-34-55,502,24.4644,33.0697
2019-06-02 03-34-59,502,24.4949,33.0564
2019-06-02 03-35-01,502,24.5316,33.0697
2019-06-02 03-35-03,502,24.5132,33.043
2019-06-02 03-35-05,502,24.5285,33.043
2019-06-02 03-35-07,503,24.4949,33.0564
2019-06-02 03-35-09,503,24.4308,33.043
2019-06-02 03-35-11,502,24.4949,33.0564
2019-06-02 03-35-15,502,24.5132,33.043
2019-06-02 03-35-17,502,24.559,33.0297
2019-06-02 03-35-19,502,24.5132,33.043
2019-06-02 03-35-21,502,24.556,33.0003
2019-06-02 03-35-23,502,24.5377,32.9736
2019-06-02 03-35-25,501,24.6017,32.9736
2019-06-02 03-35-27,501,24.556,33.0003
2019-06-02 03-35-29,501,24.5544,32.9736
2019-06-02 03-35-34,501,24.5407,33.0003
2019-06-02 03-35-36,500,24.5728,33.0003
2019-06-02 03-35-38,501,24.556,32.987
2019-06-02 03-35-40,500,24.5407,33.0003
2019-06-02 03-35-42,500,24.6185,32.987
2019-06-02 03-35-44,500,24.6323,32.9576
2019-06-02 03-35-46,500,24.6521,32.987
2019-06-02 03-35-48,499,24.5087,32.9736
2019-06-02 03-35-52,499,24.5697,32.987
2019-06-02 03-35-54,499,24.588,33.0137
2019-06-02 03-35-56,499,24.5865,32.987
2019-06-02 03-35-58,499,24.5865,32.987
2019-06-02 03-36-00,499,24.5865,32.987
2019-06-02 03-36-02,499,24.588,33.0003
2019-06-02 03-36-04,498,24.6201,33.0137
2019-06-02 03-36-08,499,24.559,33.0297
2019-06-02 03-36-10,499,24.556,33.0003
2019-06-02 03-36-12,498,24.556,33.0137
2019-06-02 03-36-14,498,24.5239,33.0003
2019-06-02 03-36-16,498,24.5087,33.0003
2019-06-02 03-36-18,498,24.5422,33.0297
2019-06-02 03-36-20,498,24.5453,33.0564
2019-06-02 03-36-22,497,24.5132,33.0564
2019-06-02 03-36-26,497,24.5148,33.0697
2019-06-02 03-36-28,497,24.4675,33.1125
2019-06-02 03-36-30,497,24.4827,33.1125
2019-06-02 03-36-32,497,24.44,33.1685
2019-06-02 03-36-34,497,24.4095,33.1846
2019-06-02 03-36-36,498,24.3958,33.1979
2019-06-02 03-36-38,498,24.3591,33.1685
2019-06-02 03-36-42,498,24.3774,33.1685
2019-06-02 03-36-44,499,24.3774,33.1846
2019-06-02 03-36-46,499,24.3942,33.1846
2019-06-02 03-36-48,499,24.3439,33.1846
2019-06-02 03-36-50,499,24.408,33.1552
2019-06-02 03-36-52,499,24.3942,33.1685
2019-06-02 03-36-54,498,24.3439,33.1685
2019-06-02 03-36-56,498,24.3774,33.1846
2019-06-02 03-37-00,498,24.3576,33.1552
2019-06-02 03-37-02,498,24.3774,33.1846
2019-06-02 03-37-04,498,24.408,33.1418
2019-06-02 03-37-06,499,24.4217,33.1258
2019-06-02 03-37-08,499,24.4217,33.1258
2019-06-02 03-37-10,499,24.4507,33.0991
2019-06-02 03-37-12,500,24.4675,33.1125
2019-06-02 03-37-14,500,24.4324,33.0697
2019-06-02 03-37-18,500,24.4812,33.0697
2019-06-02 03-37-20,500,24.4644,33.0697
2019-06-02 03-37-22,500,24.4171,33.0697
2019-06-02 03-37-24,501,24.4965,33.0697
2019-06-02 03-37-26,501,24.4171,33.0564
2019-06-02 03-37-28,501,24.4781,33.043
2019-06-02 03-37-30,501,24.4781,33.0297
2019-06-02 03-37-34,502,24.5102,33.0297
2019-06-02 03-37-36,502,24.5865,32.987
2019-06-02 03-37-38,503,24.6017,32.987
2019-06-02 03-37-40,502,24.5697,32.9576
2019-06-02 03-37-42,502,24.6017,32.9736
2019-06-02 03-37-44,502,24.6185,32.9736
2019-06-02 03-37-46,502,24.5865,32.9736
2019-06-02 03-37-48,502,24.6323,32.9736
2019-06-02 03-37-52,502,24.6323,32.9736
2019-06-02 03-37-54,502,24.6506,32.9442
2019-06-02 03-37-56,502,24.6964,32.9442
2019-06-02 03-37-58,502,24.6979,32.9576
2019-06-02 03-38-00,502,24.6796,32.9282
2019-06-02 03-38-02,501,24.7284,32.9442
2019-06-02 03-38-04,502,24.6643,32.9149
2019-06-02 03-38-08,502,24.678,32.8988
2019-06-02 03-38-10,501,24.6643,32.9149
2019-06-02 03-38-12,501,24.6643,32.9149
2019-06-02 03-38-14,501,24.6323,32.9442
2019-06-02 03-38-16,501,24.6292,32.9282
2019-06-02 03-38-18,501,24.6323,32.9442
2019-06-02 03-38-20,501,24.6933,32.9149
2019-06-02 03-38-22,502,24.678,32.9149
2019-06-02 03-38-26,502,24.7101,32.9149
2019-06-02 03-38-28,503,24.6964,32.9442
2019-06-02 03-38-30,503,24.6292,32.9282
2019-06-02 03-38-32,503,24.6506,32.9442
2019-06-02 03-38-34,502,24.6964,32.9442
2019-06-02 03-38-36,502,24.6826,32.9576
2019-06-02 03-38-38,502,24.6506,32.9736
2019-06-02 03-38-42,502,24.6338,32.987
2019-06-02 03-38-44,502,24.6338,32.987
2019-06-02 03-38-46,501,24.5422,33.0137
2019-06-02 03-38-48,501,24.527,33.0297
2019-06-02 03-38-50,501,24.4827,33.0991
2019-06-02 03-38-52,501,24.4537,33.1258
2019-06-02 03-38-54,501,24.4095,33.1979
2019-06-02 03-38-56,501,24.3301,33.2113
2019-06-02 03-39-00,501,24.3027,33.2406
2019-06-02 03-39-02,501,24.2355,33.2406
2019-06-02 03-39-04,501,24.2538,33.2246
2019-06-02 03-39-06,502,24.2981,33.1979
2019-06-02 03-39-08,502,24.3118,33.1685
2019-06-02 03-39-10,503,24.3118,33.1685
2019-06-02 03-39-12,504,24.408,33.1552
2019-06-02 03-39-16,505,24.4049,33.1258
2019-06-02 03-39-18,505,24.4034,33.0991
2019-06-02 03-39-20,506,24.4812,33.0858
2019-06-02 03-39-22,504,24.4675,33.0991
2019-06-02 03-39-24,504,24.4644,33.0858
2019-06-02 03-39-26,503,24.4186,33.0858
2019-06-02 03-39-28,502,24.4949,33.0564
2019-06-02 03-39-30,502,24.3866,33.0697
2019-06-02 03-39-34,501,24.4675,33.0991
2019-06-02 03-39-36,501,24.4492,33.0564
2019-06-02 03-39-38,499,24.5285,33.0564
2019-06-02 03-39-40,500,24.4629,33.0564
2019-06-02 03-39-42,499,24.4186,33.0991
2019-06-02 03-39-44,496,24.4324,33.0697
2019-06-02 03-39-46,496,24.4644,33.0697
2019-06-02 03-39-50,496,24.4324,33.0697
2019-06-02 03-39-52,497,24.4629,33.0564
2019-06-02 03-39-54,497,24.4781,33.0564
2019-06-02 03-39-56,497,24.4629,33.0297
2019-06-02 03-39-58,496,24.4629,33.0564
2019-06-02 03-40-00,496,24.4949,33.0564
2019-06-02 03-40-02,496,24.4629,33.0297
2019-06-02 03-40-04,496,24.5316,33.0697
2019-06-02 03-40-08,496,24.4308,33.043
2019-06-02 03-40-10,496,24.4461,33.043
2019-06-02 03-40-12,496,24.4308,33.0297
2019-06-02 03-40-14,497,24.5132,33.043
2019-06-02 03-40-16,498,24.4629,33.043
2019-06-02 03-40-18,497,24.4629,33.043
2019-06-02 03-40-20,498,24.5102,33.0137
2019-06-02 03-40-24,497,24.5102,33.0297
2019-06-02 03-40-26,497,24.4629,33.0297
2019-06-02 03-40-28,497,24.4949,33.0564
2019-06-02 03-40-30,497,24.556,33.0137
2019-06-02 03-40-32,498,24.4919,33.0137
2019-06-02 03-40-34,499,24.4446,33.0137
2019-06-02 03-40-36,499,24.4919,33.0137
2019-06-02 03-40-38,499,24.4781,33.043
2019-06-02 03-40-42,499,24.5102,33.0297
2019-06-02 03-40-44,499,24.5544,32.9736
2019-06-02 03-40-46,498,24.5407,32.987
2019-06-02 03-40-48,498,24.5422,33.0137
2019-06-02 03-40-50,499,24.5239,32.987
2019-06-02 03-40-52,499,24.5087,32.987
2019-06-02 03-40-54,499,24.556,33.0003
2019-06-02 03-40-58,499,24.6048,33.0003
2019-06-02 03-41-00,498,24.5239,32.987
2019-06-02 03-41-02,498,24.556,33.0003
2019-06-02 03-41-04,497,24.556,33.0003
2019-06-02 03-41-06,497,24.5834,32.9442
2019-06-02 03-41-08,497,24.5865,32.9736
2019-06-02 03-41-10,496,24.6002,32.9576
2019-06-02 03-41-12,496,24.6155,32.9576
2019-06-02 03-41-16,496,24.5865,32.9736
2019-06-02 03-41-18,496,24.5834,32.9576
2019-06-02 03-41-20,496,24.5697,32.9736
2019-06-02 03-41-22,496,24.6002,32.9442
2019-06-02 03-41-24,496,24.6323,32.9736
2019-06-02 03-41-26,496,24.6185,32.9736
2019-06-02 03-41-29,495,24.5544,32.9576
2019-06-02 03-41-33,495,24.5514,32.9442
2019-06-02 03-41-35,495,24.6002,32.9576
2019-06-02 03-41-37,496,24.5544,32.9576
2019-06-02 03-41-39,496,24.5514,32.9282
2019-06-02 03-41-41,496,24.5834,32.9442
2019-06-02 03-41-43,496,24.5697,32.9576
2019-06-02 03-41-45,497,24.6155,32.9576
2019-06-02 03-41-47,497,24.5834,32.9576
2019-06-02 03-41-51,496,24.5377,32.9736
2019-06-02 03-41-53,497,24.5377,32.9736
2019-06-02 03-41-55,496,24.5865,32.987
2019-06-02 03-41-57,496,24.5697,32.9736
2019-06-02 03-41-59,495,24.4904,32.987
2019-06-02 03-42-01,495,24.4736,32.987
2019-06-02 03-42-03,496,24.4598,33.0003
2019-06-02 03-42-07,495,24.5087,32.987
2019-06-02 03-42-09,496,24.4766,33.0137
2019-06-02 03-42-11,495,24.4919,33.0137
2019-06-02 03-42-13,495,24.4781,33.0564
2019-06-02 03-42-15,495,24.4629,33.043
2019-06-02 03-42-17,495,24.4324,33.0564
2019-06-02 03-42-19,495,24.4354,33.0858
2019-06-02 03-42-21,495,24.4354,33.0858
2019-06-02 03-42-25,496,24.4644,33.0697
2019-06-02 03-42-27,497,24.4949,33.0564
2019-06-02 03-42-29,497,24.4949,33.0564
2019-06-02 03-42-31,496,24.4949,33.043
2019-06-02 03-42-33,496,24.4812,33.0858
2019-06-02 03-42-35,497,24.4644,33.0697
2019-06-02 03-42-37,497,24.4324,33.0697
2019-06-02 03-42-39,496,24.4034,33.0858
2019-06-02 03-42-43,496,24.4171,33.0697
2019-06-02 03-42-45,495,24.4186,33.0991
2019-06-02 03-42-47,495,24.3896,33.0991
2019-06-02 03-42-49,495,24.3866,33.0697
2019-06-02 03-42-51,496,24.4354,33.0991
2019-06-02 03-42-53,496,24.3362,33.0858
2019-06-02 03-42-55,496,24.3896,33.0991
2019-06-02 03-42-59,495,24.3393,33.1125
2019-06-02 03-43-01,495,24.4049,33.1258
2019-06-02 03-43-03,495,24.353,33.0858
2019-06-02 03-43-05,495,24.3729,33.1125
2019-06-02 03-43-07,495,24.408,33.1552
2019-06-02 03-43-09,495,24.437,33.1258
2019-06-02 03-43-11,496,24.4049,33.1258
2019-06-02 03-43-13,496,24.3759,33.1418
2019-06-02 03-43-17,496,24.4507,33.1125
2019-06-02 03-43-19,496,24.4049,33.1125
2019-06-02 03-43-21,496,24.408,33.1418
2019-06-02 03-43-23,497,24.4049,33.1258
2019-06-02 03-43-25,497,24.4995,33.1125
2019-06-02 03-43-27,498,24.5178,33.0991
2019-06-02 03-43-29,497,24.4507,33.0858
2019-06-02 03-43-33,497,24.4217,33.1125
2019-06-02 03-43-35,497,24.4507,33.1125
2019-06-02 03-43-37,497,24.4827,33.1125
2019-06-02 03-43-39,497,24.4827,33.0991
2019-06-02 03-43-41,497,24.4812,33.0858
2019-06-02 03-43-43,497,24.5102,33.0297
2019-06-02 03-43-45,498,24.5285,33.0564
2019-06-02 03-43-47,498,24.5453,33.0564
2019-06-02 03-43-51,498,24.5285,33.043
2019-06-02 03-43-53,498,24.5285,33.0564
2019-06-02 03-43-55,498,24.527,33.0297
2019-06-02 03-43-57,498,24.4949,33.043
2019-06-02 03-43-59,498,24.4461,33.0297
2019-06-02 03-44-01,497,24.4461,33.0297
2019-06-02 03-44-03,497,24.4461,33.0297
2019-06-02 03-44-07,497,24.4919,33.0297
2019-06-02 03-44-09,496,24.4461,33.0297
2019-06-02 03-44-11,497,24.4598,33.0137
2019-06-02 03-44-13,497,24.5087,32.987
2019-06-02 03-44-15,497,24.5239,33.0003
2019-06-02 03-44-17,497,24.5102,33.0137
2019-06-02 03-44-19,497,24.5422,33.0137
2019-06-02 03-44-21,498,24.4919,33.0137
2019-06-02 03-44-25,498,24.5728,33.0003
2019-06-02 03-44-27,498,24.5697,32.9736
2019-06-02 03-44-29,498,24.5865,32.987
2019-06-02 03-44-31,498,24.5865,32.9736
2019-06-02 03-44-33,498,24.5407,32.987
2019-06-02 03-44-35,499,24.6002,32.9576
2019-06-02 03-44-37,499,24.5682,32.9442
2019-06-02 03-44-41,500,24.5697,32.9576
2019-06-02 03-44-43,499,24.5239,32.987
2019-06-02 03-44-45,499,24.5239,32.987
2019-06-02 03-44-47,499,24.5834,32.9576
2019-06-02 03-44-49,498,24.556,32.987
2019-06-02 03-44-51,498,24.4904,32.987
2019-06-02 03-44-53,498,24.5239,33.0003
2019-06-02 03-44-55,497,24.5407,32.987
2019-06-02 03-44-59,497,24.5544,32.9736
2019-06-02 03-45-01,497,24.5102,33.0137
2019-06-02 03-45-03,497,24.5239,33.0003
2019-06-02 03-45-05,497,24.5407,32.987
2019-06-02 03-45-07,497,24.5407,32.987
2019-06-02 03-45-09,497,24.4598,33.0003
2019-06-02 03-45-11,498,24.5087,32.9736
2019-06-02 03-45-13,497,24.5865,32.9736
2019-06-02 03-45-17,497,24.6017,32.9736
2019-06-02 03-45-19,497,24.6155,32.9576
2019-06-02 03-45-21,497,24.6841,32.987
2019-06-02 03-45-23,497,24.6658,32.9736
2019-06-02 03-45-25,497,24.6826,32.9576
2019-06-02 03-45-27,497,24.6338,32.987
2019-06-02 03-45-29,497,24.5697,32.987
2019-06-02 03-45-33,497,24.5697,32.987
2019-06-02 03-45-35,497,24.6017,32.987
2019-06-02 03-45-37,497,24.5697,32.987
2019-06-02 03-45-39,497,24.6521,33.0003
2019-06-02 03-45-41,497,24.6017,32.987
2019-06-02 03-45-43,498,24.5697,32.9576
2019-06-02 03-45-45,498,24.6017,32.9736
2019-06-02 03-45-47,499,24.6002,32.9576
2019-06-02 03-45-51,499,24.6185,32.9736
2019-06-02 03-45-53,499,24.6002,32.9576
2019-06-02 03-45-55,499,24.6292,32.9282
2019-06-02 03-45-57,499,24.5972,32.9282
2019-06-02 03-45-59,498,24.6155,32.9442
2019-06-02 03-46-01,498,24.6002,32.9442
2019-06-02 03-46-03,499,24.5972,32.9282
2019-06-02 03-46-07,499,24.6002,32.9442
2019-06-02 03-46-09,498,24.6002,32.9442
2019-06-02 03-46-11,499,24.5499,32.8988
2019-06-02 03-46-13,498,24.5834,32.9442
2019-06-02 03-46-15,499,24.5544,32.9576
2019-06-02 03-46-17,499,24.5377,32.9576
2019-06-02 03-46-19,498,24.5407,32.987
2019-06-02 03-46-21,497,24.5224,32.9736
2019-06-02 03-46-25,497,24.5407,32.987
2019-06-02 03-46-27,497,24.5407,33.0003
2019-06-02 03-46-29,497,24.5239,33.0003
2019-06-02 03-46-31,497,24.5407,33.0003
2019-06-02 03-46-33,496,24.588,33.0003
2019-06-02 03-46-35,497,24.5865,32.987
2019-06-02 03-46-37,497,24.588,33.0137
2019-06-02 03-46-41,496,24.527,33.0137
2019-06-02 03-46-43,496,24.559,33.043
2019-06-02 03-46-45,496,24.4629,33.0564
2019-06-02 03-46-47,496,24.4675,33.0991
2019-06-02 03-46-49,496,24.4827,33.0991
2019-06-02 03-46-51,496,24.4354,33.0858
2019-06-02 03-46-53,495,24.437,33.1125
2019-06-02 03-46-55,495,24.3912,33.1552
2019-06-02 03-46-59,495,24.44,33.1685
2019-06-02 03-47-01,495,24.3774,33.1846
2019-06-02 03-47-03,495,24.3301,33.1979
2019-06-02 03-47-05,495,24.3179,33.2673
2019-06-02 03-47-08,495,24.2752,33.2967
2019-06-02 03-47-10,496,24.1943,33.3234
2019-06-02 03-47-12,497,24.1623,33.3101
2019-06-02 03-47-16,497,24.176,33.2807
2019-06-02 03-47-18,498,24.2905,33.3101
2019-06-02 03-47-20,498,24.2401,33.2967
2019-06-02 03-47-22,499,24.1898,33.2673
2019-06-02 03-47-24,499,24.2218,33.2807
2019-06-02 03-47-26,499,24.1943,33.3101
2019-06-02 03-47-28,499,24.2386,33.254
2019-06-02 03-47-30,499,24.2065,33.254
2019-06-02 03-47-34,499,24.2035,33.2406
2019-06-02 03-47-36,500,24.2538,33.2246
2019-06-02 03-47-38,500,24.3439,33.1846
2019-06-02 03-47-40,500,24.2981,33.1846
2019-06-02 03-47-42,501,24.3439,33.1846
2019-06-02 03-47-44,501,24.3271,33.1552
2019-06-02 03-47-46,500,24.3576,33.1552
2019-06-02 03-47-50,500,24.4583,33.1846
2019-06-02 03-47-52,500,24.3942,33.1685
2019-06-02 03-47-54,500,24.3301,33.1846
2019-06-02 03-47-56,500,24.3591,33.1846
2019-06-02 03-47-58,501,24.4415,33.1846
2019-06-02 03-48-00,500,24.4095,33.1685
2019-06-02 03-48-02,501,24.4095,33.1685
2019-06-02 03-48-04,500,24.4263,33.1846
2019-06-02 03-48-08,500,24.4095,33.1846
2019-06-02 03-48-10,500,24.3774,33.1846
2019-06-02 03-48-12,500,24.3912,33.1552
2019-06-02 03-48-14,500,24.3942,33.1685
2019-06-02 03-48-16,500,24.3774,33.1685
2019-06-02 03-48-18,499,24.3271,33.1685
2019-06-02 03-48-20,500,24.3439,33.1846
2019-06-02 03-48-22,499,24.3912,33.1552
2019-06-02 03-48-26,500,24.408,33.1552
2019-06-02 03-48-28,499,24.408,33.1418
2019-06-02 03-48-30,499,24.437,33.1258
2019-06-02 03-48-32,500,24.4537,33.1258
2019-06-02 03-48-34,499,24.3576,33.1418
2019-06-02 03-48-36,499,24.3256,33.1258
2019-06-02 03-48-38,499,24.3896,33.1258
2019-06-02 03-48-42,499,24.4049,33.1258
2019-06-02 03-48-44,499,24.3729,33.1125
2019-06-02 03-48-46,499,24.4034,33.0991
2019-06-02 03-48-48,500,24.4675,33.1125
2019-06-02 03-48-50,499,24.4034,33.0991
2019-06-02 03-48-52,499,24.4217,33.1125
2019-06-02 03-48-54,499,24.3729,33.1125
2019-06-02 03-48-56,500,24.4217,33.1125
2019-06-02 03-49-00,501,24.3896,33.1258
2019-06-02 03-49-02,501,24.4354,33.0991
2019-06-02 03-49-04,501,24.4034,33.0991
2019-06-02 03-49-06,501,24.4034,33.0858
2019-06-02 03-49-08,502,24.4171,33.0697
2019-06-02 03-49-10,502,24.4492,33.0697
2019-06-02 03-49-12,502,24.4629,33.0564
2019-06-02 03-49-16,502,24.4644,33.0858
2019-06-02 03-49-18,502,24.5148,33.0858
2019-06-02 03-49-20,502,24.4827,33.0991
2019-06-02 03-49-22,502,24.4507,33.0858
2019-06-02 03-49-24,502,24.4507,33.0991
2019-06-02 03-49-26,501,24.4675,33.0991
2019-06-02 03-49-28,501,24.4507,33.0858
2019-06-02 03-49-30,501,24.4507,33.0858
2019-06-02 03-49-34,501,24.4186,33.0858
2019-06-02 03-49-36,501,24.4965,33.0697
2019-06-02 03-49-38,500,24.5316,33.0697
2019-06-02 03-49-40,501,24.4949,33.0564
2019-06-02 03-49-42,500,24.4965,33.0697
2019-06-02 03-49-44,501,24.4965,33.0697
2019-06-02 03-49-46,501,24.4827,33.0991
2019-06-02 03-49-48,501,24.4507,33.1125
2019-06-02 03-49-52,500,24.4049,33.1258
2019-06-02 03-49-54,500,24.3591,33.1685
2019-06-02 03-49-56,500,24.3164,33.2246
2019-06-02 03-49-58,500,24.2386,33.2807
2019-06-02 03-50-00,499,24.1974,33.3528
2019-06-02 03-50-02,500,24.1028,33.3955
2019-06-02 03-50-04,499,24.0555,33.3795
2019-06-02 03-50-08,500,24.0707,33.3795
2019-06-02 03-50-10,500,24.0387,33.3955
2019-06-02 03-50-12,501,24.0387,33.4115
2019-06-02 03-50-14,501,24.0555,33.3795
2019-06-02 03-50-16,501,24.0372,33.3528
2019-06-02 03-50-18,501,24.0372,33.3795
2019-06-02 03-50-20,502,24.0021,33.3795
2019-06-02 03-50-22,502,24.0387,33.3955
2019-06-02 03-50-26,502,24.0387,33.4115
2019-06-02 03-50-28,501,24.0387,33.4115
2019-06-02 03-50-30,502,24.0417,33.4382
2019-06-02 03-50-32,502,23.97,33.4249
2019-06-02 03-50-34,503,23.9365,33.4382
2019-06-02 03-50-36,503,24.025,33.4382
2019-06-02 03-50-38,502,24.0707,33.3955
2019-06-02 03-50-42,503,24.0051,33.3955
2019-06-02 03-50-44,502,24.1028,33.3795
2019-06-02 03-50-46,503,24.1196,33.3795
2019-06-02 03-50-48,502,24.1486,33.3368
2019-06-02 03-50-50,503,24.0555,33.3795
2019-06-02 03-50-52,502,24.1028,33.3795
2019-06-02 03-50-54,502,24.0875,33.3795
2019-06-02 03-50-56,502,24.0875,33.3955
2019-06-02 03-51-00,502,24.0707,33.3955
2019-06-02 03-51-02,503,24.1013,33.3661
2019-06-02 03-51-04,502,24.1516,33.3661
2019-06-02 03-51-06,501,24.1348,33.3795
2019-06-02 03-51-08,501,24.1379,33.4115
2019-06-02 03-51-10,501,24.0417,33.4382
2019-06-02 03-51-12,501,24.1394,33.4249
2019-06-02 03-51-14,501,24.0738,33.4115
2019-06-02 03-51-18,502,24.1028,33.3955
2019-06-02 03-51-20,502,24.0692,33.3661
2019-06-02 03-51-22,502,24.1165,33.3368
2019-06-02 03-51-24,502,24.0982,33.3234
2019-06-02 03-51-26,502,24.1302,33.2967
2019-06-02 03-51-28,502,24.1791,33.3234
2019-06-02 03-51-30,502,24.176,33.2967
2019-06-02 03-51-34,502,24.2569,33.2673
2019-06-02 03-51-36,502,24.2722,33.2807
2019-06-02 03-51-38,502,24.2706,33.254
2019-06-02 03-51-40,501,24.3027,33.2673
2019-06-02 03-51-42,501,24.2081,33.2967
2019-06-02 03-51-44,500,24.1928,33.2807
2019-06-02 03-51-46,500,24.1302,33.2967
2019-06-02 03-51-48,501,24.1165,33.3234
2019-06-02 03-51-52,502,24.1302,33.3101
2019-06-02 03-51-54,503,24.1623,33.2967
2019-06-02 03-51-56,504,24.1608,33.2807
2019-06-02 03-51-58,504,24.2065,33.254
2019-06-02 03-52-00,502,24.2203,33.2246
2019-06-02 03-52-02,503,24.2706,33.2406
2019-06-02 03-52-04,503,24.2355,33.2246
2019-06-02 03-52-08,502,24.3134,33.1979
2019-06-02 03-52-10,502,24.3439,33.1846
2019-06-02 03-52-12,502,24.3301,33.2113
2019-06-02 03-52-14,502,24.3454,33.1979
2019-06-02 03-52-16,501,24.3622,33.1979
2019-06-02 03-52-18,501,24.3301,33.1846
2019-06-02 03-52-20,501,24.3301,33.1846
2019-06-02 03-52-22,501,24.3942,33.1846
2019-06-02 03-52-26,501,24.3774,33.1846
2019-06-02 03-52-28,501,24.3591,33.1846
2019-06-02 03-52-30,501,24.3774,33.1685
2019-06-02 03-52-32,500,24.4263,33.1846
2019-06-02 03-52-34,499,24.3942,33.1685
2019-06-02 03-52-36,499,24.437,33.1418
2019-06-02 03-52-38,499,24.4537,33.1258
2019-06-02 03-52-40,500,24.4995,33.1258
2019-06-02 03-52-44,500,24.469,33.1418
2019-06-02 03-52-46,501,24.408,33.1418
2019-06-02 03-52-49,501,24.4217,33.1258
2019-06-02 03-52-51,501,24.3759,33.1258
2019-06-02 03-52-53,501,24.437,33.1125
2019-06-02 03-52-55,501,24.469,33.1258
2019-06-02 03-52-57,501,24.3393,33.0991
2019-06-02 03-53-01,502,24.4217,33.1125
2019-06-02 03-53-03,501,24.4186,33.0991
2019-06-02 03-53-05,501,24.4232,33.1418
2019-06-02 03-53-07,501,24.3896,33.0991
2019-06-02 03-53-09,501,24.437,33.1125
2019-06-02 03-53-11,501,24.4217,33.1258
2019-06-02 03-53-13,501,24.4034,33.0858
2019-06-02 03-53-15,501,24.4034,33.0991
2019-06-02 03-53-19,501,24.3759,33.1258
2019-06-02 03-53-21,501,24.4217,33.1258
2019-06-02 03-53-23,501,24.437,33.1125
2019-06-02 03-53-25,500,24.3729,33.0991
2019-06-02 03-53-27,501,24.4354,33.0991
2019-06-02 03-53-29,501,24.4507,33.0858
2019-06-02 03-53-31,502,24.4629,33.0564
2019-06-02 03-53-33,501,24.4644,33.0858
2019-06-02 03-53-37,501,24.469,33.1258
2019-06-02 03-53-39,501,24.437,33.1418
2019-06-02 03-53-41,500,24.3912,33.1552
2019-06-02 03-53-43,500,24.4232,33.1552
2019-06-02 03-53-45,500,24.3439,33.1846
2019-06-02 03-53-47,500,24.3805,33.1979
2019-06-02 03-53-49,501,24.3942,33.1685
2019-06-02 03-53-53,501,24.3912,33.1552
2019-06-02 03-53-55,501,24.4232,33.1418
2019-06-02 03-53-57,501,24.3896,33.1258
2019-06-02 03-53-59,500,24.4217,33.1258
2019-06-02 03-54-01,500,24.4095,33.1685
2019-06-02 03-54-03,500,24.3301,33.1979
2019-06-02 03-54-05,500,24.3134,33.1979
2019-06-02 03-54-07,500,24.3622,33.1979
2019-06-02 03-54-11,500,24.3622,33.1979
2019-06-02 03-54-13,499,24.3118,33.1685
2019-06-02 03-54-15,500,24.3118,33.1685
2019-06-02 03-54-17,500,24.3439,33.1846
2019-06-02 03-54-19,501,24.3637,33.2246
2019-06-02 03-54-21,501,24.3439,33.1846
2019-06-02 03-54-23,501,24.3439,33.1846
2019-06-02 03-54-27,501,24.3958,33.1979
2019-06-02 03-54-29,501,24.3942,33.1846
2019-06-02 03-54-31,501,24.4095,33.1846
2019-06-02 03-54-33,501,24.4095,33.1685
2019-06-02 03-54-35,501,24.3408,33.1418
2019-06-02 03-54-37,501,24.3576,33.1552
2019-06-02 03-54-39,502,24.3408,33.1258
2019-06-02 03-54-41,502,24.3576,33.1418
2019-06-02 03-54-45,502,24.3576,33.1258
2019-06-02 03-54-47,502,24.3896,33.1125
2019-06-02 03-54-49,502,24.4995,33.1125
2019-06-02 03-54-51,502,24.4034,33.0858
2019-06-02 03-54-53,503,24.4034,33.0858
2019-06-02 03-54-55,503,24.4034,33.0697
2019-06-02 03-54-57,503,24.4675,33.0991
2019-06-02 03-54-59,504,24.4812,33.0858
2019-06-02 03-55-03,504,24.4965,33.0858
2019-06-02 03-55-05,503,24.4965,33.0858
2019-06-02 03-55-07,503,24.4507,33.0991
2019-06-02 03-55-09,503,24.3896,33.0991
2019-06-02 03-55-11,503,24.4217,33.1258
2019-06-02 03-55-13,502,24.353,33.0858
2019-06-02 03-55-15,502,24.353,33.0858
2019-06-02 03-55-19,502,24.4675,33.1125
2019-06-02 03-55-21,502,24.408,33.1418
2019-06-02 03-55-23,502,24.3759,33.1258
2019-06-02 03-55-25,503,24.408,33.1418
2019-06-02 03-55-27,503,24.3774,33.1685
2019-06-02 03-55-29,502,24.3134,33.1846
2019-06-02 03-55-31,503,24.3439,33.1846
2019-06-02 03-55-33,502,24.3301,33.1846
2019-06-02 03-55-37,503,24.2981,33.1846
2019-06-02 03-55-39,502,24.3439,33.1846
2019-06-02 03-55-41,503,24.3271,33.1685
2019-06-02 03-55-43,503,24.3256,33.1418
2019-06-02 03-55-45,504,24.3408,33.1418
2019-06-02 03-55-47,504,24.4049,33.1258
2019-06-02 03-55-49,503,24.3408,33.1258
2019-06-02 03-55-53,503,24.408,33.1418
2019-06-02 03-55-55,504,24.4232,33.1418
2019-06-02 03-55-57,504,24.4232,33.1418
2019-06-02 03-55-59,503,24.4217,33.1125
2019-06-02 03-56-01,504,24.437,33.1258
2019-06-02 03-56-03,504,24.4217,33.1258
2019-06-02 03-56-05,503,24.4049,33.1125
2019-06-02 03-56-07,503,24.4232,33.1552
2019-06-02 03-56-11,503,24.4537,33.1418
2019-06-02 03-56-13,503,24.4095,33.1685
2019-06-02 03-56-15,503,24.44,33.1685
2019-06-02 03-56-17,503,24.4553,33.1552
2019-06-02 03-56-19,503,24.3576,33.1552
2019-06-02 03-56-21,503,24.3591,33.1685
2019-06-02 03-56-23,503,24.437,33.1418
2019-06-02 03-56-27,504,24.4049,33.1258
2019-06-02 03-56-29,504,24.437,33.1258
2019-06-02 03-56-31,503,24.501,33.1418
2019-06-02 03-56-33,503,24.4095,33.1979
2019-06-02 03-56-35,503,24.3958,33.1979
2019-06-02 03-56-37,503,24.3164,33.2246
2019-06-02 03-56-39,503,24.2996,33.2246
2019-06-02 03-56-41,503,24.3164,33.2246
2019-06-02 03-56-45,503,24.3164,33.2246
2019-06-02 03-56-47,503,24.2889,33.2673
2019-06-02 03-56-49,502,24.2432,33.3234
2019-06-02 03-56-51,502,24.1943,33.3368
2019-06-02 03-56-53,502,24.1669,33.3661
2019-06-02 03-56-55,502,24.1348,33.3661
2019-06-02 03-56-57,503,24.1714,33.4382
2019-06-02 03-57-01,503,24.0921,33.4676
2019-06-02 03-57-03,505,24.0738,33.4382
2019-06-02 03-57-05,505,24.0891,33.4382
2019-06-02 03-57-07,505,24.0234,33.4115
2019-06-02 03-57-09,506,24.0707,33.3795
2019-06-02 03-57-11,506,24.1379,33.3955
2019-06-02 03-57-13,506,24.1669,33.3955
2019-06-02 03-57-15,507,24.1379,33.3955
2019-06-02 03-57-19,507,24.0891,33.4115
2019-06-02 03-57-21,507,24.0707,33.3795
2019-06-02 03-57-23,508,24.0845,33.3528
2019-06-02 03-57-25,508,24.147,33.3234
2019-06-02 03-57-27,508,24.176,33.2967
2019-06-02 03-57-29,508,24.1928,33.2967
2019-06-02 03-57-31,508,24.2386,33.2807
2019-06-02 03-57-35,508,24.2172,33.2113
2019-06-02 03-57-37,508,24.234,33.2113
2019-06-02 03-57-39,508,24.2355,33.2246
2019-06-02 03-57-41,508,24.2676,33.2246
2019-06-02 03-57-43,507,24.2676,33.2113
2019-06-02 03-57-45,506,24.2523,33.2113
2019-06-02 03-57-47,506,24.2981,33.1846
2019-06-02 03-57-49,506,24.2859,33.2406
2019-06-02 03-57-53,506,24.2996,33.2246
2019-06-02 03-57-55,505,24.2813,33.1979
2019-06-02 03-57-57,505,24.2981,33.1979
2019-06-02 03-57-59,505,24.3454,33.1979
2019-06-02 03-58-01,504,24.295,33.1685
2019-06-02 03-58-03,504,24.3164,33.2113
2019-06-02 03-58-05,504,24.3301,33.2113
2019-06-02 03-58-09,504,24.2523,33.2113
2019-06-02 03-58-11,504,24.2538,33.2406
2019-06-02 03-58-13,504,24.2676,33.2113
2019-06-02 03-58-15,504,24.2706,33.2406
2019-06-02 03-58-17,504,24.2203,33.2246
2019-06-02 03-58-19,504,24.2676,33.2113
2019-06-02 03-58-21,505,24.2722,33.2673
2019-06-02 03-58-23,505,24.2355,33.2406
2019-06-02 03-58-27,504,24.2996,33.2246
2019-06-02 03-58-29,504,24.3027,33.2406
2019-06-02 03-58-32,504,24.2859,33.254
2019-06-02 03-58-34,504,24.2218,33.254
2019-06-02 03-58-36,504,24.2386,33.2673
2019-06-02 03-58-38,503,24.2401,33.2967
2019-06-02 03-58-40,503,24.2889,33.2807
2019-06-02 03-58-42,504,24.2889,33.2673
2019-06-02 03-58-46,504,24.2752,33.2967
2019-06-02 03-58-48,504,24.2889,33.2807
2019-06-02 03-58-50,504,24.2722,33.2673
2019-06-02 03-58-52,504,24.2218,33.2807
2019-06-02 03-58-54,503,24.2569,33.254
2019-06-02 03-58-56,503,24.2065,33.254
2019-06-02 03-58-58,504,24.2569,33.254
2019-06-02 03-59-02,504,24.2722,33.2673
2019-06-02 03-59-04,503,24.2355,33.2406
2019-06-02 03-59-06,504,24.3317,33.2406
2019-06-02 03-59-08,504,24.3301,33.1846
2019-06-02 03-59-10,505,24.3591,33.1846
2019-06-02 03-59-12,505,24.4049,33.1258
2019-06-02 03-59-14,505,24.4232,33.1552
2019-06-02 03-59-16,504,24.4125,33.2246
2019-06-02 03-59-20,504,24.3637,33.254
2019-06-02 03-59-22,504,24.3362,33.2807
2019-06-02 03-59-24,504,24.2661,33.3955
2019-06-02 03-59-26,503,24.2035,33.4516
2019-06-02 03-59-28,503,24.1425,33.4516
2019-06-02 03-59-30,503,24.1058,33.4249
2019-06-02 03-59-32,503,24.1699,33.4115
2019-06-02 03-59-36,505,24.1486,33.3528
2019-06-02 03-59-38,506,24.1653,33.3368
2019-06-02 03-59-40,506,24.2126,33.3528
2019-06-02 03-59-42,506,24.1653,33.3528
2019-06-02 03-59-44,505,24.1348,33.3528
2019-06-02 03-59-46,505,24.1791,33.3234
2019-06-02 03-59-48,505,24.1943,33.3234
2019-06-02 03-59-50,505,24.2111,33.3101
2019-06-02 03-59-54,506,24.1302,33.3101
2019-06-02 03-59-56,505,24.2584,33.2967
2019-06-02 03-59-58,505,24.2218,33.2807
2019-06-02 04-00-00,505,24.2249,33.2967
2019-06-02 04-00-02,505,24.2218,33.2673
2019-06-02 04-00-04,505,24.3179,33.254
2019-06-02 04-00-06,506,24.3179,33.2673
2019-06-02 04-00-10,505,24.2706,33.254
2019-06-02 04-00-12,504,24.3347,33.254
2019-06-02 04-00-14,504,24.3637,33.254
2019-06-02 04-00-16,504,24.2706,33.2406
2019-06-02 04-00-18,504,24.2844,33.2246
2019-06-02 04-00-20,504,24.3134,33.1979
2019-06-02 04-00-22,504,24.3164,33.2113
2019-06-02 04-00-24,504,24.3301,33.1979
2019-06-02 04-00-28,504,24.2844,33.2113
2019-06-02 04-00-30,503,24.3454,33.2113
2019-06-02 04-00-32,503,24.3454,33.1979
2019-06-02 04-00-34,503,24.3774,33.1846
2019-06-02 04-00-36,503,24.4125,33.2246
2019-06-02 04-00-38,503,24.3134,33.1979
2019-06-02 04-00-40,503,24.3134,33.1979
2019-06-02 04-00-44,503,24.3454,33.1979
2019-06-02 04-00-46,503,24.3301,33.1979
2019-06-02 04-00-48,503,24.2981,33.1846
2019-06-02 04-00-50,503,24.3484,33.2246
2019-06-02 04-00-52,503,24.3134,33.1979
2019-06-02 04-00-54,502,24.3637,33.2246
2019-06-02 04-00-56,503,24.3454,33.2113
2019-06-02 04-00-58,503,24.2844,33.2246
2019-06-02 04-01-02,502,24.3164,33.2113
2019-06-02 04-01-04,502,24.2706,33.2406
2019-06-02 04-01-06,502,24.2996,33.2246
2019-06-02 04-01-08,503,24.2813,33.1979
2019-06-02 04-01-10,502,24.3454,33.2113
2019-06-02 04-01-12,502,24.2981,33.1979
2019-06-02 04-01-14,502,24.3942,33.1685
2019-06-02 04-01-18,502,24.3912,33.1552
2019-06-02 04-01-20,502,24.4553,33.1552
2019-06-02 04-01-22,503,24.437,33.1418
2019-06-02 04-01-24,504,24.4537,33.1418
2019-06-02 04-01-26,504,24.4858,33.1258
2019-06-02 04-01-28,504,24.437,33.1258
2019-06-02 04-01-30,503,24.408,33.1418
2019-06-02 04-01-32,503,24.4217,33.1258
2019-06-02 04-01-36,503,24.469,33.1258
2019-06-02 04-01-38,503,24.44,33.1552
2019-06-02 04-01-40,503,24.4858,33.1418
2019-06-02 04-01-42,502,24.501,33.1418
2019-06-02 04-01-44,502,24.437,33.1258
2019-06-02 04-01-46,502,24.469,33.1258
2019-06-02 04-01-48,503,24.5193,33.1418
2019-06-02 04-01-52,503,24.4537,33.1418
2019-06-02 04-01-54,503,24.5361,33.1418
2019-06-02 04-01-56,503,24.4858,33.1258
2019-06-02 04-01-58,503,24.5193,33.1418
2019-06-02 04-02-00,504,24.501,33.1418
2019-06-02 04-02-02,504,24.5331,33.1258
2019-06-02 04-02-04,504,24.4995,33.1258
2019-06-02 04-02-06,504,24.4537,33.1258
2019-06-02 04-02-10,504,24.469,33.1418
2019-06-02 04-02-12,504,24.408,33.1418
2019-06-02 04-02-14,504,24.437,33.1258
2019-06-02 04-02-16,504,24.469,33.1258
2019-06-02 04-02-18,503,24.4675,33.1125
2019-06-02 04-02-20,503,24.4507,33.0991
2019-06-02 04-02-22,503,24.4812,33.0697
2019-06-02 04-02-24,503,24.4949,33.0564
2019-06-02 04-02-28,503,24.4812,33.0858
2019-06-02 04-02-30,503,24.4034,33.0991
2019-06-02 04-02-32,503,24.4217,33.1125
2019-06-02 04-02-34,503,24.4171,33.0697
2019-06-02 04-02-36,503,24.5178,33.0991
2019-06-02 04-02-38,502,24.4995,33.0991
2019-06-02 04-02-40,503,24.4995,33.0991
2019-06-02 04-02-44,503,24.4965,33.0697
2019-06-02 04-02-46,502,24.4965,33.0697
2019-06-02 04-02-48,503,24.4644,33.0697
2019-06-02 04-02-50,502,24.4965,33.0697
2019-06-02 04-02-52,502,24.4812,33.0697
2019-06-02 04-02-54,502,24.4171,33.0697
2019-06-02 04-02-56,501,24.4781,33.0564
2019-06-02 04-02-58,501,24.4781,33.0564
2019-06-02 04-03-02,502,24.5422,33.0297
2019-06-02 04-03-04,502,24.6063,33.0564
2019-06-02 04-03-06,502,24.5285,33.0564
2019-06-02 04-03-08,501,24.527,33.0297
2019-06-02 04-03-10,501,24.5132,33.0564
2019-06-02 04-03-12,501,24.5132,33.043
2019-06-02 04-03-14,501,24.4949,33.043
2019-06-02 04-03-18,501,24.4919,33.0137
2019-06-02 04-03-20,501,24.4949,33.043
2019-06-02 04-03-22,502,24.5453,33.0697
2019-06-02 04-03-24,502,24.4949,33.0564
2019-06-02 04-03-26,501,24.4781,33.043
2019-06-02 04-03-28,502,24.5926,33.0697
2019-06-02 04-03-30,502,24.5285,33.043
2019-06-02 04-03-32,502,24.5453,33.043
2019-06-02 04-03-36,502,24.5911,33.0297
2019-06-02 04-03-38,502,24.5773,33.0564
2019-06-02 04-03-40,501,24.5773,33.0697
2019-06-02 04-03-42,501,24.5132,33.0564
2019-06-02 04-03-44,500,24.5605,33.0697
2019-06-02 04-03-46,500,24.5148,33.0858
2019-06-02 04-03-48,500,24.5316,33.0991
2019-06-02 04-03-52,500,24.4965,33.0858
2019-06-02 04-03-54,501,24.5316,33.0858
2019-06-02 04-03-56,501,24.5178,33.0991
2019-06-02 04-03-58,501,24.4827,33.1125
2019-06-02 04-04-00,501,24.5148,33.0697
2019-06-02 04-04-02,502,24.4949,33.0564
2019-06-02 04-04-04,502,24.5453,33.0564
2019-06-02 04-04-06,502,24.6063,33.0564
2019-06-02 04-04-10,502,24.5911,33.043
2019-06-02 04-04-12,502,24.5422,33.0297
2019-06-02 04-04-14,502,24.5285,33.043
2019-06-02 04-04-16,502,24.5728,33.0137
2019-06-02 04-04-18,502,24.5422,33.0137
2019-06-02 04-04-20,502,24.6704,33.0137
2019-06-02 04-04-22,503,24.6048,33.0003
2019-06-02 04-04-26,502,24.5697,32.987
2019-06-02 04-04-28,502,24.556,33.0003
2019-06-02 04-04-30,503,24.5407,33.0003
2019-06-02 04-04-33,503,24.6048,33.0137
2019-06-02 04-04-35,503,24.6017,32.987
2019-06-02 04-04-37,503,24.5865,32.9736
2019-06-02 04-04-39,503,24.6338,33.0003
2019-06-02 04-04-41,503,24.6658,32.9576
2019-06-02 04-04-45,503,24.6323,32.9576
2019-06-02 04-04-47,503,24.6658,32.9576
2019-06-02 04-04-49,503,24.6155,32.9576
2019-06-02 04-04-51,503,24.6506,32.9576
2019-06-02 04-04-53,503,24.6841,33.0003
2019-06-02 04-04-55,503,24.6323,32.9736
2019-06-02 04-04-57,503,24.5834,32.9442
2019-06-02 04-05-01,502,24.5865,32.987
2019-06-02 04-05-03,503,24.6002,32.9576
2019-06-02 04-05-05,503,24.556,32.987
2019-06-02 04-05-07,503,24.6185,32.9736
2019-06-02 04-05-09,502,24.6017,32.9736
2019-06-02 04-05-11,502,24.6658,32.9736
2019-06-02 04-05-13,502,24.6506,32.9736
2019-06-02 04-05-15,502,24.556,32.987
2019-06-02 04-05-19,502,24.5834,32.9576
2019-06-02 04-05-21,503,24.5697,32.987
2019-06-02 04-05-23,503,24.6338,32.987
2019-06-02 04-05-25,502,24.588,33.0003
2019-06-02 04-05-27,502,24.5728,33.0137
2019-06-02 04-05-29,502,24.556,33.0003
2019-06-02 04-05-31,501,24.6048,33.0137
2019-06-02 04-05-35,501,24.6185,33.0003
2019-06-02 04-05-37,501,24.5743,33.0297
2019-06-02 04-05-39,501,24.556,33.0003
2019-06-02 04-05-41,501,24.5407,33.0003
2019-06-02 04-05-43,501,24.527,33.0297
2019-06-02 04-05-45,501,24.5743,33.0297
2019-06-02 04-05-47,501,24.556,33.0003
2019-06-02 04-05-49,501,24.5743,33.0297
2019-06-02 04-05-53,501,24.5728,33.0137
2019-06-02 04-05-55,501,24.4949,33.043
2019-06-02 04-05-57,501,24.5132,33.0564
2019-06-02 04-05-59,501,24.4812,33.0697
2019-06-02 04-06-01,501,24.4812,33.0858
2019-06-02 04-06-03,501,24.4034,33.0991
2019-06-02 04-06-05,501,24.4827,33.0991
2019-06-02 04-06-07,501,24.4644,33.0858
2019-06-02 04-06-11,501,24.5148,33.0697
2019-06-02 04-06-13,501,24.4629,33.0564
2019-06-02 04-06-15,502,24.4507,33.0858
2019-06-02 04-06-17,502,24.4812,33.0697
2019-06-02 04-06-19,502,24.4675,33.0991
2019-06-02 04-06-21,503,24.4354,33.0991
2019-06-02 04-06-23,504,24.4507,33.0991
2019-06-02 04-06-27,504,24.437,33.1125
2019-06-02 04-06-29,503,24.4217,33.1258
2019-06-02 04-06-31,502,24.4034,33.0991
2019-06-02 04-06-33,502,24.4675,33.0991
2019-06-02 04-06-35,503,24.5178,33.0991
2019-06-02 04-06-37,503,24.4812,33.0697
2019-06-02 04-06-39,504,24.5773,33.0697
2019-06-02 04-06-41,504,24.5132,33.0564
2019-06-02 04-06-45,505,24.5422,33.0297
2019-06-02 04-06-47,506,24.5422,33.0297
2019-06-02 04-06-49,506,24.5102,33.0297
2019-06-02 04-06-51,506,24.5453,33.043
2019-06-02 04-06-53,506,24.6201,33.0137
2019-06-02 04-06-55,506,24.588,33.0137
2019-06-02 04-06-57,507,24.5728,33.0003
2019-06-02 04-06-59,506,24.5728,33.0137
2019-06-02 04-07-03,505,24.5728,33.0003
2019-06-02 04-07-05,504,24.588,33.0003
2019-06-02 04-07-07,504,24.588,33.0137
2019-06-02 04-07-09,504,24.527,33.0137
2019-06-02 04-07-11,504,24.5285,33.043
2019-06-02 04-07-13,504,24.5728,33.0137
2019-06-02 04-07-15,504,24.5453,33.043
2019-06-02 04-07-19,503,24.527,33.0137
2019-06-02 04-07-21,503,24.5453,33.043
2019-06-02 04-07-23,504,24.5132,33.043
2019-06-02 04-07-25,504,24.5285,33.0564
2019-06-02 04-07-27,504,24.4461,33.043
2019-06-02 04-07-29,504,24.4949,33.043
2019-06-02 04-07-31,504,24.4965,33.0697
2019-06-02 04-07-33,504,24.4949,33.0564
2019-06-02 04-07-37,504,24.4629,33.0564
2019-06-02 04-07-39,503,24.4781,33.0297
2019-06-02 04-07-41,503,24.5285,33.0564
2019-06-02 04-07-43,503,24.5132,33.0564
2019-06-02 04-07-45,503,24.5773,33.0564
2019-06-02 04-07-47,503,24.5316,33.0697
2019-06-02 04-07-49,503,24.5132,33.0564
2019-06-02 04-07-53,503,24.4629,33.0564
2019-06-02 04-07-55,503,24.5132,33.043
2019-06-02 04-07-57,503,24.4781,33.0564
2019-06-02 04-07-59,503,24.4781,33.043
2019-06-02 04-08-01,503,24.4949,33.0564
2019-06-02 04-08-03,502,24.5132,33.0564
2019-06-02 04-08-05,502,24.5132,33.043
2019-06-02 04-08-07,501,24.5743,33.0297
2019-06-02 04-08-11,501,24.5132,33.0564
2019-06-02 04-08-13,502,24.5102,33.0137
2019-06-02 04-08-15,502,24.4949,33.043
2019-06-02 04-08-17,502,24.556,33.0003
2019-06-02 04-08-19,502,24.4904,33.0003
2019-06-02 04-08-21,502,24.5697,32.9736
2019-06-02 04-08-23,503,24.6323,32.9736
2019-06-02 04-08-27,503,24.6185,32.987
2019-06-02 04-08-29,503,24.6323,32.9576
2019-06-02 04-08-31,503,24.6185,32.9736
2019-06-02 04-08-33,504,24.6185,32.9736
2019-06-02 04-08-35,504,24.6002,32.9576
2019-06-02 04-08-37,504,24.6017,32.9736
2019-06-02 04-08-39,504,24.6323,32.9576
2019-06-02 04-08-41,504,24.6002,32.9576
2019-06-02 04-08-45,504,24.6475,32.9149
2019-06-02 04-08-47,504,24.6643,32.9442
2019-06-02 04-08-49,504,24.5682,32.9442
2019-06-02 04-08-51,504,24.6002,32.9442
2019-06-02 04-08-53,504,24.6506,32.9576
2019-06-02 04-08-55,504,24.6323,32.9442
2019-06-02 04-08-57,503,24.6658,32.9736
2019-06-02 04-09-01,504,24.6185,32.9736
2019-06-02 04-09-03,504,24.6521,32.987
2019-06-02 04-09-05,504,24.6323,32.9442
2019-06-02 04-09-07,503,24.6796,32.9442
2019-06-02 04-09-09,504,24.6506,32.9442
2019-06-02 04-09-11,504,24.6002,32.9442
2019-06-02 04-09-13,504,24.6506,32.9442
2019-06-02 04-09-15,504,24.6826,32.9576
2019-06-02 04-09-19,504,24.6323,32.9736
2019-06-02 04-09-21,504,24.6017,32.987
2019-06-02 04-09-23,504,24.6155,32.9576
2019-06-02 04-09-25,503,24.6658,32.9576
2019-06-02 04-09-27,503,24.6323,32.9576
2019-06-02 04-09-29,504,24.6658,32.9736
2019-06-02 04-09-31,504,24.5697,32.9736
2019-06-02 04-09-33,504,24.6338,32.987
2019-06-02 04-09-38,503,24.6155,32.9576
2019-06-02 04-09-40,503,24.5407,32.987
2019-06-02 04-09-42,503,24.5865,32.9736
2019-06-02 04-09-44,503,24.6185,32.9736
2019-06-02 04-09-46,503,24.6155,32.9576
2019-06-02 04-09-48,503,24.6323,32.9576
2019-06-02 04-09-50,503,24.6689,32.987
2019-06-02 04-09-54,504,24.7009,33.0003
2019-06-02 04-09-56,504,24.6506,32.9736
2019-06-02 04-09-58,504,24.6323,32.9736
2019-06-02 04-10-00,504,24.6048,33.0003
2019-06-02 04-10-02,504,24.6338,33.0003
2019-06-02 04-10-04,504,24.6704,33.0297
2019-06-02 04-10-06,504,24.6521,33.0003
2019-06-02 04-10-08,504,24.6048,33.0003
2019-06-02 04-10-12,504,24.5728,33.0137
2019-06-02 04-10-14,504,24.6048,33.0137
2019-06-02 04-10-16,504,24.5285,33.043
2019-06-02 04-10-18,504,24.5148,33.0697
2019-06-02 04-10-20,504,24.5316,33.0697
2019-06-02 04-10-22,504,24.5148,33.0858
2019-06-02 04-10-24,505,24.4675,33.0991
2019-06-02 04-10-28,505,24.4965,33.0697
2019-06-02 04-10-30,505,24.4965,33.0697
2019-06-02 04-10-32,505,24.4965,33.0697
2019-06-02 04-10-34,505,24.4675,33.0991
2019-06-02 04-10-36,505,24.4965,33.0697
2019-06-02 04-10-38,505,24.4965,33.0697
2019-06-02 04-10-40,505,24.4965,33.0697
2019-06-02 04-10-42,505,24.4781,33.0564
2019-06-02 04-10-46,506,24.4629,33.0564
2019-06-02 04-10-48,506,24.4781,33.0564
2019-06-02 04-10-50,506,24.5148,33.0697
2019-06-02 04-10-52,506,24.4629,33.0564
2019-06-02 04-10-54,506,24.4949,33.0564
2019-06-02 04-10-56,506,24.4965,33.0858
2019-06-02 04-10-58,506,24.4812,33.0858
2019-06-02 04-11-00,507,24.4629,33.043
2019-06-02 04-11-04,507,24.4492,33.0697
2019-06-02 04-11-06,506,24.5132,33.0564
2019-06-02 04-11-08,507,24.5102,33.0297
2019-06-02 04-11-10,507,24.4949,33.043
2019-06-02 04-11-12,507,24.5453,33.043
2019-06-02 04-11-14,507,24.5407,33.0003
2019-06-02 04-11-16,507,24.5132,33.043
2019-06-02 04-11-20,507,24.4781,33.0564
2019-06-02 04-11-22,507,24.5132,33.043
2019-06-02 04-11-24,507,24.4781,33.0297
2019-06-02 04-11-26,508,24.559,33.0297
2019-06-02 04-11-28,508,24.527,33.0297
2019-06-02 04-11-30,508,24.5422,33.0297
2019-06-02 04-11-32,509,24.5422,33.0297
2019-06-02 04-11-34,509,24.5422,33.0297
2019-06-02 04-11-38,509,24.527,33.0297
2019-06-02 04-11-40,509,24.5132,33.043
2019-06-02 04-11-42,509,24.4812,33.0697
2019-06-02 04-11-44,508,24.5148,33.0697
2019-06-02 04-11-46,508,24.4629,33.0564
2019-06-02 04-11-48,509,24.4354,33.0858
2019-06-02 04-11-50,508,24.4324,33.0697
2019-06-02 04-11-54,508,24.4507,33.0858
2019-06-02 04-11-56,507,24.4644,33.0697
2019-06-02 04-11-58,508,24.4644,33.0858
2019-06-02 04-12-00,508,24.4034,33.0991
2019-06-02 04-12-02,508,24.4537,33.1258
2019-06-02 04-12-04,507,24.437,33.1125
2019-06-02 04-12-06,507,24.3896,33.1258
2019-06-02 04-12-08,506,24.3729,33.1125
2019-06-02 04-12-12,507,24.3896,33.1125
2019-06-02 04-12-14,507,24.4507,33.0991
2019-06-02 04-12-16,507,24.469,33.1258
2019-06-02 04-12-18,507,24.4049,33.1258
2019-06-02 04-12-20,508,24.4217,33.1125
2019-06-02 04-12-22,508,24.437,33.1125
2019-06-02 04-12-24,508,24.3729,33.0991
2019-06-02 04-12-26,508,24.4354,33.0858
2019-06-02 04-12-30,508,24.4995,33.1125
2019-06-02 04-12-32,509,24.4507,33.1125
2019-06-02 04-12-34,508,24.4537,33.1418
2019-06-02 04-12-36,508,24.3912,33.1552
2019-06-02 04-12-38,508,24.3774,33.1846
2019-06-02 04-12-40,508,24.3637,33.2246
2019-06-02 04-12-42,508,24.3179,33.2406
2019-06-02 04-12-46,507,24.3164,33.2246
2019-06-02 04-12-48,508,24.3134,33.1979
2019-06-02 04-12-50,508,24.2538,33.2406
2019-06-02 04-12-52,509,24.2844,33.2246
2019-06-02 04-12-54,509,24.1898,33.2406
2019-06-02 04-12-56,508,24.2081,33.2807
2019-06-02 04-12-58,508,24.1928,33.2967
2019-06-02 04-13-00,509,24.1623,33.3101
2019-06-02 04-13-04,509,24.0829,33.3234
2019-06-02 04-13-06,509,24.1333,33.3368
2019-06-02 04-13-08,509,24.0982,33.3368
2019-06-02 04-13-10,508,24.1302,33.3101
2019-06-02 04-13-12,508,24.1623,33.2967
2019-06-02 04-13-14,509,24.2249,33.2967
2019-06-02 04-13-16,509,24.2218,33.2807
2019-06-02 04-13-20,510,24.2386,33.2673
2019-06-02 04-13-22,511,24.2538,33.2406
2019-06-02 04-13-24,510,24.3027,33.2406
2019-06-02 04-13-26,511,24.2538,33.2406
2019-06-02 04-13-28,512,24.2676,33.2246
2019-06-02 04-13-30,511,24.2996,33.2113
2019-06-02 04-13-32,511,24.2996,33.2113
2019-06-02 04-13-34,512,24.3134,33.1846
2019-06-02 04-13-38,512,24.3134,33.1846
2019-06-02 04-13-40,512,24.3439,33.1846
2019-06-02 04-13-42,512,24.3454,33.1979
2019-06-02 04-13-44,512,24.3454,33.1979
2019-06-02 04-13-46,511,24.3164,33.2246
2019-06-02 04-13-48,511,24.3179,33.254
2019-06-02 04-13-50,510,24.2859,33.254
2019-06-02 04-13-52,511,24.3042,33.2807
2019-06-02 04-13-56,510,24.2569,33.2673
2019-06-02 04-13-58,510,24.2218,33.2807
2019-06-02 04-14-00,510,24.2569,33.2673
2019-06-02 04-14-02,510,24.2706,33.254
2019-06-02 04-14-04,509,24.2889,33.2673
2019-06-02 04-14-06,510,24.3027,33.2673
2019-06-02 04-14-08,510,24.3347,33.254
2019-06-02 04-14-12,510,24.2844,33.2246
2019-06-02 04-14-14,510,24.3622,33.2113
2019-06-02 04-14-16,510,24.3454,33.1979
2019-06-02 04-14-18,510,24.3591,33.1846
2019-06-02 04-14-20,511,24.3774,33.1846
2019-06-02 04-14-22,511,24.3774,33.1846
2019-06-02 04-14-24,511,24.4232,33.1552
2019-06-02 04-14-26,511,24.3958,33.2113
2019-06-02 04-14-30,510,24.408,33.1552
2019-06-02 04-14-32,510,24.3805,33.1979
2019-06-02 04-14-34,510,24.3774,33.1846
2019-06-02 04-14-36,510,24.3271,33.1685
2019-06-02 04-14-38,510,24.3439,33.1552
2019-06-02 04-14-40,510,24.3774,33.1685
2019-06-02 04-14-42,509,24.295,33.1552
2019-06-02 04-14-46,509,24.3408,33.1258
2019-06-02 04-14-48,509,24.3759,33.1258
2019-06-02 04-14-50,509,24.3912,33.1552
2019-06-02 04-14-52,509,24.3408,33.1258
2019-06-02 04-14-54,509,24.3439,33.1685
2019-06-02 04-14-56,509,24.3118,33.1552
2019-06-02 04-14-58,509,24.3271,33.1685
2019-06-02 04-15-00,509,24.3271,33.1552
2019-06-02 04-15-04,508,24.3134,33.1846
2019-06-02 04-15-06,508,24.3591,33.1685
2019-06-02 04-15-08,507,24.3301,33.1846
2019-06-02 04-15-10,508,24.2813,33.1846
2019-06-02 04-15-12,508,24.234,33.1979
2019-06-02 04-15-14,507,24.2813,33.1846
2019-06-02 04-15-17,507,24.2661,33.1846
2019-06-02 04-15-19,508,24.295,33.1552
2019-06-02 04-15-23,508,24.3759,33.1552
2019-06-02 04-15-25,508,24.3256,33.1418
2019-06-02 04-15-27,509,24.3408,33.1418
2019-06-02 04-15-29,509,24.3408,33.1418
2019-06-02 04-15-31,509,24.3759,33.1418
2019-06-02 04-15-33,509,24.4049,33.1258
2019-06-02 04-15-35,509,24.3439,33.1552
2019-06-02 04-15-39,509,24.3591,33.1685
2019-06-02 04-15-41,508,24.3759,33.1552
2019-06-02 04-15-43,508,24.295,33.1685
2019-06-02 04-15-45,507,24.2981,33.1979
2019-06-02 04-15-47,507,24.2813,33.1846
2019-06-02 04-15-49,507,24.2996,33.2113
2019-06-02 04-15-51,508,24.295,33.1685
2019-06-02 04-15-53,508,24.3774,33.1846
2019-06-02 04-15-57,508,24.3439,33.1685
2019-06-02 04-15-59,508,24.3591,33.1846
2019-06-02 04-16-01,508,24.3774,33.1685
2019-06-02 04-16-03,508,24.3912,33.1552
2019-06-02 04-16-05,507,24.3759,33.1552
2019-06-02 04-16-07,507,24.3408,33.1418
2019-06-02 04-16-09,507,24.3408,33.1418
2019-06-02 04-16-11,507,24.3439,33.1552
2019-06-02 04-16-15,506,24.4095,33.1685
2019-06-02 04-16-17,506,24.3576,33.1418
2019-06-02 04-16-19,506,24.3942,33.1685
2019-06-02 04-16-21,506,24.408,33.1552
2019-06-02 04-16-23,506,24.3759,33.1552
2019-06-02 04-16-25,506,24.3896,33.1125
2019-06-02 04-16-27,506,24.408,33.1418
2019-06-02 04-16-31,506,24.3912,33.1552
2019-06-02 04-16-33,505,24.3759,33.1552
2019-06-02 04-16-35,505,24.3271,33.1552
2019-06-02 04-16-37,505,24.4232,33.1418
2019-06-02 04-16-39,505,24.3439,33.1552
2019-06-02 04-16-41,505,24.4095,33.1685
2019-06-02 04-16-43,505,24.408,33.1552
2019-06-02 04-16-45,505,24.3912,33.1552
2019-06-02 04-16-49,506,24.3942,33.1685
2019-06-02 04-16-51,506,24.295,33.1418
2019-06-02 04-16-53,506,24.3271,33.1552
2019-06-02 04-16-55,507,24.2477,33.1418
2019-06-02 04-16-57,508,24.295,33.1418
2019-06-02 04-16-59,507,24.3271,33.1552
2019-06-02 04-17-01,506,24.3546,33.1125
2019-06-02 04-17-05,506,24.3576,33.1552
2019-06-02 04-17-07,507,24.4049,33.1258
2019-06-02 04-17-09,507,24.3759,33.1418
2019-06-02 04-17-11,507,24.3729,33.1125
2019-06-02 04-17-13,507,24.3912,33.1418
2019-06-02 04-17-15,507,24.3256,33.1258
2019-06-02 04-17-17,506,24.3576,33.1552
2019-06-02 04-17-19,506,24.3591,33.1685
2019-06-02 04-17-23,506,24.2798,33.1418
2019-06-02 04-17-25,506,24.295,33.1418
2019-06-02 04-17-27,506,24.3118,33.1685
2019-06-02 04-17-29,506,24.3256,33.1418
2019-06-02 04-17-31,506,24.4095,33.1685
2019-06-02 04-17-33,506,24.3759,33.1552
2019-06-02 04-17-35,506,24.3912,33.1552
2019-06-02 04-17-39,507,24.3759,33.1418
2019-06-02 04-17-41,507,24.3408,33.1418
2019-06-02 04-17-43,507,24.2935,33.1258
2019-06-02 04-17-45,507,24.3439,33.1552
2019-06-02 04-17-47,507,24.295,33.1552
2019-06-02 04-17-49,507,24.2813,33.1685
2019-06-02 04-17-51,507,24.2477,33.1418
2019-06-02 04-17-53,507,24.2798,33.1552
2019-06-02 04-17-57,506,24.3088,33.1258
2019-06-02 04-17-59,507,24.3408,33.1418
2019-06-02 04-18-01,507,24.3759,33.1552
2019-06-02 04-18-03,507,24.3256,33.1418
2019-06-02 04-18-05,507,24.3896,33.1258
2019-06-02 04-18-07,507,24.4217,33.1258
2019-06-02 04-18-09,507,24.4537,33.1258
2019-06-02 04-18-11,507,24.3896,33.1258
2019-06-02 04-18-15,507,24.4034,33.0991
2019-06-02 04-18-17,507,24.3759,33.1552
2019-06-02 04-18-19,507,24.408,33.1418
2019-06-02 04-18-21,507,24.3256,33.1418
2019-06-02 04-18-23,507,24.3896,33.1125
2019-06-02 04-18-25,506,24.3896,33.1258
2019-06-02 04-18-27,506,24.3912,33.1418
2019-06-02 04-18-31,506,24.4217,33.1258
2019-06-02 04-18-33,506,24.3774,33.1685
2019-06-02 04-18-35,506,24.3774,33.1685
2019-06-02 04-18-37,506,24.4217,33.1258
2019-06-02 04-18-39,506,24.3912,33.1418
2019-06-02 04-18-41,505,24.4217,33.1258
2019-06-02 04-18-43,505,24.3576,33.1552
2019-06-02 04-18-45,505,24.3454,33.2113
2019-06-02 04-18-49,505,24.2844,33.2246
2019-06-02 04-18-51,505,24.234,33.1979
2019-06-02 04-18-53,504,24.3027,33.2406
2019-06-02 04-18-55,504,24.2676,33.2246
2019-06-02 04-18-57,504,24.2355,33.2406
2019-06-02 04-18-59,504,24.176,33.2807
2019-06-02 04-19-01,504,24.2386,33.2673
2019-06-02 04-19-05,504,24.2035,33.2246
2019-06-02 04-19-07,505,24.2065,33.254
2019-06-02 04-19-09,505,24.2538,33.2406
2019-06-02 04-19-11,505,24.2844,33.2246
2019-06-02 04-19-13,505,24.2706,33.2406
2019-06-02 04-19-15,505,24.2218,33.254
2019-06-02 04-19-17,505,24.1623,33.2967
2019-06-02 04-19-19,505,24.1623,33.3101
2019-06-02 04-19-23,505,24.1486,33.3368
2019-06-02 04-19-25,504,24.1531,33.3955
2019-06-02 04-19-27,504,24.0707,33.3795
2019-06-02 04-19-29,504,24.0372,33.3795
2019-06-02 04-19-31,504,24.0372,33.3795
2019-06-02 04-19-33,504,24.0189,33.3661
2019-06-02 04-19-35,504,24.0555,33.3661
2019-06-02 04-19-37,505,24.0799,33.3101
2019-06-02 04-19-41,505,24.0341,33.3368
2019-06-02 04-19-43,505,24.0662,33.3234
2019-06-02 04-19-45,505,24.147,33.3234
2019-06-02 04-19-47,505,24.1302,33.2967
2019-06-02 04-19-49,505,24.0158,33.3101
2019-06-02 04-19-51,505,24.0646,33.2807
2019-06-02 04-19-53,505,24.115,33.2967
2019-06-02 04-19-57,506,24.1119,33.2807
2019-06-02 04-19-59,506,24.1577,33.254
2019-06-02 04-20-01,506,24.2569,33.254
2019-06-02 04-20-03,506,24.1745,33.2406
2019-06-02 04-20-05,506,24.2355,33.2246
2019-06-02 04-20-07,506,24.2172,33.2113
2019-06-02 04-20-09,506,24.1882,33.2246
2019-06-02 04-20-11,506,24.234,33.2113
2019-06-02 04-20-15,506,24.2676,33.2113
2019-06-02 04-20-17,506,24.2676,33.2246
2019-06-02 04-20-19,506,24.2706,33.254
2019-06-02 04-20-21,505,24.2706,33.254
2019-06-02 04-20-23,505,24.2065,33.2673
2019-06-02 04-20-25,505,24.2035,33.2406
2019-06-02 04-20-27,505,24.2538,33.2406
2019-06-02 04-20-31,505,24.2569,33.254
2019-06-02 04-20-33,506,24.3164,33.2246
2019-06-02 04-20-35,506,24.2538,33.2246
2019-06-02 04-20-37,506,24.2676,33.2246
2019-06-02 04-20-39,506,24.3301,33.2113
2019-06-02 04-20-41,506,24.2813,33.1685
2019-06-02 04-20-43,507,24.2661,33.1846
2019-06-02 04-20-45,507,24.3271,33.1685
2019-06-02 04-20-49,507,24.3408,33.1418
2019-06-02 04-20-51,508,24.3408,33.1418
2019-06-02 04-20-53,508,24.3591,33.1685
2019-06-02 04-20-55,507,24.3118,33.1685
2019-06-02 04-20-57,506,24.3576,33.1418
2019-06-02 04-20-59,506,24.3118,33.1685
2019-06-02 04-21-01,506,24.3439,33.1552
2019-06-02 04-21-05,506,24.295,33.1552
2019-06-02 04-21-07,506,24.3271,33.1685
2019-06-02 04-21-09,506,24.2813,33.1685
2019-06-02 04-21-12,505,24.3439,33.1685
2019-06-02 04-21-14,505,24.295,33.1552
2019-06-02 04-21-16,506,24.295,33.1685
2019-06-02 04-21-18,506,24.3118,33.1552
2019-06-02 04-21-20,506,24.3118,33.1685
2019-06-02 04-21-24,505,24.3439,33.1552
2019-06-02 04-21-26,505,24.2477,33.1552
2019-06-02 04-21-28,505,24.3576,33.1552
2019-06-02 04-21-30,505,24.2661,33.1685
2019-06-02 04-21-32,505,24.295,33.1685
2019-06-02 04-21-34,505,24.3301,33.1846
2019-06-02 04-21-36,505,24.3134,33.1846
2019-06-02 04-21-40,505,24.295,33.1685
2019-06-02 04-21-42,506,24.2661,33.1846
2019-06-02 04-21-44,506,24.2523,33.2113
2019-06-02 04-21-46,506,24.2844,33.2246
2019-06-02 04-21-48,506,24.202,33.2113
2019-06-02 04-21-50,506,24.2981,33.1979
2019-06-02 04-21-52,506,24.2981,33.1979
2019-06-02 04-21-54,506,24.3118,33.1685
2019-06-02 04-21-58,507,24.2523,33.1979
2019-06-02 04-22-00,507,24.2813,33.1846
2019-06-02 04-22-02,506,24.2981,33.1846
2019-06-02 04-22-04,506,24.2813,33.1685
2019-06-02 04-22-06,507,24.3164,33.2113
2019-06-02 04-22-08,507,24.2981,33.1846
2019-06-02 04-22-10,508,24.2661,33.1846
2019-06-02 04-22-12,508,24.2523,33.2113
2019-06-02 04-22-16,509,24.231,33.1846
2019-06-02 04-22-18,509,24.295,33.1552
2019-06-02 04-22-20,509,24.295,33.1552
2019-06-02 04-22-22,509,24.2981,33.1846
2019-06-02 04-22-24,509,24.3134,33.1846
2019-06-02 04-22-26,509,24.3439,33.1552
2019-06-02 04-22-28,509,24.3118,33.1552
2019-06-02 04-22-32,509,24.3256,33.1418
2019-06-02 04-22-34,508,24.3256,33.1258
2019-06-02 04-22-36,508,24.3256,33.1418
2019-06-02 04-22-38,508,24.3408,33.1258
2019-06-02 04-22-40,508,24.3393,33.1125
2019-06-02 04-22-42,509,24.3256,33.1258
2019-06-02 04-22-44,509,24.3729,33.1125
2019-06-02 04-22-46,509,24.3759,33.1258
2019-06-02 04-22-50,509,24.3408,33.1258
2019-06-02 04-22-52,509,24.3225,33.1125
2019-06-02 04-22-54,508,24.437,33.1125
2019-06-02 04-22-56,508,24.3256,33.1418
2019-06-02 04-22-58,508,24.3896,33.1125
2019-06-02 04-23-00,508,24.3729,33.1125
2019-06-02 04-23-02,508,24.3729,33.0991
2019-06-02 04-23-06,507,24.3729,33.1125
2019-06-02 04-23-08,507,24.3393,33.1125
2019-06-02 04-23-10,506,24.3393,33.1125
2019-06-02 04-23-12,506,24.3408,33.1258
2019-06-02 04-23-14,506,24.3912,33.1418
2019-06-02 04-23-16,506,24.437,33.1125
2019-06-02 04-23-18,506,24.4049,33.1125
2019-06-02 04-23-20,506,24.3729,33.0991
2019-06-02 04-23-24,506,24.3546,33.0991
2019-06-02 04-23-26,507,24.4034,33.0697
2019-06-02 04-23-28,507,24.4034,33.0697
2019-06-02 04-23-30,507,24.3729,33.0991
2019-06-02 04-23-32,507,24.3393,33.0991
2019-06-02 04-23-34,507,24.3393,33.0991
2019-06-02 04-23-36,506,24.3896,33.1258
2019-06-02 04-23-38,506,24.3896,33.0991
2019-06-02 04-23-42,506,24.4049,33.1258
2019-06-02 04-23-44,506,24.437,33.1125
2019-06-02 04-23-46,505,24.3759,33.1418
2019-06-02 04-23-48,505,24.4232,33.1418
2019-06-02 04-23-50,505,24.437,33.1258
2019-06-02 04-23-52,505,24.3896,33.1258
2019-06-02 04-23-54,505,24.3408,33.1418
2019-06-02 04-23-58,506,24.3759,33.1418
2019-06-02 04-24-00,505,24.295,33.1685
2019-06-02 04-24-02,505,24.3271,33.1552
2019-06-02 04-24-04,505,24.3118,33.1685
2019-06-02 04-24-06,506,24.2813,33.1685
2019-06-02 04-24-08,506,24.2798,33.1552
2019-06-02 04-24-10,506,24.3301,33.1846
2019-06-02 04-24-12,507,24.263,33.1418
2019-06-02 04-24-16,507,24.3271,33.1685
2019-06-02 04-24-18,507,24.2798,33.1552
2019-06-02 04-24-20,508,24.3301,33.1846
2019-06-02 04-24-22,508,24.2813,33.1846
2019-06-02 04-24-24,508,24.3942,33.1685
2019-06-02 04-24-26,508,24.3439,33.1685
2019-06-02 04-24-28,508,24.3576,33.1552
2019-06-02 04-24-32,508,24.3759,33.1258
2019-06-02 04-24-34,508,24.3118,33.1685
2019-06-02 04-24-36,509,24.263,33.1552
2019-06-02 04-24-38,509,24.3088,33.1418
2019-06-02 04-24-40,509,24.3271,33.1552
2019-06-02 04-24-42,509,24.3134,33.1846
2019-06-02 04-24-44,508,24.3118,33.1552
2019-06-02 04-24-46,507,24.295,33.1685
2019-06-02 04-24-50,507,24.3439,33.1685
2019-06-02 04-24-52,507,24.3576,33.1552
2019-06-02 04-24-54,507,24.408,33.1552
2019-06-02 04-24-56,506,24.3271,33.1685
2019-06-02 04-24-58,506,24.3576,33.1418
2019-06-02 04-25-00,506,24.3271,33.1685
2019-06-02 04-25-02,506,24.295,33.1685
2019-06-02 04-25-06,506,24.3271,33.1552
2019-06-02 04-25-08,506,24.295,33.1685
2019-06-02 04-25-10,505,24.2813,33.1685
2019-06-02 04-25-12,505,24.3088,33.1418
2019-06-02 04-25-14,506,24.2661,33.1685
2019-06-02 04-25-16,506,24.3439,33.1685
2019-06-02 04-25-18,506,24.295,33.1685
2019-06-02 04-25-20,507,24.2661,33.1685
2019-06-02 04-25-24,507,24.2523,33.1979
2019-06-02 04-25-26,507,24.2981,33.1979
2019-06-02 04-25-28,507,24.2813,33.1685
2019-06-02 04-25-30,506,24.3271,33.1685
2019-06-02 04-25-32,506,24.3301,33.1846
2019-06-02 04-25-34,507,24.3439,33.1685
2019-06-02 04-25-36,507,24.2981,33.1846
2019-06-02 04-25-40,507,24.3134,33.1846
2019-06-02 04-25-42,507,24.2676,33.1979
2019-06-02 04-25-44,508,24.2523,33.1979
2019-06-02 04-25-46,507,24.234,33.1979
2019-06-02 04-25-48,507,24.2981,33.1979
2019-06-02 04-25-50,508,24.234,33.2113
2019-06-02 04-25-52,508,24.2172,33.1979
2019-06-02 04-25-54,508,24.202,33.1979
2019-06-02 04-25-58,508,24.202,33.2113
2019-06-02 04-26-00,508,24.2813,33.1979
2019-06-02 04-26-02,508,24.3134,33.1979
2019-06-02 04-26-04,508,24.2676,33.1979
2019-06-02 04-26-06,509,24.2523,33.1979
2019-06-02 04-26-08,509,24.2813,33.1846
2019-06-02 04-26-10,509,24.231,33.1846
2019-06-02 04-26-14,509,24.2661,33.1846
2019-06-02 04-26-16,509,24.2477,33.1552
2019-06-02 04-26-18,509,24.2493,33.1846
2019-06-02 04-26-20,508,24.2661,33.1846
2019-06-02 04-26-22,508,24.2813,33.1685
2019-06-02 04-26-24,508,24.2813,33.1685
2019-06-02 04-26-26,508,24.295,33.1685
2019-06-02 04-26-28,509,24.2172,33.1979
2019-06-02 04-26-32,508,24.2523,33.1979
2019-06-02 04-26-34,508,24.202,33.1846
2019-06-02 04-26-36,509,24.2157,33.1846
2019-06-02 04-26-39,508,24.2661,33.1846
2019-06-02 04-26-41,509,24.2813,33.1846
2019-06-02 04-26-43,509,24.3591,33.1685
2019-06-02 04-26-45,509,24.2813,33.1846
2019-06-02 04-26-49,509,24.3454,33.1979
2019-06-02 04-26-51,510,24.3774,33.1685
2019-06-02 04-26-53,510,24.3408,33.1418
2019-06-02 04-26-55,510,24.3439,33.1846
2019-06-02 04-26-57,509,24.3408,33.1418
2019-06-02 04-26-59,509,24.3576,33.1258
2019-06-02 04-27-01,509,24.3576,33.1552
2019-06-02 04-27-03,509,24.3759,33.1418
2019-06-02 04-27-07,509,24.3088,33.1258
2019-06-02 04-27-09,508,24.3271,33.1552
2019-06-02 04-27-11,509,24.3408,33.1418
2019-06-02 04-27-13,508,24.3271,33.1685
2019-06-02 04-27-15,508,24.3256,33.1418
2019-06-02 04-27-17,507,24.3576,33.1552
2019-06-02 04-27-19,507,24.3591,33.1846
2019-06-02 04-27-23,507,24.3439,33.1685
2019-06-02 04-27-25,507,24.2981,33.1846
2019-06-02 04-27-27,507,24.2523,33.2113
2019-06-02 04-27-29,508,24.2661,33.1846
2019-06-02 04-27-31,508,24.2676,33.1979
2019-06-02 04-27-33,508,24.3454,33.1979
2019-06-02 04-27-35,508,24.2493,33.1846
2019-06-02 04-27-37,508,24.2661,33.1846
2019-06-02 04-27-41,508,24.2798,33.1552
2019-06-02 04-27-43,508,24.3439,33.1685
2019-06-02 04-27-45,509,24.3408,33.1258
2019-06-02 04-27-47,509,24.3118,33.1685
2019-06-02 04-27-49,509,24.295,33.1552
2019-06-02 04-27-51,509,24.3759,33.1418
2019-06-02 04-27-53,509,24.3393,33.1125
2019-06-02 04-27-55,509,24.3546,33.0991
2019-06-02 04-27-59,510,24.3546,33.1125
2019-06-02 04-28-01,510,24.3393,33.1125
2019-06-02 04-28-03,509,24.3408,33.1258
2019-06-02 04-28-05,509,24.353,33.0858
2019-06-02 04-28-07,508,24.3393,33.1125
2019-06-02 04-28-09,509,24.4034,33.0991
2019-06-02 04-28-11,509,24.3729,33.0991
2019-06-02 04-28-15,509,24.353,33.0858
2019-06-02 04-28-17,509,24.3759,33.1258
2019-06-02 04-28-19,510,24.3729,33.0991
2019-06-02 04-28-21,509,24.3546,33.1125
2019-06-02 04-28-23,509,24.3546,33.1125
2019-06-02 04-28-25,509,24.3912,33.1418
2019-06-02 04-28-27,509,24.3896,33.0991
2019-06-02 04-28-29,508,24.3256,33.1258
2019-06-02 04-28-33,508,24.3546,33.1125
2019-06-02 04-28-35,507,24.3088,33.1418
2019-06-02 04-28-37,508,24.3256,33.1418
2019-06-02 04-28-39,507,24.295,33.1418
2019-06-02 04-28-41,507,24.2767,33.1258
2019-06-02 04-28-43,507,24.3088,33.1418
2019-06-02 04-28-45,507,24.295,33.1552
2019-06-02 04-28-49,507,24.2798,33.1552
2019-06-02 04-28-51,507,24.2661,33.1846
2019-06-02 04-28-53,506,24.2661,33.1685
2019-06-02 04-28-55,507,24.231,33.1846
2019-06-02 04-28-57,507,24.231,33.1846
2019-06-02 04-28-59,507,24.2798,33.1552
2019-06-02 04-29-01,508,24.3256,33.1258
2019-06-02 04-29-03,508,24.3896,33.1125
2019-06-02 04-29-07,508,24.3576,33.1258
2019-06-02 04-29-09,509,24.4049,33.1258
2019-06-02 04-29-11,510,24.3729,33.1125
2019-06-02 04-29-13,510,24.3271,33.1552
2019-06-02 04-29-15,510,24.295,33.1418
2019-06-02 04-29-17,511,24.2493,33.1685
2019-06-02 04-29-19,510,24.3118,33.1552
2019-06-02 04-29-23,510,24.3439,33.1552
2019-06-02 04-29-25,510,24.3301,33.1846
2019-06-02 04-29-27,510,24.3439,33.1685
2019-06-02 04-29-29,509,24.3271,33.1552
2019-06-02 04-29-31,509,24.2813,33.1685
2019-06-02 04-29-33,509,24.3408,33.1258
2019-06-02 04-29-35,509,24.3729,33.1125
2019-06-02 04-29-37,509,24.3256,33.1418
2019-06-02 04-29-41,509,24.3088,33.1258
2019-06-02 04-29-43,510,24.3256,33.1258
2019-06-02 04-29-45,510,24.2798,33.1418
2019-06-02 04-29-47,510,24.2798,33.1418
2019-06-02 04-29-49,510,24.3118,33.1552
2019-06-02 04-29-51,509,24.3088,33.1418
2019-06-02 04-29-53,509,24.3088,33.1418
2019-06-02 04-29-57,509,24.263,33.1552
2019-06-02 04-29-59,510,24.3256,33.1258
2019-06-02 04-30-01,510,24.2294,33.1258
2019-06-02 04-30-03,510,24.2477,33.1552
2019-06-02 04-30-05,510,24.2493,33.1846
2019-06-02 04-30-07,509,24.1852,33.1979
2019-06-02 04-30-09,509,24.2172,33.2113
2019-06-02 04-30-11,509,24.1699,33.1846
2019-06-02 04-30-15,508,24.1699,33.1979
2019-06-02 04-30-17,508,24.2157,33.1846
2019-06-02 04-30-19,507,24.1882,33.2113
2019-06-02 04-30-21,507,24.1699,33.1979
2019-06-02 04-30-23,507,24.1852,33.1979
2019-06-02 04-30-25,507,24.202,33.1846
2019-06-02 04-30-27,507,24.231,33.1846
2019-06-02 04-30-31,507,24.234,33.1979
2019-06-02 04-30-33,508,24.202,33.1846
2019-06-02 04-30-35,508,24.2035,33.2246
2019-06-02 04-30-37,508,24.2981,33.1979
2019-06-02 04-30-39,508,24.2813,33.1979
2019-06-02 04-30-41,508,24.231,33.1685
2019-06-02 04-30-43,508,24.2676,33.1979
2019-06-02 04-30-45,509,24.2981,33.1979
2019-06-02 04-30-49,509,24.2172,33.1979
2019-06-02 04-30-51,509,24.2813,33.1846
2019-06-02 04-30-53,509,24.231,33.1846
2019-06-02 04-30-55,509,24.2676,33.1979
2019-06-02 04-30-57,508,24.2538,33.2246
2019-06-02 04-30-59,508,24.2813,33.1979
2019-06-02 04-31-01,508,24.234,33.2113
2019-06-02 04-31-05,508,24.234,33.2113
2019-06-02 04-31-07,509,24.1882,33.2246
2019-06-02 04-31-09,509,24.1745,33.2406
2019-06-02 04-31-11,509,24.1577,33.254
2019-06-02 04-31-13,509,24.1714,33.2113
2019-06-02 04-31-15,509,24.234,33.1979
2019-06-02 04-31-17,509,24.202,33.1979
2019-06-02 04-31-19,509,24.2676,33.2113
2019-06-02 04-31-23,509,24.234,33.1979
2019-06-02 04-31-25,509,24.2157,33.1846
2019-06-02 04-31-27,509,24.2493,33.1846
2019-06-02 04-31-29,508,24.2355,33.2246
2019-06-02 04-31-31,508,24.2218,33.2673
2019-06-02 04-31-33,508,24.2386,33.2807
2019-06-02 04-31-35,508,24.2218,33.2807
2019-06-02 04-31-39,508,24.1653,33.3528
2019-06-02 04-31-41,507,24.0891,33.4249
2019-06-02 04-31-43,506,24.0112,33.4943
2019-06-02 04-31-45,505,23.9609,33.5504
2019-06-02 04-31-47,506,23.8739,33.5504
2019-06-02 04-31-49,506,23.8724,33.537
2019-06-02 04-31-51,506,23.8876,33.5103
2019-06-02 04-31-53,504,23.851,33.4943
2019-06-02 04-31-57,506,23.938,33.481
2019-06-02 04-31-59,508,23.8693,33.481
2019-06-02 04-32-01,509,23.8358,33.4943
2019-06-02 04-32-03,511,23.9182,33.4516
2019-06-02 04-32-05,512,23.851,33.4676
2019-06-02 04-32-07,514,23.9365,33.4676
2019-06-02 04-32-09,514,23.9365,33.4516
2019-06-02 04-32-13,514,23.9883,33.4382
2019-06-02 04-32-15,514,23.9502,33.3955
2019-06-02 04-32-17,513,23.9334,33.4249
2019-06-02 04-32-19,513,23.9136,33.3795
2019-06-02 04-32-21,513,24.0021,33.3795
2019-06-02 04-32-23,513,24.0204,33.3795
2019-06-02 04-32-25,512,24.0524,33.3528
2019-06-02 04-32-27,512,24.0829,33.3368
2019-06-02 04-32-31,512,24.0662,33.3368
2019-06-02 04-32-34,512,24.0692,33.3528
2019-06-02 04-32-36,512,24.0509,33.3234
2019-06-02 04-32-38,512,24.0509,33.3101
2019-06-02 04-32-40,512,24.0326,33.3101
2019-06-02 04-32-42,512,24.0646,33.2967
2019-06-02 04-32-44,512,24.0799,33.2967
2019-06-02 04-32-48,512,24.1302,33.2967
2019-06-02 04-32-50,511,24.0936,33.2807
2019-06-02 04-32-52,511,24.0799,33.2807
2019-06-02 04-32-54,512,24.1302,33.2967
2019-06-02 04-32-56,511,24.1302,33.2967
2019-06-02 04-32-58,512,24.1119,33.2673
2019-06-02 04-33-00,512,24.1287,33.2807
2019-06-02 04-33-02,512,24.1287,33.2673
2019-06-02 04-33-06,511,24.0921,33.2406
2019-06-02 04-33-08,511,24.1577,33.254
2019-06-02 04-33-10,511,24.1425,33.2406
2019-06-02 04-33-12,511,24.1745,33.2406
2019-06-02 04-33-14,512,24.1882,33.2246
2019-06-02 04-33-16,513,24.1562,33.2246
2019-06-02 04-33-18,513,24.2035,33.2406
2019-06-02 04-33-20,513,24.1882,33.2246
2019-06-02 04-33-24,513,24.2065,33.254
2019-06-02 04-33-26,513,24.1882,33.2113
2019-06-02 04-33-28,513,24.234,33.1979
2019-06-02 04-33-30,512,24.234,33.1979
2019-06-02 04-33-32,512,24.2355,33.2406
2019-06-02 04-33-34,511,24.1562,33.2113
2019-06-02 04-33-36,511,24.2172,33.1979
2019-06-02 04-33-40,511,24.231,33.1846
2019-06-02 04-33-42,511,24.234,33.2113
2019-06-02 04-33-44,511,24.2676,33.1979
2019-06-02 04-33-46,510,24.1852,33.1979
2019-06-02 04-33-48,510,24.231,33.1846
2019-06-02 04-33-50,510,24.1989,33.1685
2019-06-02 04-33-52,510,24.2813,33.1979
2019-06-02 04-33-54,510,24.231,33.1846
2019-06-02 04-33-58,511,24.263,33.1552
2019-06-02 04-34-00,511,24.2798,33.1552
2019-06-02 04-34-02,510,24.295,33.1552
2019-06-02 04-34-04,511,24.2798,33.1552
2019-06-02 04-34-06,510,24.3088,33.1258
2019-06-02 04-34-08,510,24.3088,33.1258
2019-06-02 04-34-10,511,24.3271,33.1552
2019-06-02 04-34-14,511,24.3225,33.1125
2019-06-02 04-34-16,510,24.3256,33.1258
2019-06-02 04-34-18,510,24.2935,33.1125
2019-06-02 04-34-20,510,24.3073,33.0991
2019-06-02 04-34-22,510,24.2477,33.1258
2019-06-02 04-34-24,510,24.3576,33.1418
2019-06-02 04-34-26,510,24.3256,33.1258
2019-06-02 04-34-28,510,24.263,33.1418
2019-06-02 04-34-32,509,24.2615,33.1125
2019-06-02 04-34-34,509,24.2767,33.1258
2019-06-02 04-34-36,509,24.2126,33.1258
2019-06-02 04-34-38,509,24.3118,33.1685
2019-06-02 04-34-40,509,24.2294,33.1418
2019-06-02 04-34-42,509,24.2798,33.1418
2019-06-02 04-34-44,510,24.295,33.1418
2019-06-02 04-34-48,509,24.1989,33.1552
2019-06-02 04-34-50,509,24.295,33.1552
2019-06-02 04-34-52,509,24.2493,33.1685
2019-06-02 04-34-54,509,24.2813,33.1685
2019-06-02 04-34-56,509,24.2493,33.1846
2019-06-02 04-34-58,509,24.2661,33.1685
2019-06-02 04-35-00,508,24.263,33.1552
2019-06-02 04-35-02,508,24.2157,33.1685
2019-06-02 04-35-06,508,24.2477,33.1418
2019-06-02 04-35-08,508,24.295,33.1552
2019-06-02 04-35-10,508,24.231,33.1685
2019-06-02 04-35-12,508,24.2477,33.1258
2019-06-02 04-35-14,508,24.3118,33.1685
2019-06-02 04-35-16,508,24.3118,33.1552
2019-06-02 04-35-18,508,24.3088,33.1418
2019-06-02 04-35-20,508,24.2477,33.1418
2019-06-02 04-35-24,508,24.2661,33.1846
2019-06-02 04-35-26,507,24.2813,33.1846
2019-06-02 04-35-28,507,24.2294,33.1552
2019-06-02 04-35-30,507,24.2157,33.1552
2019-06-02 04-35-32,507,24.295,33.1685
2019-06-02 04-35-34,507,24.2661,33.1685
2019-06-02 04-35-36,507,24.295,33.1418
2019-06-02 04-35-40,507,24.263,33.1418
2019-06-02 04-35-42,507,24.295,33.1552
2019-06-02 04-35-44,507,24.263,33.1552
2019-06-02 04-35-46,508,24.263,33.1552
2019-06-02 04-35-48,508,24.295,33.1685
2019-06-02 04-35-50,508,24.2126,33.1418
2019-06-02 04-35-52,508,24.263,33.1552
2019-06-02 04-35-54,508,24.2294,33.1552
2019-06-02 04-35-58,508,24.263,33.1552
2019-06-02 04-36-00,508,24.2661,33.1685
2019-06-02 04-36-02,507,24.2294,33.1418
2019-06-02 04-36-04,507,24.2157,33.1685
2019-06-02 04-36-06,507,24.263,33.1552
2019-06-02 04-36-08,507,24.2661,33.1685
2019-06-02 04-36-10,507,24.2294,33.1552
2019-06-02 04-36-14,507,24.231,33.1846
2019-06-02 04-36-16,507,24.202,33.2113
2019-06-02 04-36-18,506,24.2203,33.2406
2019-06-02 04-36-20,506,24.144,33.2673
2019-06-02 04-36-22,506,24.0982,33.3368
2019-06-02 04-36-24,506,24.0845,33.3528
2019-06-02 04-36-26,506,24.0372,33.3795
2019-06-02 04-36-28,506,23.9517,33.4382
2019-06-02 04-36-32,506,23.9365,33.4516
2019-06-02 04-36-34,506,23.8678,33.4676
2019-06-02 04-36-36,507,23.851,33.481
2019-06-02 04-36-38,507,23.8724,33.5237
2019-06-02 04-36-40,507,23.8174,33.537
2019-06-02 04-36-42,507,23.7503,33.5664
2019-06-02 04-36-44,508,23.79,33.6358
2019-06-02 04-36-48,508,23.7213,33.6358
2019-06-02 04-36-50,509,23.7396,33.6492
2019-06-02 04-36-52,509,23.5977,33.6625
2019-06-02 04-36-54,508,23.671,33.7186
2019-06-02 04-36-56,509,23.5489,33.7186
2019-06-02 04-36-58,509,23.5703,33.7614
2019-06-02 04-37-00,510,23.5703,33.748
2019-06-02 04-37-02,510,23.6038,33.7614
2019-06-02 04-37-06,511,23.5016,33.7907
2019-06-02 04-37-08,511,23.497,33.748
2019-06-02 04-37-10,511,23.5016,33.8174
2019-06-02 04-37-12,511,23.4161,33.8174
2019-06-02 04-37-14,511,23.4161,33.8495
2019-06-02 04-37-16,511,23.3841,33.8762
2019-06-02 04-37-18,511,23.3139,33.9055
2019-06-02 04-37-22,512,23.3871,33.9189
2019-06-02 04-37-24,512,23.3322,33.9189
2019-06-02 04-37-26,512,23.2834,33.975
2019-06-02 04-37-28,512,23.2315,34.0043
2019-06-02 04-37-30,512,23.288,34.0177
2019-06-02 04-37-32,512,23.1995,34.0311
2019-06-02 04-37-34,512,23.1812,34.0043
2019-06-02 04-37-36,512,23.1308,34.0604
2019-06-02 04-37-40,513,23.1125,34.0311
2019-06-02 04-37-42,513,23.1461,34.0177
2019-06-02 04-37-44,512,23.1812,34.0043
2019-06-02 04-37-46,513,23.1598,33.9616
2019-06-02 04-37-48,513,23.1415,33.975
2019-06-02 04-37-50,513,23.1964,34.0043
2019-06-02 04-37-52,513,23.1964,34.0043
2019-06-02 04-37-56,514,23.1491,34.0604
2019-06-02 04-37-58,514,23.1308,34.0444
2019-06-02 04-38-00,514,23.0621,34.0871
2019-06-02 04-38-02,514,23.0804,34.1299
2019-06-02 04-38-04,514,23.0438,34.1005
2019-06-02 04-38-06,513,23.0133,34.1432
2019-06-02 04-38-08,514,23.0118,34.1299
2019-06-02 04-38-10,514,23.0118,34.1165
2019-06-02 04-38-14,514,22.9584,34.1165
2019-06-02 04-38-16,514,22.9935,34.1005
2019-06-02 04-38-18,514,22.9767,34.1165
2019-06-02 04-38-20,514,23.027,34.1005
2019-06-02 04-38-23,514,23.0255,34.0871
2019-06-02 04-38-25,513,23.0774,34.0738
2019-06-02 04-38-27,513,23.0774,34.0738
2019-06-02 04-38-31,514,23.1491,34.0604
2019-06-02 04-38-33,514,23.1308,34.0311
2019-06-02 04-38-35,514,23.1277,34.0177
2019-06-02 04-38-37,514,23.1964,34.0177
2019-06-02 04-38-39,514,23.1781,33.9883
2019-06-02 04-38-41,514,23.2315,34.0043
2019-06-02 04-38-43,514,23.2513,33.9883
2019-06-02 04-38-45,513,23.2498,33.9616
2019-06-02 04-38-49,513,23.2285,33.975
2019-06-02 04-38-51,513,23.2101,33.9616
2019-06-02 04-38-53,513,23.1766,33.9616
2019-06-02 04-38-55,512,23.2132,33.975
2019-06-02 04-38-57,513,23.2498,33.9616
2019-06-02 04-38-59,513,23.1812,34.0043
2019-06-02 04-39-01,512,23.1445,34.0043
2019-06-02 04-39-03,512,23.1964,33.9883
2019-06-02 04-39-07,512,23.2285,33.9616
2019-06-02 04-39-09,512,23.2971,33.9189
2019-06-02 04-39-11,512,23.3139,33.8895
2019-06-02 04-39-13,512,23.3841,33.8628
2019-06-02 04-39-15,513,23.3978,33.8041
2019-06-02 04-39-17,513,23.4299,33.7907
2019-06-02 04-39-19,513,23.4619,33.748
2019-06-02 04-39-23,513,23.5153,33.748
2019-06-02 04-39-25,513,23.5107,33.6919
2019-06-02 04-39-27,512,23.584,33.7053
2019-06-02 04-39-29,512,23.584,33.6919
2019-06-02 04-39-31,512,23.616,33.6492
2019-06-02 04-39-33,512,23.5291,33.6625
2019-06-02 04-39-35,512,23.5107,33.6786
2019-06-02 04-39-37,512,23.6343,33.6786
2019-06-02 04-39-41,512,23.6679,33.6625
2019-06-02 04-39-43,511,23.6862,33.6492
2019-06-02 04-39-45,510,23.6496,33.6625
2019-06-02 04-39-47,509,23.616,33.6625
2019-06-02 04-39-49,509,23.5657,33.6786
2019-06-02 04-39-51,509,23.5672,33.7053
2019-06-02 04-39-53,508,23.5519,33.7346
2019-06-02 04-39-55,508,23.5153,33.748
2019-06-02 04-39-59,508,23.4802,33.748
2019-06-02 04-40-01,508,23.497,33.748
2019-06-02 04-40-03,507,23.4467,33.748
2019-06-02 04-40-05,507,23.497,33.748
2019-06-02 04-40-07,507,23.4802,33.748
2019-06-02 04-40-09,508,23.5336,33.7346
2019-06-02 04-40-11,508,23.5336,33.7186
2019-06-02 04-40-15,508,23.4604,33.7053
2019-06-02 04-40-17,507,23.5306,33.7053
2019-06-02 04-40-19,508,23.5489,33.6919
2019-06-02 04-40-21,508,23.5657,33.6919
2019-06-02 04-40-23,508,23.5992,33.6786
2019-06-02 04-40-25,508,23.5977,33.6625
2019-06-02 04-40-27,508,23.5489,33.7186
2019-06-02 04-40-29,508,23.497,33.7346
2019-06-02 04-40-33,508,23.5031,33.8495
2019-06-02 04-40-35,507,23.4024,33.8895
2019-06-02 04-40-37,507,23.3185,33.9616
2019-06-02 04-40-39,507,23.2864,33.9883
2019-06-02 04-40-41,507,23.1674,34.0871
2019-06-02 04-40-43,507,23.1308,34.0604
2019-06-02 04-40-45,507,23.1003,34.1165
2019-06-02 04-40-47,507,23.0316,34.1726
2019-06-02 04-40-51,508,22.966,34.1993
2019-06-02 04-40-53,508,22.966,34.2287
2019-06-02 04-40-55,509,22.9294,34.2287
2019-06-02 04-40-57,509,22.8622,34.2687
2019-06-02 04-40-59,510,22.8668,34.3301
2019-06-02 04-41-01,510,22.8119,34.2847
2019-06-02 04-41-03,510,22.8302,34.2981
2019-06-02 04-41-07,510,22.8119,34.2847
2019-06-02 04-41-09,510,22.8806,34.2847
2019-06-02 04-41-11,511,22.8119,34.2981
2019-06-02 04-41-13,511,22.847,34.2847
2019-06-02 04-41-15,511,22.8104,34.2687
2019-06-02 04-41-17,512,22.8607,34.2554
2019-06-02 04-41-19,512,22.8424,34.2287
2019-06-02 04-41-21,512,22.8577,34.1993
2019-06-02 04-41-25,513,22.8897,34.1566
2019-06-02 04-41-27,512,22.9446,34.1726
2019-06-02 04-41-29,512,22.9431,34.1299
2019-06-02 04-41-31,512,22.9935,34.1165
2019-06-02 04-41-33,513,22.9904,34.0871
2019-06-02 04-41-35,512,23.0438,34.1005
2019-06-02 04-41-37,512,23.0988,34.0871
2019-06-02 04-41-41,512,23.0759,34.0604
2019-06-02 04-41-43,512,23.0408,34.0604
2019-06-02 04-41-45,511,23.0759,34.0311
2019-06-02 04-41-47,511,23.0942,34.0177
2019-06-02 04-41-49,511,23.0728,34.0177
2019-06-02 04-41-51,511,23.1277,34.0043
2019-06-02 04-41-53,511,23.1827,34.0604
2019-06-02 04-41-55,511,23.0408,34.0444
2019-06-02 04-41-59,511,23.0957,34.0604
2019-06-02 04-42-01,511,23.0988,34.0738
2019-06-02 04-42-03,510,23.1491,34.0738
2019-06-02 04-42-05,510,23.1491,34.0738
2019-06-02 04-42-07,510,23.0759,34.0444
2019-06-02 04-42-09,510,23.1094,34.0043
2019-06-02 04-42-11,510,23.0942,34.0311
2019-06-02 04-42-13,510,23.1125,34.0177
2019-06-02 04-42-17,510,23.1125,34.0177
2019-06-02 04-42-19,510,23.1094,34.0043
2019-06-02 04-42-21,510,23.1461,34.0177
2019-06-02 04-42-23,510,23.1461,34.0177
2019-06-02 04-42-25,510,23.1308,34.0311
2019-06-02 04-42-27,511,23.1812,34.0177
2019-06-02 04-42-29,511,23.1125,34.0311
2019-06-02 04-42-33,511,23.1125,34.0177
2019-06-02 04-42-35,511,23.1628,34.0177
2019-06-02 04-42-37,511,23.1781,33.9883
2019-06-02 04-42-39,511,23.1781,33.975
2019-06-02 04-42-41,511,23.2101,33.9483
2019-06-02 04-42-43,511,23.2285,33.9483
2019-06-02 04-42-45,511,23.2635,33.9189
2019-06-02 04-42-47,510,23.2422,33.8628
2019-06-02 04-42-51,511,23.3475,33.8895
2019-06-02 04-42-53,512,23.3292,33.8628
2019-06-02 04-42-55,512,23.3612,33.8174
2019-06-02 04-42-57,512,23.3597,33.8041
2019-06-02 04-42-59,511,23.3963,33.7747
2019-06-02 04-43-01,511,23.4116,33.7747
2019-06-02 04-43-03,511,23.4467,33.7747
2019-06-02 04-43-07,511,23.4619,33.748
2019-06-02 04-43-09,511,23.465,33.7614
2019-06-02 04-43-11,510,23.4619,33.748
2019-06-02 04-43-13,510,23.4619,33.748
2019-06-02 04-43-15,510,23.4619,33.748
2019-06-02 04-43-17,510,23.4619,33.748
2019-06-02 04-43-19,510,23.497,33.7346
2019-06-02 04-43-21,510,23.4283,33.748
2019-06-02 04-43-25,509,23.4283,33.7614
2019-06-02 04-43-27,509,23.465,33.7614
2019-06-02 04-43-29,509,23.5123,33.7346
2019-06-02 04-43-31,509,23.497,33.7346
2019-06-02 04-43-33,509,23.5474,33.6786
2019-06-02 04-43-35,510,23.5977,33.6492
2019-06-02 04-43-37,510,23.5794,33.6492
2019-06-02 04-43-39,511,23.6481,33.6358
2019-06-02 04-43-43,511,23.6298,33.6225
2019-06-02 04-43-45,511,23.6084,33.5664
2019-06-02 04-43-47,510,23.6435,33.5664
2019-06-02 04-43-50,509,23.6298,33.6065
2019-06-02 04-43-52,509,23.645,33.6065
2019-06-02 04-43-54,508,23.6298,33.6225
2019-06-02 04-43-56,507,23.5977,33.6358
2019-06-02 04-44-00,507,23.6313,33.6492
2019-06-02 04-44-02,507,23.5443,33.6492
2019-06-02 04-44-04,507,23.5809,33.6786
2019-06-02 04-44-06,506,23.5489,33.7053
2019-06-02 04-44-08,506,23.4756,33.7053
2019-06-02 04-44-10,505,23.5123,33.7186
2019-06-02 04-44-12,505,23.4985,33.7614
2019-06-02 04-44-14,505,23.4436,33.7346
2019-06-02 04-44-18,505,23.465,33.7747
2019-06-02 04-44-20,506,23.465,33.7907
2019-06-02 04-44-22,506,23.4467,33.7747
2019-06-02 04-44-24,506,23.4299,33.7907
2019-06-02 04-44-26,507,23.4299,33.7907
2019-06-02 04-44-28,507,23.3932,33.7614
2019-06-02 04-44-30,507,23.465,33.7747
2019-06-02 04-44-32,507,23.4299,33.7747
2019-06-02 04-44-36,508,23.4467,33.7747
2019-06-02 04-44-38,509,23.4665,33.8041
2019-06-02 04-44-40,509,23.4283,33.7614
2019-06-02 04-44-42,510,23.4116,33.7747
2019-06-02 04-44-44,512,23.4299,33.7747
2019-06-02 04-44-46,514,23.494,33.7186
2019-06-02 04-44-48,514,23.4756,33.7053
2019-06-02 04-44-52,515,23.5306,33.6786
2019-06-02 04-44-54,516,23.5657,33.6786
2019-06-02 04-44-56,517,23.5809,33.6786
2019-06-02 04-44-58,520,23.5977,33.6492
2019-06-02 04-45-00,520,23.5947,33.6065
2019-06-02 04-45-02,520,23.6847,33.6065
2019-06-02 04-45-04,520,23.5947,33.6065
2019-06-02 04-45-06,520,23.6481,33.6225
2019-06-02 04-45-10,519,23.5977,33.6625
2019-06-02 04-45-12,518,23.5977,33.6625
2019-06-02 04-45-14,517,23.616,33.6786
2019-06-02 04-45-16,517,23.584,33.6919
2019-06-02 04-45-18,516,23.5489,33.7053
2019-06-02 04-45-20,516,23.5855,33.7186
2019-06-02 04-45-22,516,23.5672,33.7053
2019-06-02 04-45-26,516,23.584,33.6919
2019-06-02 04-45-28,517,23.4756,33.6786
2019-06-02 04-45-30,517,23.5306,33.6919
2019-06-02 04-45-32,517,23.4756,33.6919
2019-06-02 04-45-34,518,23.5107,33.6919
2019-06-02 04-45-36,518,23.5474,33.6625
2019-06-02 04-45-38,519,23.5809,33.6786
2019-06-02 04-45-40,520,23.5474,33.6786
2019-06-02 04-45-44,520,23.5474,33.6786
2019-06-02 04-45-46,520,23.5489,33.7053
2019-06-02 04-45-48,520,23.5977,33.6625
2019-06-02 04-45-50,520,23.5977,33.6492
2019-06-02 04-45-52,521,23.5291,33.6625
2019-06-02 04-45-54,521,23.5977,33.6358
2019-06-02 04-45-56,520,23.526,33.6358
2019-06-02 04-45-58,520,23.5611,33.6358
2019-06-02 04-46-02,519,23.5947,33.6225
2019-06-02 04-46-04,519,23.613,33.6225
2019-06-02 04-46-06,519,23.6298,33.6065
2019-06-02 04-46-08,519,23.6267,33.5798
2019-06-02 04-46-10,518,23.6267,33.5931
2019-06-02 04-46-12,518,23.7,33.5798
2019-06-02 04-46-14,517,23.6633,33.5931
2019-06-02 04-46-18,517,23.6588,33.5504
2019-06-02 04-46-20,516,23.6771,33.5237
2019-06-02 04-46-22,517,23.7305,33.5237
2019-06-02 04-46-24,517,23.7305,33.5237
2019-06-02 04-46-26,517,23.6771,33.5103
2019-06-02 04-46-28,517,23.7457,33.5103
2019-06-02 04-46-30,517,23.7457,33.5103
2019-06-02 04-46-32,516,23.7823,33.5237
2019-06-02 04-46-36,515,23.7991,33.5237
2019-06-02 04-46-38,515,23.7488,33.5237
2019-06-02 04-46-40,515,23.7457,33.4943
2019-06-02 04-46-42,516,23.7778,33.481
2019-06-02 04-46-44,516,23.8129,33.4676
2019-06-02 04-46-46,516,23.8144,33.4943
2019-06-02 04-46-48,515,23.7961,33.481
2019-06-02 04-46-52,515,23.7259,33.4676
2019-06-02 04-46-54,514,23.7961,33.4943
2019-06-02 04-46-56,514,23.8144,33.5103
2019-06-02 04-46-58,515,23.7442,33.481
2019-06-02 04-47-00,515,23.7442,33.481
2019-06-02 04-47-02,515,23.8144,33.481
2019-06-02 04-47-04,516,23.7778,33.4516
2019-06-02 04-47-06,516,23.8647,33.4382
2019-06-02 04-47-10,516,23.8647,33.4249
2019-06-02 04-47-12,516,23.8632,33.4115
2019-06-02 04-47-14,516,23.8785,33.3795
2019-06-02 04-47-16,515,23.9471,33.3795
2019-06-02 04-47-18,516,24.0021,33.3795
2019-06-02 04-47-20,515,23.9471,33.3661
2019-06-02 04-47-22,515,23.9838,33.3528
2019-06-02 04-47-26,515,23.9471,33.3528
2019-06-02 04-47-28,515,23.9685,33.3661
2019-06-02 04-47-30,515,23.9471,33.3528
2019-06-02 04-47-32,515,23.9456,33.3368
2019-06-02 04-47-34,516,24.0005,33.3368
2019-06-02 04-47-36,516,24.0189,33.3528
2019-06-02 04-47-38,516,24.0005,33.3368
2019-06-02 04-47-40,516,24.0189,33.3661
2019-06-02 04-47-44,516,23.9868,33.3795
2019-06-02 04-47-46,516,24.0051,33.3955
2019-06-02 04-47-48,516,24.0021,33.3795
2019-06-02 04-47-50,515,24.0204,33.3795
2019-06-02 04-47-52,515,23.9685,33.3661
2019-06-02 04-47-54,515,23.9471,33.3661
2019-06-02 04-47-56,515,24.0189,33.3528
2019-06-02 04-48-00,515,23.9471,33.3661
2019-06-02 04-48-02,515,24.0189,33.3368
2019-06-02 04-48-04,515,23.9822,33.3101
2019-06-02 04-48-06,515,24.0509,33.3234
2019-06-02 04-48-08,515,24.0158,33.3234
2019-06-02 04-48-10,515,24.0143,33.2807
2019-06-02 04-48-12,515,24.0479,33.2673
2019-06-02 04-48-14,515,24.0112,33.2673
2019-06-02 04-48-18,514,24.0479,33.2807
2019-06-02 04-48-20,514,24.0326,33.2967
2019-06-02 04-48-22,515,24.0646,33.2807
2019-06-02 04-48-24,515,24.0295,33.2807
2019-06-02 04-48-26,515,24.0295,33.2807
2019-06-02 04-48-28,515,24.0799,33.2967
2019-06-02 04-48-30,515,24.0112,33.2673
2019-06-02 04-48-34,514,24.0799,33.2967
2019-06-02 04-48-36,514,24.0646,33.2807
2019-06-02 04-48-38,514,24.1119,33.2807
2019-06-02 04-48-40,515,24.0967,33.2967
2019-06-02 04-48-42,514,24.0509,33.3101
2019-06-02 04-48-44,514,24.0341,33.3234
2019-06-02 04-48-46,514,23.9639,33.3234
2019-06-02 04-48-48,513,24.0005,33.3234
2019-06-02 04-48-52,513,24.0005,33.3368
2019-06-02 04-48-54,513,24.0021,33.3661
2019-06-02 04-48-56,514,23.9822,33.3234
2019-06-02 04-48-58,514,23.9822,33.3234
2019-06-02 04-49-00,514,24.0005,33.3368
2019-06-02 04-49-02,515,23.9456,33.3234
2019-06-02 04-49-04,514,23.9655,33.3528
2019-06-02 04-49-06,515,23.9456,33.3368
2019-06-02 04-49-10,515,23.9655,33.3368
2019-06-02 04-49-12,514,23.9471,33.3528
2019-06-02 04-49-14,514,23.8953,33.3528
2019-06-02 04-49-16,514,23.9655,33.3528
2019-06-02 04-49-18,514,23.9288,33.3368
2019-06-02 04-49-20,514,23.9471,33.3528
2019-06-02 04-49-22,514,23.9655,33.3368
2019-06-02 04-49-26,515,23.9822,33.3101
2019-06-02 04-49-28,514,24.0829,33.3234
2019-06-02 04-49-30,514,24.0692,33.3528
2019-06-02 04-49-32,514,24.0158,33.3234
2019-06-02 04-49-34,514,24.0341,33.3368
2019-06-02 04-49-36,514,24.0341,33.3234
2019-06-02 04-49-38,514,24.0005,33.3234
2019-06-02 04-49-40,514,23.9288,33.3368
2019-06-02 04-49-45,514,24.0662,33.3368
2019-06-02 04-49-47,514,23.9822,33.3368
2019-06-02 04-49-49,513,23.9426,33.3101
2019-06-02 04-49-51,513,23.9639,33.3234
2019-06-02 04-49-53,512,24.0158,33.3101
2019-06-02 04-49-55,513,24.0509,33.3101
2019-06-02 04-49-57,513,24.0158,33.3234
2019-06-02 04-50-01,513,24.0646,33.2967
2019-06-02 04-50-03,513,24.0799,33.2967
2019-06-02 04-50-05,513,24.0646,33.2807
2019-06-02 04-50-07,514,24.0936,33.2673
2019-06-02 04-50-09,514,24.115,33.2967
2019-06-02 04-50-11,514,24.0646,33.2967
2019-06-02 04-50-13,514,24.0799,33.2967
2019-06-02 04-50-15,514,24.0479,33.2967
2019-06-02 04-50-19,514,24.0479,33.2807
2019-06-02 04-50-21,514,24.0799,33.3101
2019-06-02 04-50-23,514,24.0479,33.2967
2019-06-02 04-50-25,514,24.0936,33.2673
2019-06-02 04-50-27,514,24.0479,33.2807
2019-06-02 04-50-29,514,24.0463,33.254
2019-06-02 04-50-31,515,24.1119,33.2807
2019-06-02 04-50-35,514,24.0143,33.2807
2019-06-02 04-50-37,514,24.0799,33.2967
2019-06-02 04-50-39,514,24.0524,33.3528
2019-06-02 04-50-41,513,23.9868,33.3795
2019-06-02 04-50-43,512,23.9044,33.4943
2019-06-02 04-50-45,512,23.8037,33.5798
2019-06-02 04-50-47,512,23.7366,33.6358
2019-06-02 04-50-49,511,23.6893,33.6625
2019-06-02 04-50-53,511,23.6496,33.6625
2019-06-02 04-50-55,512,23.5947,33.6225
2019-06-02 04-50-57,513,23.5977,33.6358
2019-06-02 04-50-59,513,23.5947,33.6065
2019-06-02 04-51-01,513,23.5443,33.6492
2019-06-02 04-51-03,513,23.5626,33.6492
2019-06-02 04-51-05,514,23.5672,33.7053
2019-06-02 04-51-07,514,23.5519,33.7346
2019-06-02 04-51-11,514,23.4146,33.7907
2019-06-02 04-51-13,514,23.3841,33.8628
2019-06-02 04-51-15,513,23.3688,33.9189
2019-06-02 04-51-17,513,23.2651,33.9616
2019-06-02 04-51-19,513,23.2315,33.9883
2019-06-02 04-51-21,513,23.1644,34.0444
2019-06-02 04-51-23,514,23.1461,34.0311
2019-06-02 04-51-27,514,23.0957,34.0604
2019-06-02 04-51-29,514,23.027,34.1005
2019-06-02 04-51-31,514,22.995,34.1432
2019-06-02 04-51-33,514,22.9065,34.1566
2019-06-02 04-51-35,514,22.9446,34.1726
2019-06-02 04-51-37,515,22.8561,34.1566
2019-06-02 04-51-39,515,22.8882,34.1432
2019-06-02 04-51-41,516,22.9248,34.1566
2019-06-02 04-51-45,516,22.9797,34.1566
2019-06-02 04-51-47,517,22.9065,34.1432
2019-06-02 04-51-49,517,22.9065,34.1432
2019-06-02 04-51-51,517,22.9218,34.1299
2019-06-02 04-51-53,517,22.9568,34.0871
2019-06-02 04-51-55,517,22.9172,34.0738
2019-06-02 04-51-57,517,23.0392,34.0311
2019-06-02 04-52-01,517,22.9889,34.0311
2019-06-02 04-52-03,516,23.0576,34.0177
2019-06-02 04-52-05,516,23.1445,33.9883
2019-06-02 04-52-07,516,23.1644,34.0311
2019-06-02 04-52-09,516,23.1461,34.0311
2019-06-02 04-52-11,515,23.1308,34.0444
2019-06-02 04-52-13,515,23.0759,34.0311
2019-06-02 04-52-15,514,23.0591,34.0604
2019-06-02 04-52-19,514,23.1125,34.0444
2019-06-02 04-52-21,513,23.0576,34.0444
2019-06-02 04-52-23,513,23.0774,34.0738
2019-06-02 04-52-25,513,23.0042,34.0311
2019-06-02 04-52-27,513,23.0942,34.0177
2019-06-02 04-52-29,513,23.1262,33.9883
2019-06-02 04-52-31,513,23.0713,33.9883
2019-06-02 04-52-33,513,23.1262,33.975
2019-06-02 04-52-37,513,23.1598,33.9883
2019-06-02 04-52-39,513,23.1262,33.975
2019-06-02 04-52-41,513,23.1216,33.9189
2019-06-02 04-52-43,513,23.2635,33.9055
2019-06-02 04-52-45,513,23.2269,33.9189
2019-06-02 04-52-47,512,23.2086,33.9189
2019-06-02 04-52-49,511,23.2635,33.9323
2019-06-02 04-52-53,510,23.2086,33.9189
2019-06-02 04-52-55,509,23.1903,33.8895
2019-06-02 04-52-57,509,23.2086,33.9055
2019-06-02 04-52-59,509,23.2452,33.9055
2019-06-02 04-53-01,509,23.2239,33.8895
2019-06-02 04-53-03,508,23.2956,33.8628
2019-06-02 04-53-05,507,23.2605,33.8895
2019-06-02 04-53-07,507,23.2605,33.8762
2019-06-02 04-53-11,508,23.3276,33.8495
2019-06-02 04-53-13,507,23.3109,33.8628
2019-06-02 04-53-15,507,23.3429,33.8174
2019-06-02 04-53-17,506,23.3429,33.8174
2019-06-02 04-53-19,505,23.3597,33.8041
2019-06-02 04-53-21,506,23.3429,33.8174
2019-06-02 04-53-23,505,23.3612,33.8174
2019-06-02 04-53-25,505,23.3612,33.8308
2019-06-02 04-53-29,505,23.3429,33.8174
2019-06-02 04-53-31,504,23.3597,33.8041
2019-06-02 04-53-33,504,23.3612,33.8308
2019-06-02 04-53-35,504,23.3246,33.7907
2019-06-02 04-53-37,504,23.3429,33.8041
2019-06-02 04-53-39,503,23.3246,33.8174
2019-06-02 04-53-41,502,23.3246,33.8174
2019-06-02 04-53-45,502,23.3109,33.8628
2019-06-02 04-53-47,502,23.3475,33.8762
2019-06-02 04-53-49,501,23.2635,33.9323
2019-06-02 04-53-51,500,23.2101,33.9483
2019-06-02 04-53-53,499,23.2147,34.0311
2019-06-02 04-53-55,499,23.1354,34.1005
2019-06-02 04-53-57,499,23.0667,34.1566
2019-06-02 04-53-59,499,22.9263,34.1859
2019-06-02 04-54-03,499,22.908,34.1859
2019-06-02 04-54-05,500,22.876,34.2126
2019-06-02 04-54-07,500,22.8256,34.242
2019-06-02 04-54-09,502,22.8058,34.2126
2019-06-02 04-54-11,502,22.789,34.2287
2019-06-02 04-54-13,502,22.8424,34.2126
2019-06-02 04-54-15,502,22.789,34.2287
2019-06-02 04-54-19,501,22.8073,34.2287
2019-06-02 04-54-21,501,22.8073,34.2287
2019-06-02 04-54-23,502,22.8073,34.2287
2019-06-02 04-54-25,502,22.7509,34.2126
2019-06-02 04-54-27,503,22.7692,34.1993
2019-06-02 04-54-29,504,22.8378,34.1566
2019-06-02 04-54-31,504,22.8851,34.0871
2019-06-02 04-54-33,504,22.8836,34.0738
2019-06-02 04-54-37,505,22.9538,34.0604
2019-06-02 04-54-39,505,23.0392,34.0311
2019-06-02 04-54-41,506,23.0545,33.9883
2019-06-02 04-54-43,505,23.0942,34.0043
2019-06-02 04-54-45,505,23.1262,33.9883
2019-06-02 04-54-47,505,23.1094,34.0043
2019-06-02 04-54-49,504,23.0728,34.0177
2019-06-02 04-54-51,503,23.0728,34.0043
2019-06-02 04-54-55,503,23.0911,33.9883
2019-06-02 04-54-57,503,23.1445,33.9883
2019-06-02 04-54-59,502,23.1277,34.0043
2019-06-02 04-55-01,502,23.1415,33.975
2019-06-02 04-55-03,502,23.1598,33.975
2019-06-02 04-55-05,501,23.1598,33.9616
2019-06-02 04-55-07,502,23.1598,33.9616
2019-06-02 04-55-11,502,23.1583,33.9323
2019-06-02 04-55-13,502,23.1918,33.9483
2019-06-02 04-55-15,502,23.2101,33.9483
2019-06-02 04-55-17,502,23.2086,33.9055
2019-06-02 04-55-19,502,23.2224,33.8762
2019-06-02 04-55-21,502,23.3139,33.8895
2019-06-02 04-55-23,502,23.2788,33.9055
2019-06-02 04-55-25,502,23.2086,33.9323
2019-06-02 04-55-29,502,23.2498,33.975
2019-06-02 04-55-31,502,23.1262,33.9883
2019-06-02 04-55-34,501,23.1781,33.975
2019-06-02 04-55-36,501,23.0942,34.0043
2019-06-02 04-55-38,501,23.1277,34.0177
2019-06-02 04-55-40,502,23.1125,34.0311
2019-06-02 04-55-42,501,23.0408,34.0444
2019-06-02 04-55-46,501,23.0942,34.0043
2019-06-02 04-55-48,501,23.0957,34.0444
2019-06-02 04-55-50,501,23.0576,34.0311
2019-06-02 04-55-52,500,23.0728,34.0043
2019-06-02 04-55-54,500,23.1277,34.0043
2019-06-02 04-55-56,500,23.1277,34.0177
2019-06-02 04-55-58,500,23.1781,33.9883
2019-06-02 04-56-00,500,23.1445,33.9883
2019-06-02 04-56-04,500,23.1415,33.9616
2019-06-02 04-56-06,500,23.1583,33.9323
2019-06-02 04-56-08,501,23.2452,33.9055
2019-06-02 04-56-10,501,23.2605,33.8762
2019-06-02 04-56-12,501,23.2925,33.8495
2019-06-02 04-56-14,501,23.2773,33.8495
2019-06-02 04-56-16,500,23.3063,33.8041
2019-06-02 04-56-20,500,23.3093,33.8174
2019-06-02 04-56-22,500,23.3459,33.8628
2019-06-02 04-56-24,500,23.2788,33.8895
2019-06-02 04-56-26,500,23.2971,33.9189
2019-06-02 04-56-28,499,23.2468,33.9483
2019-06-02 04-56-30,499,23.1918,33.9483
2019-06-02 04-56-32,499,23.1949,33.975
2019-06-02 04-56-34,499,23.2101,33.9616
2019-06-02 04-56-38,500,23.1918,33.9483
2019-06-02 04-56-40,500,23.1583,33.9323
2019-06-02 04-56-42,500,23.2086,33.9055
2019-06-02 04-56-44,500,23.1903,33.8895
2019-06-02 04-56-46,499,23.2239,33.9055
2019-06-02 04-56-48,500,23.2086,33.9055
2019-06-02 04-56-50,500,23.2773,33.8762
2019-06-02 04-56-52,500,23.3109,33.8628
2019-06-02 04-56-56,500,23.2788,33.8895
2019-06-02 04-56-58,500,23.3475,33.8895
2019-06-02 04-57-00,500,23.3154,33.9189
2019-06-02 04-57-02,500,23.2086,33.9055
2019-06-02 04-57-04,499,23.2788,33.9055
2019-06-02 04-57-06,499,23.2452,33.8895
2019-06-02 04-57-08,499,23.2452,33.9055
2019-06-02 04-57-12,499,23.2925,33.8495
2019-06-02 04-57-14,499,23.3093,33.8308
2019-06-02 04-57-16,499,23.3246,33.8174
2019-06-02 04-57-18,499,23.3597,33.8041
2019-06-02 04-57-20,499,23.4146,33.7907
2019-06-02 04-57-22,500,23.4116,33.7614
2019-06-02 04-57-24,500,23.3932,33.7614
2019-06-02 04-57-26,500,23.4299,33.7747
2019-06-02 04-57-30,500,23.4467,33.7614
2019-06-02 04-57-32,500,23.4787,33.7346
2019-06-02 04-57-34,500,23.4619,33.7346
2019-06-02 04-57-36,500,23.584,33.7053
2019-06-02 04-57-38,499,23.5123,33.7186
2019-06-02 04-57-40,499,23.494,33.6919
2019-06-02 04-57-42,499,23.6023,33.7186
2019-06-02 04-57-44,499,23.494,33.7186
2019-06-02 04-57-48,499,23.5123,33.7053
2019-06-02 04-57-50,499,23.5306,33.6919
2019-06-02 04-57-52,499,23.4924,33.6625
2019-06-02 04-57-54,500,23.5977,33.6625
2019-06-02 04-57-56,500,23.5626,33.6492
2019-06-02 04-57-58,499,23.5611,33.6065
2019-06-02 04-58-00,500,23.6115,33.6065
2019-06-02 04-58-04,500,23.6298,33.6065
2019-06-02 04-58-06,499,23.6298,33.6065
2019-06-02 04-58-08,499,23.6115,33.5931
2019-06-02 04-58-10,500,23.6847,33.6065
2019-06-02 04-58-12,499,23.6267,33.5664
2019-06-02 04-58-14,500,23.6816,33.5798
2019-06-02 04-58-16,500,23.6115,33.5931
2019-06-02 04-58-18,500,23.6816,33.5931
2019-06-02 04-58-22,499,23.5764,33.5931
2019-06-02 04-58-24,499,23.6298,33.6065
2019-06-02 04-58-26,499,23.5977,33.6358
2019-06-02 04-58-28,499,23.5611,33.6358
2019-06-02 04-58-30,498,23.5626,33.6492
2019-06-02 04-58-32,498,23.5794,33.6492
2019-06-02 04-58-34,498,23.5977,33.6625
2019-06-02 04-58-38,498,23.6313,33.6492
2019-06-02 04-58-40,498,23.6313,33.6358
2019-06-02 04-58-42,498,23.5947,33.6065
2019-06-02 04-58-44,498,23.613,33.6225
2019-06-02 04-58-46,498,23.645,33.6065
2019-06-02 04-58-48,498,23.5794,33.6225
2019-06-02 04-58-50,498,23.6313,33.6492
2019-06-02 04-58-52,498,23.5794,33.6358
2019-06-02 04-58-56,498,23.5794,33.6358
2019-06-02 04-58-58,498,23.5809,33.6786
2019-06-02 04-59-00,498,23.5626,33.6492
2019-06-02 04-59-02,497,23.5657,33.6786
2019-06-02 04-59-04,498,23.5306,33.6919
2019-06-02 04-59-06,497,23.5336,33.7186
2019-06-02 04-59-08,498,23.5123,33.7186
2019-06-02 04-59-10,498,23.497,33.7346
2019-06-02 04-59-14,498,23.4604,33.7186
2019-06-02 04-59-16,497,23.4756,33.7053
2019-06-02 04-59-18,497,23.4619,33.7346
2019-06-02 04-59-20,498,23.5123,33.7186
2019-06-02 04-59-22,498,23.4573,33.6919
2019-06-02 04-59-24,498,23.494,33.7186
2019-06-02 04-59-26,498,23.494,33.7186
2019-06-02 04-59-30,498,23.4756,33.6919
2019-06-02 04-59-32,499,23.5306,33.6786
2019-06-02 04-59-34,499,23.5107,33.6919
2019-06-02 04-59-36,499,23.5077,33.6625
2019-06-02 04-59-38,499,23.526,33.6358
2019-06-02 04-59-40,499,23.616,33.6625
2019-06-02 04-59-42,500,23.5443,33.6492
2019-06-02 04-59-44,500,23.5992,33.6919
2019-06-02 04-59-48,500,23.5077,33.6625
2019-06-02 04-59-50,499,23.4573,33.6786
2019-06-02 04-59-52,499,23.5306,33.6786
2019-06-02 04-59-54,499,23.5291,33.6492
2019-06-02 04-59-56,499,23.4924,33.6786
2019-06-02 04-59-58,499,23.494,33.6919
2019-06-02 05-00-00,500,23.5107,33.6786
2019-06-02 05-00-04,500,23.5077,33.6492
2019-06-02 05-00-06,500,23.5474,33.6625
2019-06-02 05-00-08,500,23.5291,33.6625
2019-06-02 05-00-10,500,23.5977,33.6358
2019-06-02 05-00-12,500,23.6298,33.6225
2019-06-02 05-00-14,500,23.5947,33.6225
2019-06-02 05-00-16,501,23.6298,33.6065
2019-06-02 05-00-18,500,23.6847,33.6065
2019-06-02 05-00-22,501,23.6115,33.6065
2019-06-02 05-00-24,501,23.6267,33.5798
2019-06-02 05-00-26,501,23.645,33.5798
2019-06-02 05-00-28,501,23.645,33.5798
2019-06-02 05-00-30,501,23.6618,33.5798
2019-06-02 05-00-32,501,23.6633,33.5931
2019-06-02 05-00-34,502,23.5931,33.5798
2019-06-02 05-00-38,501,23.6618,33.5664
2019-06-02 05-00-40,502,23.6267,33.5664
2019-06-02 05-00-42,502,23.6801,33.5504
2019-06-02 05-00-44,501,23.6816,33.5664
2019-06-02 05-00-46,501,23.6984,33.5664
2019-06-02 05-00-48,501,23.6298,33.6065
2019-06-02 05-00-50,501,23.6847,33.6065
2019-06-02 05-00-52,501,23.6633,33.6065
2019-06-02 05-00-56,501,23.6633,33.6065
2019-06-02 05-00-58,502,23.645,33.6065
2019-06-02 05-01-00,501,23.6115,33.6065
2019-06-02 05-01-02,501,23.616,33.6625
2019-06-02 05-01-04,501,23.5809,33.6786
2019-06-02 05-01-06,501,23.5672,33.7053
2019-06-02 05-01-09,502,23.5672,33.7346
2019-06-02 05-01-13,502,23.494,33.7186
2019-06-02 05-01-15,502,23.4604,33.7053
2019-06-02 05-01-17,502,23.4436,33.7186
2019-06-02 05-01-19,503,23.41,33.7186
2019-06-02 05-01-21,503,23.4619,33.7346
2019-06-02 05-01-23,503,23.4787,33.7346
2019-06-02 05-01-25,504,23.4756,33.7053
2019-06-02 05-01-27,504,23.4604,33.7186
2019-06-02 05-01-31,505,23.4604,33.7053
2019-06-02 05-01-33,505,23.4756,33.6919
2019-06-02 05-01-35,505,23.4924,33.6786
2019-06-02 05-01-37,505,23.5992,33.6786
2019-06-02 05-01-39,505,23.5626,33.6625
2019-06-02 05-01-41,505,23.5977,33.6492
2019-06-02 05-01-43,505,23.5947,33.6065
2019-06-02 05-01-45,505,23.5931,33.5931
2019-06-02 05-01-49,505,23.6115,33.5931
2019-06-02 05-01-51,505,23.6084,33.5798
2019-06-02 05-01-53,505,23.6267,33.5664
2019-06-02 05-01-55,505,23.6267,33.5664
2019-06-02 05-01-57,505,23.6221,33.5237
2019-06-02 05-01-59,505,23.6954,33.5237
2019-06-02 05-02-01,505,23.6954,33.537
2019-06-02 05-02-05,505,23.6938,33.5103
2019-06-02 05-02-07,505,23.7457,33.4943
2019-06-02 05-02-09,505,23.7457,33.5103
2019-06-02 05-02-11,505,23.7808,33.5103
2019-06-02 05-02-13,504,23.7091,33.481
2019-06-02 05-02-15,504,23.7091,33.481
2019-06-02 05-02-17,504,23.7961,33.4943
2019-06-02 05-02-19,504,23.7778,33.4676
2019-06-02 05-02-23,504,23.8693,33.481
2019-06-02 05-02-25,504,23.8327,33.4676
2019-06-02 05-02-27,504,23.8327,33.4516
2019-06-02 05-02-29,504,23.7762,33.4382
2019-06-02 05-02-31,504,23.7778,33.4676
2019-06-02 05-02-33,504,23.8312,33.4382
2019-06-02 05-02-35,503,23.7946,33.4516
2019-06-02 05-02-39,503,23.7946,33.4516
2019-06-02 05-02-41,503,23.8464,33.4249
2019-06-02 05-02-43,503,23.8464,33.4249
2019-06-02 05-02-45,503,23.8098,33.4382
2019-06-02 05-02-47,503,23.8281,33.4115
2019-06-02 05-02-49,503,23.8464,33.4249
2019-06-02 05-02-51,503,23.8312,33.4249
2019-06-02 05-02-53,503,23.8998,33.4115
2019-06-02 05-02-57,503,23.8815,33.3955
2019-06-02 05-02-59,503,23.8968,33.3955
2019-06-02 05-03-01,503,23.8815,33.4115
2019-06-02 05-03-03,504,23.8602,33.3661
2019-06-02 05-03-05,504,23.9288,33.3661
2019-06-02 05-03-07,504,23.9655,33.3528
2019-06-02 05-03-09,503,23.9838,33.3528
2019-06-02 05-03-11,503,23.9655,33.3368
2019-06-02 05-03-15,503,23.9838,33.3661
2019-06-02 05-03-17,502,23.9456,33.3368
2019-06-02 05-03-19,503,24.0005,33.3234
2019-06-02 05-03-21,503,24.0341,33.3368
2019-06-02 05-03-23,503,23.9822,33.3234
2019-06-02 05-03-25,503,24.0005,33.3234
2019-06-02 05-03-27,504,24.0326,33.2967
2019-06-02 05-03-31,503,24.0158,33.3234
2019-06-02 05-03-33,503,23.9822,33.3368
2019-06-02 05-03-35,503,24.0005,33.3234
2019-06-02 05-03-37,503,24.0189,33.3528
2019-06-02 05-03-39,502,23.9639,33.3101
2019-06-02 05-03-41,502,24.0158,33.3101
2019-06-02 05-03-43,502,23.9975,33.3101
2019-06-02 05-03-45,502,23.9975,33.2967
2019-06-02 05-03-49,502,24.0326,33.2967
2019-06-02 05-03-51,501,24.0799,33.2807
2019-06-02 05-03-53,501,23.996,33.2673
2019-06-02 05-03-55,501,24.0616,33.2673
2019-06-02 05-03-57,501,24.0295,33.254
2019-06-02 05-03-59,501,24.0646,33.2807
2019-06-02 05-04-01,501,24.0295,33.2807
2019-06-02 05-04-05,501,24.0784,33.254
2019-06-02 05-04-07,501,24.1425,33.254
2019-06-02 05-04-09,501,24.0921,33.2406
2019-06-02 05-04-11,501,24.1287,33.2673
2019-06-02 05-04-13,501,24.0936,33.254
2019-06-02 05-04-15,501,24.0601,33.2246
2019-06-02 05-04-17,501,24.0616,33.254
2019-06-02 05-04-19,500,24.0921,33.2406
2019-06-02 05-04-23,500,24.1287,33.254
2019-06-02 05-04-25,501,24.0112,33.2406
2019-06-02 05-04-27,500,24.0463,33.2406
2019-06-02 05-04-29,500,24.1119,33.254
2019-06-02 05-04-31,500,24.025,33.2113
2019-06-02 05-04-33,500,24.0921,33.2406
2019-06-02 05-04-35,500,24.0616,33.254
2019-06-02 05-04-37,500,24.1119,33.2673
2019-06-02 05-04-41,500,24.1257,33.2406
2019-06-02 05-04-43,501,24.1104,33.2246
2019-06-02 05-04-45,501,24.1241,33.2113
2019-06-02 05-04-47,501,24.0891,33.2113
2019-06-02 05-04-49,501,24.1425,33.2406
2019-06-02 05-04-51,501,24.1104,33.2406
2019-06-02 05-04-53,501,24.1394,33.2246
2019-06-02 05-04-57,501,24.0463,33.2406
2019-06-02 05-04-59,502,24.028,33.2246
2019-06-02 05-05-01,501,24.1104,33.2246
2019-06-02 05-05-03,501,24.1257,33.2406
2019-06-02 05-05-05,501,24.1074,33.2113
2019-06-02 05-05-07,501,24.0738,33.2113
2019-06-02 05-05-09,501,24.0616,33.2406
2019-06-02 05-05-11,501,24.0921,33.2246
2019-06-02 05-05-15,501,24.1241,33.2113
2019-06-02 05-05-17,501,24.0738,33.1846
2019-06-02 05-05-19,501,24.0875,33.1685
2019-06-02 05-05-21,502,24.1348,33.1552
2019-06-02 05-05-23,502,24.1852,33.1846
2019-06-02 05-05-25,502,24.1058,33.1685
2019-06-02 05-05-27,502,24.1669,33.1552
2019-06-02 05-05-29,503,24.1394,33.1979
2019-06-02 05-05-33,502,24.1379,33.1846
2019-06-02 05-05-35,503,24.1531,33.1979
2019-06-02 05-05-37,503,24.1699,33.1846
2019-06-02 05-05-39,503,24.1852,33.1846
2019-06-02 05-05-41,503,24.1699,33.1846
2019-06-02 05-05-43,503,24.1211,33.1685
2019-06-02 05-05-45,503,24.1989,33.1552
2019-06-02 05-05-49,503,24.1837,33.1685
2019-06-02 05-05-51,503,24.1852,33.1846
2019-06-02 05-05-53,503,24.1531,33.1846
2019-06-02 05-05-55,503,24.1669,33.1552
2019-06-02 05-05-57,503,24.1196,33.1418
2019-06-02 05-05-59,503,24.1837,33.1685
2019-06-02 05-06-01,503,24.1531,33.1685
2019-06-02 05-06-03,503,24.1653,33.1125
2019-06-02 05-06-07,503,24.2477,33.1418
2019-06-02 05-06-09,503,24.2477,33.1258
2019-06-02 05-06-11,503,24.2477,33.1418
2019-06-02 05-06-13,503,24.2294,33.1258
2019-06-02 05-06-15,503,24.2157,33.1685
2019-06-02 05-06-17,503,24.2111,33.1125
2019-06-02 05-06-19,504,24.1974,33.1418
2019-06-02 05-06-23,504,24.2126,33.1258
2019-06-02 05-06-25,504,24.1806,33.1418
2019-06-02 05-06-27,504,24.2294,33.1258
2019-06-02 05-06-29,503,24.1806,33.1125
2019-06-02 05-06-31,503,24.1669,33.1418
2019-06-02 05-06-33,504,24.1806,33.1258
2019-06-02 05-06-35,504,24.1806,33.1125
2019-06-02 05-06-37,503,24.2294,33.1258
2019-06-02 05-06-41,503,24.2294,33.1552
2019-06-02 05-06-43,503,24.1806,33.1258
2019-06-02 05-06-45,503,24.1974,33.1258
2019-06-02 05-06-47,503,24.1516,33.1418
2019-06-02 05-06-49,503,24.2477,33.1258
2019-06-02 05-06-51,504,24.1989,33.1552
2019-06-02 05-06-54,504,24.1669,33.1418
2019-06-02 05-06-56,504,24.2294,33.1552
2019-06-02 05-07-00,504,24.1653,33.1258
2019-06-02 05-07-02,503,24.2157,33.1552
2019-06-02 05-07-04,503,24.1669,33.1418
2019-06-02 05-07-06,503,24.2294,33.1552
2019-06-02 05-07-08,504,24.1974,33.1258
2019-06-02 05-07-10,504,24.1974,33.1258
2019-06-02 05-07-12,504,24.2126,33.1418
2019-06-02 05-07-16,505,24.2447,33.1125
2019-06-02 05-07-18,504,24.2264,33.1125
2019-06-02 05-07-20,504,24.2294,33.1418
2019-06-02 05-07-22,504,24.2493,33.1685
2019-06-02 05-07-24,503,24.1699,33.1979
2019-06-02 05-07-26,503,24.2157,33.1846
2019-06-02 05-07-28,503,24.1699,33.1979
2019-06-02 05-07-30,504,24.1852,33.1979
2019-06-02 05-07-34,504,24.1379,33.1846
2019-06-02 05-07-36,504,24.2157,33.1685
2019-06-02 05-07-38,504,24.1699,33.1846
2019-06-02 05-07-40,504,24.1852,33.1846
2019-06-02 05-07-42,505,24.1699,33.1846
2019-06-02 05-07-44,504,24.1379,33.1846
2019-06-02 05-07-46,504,24.1699,33.1846
2019-06-02 05-07-48,504,24.1852,33.1846
2019-06-02 05-07-52,504,24.2157,33.1552
2019-06-02 05-07-54,504,24.1837,33.1552
2019-06-02 05-07-56,504,24.1852,33.1846
2019-06-02 05-07-58,504,24.1516,33.1552
2019-06-02 05-08-00,504,24.1837,33.1552
2019-06-02 05-08-02,503,24.1516,33.1552
2019-06-02 05-08-04,504,24.1837,33.1552
2019-06-02 05-08-08,504,24.1348,33.1418
2019-06-02 05-08-10,504,24.1806,33.1418
2019-06-02 05-08-12,504,24.1989,33.1552
2019-06-02 05-08-14,504,24.263,33.1418
2019-06-02 05-08-16,504,24.2294,33.1418
2019-06-02 05-08-18,504,24.1806,33.1258
2019-06-02 05-08-20,503,24.2294,33.1552
2019-06-02 05-08-22,504,24.2447,33.1125
2019-06-02 05-08-26,505,24.1943,33.1125
2019-06-02 05-08-28,505,24.2111,33.1125
2019-06-02 05-08-30,505,24.2477,33.1552
2019-06-02 05-08-32,505,24.1974,33.1258
2019-06-02 05-08-34,505,24.1974,33.1258
2019-06-02 05-08-36,505,24.2126,33.1258
2019-06-02 05-08-38,504,24.2126,33.1258
2019-06-02 05-08-42,504,24.2294,33.1258
2019-06-02 05-08-44,504,24.1943,33.1125
2019-06-02 05-08-46,504,24.2615,33.1258
2019-06-02 05-08-48,504,24.2447,33.0991
2019-06-02 05-08-50,504,24.2111,33.1125
2019-06-02 05-08-52,505,24.2294,33.1258
2019-06-02 05-08-54,505,24.2081,33.0858
2019-06-02 05-08-56,505,24.2447,33.0991
2019-06-02 05-09-00,505,24.3073,33.0991
2019-06-02 05-09-02,505,24.2752,33.0697
2019-06-02 05-09-04,505,24.2432,33.0858
2019-06-02 05-09-06,505,24.2752,33.0991
2019-06-02 05-09-08,505,24.2752,33.0858
2019-06-02 05-09-10,506,24.3073,33.0858
2019-06-02 05-09-12,505,24.2752,33.0858
2019-06-02 05-09-14,505,24.2905,33.0991
2019-06-02 05-09-18,505,24.2584,33.0858
2019-06-02 05-09-20,505,24.2432,33.0858
2019-06-02 05-09-22,505,24.2432,33.0697
2019-06-02 05-09-24,505,24.2584,33.0858
2019-06-02 05-09-26,505,24.2905,33.0991
2019-06-02 05-09-28,505,24.3042,33.0697
2019-06-02 05-09-30,505,24.353,33.0858
2019-06-02 05-09-34,505,24.2584,33.0697
2019-06-02 05-09-36,505,24.3073,33.0858
2019-06-02 05-09-38,504,24.3088,33.1125
2019-06-02 05-09-40,504,24.2752,33.0858
2019-06-02 05-09-42,504,24.2752,33.0697
2019-06-02 05-09-44,504,24.2889,33.0697
2019-06-02 05-09-46,503,24.2081,33.0697
2019-06-02 05-09-48,503,24.2905,33.0858
2019-06-02 05-09-52,504,24.2569,33.043
2019-06-02 05-09-54,504,24.2432,33.0697
2019-06-02 05-09-56,504,24.2905,33.0858
2019-06-02 05-09-58,504,24.3027,33.0297
2019-06-02 05-10-00,504,24.2584,33.0858
2019-06-02 05-10-02,504,24.2584,33.0697
2019-06-02 05-10-04,504,24.2584,33.0697
2019-06-02 05-10-06,505,24.2752,33.0697
2019-06-02 05-10-10,504,24.3042,33.0697
2019-06-02 05-10-12,505,24.2722,33.0564
2019-06-02 05-10-14,505,24.2889,33.0697
2019-06-02 05-10-16,504,24.2584,33.0697
2019-06-02 05-10-18,505,24.2752,33.0697
2019-06-02 05-10-20,504,24.2615,33.1125
2019-06-02 05-10-22,504,24.2935,33.1125
2019-06-02 05-10-26,504,24.2126,33.1258
2019-06-02 05-10-28,503,24.1943,33.1125
2019-06-02 05-10-30,503,24.2447,33.0991
2019-06-02 05-10-32,503,24.2615,33.0991
2019-06-02 05-10-34,503,24.2447,33.0991
2019-06-02 05-10-36,503,24.2584,33.0858
2019-06-02 05-10-38,503,24.2432,33.0697
2019-06-02 05-10-40,503,24.321,33.0697
2019-06-02 05-10-44,504,24.2752,33.0858
2019-06-02 05-10-46,504,24.2615,33.0991
2019-06-02 05-10-48,504,24.2905,33.0991
2019-06-02 05-10-50,504,24.2615,33.0991
2019-06-02 05-10-52,504,24.2111,33.0991
2019-06-02 05-10-54,503,24.2477,33.1258
2019-06-02 05-10-56,503,24.2615,33.0991
2019-06-02 05-10-58,503,24.2264,33.1125
2019-06-02 05-11-02,503,24.2447,33.1125
2019-06-02 05-11-04,503,24.1989,33.1552
2019-06-02 05-11-06,503,24.1837,33.1552
2019-06-02 05-11-08,503,24.1669,33.1552
2019-06-02 05-11-10,503,24.1516,33.1552
2019-06-02 05-11-12,503,24.1211,33.1685
2019-06-02 05-11-14,503,24.1241,33.1979
2019-06-02 05-11-18,503,24.1699,33.1979
2019-06-02 05-11-20,504,24.1211,33.1846
2019-06-02 05-11-22,504,24.1379,33.1846
2019-06-02 05-11-24,504,24.202,33.1846
2019-06-02 05-11-26,504,24.1531,33.1685
2019-06-02 05-11-28,505,24.1989,33.1552
2019-06-02 05-11-30,506,24.1989,33.1552
2019-06-02 05-11-32,506,24.1531,33.1685
2019-06-02 05-11-36,506,24.1974,33.1418
2019-06-02 05-11-38,506,24.2294,33.1418
2019-06-02 05-11-40,507,24.1806,33.1418
2019-06-02 05-11-42,507,24.1974,33.1258
2019-06-02 05-11-44,506,24.2111,33.1125
2019-06-02 05-11-46,506,24.2477,33.1418
2019-06-02 05-11-48,506,24.2111,33.0991
2019-06-02 05-11-50,506,24.2477,33.1258
2019-06-02 05-11-54,507,24.2615,33.0991
2019-06-02 05-11-56,507,24.2905,33.0991
2019-06-02 05-11-58,506,24.2767,33.1125
2019-06-02 05-12-00,506,24.2081,33.0858
2019-06-02 05-12-02,506,24.2584,33.0858
2019-06-02 05-12-04,506,24.2752,33.0858
2019-06-02 05-12-06,506,24.2432,33.0858
2019-06-02 05-12-10,506,24.2584,33.0858
2019-06-02 05-12-12,506,24.2615,33.0991
2019-06-02 05-12-14,507,24.2081,33.0858
2019-06-02 05-12-16,507,24.2111,33.0991
2019-06-02 05-12-18,506,24.2264,33.1125
2019-06-02 05-12-20,506,24.2111,33.0991
2019-06-02 05-12-22,506,24.2477,33.1552
2019-06-02 05-12-24,505,24.2447,33.1125
2019-06-02 05-12-28,506,24.2126,33.1258
2019-06-02 05-12-30,505,24.1989,33.1685
2019-06-02 05-12-32,506,24.1852,33.1846
2019-06-02 05-12-34,506,24.1852,33.1846
2019-06-02 05-12-36,505,24.1669,33.1685
2019-06-02 05-12-38,506,24.1837,33.1685
2019-06-02 05-12-40,506,24.1531,33.1846
2019-06-02 05-12-42,505,24.1989,33.1685
2019-06-02 05-12-47,506,24.1989,33.1685
2019-06-02 05-12-49,506,24.1699,33.1846
2019-06-02 05-12-51,506,24.1806,33.1418
2019-06-02 05-12-53,506,24.1516,33.1552
2019-06-02 05-12-55,507,24.1806,33.1418
2019-06-02 05-12-57,506,24.1806,33.1418
2019-06-02 05-12-59,506,24.1531,33.1685
2019-06-02 05-13-03,506,24.1806,33.1418
2019-06-02 05-13-05,507,24.1653,33.1125
2019-06-02 05-13-07,507,24.1974,33.1258
2019-06-02 05-13-09,507,24.2294,33.1552
2019-06-02 05-13-11,506,24.2157,33.1552
2019-06-02 05-13-13,505,24.1669,33.1685
2019-06-02 05-13-15,505,24.1699,33.1979
2019-06-02 05-13-17,505,24.1394,33.1979
2019-06-02 05-13-21,505,24.1379,33.1846
2019-06-02 05-13-23,505,24.1699,33.1846
2019-06-02 05-13-25,505,24.1394,33.1979
2019-06-02 05-13-27,505,24.1379,33.1846
2019-06-02 05-13-29,505,24.1714,33.2113
2019-06-02 05-13-31,505,24.1669,33.1552
2019-06-02 05-13-33,505,24.1516,33.1552
2019-06-02 05-13-35,506,24.1516,33.1552
2019-06-02 05-13-39,506,24.1837,33.1552
2019-06-02 05-13-41,507,24.231,33.1685
2019-06-02 05-13-43,506,24.1806,33.1258
2019-06-02 05-13-45,506,24.1486,33.1258
2019-06-02 05-13-47,506,24.1806,33.1125
2019-06-02 05-13-49,506,24.2477,33.1418
2019-06-02 05-13-51,506,24.2477,33.1258
2019-06-02 05-13-55,506,24.2294,33.1258
2019-06-02 05-13-57,506,24.1653,33.1258
2019-06-02 05-13-59,506,24.2294,33.1258
2019-06-02 05-14-01,506,24.2447,33.1125
2019-06-02 05-14-03,506,24.2477,33.1552
2019-06-02 05-14-05,506,24.263,33.1552
2019-06-02 05-14-07,505,24.2157,33.1552
2019-06-02 05-14-09,504,24.1516,33.1552
2019-06-02 05-14-13,504,24.2126,33.1418
2019-06-02 05-14-15,504,24.1669,33.1552
2019-06-02 05-14-17,505,24.1974,33.1258
2019-06-02 05-14-19,505,24.1486,33.1125
2019-06-02 05-14-21,504,24.1974,33.1258
2019-06-02 05-14-23,505,24.1943,33.1125
2019-06-02 05-14-25,505,24.1943,33.1125
2019-06-02 05-14-29,506,24.2081,33.0697
2019-06-02 05-14-31,506,24.2111,33.0991
2019-06-02 05-14-33,506,24.2111,33.0991
2019-06-02 05-14-35,506,24.2584,33.0858
2019-06-02 05-14-37,506,24.1974,33.1258
2019-06-02 05-14-39,506,24.1531,33.1685
2019-06-02 05-14-41,505,24.1562,33.2246
2019-06-02 05-14-43,504,24.0921,33.2406
2019-06-02 05-14-47,504,24.1104,33.2406
2019-06-02 05-14-49,504,24.0921,33.2406
2019-06-02 05-14-51,504,24.028,33.2246
2019-06-02 05-14-53,504,24.0601,33.2246
2019-06-02 05-14-55,504,24.0601,33.2246
2019-06-02 05-14-57,504,24.0891,33.2113
2019-06-02 05-14-59,505,24.1074,33.2113
2019-06-02 05-15-03,505,24.0921,33.2406
2019-06-02 05-15-05,505,24.0646,33.2807
2019-06-02 05-15-07,504,24.0326,33.3101
2019-06-02 05-15-09,504,23.9655,33.3368
2019-06-02 05-15-11,504,23.9151,33.3955
2019-06-02 05-15-13,504,23.8632,33.4115
2019-06-02 05-15-15,505,23.8998,33.4249
2019-06-02 05-15-17,505,23.8815,33.3955
2019-06-02 05-15-21,505,23.8464,33.4115
2019-06-02 05-15-23,505,23.8647,33.4249
2019-06-02 05-15-25,504,23.851,33.4676
2019-06-02 05-15-27,504,23.8327,33.481
2019-06-02 05-15-29,504,23.8144,33.481
2019-06-02 05-15-31,504,23.7259,33.4516
2019-06-02 05-15-33,505,23.7595,33.4676
2019-06-02 05-15-35,505,23.8129,33.4516
2019-06-02 05-15-39,505,23.8098,33.4382
2019-06-02 05-15-41,505,23.8647,33.4249
2019-06-02 05-15-43,505,23.8449,33.3795
2019-06-02 05-15-45,505,23.8632,33.4115
2019-06-02 05-15-47,505,23.8815,33.4249
2019-06-02 05-15-49,505,23.8449,33.3955
2019-06-02 05-15-51,505,23.8815,33.4115
2019-06-02 05-15-55,505,23.8449,33.3795
2019-06-02 05-15-57,505,23.7732,33.4115
2019-06-02 05-15-59,504,23.8632,33.3955
2019-06-02 05-16-01,504,23.9105,33.3528
2019-06-02 05-16-03,504,23.9288,33.3528
2019-06-02 05-16-05,505,23.9273,33.3101
2019-06-02 05-16-07,505,23.9105,33.3234
2019-06-02 05-16-09,506,24.0158,33.3101
2019-06-02 05-16-13,506,23.9639,33.2967
2019-06-02 05-16-15,506,23.941,33.2673
2019-06-02 05-16-17,506,23.996,33.2673
2019-06-02 05-16-19,506,23.996,33.2807
2019-06-02 05-16-21,507,24.0479,33.2673
2019-06-02 05-16-23,507,24.0295,33.254
2019-06-02 05-16-25,507,24.0463,33.254
2019-06-02 05-16-29,507,24.0784,33.254
2019-06-02 05-16-31,507,24.0799,33.2807
2019-06-02 05-16-33,507,24.0112,33.2406
2019-06-02 05-16-35,507,24.0479,33.2673
2019-06-02 05-16-37,506,24.0479,33.2807
2019-06-02 05-16-39,506,23.9822,33.3234
2019-06-02 05-16-41,506,23.9639,33.3101
2019-06-02 05-16-43,506,23.9975,33.3101
2019-06-02 05-16-47,506,23.996,33.2673
2019-06-02 05-16-49,507,24.0295,33.2673
2019-06-02 05-16-51,507,24.0295,33.254
2019-06-02 05-16-53,507,23.9609,33.2673
2019-06-02 05-16-55,507,24.0112,33.2406
2019-06-02 05-16-57,507,24.0112,33.2406
2019-06-02 05-16-59,507,24.0891,33.2113
2019-06-02 05-17-03,506,24.0738,33.1979
2019-06-02 05-17-05,507,24.1257,33.2406
2019-06-02 05-17-07,507,24.1394,33.2113
2019-06-02 05-17-09,507,24.0601,33.2246
2019-06-02 05-17-11,507,24.0433,33.2246
2019-06-02 05-17-13,507,24.1714,33.2246
2019-06-02 05-17-15,507,24.0891,33.1979
2019-06-02 05-17-17,507,24.0601,33.2113
2019-06-02 05-17-21,507,24.0738,33.1979
2019-06-02 05-17-23,506,24.0433,33.2113
2019-06-02 05-17-25,506,24.0921,33.2246
2019-06-02 05-17-27,507,24.0738,33.1846
2019-06-02 05-17-29,507,24.0875,33.1846
2019-06-02 05-17-31,508,24.1241,33.1979
2019-06-02 05-17-33,508,24.1394,33.2246
2019-06-02 05-17-37,508,24.0601,33.2246
2019-06-02 05-17-39,507,24.0891,33.1979
2019-06-02 05-17-41,507,24.0601,33.2246
2019-06-02 05-17-43,507,24.0875,33.1846
2019-06-02 05-17-45,507,24.0417,33.1979
2019-06-02 05-17-47,507,24.0738,33.1846
2019-06-02 05-17-49,507,24.1211,33.1685
2019-06-02 05-17-51,507,24.0845,33.1418
2019-06-02 05-17-55,508,24.1058,33.1552
2019-06-02 05-17-57,508,24.1348,33.1418
2019-06-02 05-17-59,507,24.1669,33.1418
2019-06-02 05-18-01,506,24.1348,33.1418
2019-06-02 05-18-03,507,24.1333,33.1258
2019-06-02 05-18-05,507,24.2126,33.1418
2019-06-02 05-18-07,506,24.1348,33.1552
2019-06-02 05-18-11,505,24.1989,33.1685
2019-06-02 05-18-13,505,24.1394,33.1979
2019-06-02 05-18-15,504,24.0738,33.1979
2019-06-02 05-18-17,504,24.0417,33.1846
2019-06-02 05-18-19,505,24.1058,33.1685
2019-06-02 05-18-21,505,24.1699,33.1846
2019-06-02 05-18-23,505,24.1058,33.1685
2019-06-02 05-18-25,504,24.1379,33.1846
2019-06-02 05-18-29,504,24.1058,33.1846
2019-06-02 05-18-31,504,24.0875,33.1846
2019-06-02 05-18-33,505,24.1257,33.2246
2019-06-02 05-18-35,504,24.0616,33.2673
2019-06-02 05-18-38,504,24.0326,33.3101
2019-06-02 05-18-40,505,24.0479,33.2807
2019-06-02 05-18-42,505,24.0341,33.3368
2019-06-02 05-18-46,504,23.9838,33.3528
2019-06-02 05-18-48,503,23.9151,33.3955
2019-06-02 05-18-50,503,23.8815,33.4249
2019-06-02 05-18-52,503,23.8464,33.4249
2019-06-02 05-18-54,504,23.8098,33.4382
2019-06-02 05-18-56,504,23.8831,33.4382
2019-06-02 05-18-58,504,23.8083,33.3955
2019-06-02 05-19-00,505,23.8449,33.3955
2019-06-02 05-19-04,505,23.8602,33.3661
2019-06-02 05-19-06,506,23.9105,33.3234
2019-06-02 05-19-08,506,23.8907,33.2967
2019-06-02 05-19-10,507,23.941,33.2807
2019-06-02 05-19-12,507,23.9792,33.2807
2019-06-02 05-19-14,507,23.938,33.2406
2019-06-02 05-19-16,507,23.9777,33.2406
2019-06-02 05-19-20,507,23.996,33.2673
2019-06-02 05-19-22,508,24.0097,33.2246
2019-06-02 05-19-24,507,23.9563,33.2246
2019-06-02 05-19-26,508,24.0601,33.2113
2019-06-02 05-19-28,508,24.0417,33.1979
2019-06-02 05-19-30,508,24.0601,33.2113
2019-06-02 05-19-32,508,24.0433,33.2246
2019-06-02 05-19-34,508,24.0433,33.2246
2019-06-02 05-19-38,508,24.1119,33.254
2019-06-02 05-19-40,509,24.0433,33.2246
2019-06-02 05-19-42,509,24.057,33.1979
2019-06-02 05-19-44,509,24.0891,33.1979
2019-06-02 05-19-46,509,24.1531,33.1685
2019-06-02 05-19-48,510,24.1531,33.1846
2019-06-02 05-19-50,509,24.1379,33.1685
2019-06-02 05-19-54,509,24.1486,33.1258
2019-06-02 05-19-56,509,24.1531,33.1685
2019-06-02 05-19-58,508,24.1379,33.1685
2019-06-02 05-20-00,508,24.1196,33.1418
2019-06-02 05-20-02,508,24.1058,33.1552
2019-06-02 05-20-04,508,24.1516,33.1418
2019-06-02 05-20-06,508,24.1196,33.1258
2019-06-02 05-20-08,508,24.1348,33.1552
2019-06-02 05-20-12,508,24.1196,33.1258
2019-06-02 05-20-14,508,24.1348,33.1552
2019-06-02 05-20-16,508,24.1516,33.1418
2019-06-02 05-20-18,508,24.2126,33.1418
2019-06-02 05-20-20,508,24.2294,33.1418
2019-06-02 05-20-22,508,24.2111,33.1125
2019-06-02 05-20-24,508,24.2111,33.0991
2019-06-02 05-20-28,508,24.2111,33.0991
2019-06-02 05-20-30,508,24.2126,33.1258
2019-06-02 05-20-32,508,24.2126,33.1258
2019-06-02 05-20-34,507,24.1653,33.1258
2019-06-02 05-20-36,507,24.2615,33.1258
2019-06-02 05-20-38,507,24.1806,33.1418
2019-06-02 05-20-40,507,24.1974,33.1258
2019-06-02 05-20-42,507,24.1806,33.1125
2019-06-02 05-20-46,507,24.2126,33.1258
2019-06-02 05-20-48,507,24.1837,33.1552
2019-06-02 05-20-50,506,24.1669,33.1552
2019-06-02 05-20-52,506,24.1989,33.1552
2019-06-02 05-20-54,506,24.1989,33.1685
2019-06-02 05-20-56,506,24.1852,33.1979
2019-06-02 05-20-58,506,24.1379,33.1685
2019-06-02 05-21-02,506,24.1058,33.1846
2019-06-02 05-21-04,506,24.1211,33.1846
2019-06-02 05-21-06,507,24.1394,33.1979
2019-06-02 05-21-08,507,24.1394,33.2113
2019-06-02 05-21-10,507,24.1241,33.2113
2019-06-02 05-21-12,507,24.1074,33.1979
2019-06-02 05-21-14,507,24.1074,33.1979
2019-06-02 05-21-16,507,24.1074,33.1979
2019-06-02 05-21-20,508,24.1714,33.2113
2019-06-02 05-21-22,507,24.057,33.1979
2019-06-02 05-21-24,507,24.1074,33.2113
2019-06-02 05-21-26,507,24.1074,33.1979
2019-06-02 05-21-28,506,24.1196,33.1552
2019-06-02 05-21-30,506,24.1669,33.1552
2019-06-02 05-21-32,507,24.1531,33.1685
2019-06-02 05-21-36,506,24.231,33.1685
2019-06-02 05-21-38,507,24.1379,33.1685
2019-06-02 05-21-40,507,24.1196,33.1552
2019-06-02 05-21-42,506,24.1333,33.1125
2019-06-02 05-21-44,506,24.1653,33.1258
2019-06-02 05-21-46,506,24.1486,33.1125
2019-06-02 05-21-48,506,24.1943,33.1125
2019-06-02 05-21-50,507,24.1806,33.1125
2019-06-02 05-21-54,506,24.2584,33.0858
2019-06-02 05-21-56,506,24.1806,33.1125
2019-06-02 05-21-58,506,24.1806,33.1125
2019-06-02 05-22-00,506,24.2111,33.1125
2019-06-02 05-22-02,505,24.1943,33.0858
2019-06-02 05-22-04,505,24.1943,33.0991
2019-06-02 05-22-06,506,24.1943,33.0991
2019-06-02 05-22-08,506,24.2584,33.0858
2019-06-02 05-22-12,505,24.2081,33.0858
2019-06-02 05-22-14,506,24.2401,33.0564
2019-06-02 05-22-16,506,24.2889,33.0697
2019-06-02 05-22-18,506,24.2752,33.0991
2019-06-02 05-22-20,506,24.3073,33.0858
2019-06-02 05-22-22,506,24.1943,33.0858
2019-06-02 05-22-24,506,24.2249,33.0858
2019-06-02 05-22-28,506,24.2249,33.0697
2019-06-02 05-22-30,506,24.2615,33.0991
2019-06-02 05-22-32,506,24.2126,33.1258
2019-06-02 05-22-34,506,24.2157,33.1685
2019-06-02 05-22-36,505,24.1394,33.1979
2019-06-02 05-22-38,504,24.0921,33.2246
2019-06-02 05-22-40,504,24.0479,33.2673
2019-06-02 05-22-42,502,24.0189,33.3368
2019-06-02 05-22-46,502,23.9685,33.3661
2019-06-02 05-22-48,503,23.9319,33.3795
2019-06-02 05-22-50,503,23.9502,33.3955
2019-06-02 05-22-52,503,23.79,33.3955
2019-06-02 05-22-54,503,23.8647,33.4382
2019-06-02 05-22-56,502,23.7961,33.4943
2019-06-02 05-22-58,503,23.732,33.5664
2019-06-02 05-23-02,502,23.6847,33.6065
2019-06-02 05-23-04,503,23.5947,33.6065
2019-06-02 05-23-06,504,23.5947,33.6225
2019-06-02 05-23-08,505,23.5764,33.6065
2019-06-02 05-23-10,506,23.558,33.5931
2019-06-02 05-23-12,507,23.5947,33.6225
2019-06-02 05-23-14,507,23.5611,33.6065
2019-06-02 05-23-16,508,23.5947,33.6065
2019-06-02 05-23-20,509,23.5931,33.5931
2019-06-02 05-23-22,509,23.5718,33.5504
2019-06-02 05-23-24,509,23.6954,33.537
2019-06-02 05-23-26,511,23.6954,33.5237
2019-06-02 05-23-28,512,23.7457,33.5103
2019-06-02 05-23-30,512,23.7259,33.4516
2019-06-02 05-23-32,511,23.7259,33.4516
2019-06-02 05-23-36,512,23.7778,33.4516
2019-06-02 05-23-38,513,23.7228,33.4249
2019-06-02 05-23-40,513,23.7549,33.3955
2019-06-02 05-23-42,513,23.8083,33.4115
2019-06-02 05-23-44,513,23.8083,33.3955
2019-06-02 05-23-46,511,23.8083,33.3795
2019-06-02 05-23-48,512,23.8602,33.3528
2019-06-02 05-23-50,512,23.7869,33.3368
2019-06-02 05-23-54,512,23.8449,33.3661
2019-06-02 05-23-56,512,23.8602,33.3661
2019-06-02 05-23-58,511,23.8266,33.3661
2019-06-02 05-24-00,511,23.8419,33.3368
2019-06-02 05-24-02,511,23.8739,33.3234
2019-06-02 05-24-04,511,23.8785,33.3661
2019-06-02 05-24-06,511,23.8449,33.3795
2019-06-02 05-24-11,510,23.8632,33.3795
2019-06-02 05-24-13,509,23.7732,33.4115
2019-06-02 05-24-15,508,23.8449,33.3795
2019-06-02 05-24-17,508,23.8953,33.3661
2019-06-02 05-24-19,509,23.8449,33.3955
2019-06-02 05-24-21,508,23.8281,33.3955
2019-06-02 05-24-23,508,23.8098,33.4382
2019-06-02 05-24-25,508,23.8998,33.4249
2019-06-02 05-24-29,508,23.8632,33.3795
2019-06-02 05-24-31,508,23.8602,33.3661
2019-06-02 05-24-33,508,23.8266,33.3661
2019-06-02 05-24-35,508,23.8953,33.3528
2019-06-02 05-24-37,508,23.9136,33.3661
2019-06-02 05-24-39,507,23.9136,33.3795
2019-06-02 05-24-41,507,23.8281,33.3955
2019-06-02 05-24-45,507,23.8449,33.3795
2019-06-02 05-24-47,507,23.8266,33.3795
2019-06-02 05-24-49,508,23.8785,33.3661
2019-06-02 05-24-51,508,23.8602,33.3661
2019-06-02 05-24-53,508,23.8602,33.3661
2019-06-02 05-24-55,507,23.8281,33.3955
2019-06-02 05-24-57,507,23.8083,33.4115
2019-06-02 05-24-59,507,23.8464,33.4249
2019-06-02 05-25-03,508,23.7915,33.4249
2019-06-02 05-25-05,508,23.8464,33.4115
2019-06-02 05-25-07,508,23.7549,33.3955
2019-06-02 05-25-09,509,23.8449,33.3795
2019-06-02 05-25-11,509,23.8052,33.3528
2019-06-02 05-25-13,509,23.8922,33.3234
2019-06-02 05-25-15,509,23.9105,33.3368
2019-06-02 05-25-17,509,23.9456,33.3368
2019-06-02 05-25-21,509,23.9273,33.3101
2019-06-02 05-25-23,508,23.9792,33.2967
2019-06-02 05-25-25,508,23.9792,33.2807
2019-06-02 05-25-27,508,23.9822,33.3101
2019-06-02 05-25-29,507,23.9975,33.3101
2019-06-02 05-25-31,507,23.9105,33.3368
2019-06-02 05-25-33,507,23.9273,33.3101
2019-06-02 05-25-37,507,23.877,33.3528
2019-06-02 05-25-39,507,23.8739,33.2967
2019-06-02 05-25-41,506,23.9471,33.3661
2019-06-02 05-25-43,506,23.8785,33.3795
2019-06-02 05-25-45,505,23.8815,33.4249
2019-06-02 05-25-47,505,23.7778,33.4676
2019-06-02 05-25-49,504,23.7778,33.4676
2019-06-02 05-25-51,502,23.7778,33.4676
2019-06-02 05-25-55,502,23.7305,33.5237
2019-06-02 05-25-57,503,23.6801,33.5504
2019-06-02 05-25-59,504,23.645,33.5798
2019-06-02 05-26-01,504,23.613,33.6225
2019-06-02 05-26-03,504,23.5611,33.6358
2019-06-02 05-26-05,504,23.5062,33.6358
2019-06-02 05-26-07,504,23.5474,33.6625
2019-06-02 05-26-11,504,23.4924,33.6786
2019-06-02 05-26-13,503,23.3963,33.7747
2019-06-02 05-26-15,502,23.3093,33.8174
2019-06-02 05-26-17,503,23.3276,33.8308
2019-06-02 05-26-19,503,23.2956,33.8628
2019-06-02 05-26-21,504,23.2605,33.8895
2019-06-02 05-26-23,503,23.2269,33.9189
2019-06-02 05-26-25,504,23.1735,33.9323
2019-06-02 05-26-29,504,23.1445,33.9883
2019-06-02 05-26-31,504,23.0911,33.9883
2019-06-02 05-26-33,505,23.0942,34.0311
2019-06-02 05-26-35,507,23.0759,34.0311
2019-06-02 05-26-37,508,23.0576,34.0311
2019-06-02 05-26-39,509,23.0392,34.0043
2019-06-02 05-26-41,509,23.0347,33.9616
2019-06-02 05-26-45,510,23.0896,33.9483
2019-06-02 05-26-47,511,23.1216,33.9055
2019-06-02 05-26-49,513,23.1537,33.8895
2019-06-02 05-26-51,512,23.1873,33.8762
2019-06-02 05-26-53,511,23.1537,33.8762
2019-06-02 05-26-55,512,23.2224,33.8495
2019-06-02 05-26-57,512,23.201,33.8174
2019-06-02 05-26-59,512,23.2559,33.8308
2019-06-02 05-27-03,511,23.259,33.8495
2019-06-02 05-27-05,510,23.259,33.8628
2019-06-02 05-27-07,510,23.2773,33.8628
2019-06-02 05-27-09,509,23.2407,33.8308
2019-06-02 05-27-11,509,23.2193,33.8308
2019-06-02 05-27-13,509,23.2544,33.7907
2019-06-02 05-27-15,509,23.3246,33.7907
2019-06-02 05-27-17,509,23.3749,33.748
2019-06-02 05-27-21,509,23.41,33.7346
2019-06-02 05-27-23,508,23.3917,33.7346
2019-06-02 05-27-25,509,23.41,33.7346
2019-06-02 05-27-27,508,23.465,33.7907
2019-06-02 05-27-29,507,23.3414,33.7747
2019-06-02 05-27-31,507,23.3093,33.8308
2019-06-02 05-27-33,507,23.2956,33.8628
2019-06-02 05-27-37,508,23.2635,33.9323
2019-06-02 05-27-39,507,23.1583,33.9323
2019-06-02 05-27-41,507,23.1415,33.975
2019-06-02 05-27-43,507,23.1277,34.0177
2019-06-02 05-27-45,506,23.0621,34.0871
2019-06-02 05-27-47,505,23.0453,34.1299
2019-06-02 05-27-49,505,22.9248,34.1566
2019-06-02 05-27-51,504,22.8928,34.2126
2019-06-02 05-27-55,506,22.7875,34.1993
2019-06-02 05-27-57,507,22.8073,34.2287
2019-06-02 05-27-59,507,22.8424,34.242
2019-06-02 05-28-01,508,22.7692,34.2287
2019-06-02 05-28-03,509,22.7692,34.2287
2019-06-02 05-28-05,510,22.8104,34.2554
2019-06-02 05-28-07,510,22.7341,34.2287
2019-06-02 05-28-11,511,22.7921,34.2554
2019-06-02 05-28-13,510,22.7524,34.242
2019-06-02 05-28-15,510,22.7188,34.2287
2019-06-02 05-28-17,511,22.7341,34.2126
2019-06-02 05-28-19,511,22.7707,34.2554
2019-06-02 05-28-21,511,22.789,34.2287
2019-06-02 05-28-23,511,22.7509,34.1993
2019-06-02 05-28-25,511,22.8378,34.1726
2019-06-02 05-28-29,512,22.7646,34.1432
2019-06-02 05-28-31,513,22.8851,34.1005
2019-06-02 05-28-33,512,22.9019,34.0871
2019-06-02 05-28-35,513,22.9385,34.0604
2019-06-02 05-28-37,513,23.0026,34.0043
2019-06-02 05-28-39,513,22.9843,33.975
2019-06-02 05-28-41,514,23.0347,33.9483
2019-06-02 05-28-45,513,23.1537,33.8895
2019-06-02 05-28-47,513,23.2224,33.8628
2019-06-02 05-28-49,512,23.204,33.8308
2019-06-02 05-28-51,512,23.2773,33.8495
2019-06-02 05-28-53,511,23.2178,33.8041
2019-06-02 05-28-55,510,23.3414,33.7907
2019-06-02 05-28-57,509,23.3063,33.7747
2019-06-02 05-28-59,508,23.3246,33.8041
2019-06-02 05-29-03,508,23.2864,33.7346
2019-06-02 05-29-05,507,23.3734,33.7186
2019-06-02 05-29-07,507,23.3521,33.6919
2019-06-02 05-29-09,507,23.41,33.7346
2019-06-02 05-29-11,506,23.494,33.7186
2019-06-02 05-29-13,506,23.407,33.6919
2019-06-02 05-29-15,506,23.439,33.6786
2019-06-02 05-29-19,506,23.439,33.6625
2019-06-02 05-29-21,507,23.4894,33.6492
2019-06-02 05-29-23,506,23.4741,33.6492
2019-06-02 05-29-25,506,23.4894,33.6492
2019-06-02 05-29-27,506,23.4756,33.6786
2019-06-02 05-29-29,506,23.439,33.6492
2019-06-02 05-29-31,506,23.5626,33.6492
2019-06-02 05-29-33,506,23.5474,33.6786
2019-06-02 05-29-37,505,23.4924,33.6625
2019-06-02 05-29-39,505,23.4604,33.7186
2019-06-02 05-29-41,504,23.3231,33.7747
2019-06-02 05-29-43,504,23.3429,33.8174
2019-06-02 05-29-45,503,23.2605,33.8895
2019-06-02 05-29-47,504,23.2605,33.8895
2019-06-02 05-29-49,504,23.2269,33.9189
2019-06-02 05-29-53,503,23.1918,33.9483
2019-06-02 05-29-55,503,23.1598,33.9616
2019-06-02 05-29-58,503,23.1232,33.9616
2019-06-02 05-30-00,504,23.1735,33.9189
2019-06-02 05-30-02,504,23.0865,33.9323
2019-06-02 05-30-04,504,23.1735,33.9323
2019-06-02 05-30-06,504,23.1415,33.9483
2019-06-02 05-30-08,504,23.0713,33.975
2019-06-02 05-30-12,504,23.0896,33.9483
2019-06-02 05-30-14,505,23.1232,33.9483
2019-06-02 05-30-16,505,23.1232,33.9483
2019-06-02 05-30-18,505,23.0682,33.9616
2019-06-02 05-30-20,505,23.1079,33.9616
2019-06-02 05-30-22,505,23.1049,33.9323
2019-06-02 05-30-24,505,23.0896,33.9483
2019-06-02 05-30-26,506,23.1735,33.9189
2019-06-02 05-30-30,506,23.1735,33.9055
2019-06-02 05-30-32,505,23.1186,33.8895
2019-06-02 05-30-34,505,23.2056,33.8895
2019-06-02 05-30-36,505,23.1857,33.8495
2019-06-02 05-30-38,506,23.204,33.8308
2019-06-02 05-30-40,506,23.2407,33.8495
2019-06-02 05-30-42,506,23.2376,33.8041
2019-06-02 05-30-46,505,23.2697,33.7614
2019-06-02 05-30-48,504,23.3047,33.748
2019-06-02 05-30-50,505,23.3383,33.7346
2019-06-02 05-30-52,505,23.3749,33.7346
2019-06-02 05-30-54,506,23.3368,33.7186
2019-06-02 05-30-56,506,23.3551,33.7186
2019-06-02 05-30-58,505,23.3734,33.7186
2019-06-02 05-31-00,505,23.407,33.7053
2019-06-02 05-31-04,505,23.3917,33.7186
2019-06-02 05-31-06,505,23.41,33.7346
2019-06-02 05-31-08,505,23.3521,33.7053
2019-06-02 05-31-10,505,23.3917,33.7053
2019-06-02 05-31-12,504,23.4055,33.6786
2019-06-02 05-31-14,505,23.3917,33.7053
2019-06-02 05-31-16,505,23.4421,33.7053
2019-06-02 05-31-20,505,23.439,33.6786
2019-06-02 05-31-22,504,23.3917,33.7053
2019-06-02 05-31-24,504,23.3734,33.7186
2019-06-02 05-31-26,504,23.3551,33.748
2019-06-02 05-31-28,504,23.3521,33.7053
2019-06-02 05-31-30,503,23.3734,33.7053
2019-06-02 05-31-32,503,23.3566,33.7614
2019-06-02 05-31-34,504,23.3566,33.7747
2019-06-02 05-31-38,504,23.3047,33.748
2019-06-02 05-31-40,504,23.3566,33.7614
2019-06-02 05-31-42,505,23.3383,33.7614
2019-06-02 05-31-44,505,23.3047,33.7614
2019-06-02 05-31-46,505,23.3231,33.7614
2019-06-02 05-31-48,505,23.2697,33.748
2019-06-02 05-31-50,505,23.3383,33.7614
2019-06-02 05-31-54,506,23.3551,33.7346
2019-06-02 05-31-56,507,23.3185,33.7186
2019-06-02 05-31-58,507,23.3368,33.7053
2019-06-02 05-32-00,507,23.3734,33.7186
2019-06-02 05-32-02,507,23.3505,33.6625
2019-06-02 05-32-04,507,23.3704,33.6786
2019-06-02 05-32-06,507,23.439,33.6625
2019-06-02 05-32-08,507,23.526,33.6225
2019-06-02 05-32-12,507,23.526,33.6358
2019-06-02 05-32-14,507,23.4711,33.6358
2019-06-02 05-32-16,507,23.4894,33.6225
2019-06-02 05-32-18,507,23.5077,33.6492
2019-06-02 05-32-20,507,23.4238,33.6919
2019-06-02 05-32-22,507,23.4238,33.6919
2019-06-02 05-32-24,506,23.41,33.7186
2019-06-02 05-32-26,506,23.3551,33.7186
2019-06-02 05-32-30,506,23.3551,33.7346
2019-06-02 05-32-32,507,23.3749,33.7346
2019-06-02 05-32-34,507,23.32,33.7346
2019-06-02 05-32-36,506,23.32,33.7346
2019-06-02 05-32-38,506,23.3383,33.7346
2019-06-02 05-32-40,507,23.3414,33.7907
2019-06-02 05-32-42,507,23.3231,33.7614
2019-06-02 05-32-46,507,23.3246,33.8041
2019-06-02 05-32-48,507,23.3063,33.7907
2019-06-02 05-32-50,506,23.204,33.8308
2019-06-02 05-32-52,507,23.2407,33.8495
2019-06-02 05-32-54,507,23.1689,33.8495
2019-06-02 05-32-56,507,23.1857,33.8308
2019-06-02 05-32-58,508,23.204,33.8628
2019-06-02 05-33-00,508,23.259,33.8628
2019-06-02 05-33-04,508,23.1354,33.8762
2019-06-02 05-33-06,508,23.2086,33.9189
2019-06-02 05-33-08,508,23.1903,33.9055
2019-06-02 05-33-10,507,23.1415,33.9483
2019-06-02 05-33-12,507,23.1079,33.9616
2019-06-02 05-33-14,508,23.0545,33.9883
2019-06-02 05-33-16,508,23.053,33.975
2019-06-02 05-33-20,508,23.0911,33.975
2019-06-02 05-33-22,508,23.053,33.975
2019-06-02 05-33-24,508,23.0682,33.9616
2019-06-02 05-33-26,509,23.0682,33.9323
2019-06-02 05-33-28,509,23.1232,33.9323
2019-06-02 05-33-30,509,23.0865,33.9189
2019-06-02 05-33-32,509,23.1216,33.9189
2019-06-02 05-33-34,509,23.0637,33.8895
2019-06-02 05-33-38,509,23.1186,33.8895
2019-06-02 05-33-40,509,23.0865,33.9189
2019-06-02 05-33-42,509,23.1552,33.9189
2019-06-02 05-33-44,509,23.1079,33.9616
2019-06-02 05-33-46,509,23.0164,33.9323
2019-06-02 05-33-48,508,23.0896,33.9483
2019-06-02 05-33-50,508,23.1094,33.9883
2019-06-02 05-33-54,508,23.1079,33.9616
2019-06-02 05-33-56,509,23.0865,33.9323
2019-06-02 05-33-58,510,23.0865,33.9055
2019-06-02 05-34-00,510,23.172,33.8895
2019-06-02 05-34-02,510,23.1354,33.8628
2019-06-02 05-34-04,510,23.1674,33.8308
2019-06-02 05-34-06,509,23.2178,33.8041
2019-06-02 05-34-08,510,23.2376,33.7907
2019-06-02 05-34-12,510,23.3246,33.7907
2019-06-02 05-34-14,510,23.3063,33.7747
2019-06-02 05-34-16,509,23.3047,33.7614
2019-06-02 05-34-18,509,23.4283,33.7346
2019-06-02 05-34-20,509,23.3368,33.7186
2019-06-02 05-34-22,508,23.3932,33.7614
2019-06-02 05-34-24,507,23.3231,33.7747
2019-06-02 05-34-28,507,23.3093,33.8174
2019-06-02 05-34-30,506,23.2605,33.8762
2019-06-02 05-34-32,506,23.172,33.8895
2019-06-02 05-34-34,506,23.1537,33.8628
2019-06-02 05-34-36,506,23.2407,33.8495
2019-06-02 05-34-38,506,23.2193,33.8308
2019-06-02 05-34-40,507,23.291,33.8174
2019-06-02 05-34-42,507,23.2178,33.7907
2019-06-02 05-34-46,507,23.288,33.7907
2019-06-02 05-34-48,507,23.2697,33.7747
2019-06-02 05-34-50,507,23.2697,33.748
2019-06-02 05-34-52,506,23.3017,33.7346
2019-06-02 05-34-54,506,23.3917,33.7346
2019-06-02 05-34-56,506,23.407,33.7053
2019-06-02 05-34-58,506,23.3917,33.7053
2019-06-02 05-35-00,506,23.3887,33.6786
2019-06-02 05-35-04,506,23.4055,33.6786
2019-06-02 05-35-06,506,23.3871,33.6625
2019-06-02 05-35-08,506,23.4558,33.6492
2019-06-02 05-35-10,506,23.5077,33.6492
2019-06-02 05-35-12,506,23.4207,33.6358
2019-06-02 05-35-14,506,23.4207,33.6492
2019-06-02 05-35-16,506,23.4741,33.6492
2019-06-02 05-35-20,506,23.4375,33.6358
2019-06-02 05-35-22,506,23.4894,33.6225
2019-06-02 05-35-24,506,23.5291,33.6492
2019-06-02 05-35-26,505,23.4558,33.6492
2019-06-02 05-35-28,505,23.4756,33.6919
2019-06-02 05-35-30,505,23.4756,33.7053
2019-06-02 05-35-32,504,23.4238,33.6919
2019-06-02 05-35-34,504,23.4619,33.7346
2019-06-02 05-35-38,504,23.3521,33.6919
2019-06-02 05-35-40,504,23.3749,33.748
2019-06-02 05-35-42,504,23.3597,33.7907
2019-06-02 05-35-44,504,23.3429,33.8308
2019-06-02 05-35-46,504,23.3292,33.8762
2019-06-02 05-35-49,503,23.2452,33.9055
2019-06-02 05-35-51,503,23.1918,33.9323
2019-06-02 05-35-55,503,23.1415,33.9483
2019-06-02 05-35-57,503,23.0896,33.9616
2019-06-02 05-35-59,503,23.1232,33.9616
2019-06-02 05-36-01,503,23.1583,33.9483
2019-06-02 05-36-03,503,23.0896,33.9616
2019-06-02 05-36-05,502,23.0499,33.9323
2019-06-02 05-36-07,502,23.1369,33.9055
2019-06-02 05-36-09,502,23.1232,33.9616
2019-06-02 05-36-13,502,23.1079,33.975
2019-06-02 05-36-15,503,23.1094,33.9883
2019-06-02 05-36-17,503,23.0713,33.975
2019-06-02 05-36-19,504,23.0392,34.0177
2019-06-02 05-36-21,504,23.0728,34.0043
2019-06-02 05-36-23,504,23.0209,34.0043
2019-06-02 05-36-25,504,23.0576,34.0177
2019-06-02 05-36-27,504,23.0728,34.0177
2019-06-02 05-36-31,504,22.9889,34.0311
2019-06-02 05-36-33,504,22.9385,34.0604
2019-06-02 05-36-35,504,23.0072,34.0604
2019-06-02 05-36-37,504,22.9202,34.0871
2019-06-02 05-36-39,504,22.8699,34.1299
2019-06-02 05-36-41,504,22.8928,34.1859
2019-06-02 05-36-43,504,22.8897,34.1726
2019-06-02 05-36-47,504,22.8241,34.2126
2019-06-02 05-36-49,505,22.8012,34.1299
2019-06-02 05-36-51,505,22.8165,34.1165
2019-06-02 05-36-53,505,22.9401,34.0871
2019-06-02 05-36-55,506,22.9019,34.0871
2019-06-02 05-36-57,506,22.9156,34.0311
2019-06-02 05-36-59,506,22.9492,33.975
2019-06-02 05-37-01,506,23.0209,33.9883
2019-06-02 05-37-05,506,23.0179,33.9616
2019-06-02 05-37-07,506,23.0179,33.975
2019-06-02 05-37-09,506,23.0545,33.9883
2019-06-02 05-37-11,505,23.0896,33.9483
2019-06-02 05-37-13,506,23.0896,33.9616
2019-06-02 05-37-15,505,23.0911,33.9883
2019-06-02 05-37-17,504,23.053,33.975
2019-06-02 05-37-19,504,23.0026,34.0043
2019-06-02 05-37-23,504,23.0728,34.0043
2019-06-02 05-37-25,504,23.0225,34.0311
2019-06-02 05-37-27,503,23.0255,34.0738
2019-06-02 05-37-29,503,23.0072,34.0604
2019-06-02 05-37-31,503,22.9156,34.0444
2019-06-02 05-37-33,502,22.9538,34.0311
2019-06-02 05-37-35,502,22.9706,34.0444
2019-06-02 05-37-39,503,23.0072,34.0444
2019-06-02 05-37-41,503,22.9385,34.0604
2019-06-02 05-37-43,503,22.9401,34.0871
2019-06-02 05-37-45,502,22.8851,34.1005
2019-06-02 05-37-47,502,22.8699,34.1165
2019-06-02 05-37-49,502,22.8668,34.1005
2019-06-02 05-37-51,503,22.9019,34.0738
2019-06-02 05-37-53,504,22.9385,34.0738
2019-06-02 05-37-57,503,22.9202,34.0871
2019-06-02 05-37-59,503,22.9385,34.0604
2019-06-02 05-38-01,503,22.9568,34.0871
2019-06-02 05-38-03,503,22.8851,34.0871
2019-06-02 05-38-05,503,22.9034,34.1165
2019-06-02 05-38-07,502,22.8882,34.1432
2019-06-02 05-38-09,502,22.8561,34.1859
2019-06-02 05-38-11,502,22.8561,34.1859
2019-06-02 05-38-15,503,22.821,34.1859
2019-06-02 05-38-17,503,22.8424,34.2126
2019-06-02 05-38-19,503,22.8104,34.2554
2019-06-02 05-38-21,503,22.7325,34.1993
2019-06-02 05-38-23,503,22.7524,34.2287
2019-06-02 05-38-25,503,22.7554,34.2687
2019-06-02 05-38-27,503,22.702,34.2554
2019-06-02 05-38-31,502,22.702,34.2687
2019-06-02 05-38-33,502,22.7158,34.2126
2019-06-02 05-38-35,503,22.7158,34.1993
2019-06-02 05-38-37,502,22.7875,34.1859
2019-06-02 05-38-39,502,22.7844,34.1566
2019-06-02 05-38-41,502,22.8195,34.1566
2019-06-02 05-38-43,502,22.821,34.1726
2019-06-02 05-38-45,502,22.7875,34.1726
2019-06-02 05-38-49,502,22.821,34.1726
2019-06-02 05-38-51,502,22.7661,34.1726
2019-06-02 05-38-53,501,22.789,34.2126
2019-06-02 05-38-55,501,22.8058,34.1859
2019-06-02 05-38-57,501,22.7692,34.2126
2019-06-02 05-38-59,501,22.8241,34.2126
2019-06-02 05-39-01,501,22.7875,34.1993
2019-06-02 05-39-05,502,22.7661,34.1726
2019-06-02 05-39-07,502,22.7478,34.1566
2019-06-02 05-39-09,502,22.7661,34.1726
2019-06-02 05-39-11,501,22.7661,34.1859
2019-06-02 05-39-13,501,22.8012,34.1299
2019-06-02 05-39-15,502,22.8531,34.1432
2019-06-02 05-39-17,502,22.8531,34.1432
2019-06-02 05-39-19,502,22.8531,34.1432
2019-06-02 05-39-23,502,22.8195,34.1432
2019-06-02 05-39-25,502,22.8348,34.1299
2019-06-02 05-39-27,502,22.8378,34.1432
2019-06-02 05-39-29,501,22.8714,34.1432
2019-06-02 05-39-31,501,22.8851,34.1165
2019-06-02 05-39-33,501,22.9034,34.1005
2019-06-02 05-39-35,501,22.9019,34.0871
2019-06-02 05-39-37,501,22.8989,34.0604
2019-06-02 05-39-41,501,22.9019,34.0871
2019-06-02 05-39-43,501,22.9538,34.0604
2019-06-02 05-39-45,501,22.9385,34.0738
2019-06-02 05-39-47,502,22.8653,34.0604
2019-06-02 05-39-49,502,22.9156,34.0311
2019-06-02 05-39-51,502,23.0042,34.0311
2019-06-02 05-39-53,501,22.9355,34.0311
2019-06-02 05-39-57,501,23.0072,34.0444
2019-06-02 05-39-59,501,23.0392,34.0043
2019-06-02 05-40-01,501,23.0209,33.9883
2019-06-02 05-40-03,501,22.9675,33.9883
2019-06-02 05-40-05,501,23.0362,33.9883
2019-06-02 05-40-07,502,23.0713,33.975
2019-06-02 05-40-09,501,23.0545,33.9883
2019-06-02 05-40-11,501,22.966,33.975
2019-06-02 05-40-15,501,23.0362,33.975
2019-06-02 05-40-17,502,23.0179,33.975
2019-06-02 05-40-19,501,23.0682,33.9616
2019-06-02 05-40-21,501,23.0865,33.9189
2019-06-02 05-40-23,501,23.1049,33.9189
2019-06-02 05-40-25,502,23.1033,33.9055
2019-06-02 05-40-27,502,23.1735,33.9055
2019-06-02 05-40-29,502,23.1354,33.8762
2019-06-02 05-40-33,502,23.1689,33.8628
2019-06-02 05-40-35,501,23.2407,33.8495
2019-06-02 05-40-37,501,23.1506,33.8495
2019-06-02 05-40-39,501,23.1537,33.8762
2019-06-02 05-40-41,501,23.2224,33.8495
2019-06-02 05-40-43,501,23.204,33.8495
2019-06-02 05-40-45,500,23.201,33.8174
2019-06-02 05-40-49,500,23.1873,33.8628
2019-06-02 05-40-51,499,23.1857,33.8174
2019-06-02 05-40-53,499,23.2407,33.8174
2019-06-02 05-40-55,500,23.2544,33.7907
2019-06-02 05-40-57,500,23.2697,33.7747
2019-06-02 05-40-59,500,23.288,33.7747
2019-06-02 05-41-01,501,23.3383,33.748
2019-06-02 05-41-03,500,23.3185,33.7053
2019-06-02 05-41-07,500,23.3185,33.7053
2019-06-02 05-41-09,500,23.4238,33.6786
2019-06-02 05-41-11,500,23.439,33.6625
2019-06-02 05-41-13,501,23.5062,33.6225
2019-06-02 05-41-15,501,23.526,33.6225
2019-06-02 05-41-17,502,23.5245,33.5931
2019-06-02 05-41-19,502,23.4894,33.6225
2019-06-02 05-41-22,502,23.4741,33.6492
2019-06-02 05-41-26,501,23.4573,33.6919
2019-06-02 05-41-28,501,23.3704,33.6786
2019-06-02 05-41-30,500,23.3521,33.7053
2019-06-02 05-41-32,500,23.3887,33.6919
2019-06-02 05-41-34,501,23.3734,33.7186
2019-06-02 05-41-36,501,23.4283,33.7346
2019-06-02 05-41-38,500,23.3734,33.7186
2019-06-02 05-41-42,499,23.3551,33.748
2019-06-02 05-41-44,499,23.3597,33.7907
2019-06-02 05-41-46,499,23.3414,33.7907
2019-06-02 05-41-48,499,23.291,33.8041
2019-06-02 05-41-50,498,23.2925,33.8308
2019-06-02 05-41-52,499,23.2605,33.8762
2019-06-02 05-41-54,499,23.2056,33.8895
2019-06-02 05-41-56,498,23.2285,33.9483
2019-06-02 05-42-00,499,23.0362,33.9883
2019-06-02 05-42-02,500,23.0728,34.0177
2019-06-02 05-42-04,500,22.9889,34.0311
2019-06-02 05-42-06,501,22.9401,34.0871
2019-06-02 05-42-08,502,22.9401,34.0871
2019-06-02 05-42-10,502,22.9904,34.0738
2019-06-02 05-42-12,503,22.8989,34.0311
2019-06-02 05-42-14,504,23.0179,33.975
2019-06-02 05-42-18,505,23.0682,33.9616
2019-06-02 05-42-20,505,23.0179,33.9616
2019-06-02 05-42-22,505,23.0164,33.9483
2019-06-02 05-42-24,505,23.0896,33.9616
2019-06-02 05-42-26,505,23.1232,33.9483
2019-06-02 05-42-28,505,23.0896,33.9616
2019-06-02 05-42-30,505,23.0896,33.9483
2019-06-02 05-42-34,504,23.0896,33.9616
2019-06-02 05-42-36,503,23.0225,34.0311
2019-06-02 05-42-38,503,22.9752,34.1005
2019-06-02 05-42-40,502,22.908,34.1726
2019-06-02 05-42-42,503,22.8394,34.1993
2019-06-02 05-42-44,503,22.8058,34.1859
2019-06-02 05-42-46,504,22.8027,34.1566
2019-06-02 05-42-48,504,22.7875,34.1726
2019-06-02 05-42-52,505,22.7646,34.1432
2019-06-02 05-42-54,505,22.8378,34.1566
2019-06-02 05-42-56,505,22.8012,34.1165
2019-06-02 05-42-58,506,22.9034,34.1165
2019-06-02 05-43-00,506,22.8668,34.1005
2019-06-02 05-43-02,506,22.8516,34.1005
2019-06-02 05-43-04,506,22.8699,34.1165
2019-06-02 05-43-06,505,22.9019,34.0871
2019-06-02 05-43-10,506,22.8836,34.0738
2019-06-02 05-43-12,506,22.9538,34.0604
2019-06-02 05-43-14,507,22.9355,34.0444
2019-06-02 05-43-16,507,22.9523,34.0177
2019-06-02 05-43-18,507,22.9126,33.9883
2019-06-02 05-43-20,507,22.9858,34.0043
2019-06-02 05-43-22,507,23.0179,33.975
2019-06-02 05-43-26,508,23.0133,33.9189
2019-06-02 05-43-28,507,23.0682,33.9616
2019-06-02 05-43-30,507,23.0499,33.9323
2019-06-02 05-43-32,507,23.0499,33.9323
2019-06-02 05-43-34,507,23.0484,33.9055
2019-06-02 05-43-36,507,23.1369,33.8895
2019-06-02 05-43-38,506,23.1049,33.9323
2019-06-02 05-43-40,505,23.1049,33.9323
2019-06-02 05-43-44,505,23.0545,33.9883
2019-06-02 05-43-46,504,23.0682,33.9616
2019-06-02 05-43-48,504,23.0392,34.0311
2019-06-02 05-43-50,504,23.0042,34.0177
2019-06-02 05-43-52,503,22.9568,34.0738
2019-06-02 05-43-54,502,22.9431,34.1432
2019-06-02 05-43-56,500,22.8394,34.1993
2019-06-02 05-43-58,500,22.789,34.2126
2019-06-02 05-44-02,500,22.7554,34.2687
2019-06-02 05-44-04,501,22.7386,34.2847
2019-06-02 05-44-06,501,22.6517,34.2981
2019-06-02 05-44-08,503,22.6562,34.3568
2019-06-02 05-44-10,507,22.6547,34.3141
2019-06-02 05-44-12,510,22.6334,34.2981
2019-06-02 05-44-14,511,22.6517,34.2847
2019-06-02 05-44-18,512,22.67,34.2847
2019-06-02 05-44-20,513,22.6471,34.1993
2019-06-02 05-44-22,513,22.7325,34.1859
2019-06-02 05-44-24,514,22.7142,34.1859
2019-06-02 05-44-26,513,22.7295,34.1566
2019-06-02 05-44-28,513,22.7478,34.1566
2019-06-02 05-44-30,512,22.8027,34.1566
2019-06-02 05-44-32,512,22.7646,34.1566
2019-06-02 05-44-36,510,22.8027,34.1566
2019-06-02 05-44-38,509,22.8058,34.1859
2019-06-02 05-44-40,510,22.7646,34.1432
2019-06-02 05-44-42,510,22.7478,34.1566
2019-06-02 05-44-44,510,22.7829,34.1299
2019-06-02 05-44-46,510,22.8165,34.1165
2019-06-02 05-44-48,509,22.8333,34.0871
2019-06-02 05-44-50,509,22.8149,34.0738
2019-06-02 05-44-54,507,22.8668,34.0738
2019-06-02 05-44-56,507,22.8989,34.0604
2019-06-02 05-44-58,506,22.9538,34.0444
2019-06-02 05-45-00,505,22.9156,34.0444
2019-06-02 05-45-02,503,22.9156,34.0311
2019-06-02 05-45-04,503,22.9538,34.0444
2019-06-02 05-45-06,502,22.9706,34.0444
2019-06-02 05-45-10,502,22.9355,34.0444
2019-06-02 05-45-12,502,22.9889,34.0311
2019-06-02 05-45-14,502,22.9889,34.0311
2019-06-02 05-45-16,503,22.9858,34.0177
2019-06-02 05-45-18,503,23.0042,34.0311
2019-06-02 05-45-20,503,22.8989,34.0604
2019-06-02 05-45-22,503,23.0225,34.0444
2019-06-02 05-45-24,503,22.9355,34.0444
2019-06-02 05-45-28,504,22.9355,34.0444
2019-06-02 05-45-30,504,22.9172,34.0604
2019-06-02 05-45-32,503,22.9355,34.0311
2019-06-02 05-45-34,503,22.9889,34.0311
2019-06-02 05-45-36,503,22.9156,34.0177
2019-06-02 05-45-38,504,22.9858,34.0177
2019-06-02 05-45-40,504,22.9889,34.0311
2019-06-02 05-45-42,503,23.0042,34.0311
2019-06-02 05-45-46,503,23.0026,34.0043
2019-06-02 05-45-48,503,23.0209,33.9883
2019-06-02 05-45-50,503,22.9675,34.0043
2019-06-02 05-45-52,502,22.9675,33.9883
2019-06-02 05-45-54,501,22.9706,34.0177
2019-06-02 05-45-56,501,23.0026,34.0043
2019-06-02 05-45-58,502,23.0209,34.0043
2019-06-02 05-46-02,502,23.053,33.975
2019-06-02 05-46-04,501,22.9843,33.975
2019-06-02 05-46-06,501,23.0179,33.975
2019-06-02 05-46-08,500,23.0164,33.9483
2019-06-02 05-46-10,500,23.0362,33.9883
2019-06-02 05-46-12,500,22.9477,33.9483
2019-06-02 05-46-14,501,23.1049,33.9189
2019-06-02 05-46-16,501,23.0347,33.9483
2019-06-02 05-46-20,500,23.0682,33.9616
2019-06-02 05-46-22,500,23.0209,33.9883
2019-06-02 05-46-24,500,22.9858,34.0043
2019-06-02 05-46-26,499,22.9889,34.0311
2019-06-02 05-46-28,499,22.9538,34.0444
2019-06-02 05-46-30,500,22.9156,34.0311
2019-06-02 05-46-32,500,22.9355,34.0444
2019-06-02 05-46-34,500,22.9538,34.0444
2019-06-02 05-46-38,500,22.934,34.0177
2019-06-02 05-46-40,500,22.9858,34.0177
2019-06-02 05-46-42,500,22.9355,34.0311
2019-06-02 05-46-44,501,22.9538,34.0311
2019-06-02 05-46-46,501,22.934,34.0177
2019-06-02 05-46-48,500,22.934,34.0043
2019-06-02 05-46-50,500,22.9355,34.0311
2019-06-02 05-46-55,499,22.9523,34.0177
2019-06-02 05-46-57,499,22.9721,34.0604
2019-06-02 05-46-59,499,22.9721,34.0604
2019-06-02 05-47-01,500,22.9202,34.0871
2019-06-02 05-47-03,500,22.8836,34.0738
2019-06-02 05-47-05,500,22.8668,34.0871
2019-06-02 05-47-07,499,22.9202,34.0871
2019-06-02 05-47-09,499,22.8806,34.0444
2019-06-02 05-47-13,499,22.8806,34.0444
2019-06-02 05-47-15,500,22.8973,34.0177
2019-06-02 05-47-17,500,22.9492,33.9883
2019-06-02 05-47-19,500,22.9675,33.9883
2019-06-02 05-47-21,501,23.0026,33.975
2019-06-02 05-47-23,501,23.0164,33.9483
2019-06-02 05-47-25,502,22.9813,33.9483
2019-06-02 05-47-29,502,23.0499,33.9323
2019-06-02 05-47-31,502,23.0133,33.9189
2019-06-02 05-47-33,503,23.0164,33.9323
2019-06-02 05-47-35,502,23.0682,33.9483
2019-06-02 05-47-37,502,23.0667,33.9055
2019-06-02 05-47-39,502,23.0164,33.9323
2019-06-02 05-47-41,502,23.0865,33.9323
2019-06-02 05-47-43,502,23.0484,33.9055
2019-06-02 05-47-47,501,23.0316,33.9323
2019-06-02 05-47-49,501,23.0896,33.9483
2019-06-02 05-47-51,501,23.0362,33.975
2019-06-02 05-47-53,501,23.0392,34.0177
2019-06-02 05-47-55,501,22.879,34.0043
2019-06-02 05-47-57,500,22.9889,34.0311
2019-06-02 05-47-59,500,22.9156,34.0311
2019-06-02 05-48-01,500,22.9385,34.0604
2019-06-02 05-48-05,500,22.9019,34.0738
2019-06-02 05-48-07,501,22.8836,34.0738
2019-06-02 05-48-09,500,22.8485,34.0738
2019-06-02 05-48-11,500,22.8989,34.0311
2019-06-02 05-48-13,500,22.8806,34.0311
2019-06-02 05-48-15,500,22.934,34.0177
2019-06-02 05-48-17,500,22.9858,34.0043
2019-06-02 05-48-21,500,22.9523,34.0043
2019-06-02 05-48-23,500,22.9309,33.975
2019-06-02 05-48-25,500,22.9492,33.9883
2019-06-02 05-48-27,499,23.0042,34.0311
2019-06-02 05-48-29,498,23.0026,34.0043
2019-06-02 05-48-31,498,22.9355,34.0444
2019-06-02 05-48-33,497,22.8806,34.0311
2019-06-02 05-48-35,497,22.9385,34.0604
2019-06-02 05-48-39,497,22.9538,34.0311
2019-06-02 05-48-41,497,22.9156,34.0177
2019-06-02 05-48-43,497,23.0209,33.9883
2019-06-02 05-48-45,497,22.966,33.975
2019-06-02 05-48-47,497,23.0026,33.975
2019-06-02 05-48-49,497,22.9996,33.9616
2019-06-02 05-48-51,498,22.966,33.975
2019-06-02 05-48-55,498,23.0362,33.9883
2019-06-02 05-48-57,498,23.0026,33.9883
2019-06-02 05-48-59,499,23.0026,33.975
2019-06-02 05-49-01,499,23.0347,33.9483
2019-06-02 05-49-03,499,23.0179,33.975
2019-06-02 05-49-05,499,22.9813,33.9483
2019-06-02 05-49-07,499,23.0896,33.9616
2019-06-02 05-49-09,499,23.053,33.9616
2019-06-02 05-49-13,499,23.0682,33.9616
2019-06-02 05-49-15,499,23.053,33.975
2019-06-02 05-49-17,499,23.0682,33.9616
2019-06-02 05-49-19,499,23.0347,33.9483
2019-06-02 05-49-21,499,23.0209,33.9883
2019-06-02 05-49-23,500,23.0179,33.9616
2019-06-02 05-49-25,499,23.053,33.975
2019-06-02 05-49-27,499,23.0499,33.9483
2019-06-02 05-49-31,499,23.0164,33.9483
2019-06-02 05-49-33,499,23.0164,33.9323
2019-06-02 05-49-35,499,23.0682,33.9323
2019-06-02 05-49-37,499,23.0133,33.9189
2019-06-02 05-49-39,499,23.0667,33.9189
2019-06-02 05-49-41,499,23.0682,33.9323
2019-06-02 05-49-43,499,23.0682,33.9616
2019-06-02 05-49-47,498,22.9843,33.9883
2019-06-02 05-49-49,498,23.0026,33.9883
2019-06-02 05-49-51,498,22.9858,34.0043
2019-06-02 05-49-53,497,22.9523,34.0177
2019-06-02 05-49-55,498,23.0026,34.0043
2019-06-02 05-49-57,498,22.9523,34.0177
2019-06-02 05-49-59,498,22.9156,34.0311
2019-06-02 05-50-01,497,22.9538,34.0311
2019-06-02 05-50-05,498,22.9156,34.0444
2019-06-02 05-50-07,498,22.9385,34.0738
2019-06-02 05-50-09,498,22.8989,34.0311
2019-06-02 05-50-11,499,22.879,34.0177
2019-06-02 05-50-13,499,22.8989,34.0444
2019-06-02 05-50-15,499,22.8973,34.0177
2019-06-02 05-50-17,499,22.9156,34.0444
2019-06-02 05-50-21,499,22.9401,34.0871
2019-06-02 05-50-23,499,22.8195,34.1299
2019-06-02 05-50-25,499,22.7661,34.1859
2019-06-02 05-50-27,499,22.8073,34.242
2019-06-02 05-50-29,498,22.7341,34.2287
2019-06-02 05-50-31,498,22.7509,34.2126
2019-06-02 05-50-33,498,22.702,34.242
2019-06-02 05-50-35,498,22.6654,34.2287
2019-06-02 05-50-39,498,22.6639,34.1859
2019-06-02 05-50-41,499,22.7341,34.2126
2019-06-02 05-50-43,499,22.7661,34.1726
2019-06-02 05-50-45,499,22.7829,34.1299
2019-06-02 05-50-47,500,22.8348,34.1165
2019-06-02 05-50-49,500,22.8348,34.1165
2019-06-02 05-50-51,500,22.8302,34.0738
2019-06-02 05-50-53,499,22.9019,34.0738
2019-06-02 05-50-57,499,22.879,34.0177
2019-06-02 05-50-59,499,22.9538,34.0311
2019-06-02 05-51-01,499,22.9385,34.0604
2019-06-02 05-51-03,498,22.8989,34.0311
2019-06-02 05-51-05,498,22.8989,34.0604
2019-06-02 05-51-07,498,22.9568,34.0871
2019-06-02 05-51-09,497,22.8836,34.0604
2019-06-02 05-51-13,498,22.9019,34.0738
2019-06-02 05-51-15,498,22.9568,34.0871
2019-06-02 05-51-17,498,22.8851,34.1005
2019-06-02 05-51-19,498,22.8348,34.1165
2019-06-02 05-51-21,498,22.9034,34.1299
2019-06-02 05-51-23,499,22.8516,34.1165
2019-06-02 05-51-25,499,22.8012,34.1299
2019-06-02 05-51-27,499,22.8348,34.1165
2019-06-02 05-51-31,499,22.8348,34.1165
2019-06-02 05-51-33,499,22.8165,34.1005
2019-06-02 05-51-35,498,22.8348,34.1299
2019-06-02 05-51-37,498,22.8012,34.1299
2019-06-02 05-51-39,498,22.7661,34.1859
2019-06-02 05-51-41,498,22.7509,34.2126
2019-06-02 05-51-43,499,22.7509,34.1993
2019-06-02 05-51-47,500,22.6837,34.242
2019-06-02 05-51-49,499,22.702,34.242
2019-06-02 05-51-51,499,22.6822,34.2126
2019-06-02 05-51-53,500,22.7142,34.1726
2019-06-02 05-51-55,500,22.7646,34.1566
2019-06-02 05-51-57,500,22.7829,34.1165
2019-06-02 05-51-59,500,22.8668,34.0871
2019-06-02 05-52-01,501,22.8516,34.1005
2019-06-02 05-52-05,501,22.7844,34.1432
2019-06-02 05-52-07,500,22.8561,34.1726
2019-06-02 05-52-09,500,22.789,34.2126
2019-06-02 05-52-11,501,22.7371,34.2687
2019-06-02 05-52-13,500,22.7203,34.2847
2019-06-02 05-52-15,500,22.673,34.3435
2019-06-02 05-52-17,500,22.6181,34.3301
2019-06-02 05-52-21,500,22.6562,34.3568
2019-06-02 05-52-23,500,22.6013,34.3568
2019-06-02 05-52-25,501,22.5677,34.3702
2019-06-02 05-52-27,501,22.551,34.3702
2019-06-02 05-52-29,502,22.5494,34.3435
2019-06-02 05-52-31,502,22.5494,34.3435
2019-06-02 05-52-34,503,22.5143,34.3435
2019-06-02 05-52-36,502,22.583,34.3435
2019-06-02 05-52-40,502,22.5784,34.2847
2019-06-02 05-52-42,503,22.6288,34.242
2019-06-02 05-52-44,504,22.6974,34.1859
2019-06-02 05-52-46,504,22.7463,34.1432
2019-06-02 05-52-48,504,22.8012,34.1432
2019-06-02 05-52-50,504,22.7798,34.0738
2019-06-02 05-52-52,503,22.8485,34.0738
2019-06-02 05-52-54,504,22.8973,34.0177
2019-06-02 05-52-58,503,22.9538,34.0604
2019-06-02 05-53-00,502,22.9156,34.0444
2019-06-02 05-53-02,501,22.8989,34.0444
2019-06-02 05-53-04,500,22.9172,34.0604
2019-06-02 05-53-06,500,22.8806,34.0311
2019-06-02 05-53-08,499,22.9172,34.0738
2019-06-02 05-53-10,499,22.8836,34.0604
2019-06-02 05-53-14,499,22.9019,34.0871
2019-06-02 05-53-16,499,22.8333,34.0871
2019-06-02 05-53-18,499,22.8851,34.1005
2019-06-02 05-53-20,499,22.8699,34.1299
2019-06-02 05-53-22,499,22.8714,34.1432
2019-06-02 05-53-24,499,22.7661,34.1859
2019-06-02 05-53-26,498,22.7325,34.1993
2019-06-02 05-53-28,498,22.7524,34.242
2019-06-02 05-53-32,499,22.7371,34.2687
2019-06-02 05-53-34,499,22.6135,34.2687
2019-06-02 05-53-36,499,22.6868,34.2687
2019-06-02 05-53-38,499,22.6318,34.2847
2019-06-02 05-53-40,499,22.6318,34.2687
2019-06-02 05-53-42,500,22.6837,34.242
2019-06-02 05-53-44,500,22.6471,34.2287
2019-06-02 05-53-48,500,22.6273,34.1993
2019-06-02 05-53-50,500,22.7142,34.1859
2019-06-02 05-53-52,500,22.7325,34.1859
2019-06-02 05-53-54,500,22.7478,34.1726
2019-06-02 05-53-56,500,22.7509,34.1859
2019-06-02 05-53-58,500,22.7341,34.2126
2019-06-02 05-54-00,499,22.7158,34.2126
2019-06-02 05-54-02,499,22.7188,34.242
2019-06-02 05-54-06,499,22.6868,34.2687
2019-06-02 05-54-08,499,22.6517,34.2847
2019-06-02 05-54-10,500,22.6517,34.2981
2019-06-02 05-54-12,500,22.6334,34.3301
2019-06-02 05-54-14,500,22.5174,34.3702
2019-06-02 05-54-16,500,22.5174,34.3702
2019-06-02 05-54-18,501,22.5677,34.3702
2019-06-02 05-54-20,500,22.5357,34.3996
2019-06-02 05-54-24,501,22.5037,34.4263
2019-06-02 05-54-26,501,22.4167,34.469
2019-06-02 05-54-28,501,22.4533,34.4984
2019-06-02 05-54-30,501,22.3999,34.5117
2019-06-02 05-54-32,501,22.316,34.5678
2019-06-02 05-54-34,501,22.3526,34.5678
2019-06-02 05-54-36,501,22.3343,34.5811
2019-06-02 05-54-40,502,22.3114,34.5117
2019-06-02 05-54-42,502,22.3267,34.469
2019-06-02 05-54-44,503,22.3816,34.469
2019-06-02 05-54-46,503,22.3587,34.4129
2019-06-02 05-54-48,503,22.4442,34.3862
2019-06-02 05-54-50,503,22.5143,34.3435
2019-06-02 05-54-52,502,22.583,34.3301
2019-06-02 05-54-54,502,22.5632,34.2847
2019-06-02 05-54-58,503,22.6471,34.2287
2019-06-02 05-55-00,503,22.6837,34.2287
2019-06-02 05-55-02,502,22.6837,34.242
2019-06-02 05-55-04,502,22.6654,34.2287
2019-06-02 05-55-06,502,22.6837,34.242
2019-06-02 05-55-08,502,22.702,34.242
2019-06-02 05-55-10,502,22.6685,34.2687
2019-06-02 05-55-14,502,22.6517,34.2981
2019-06-02 05-55-16,502,22.5998,34.3141
2019-06-02 05-55-18,502,22.6334,34.2981
2019-06-02 05-55-20,502,22.6013,34.3435
2019-06-02 05-55-22,501,22.5861,34.3702
2019-06-02 05-55-24,501,22.4625,34.3702
2019-06-02 05-55-26,501,22.5174,34.3702
2019-06-02 05-55-28,501,22.5174,34.3862
2019-06-02 05-55-32,501,22.5357,34.3996
2019-06-02 05-55-34,501,22.522,34.4423
2019-06-02 05-55-36,501,22.467,34.469
2019-06-02 05-55-38,501,22.4121,34.4263
2019-06-02 05-55-40,502,22.4487,34.4263
2019-06-02 05-55-42,501,22.4274,34.3996
2019-06-02 05-55-44,501,22.5037,34.4423
2019-06-02 05-55-48,501,22.3846,34.5117
2019-06-02 05-55-50,501,22.3862,34.5384
2019-06-02 05-55-52,501,22.3495,34.5384
2019-06-02 05-55-54,501,22.2656,34.6105
2019-06-02 05-55-56,501,22.2672,34.6239
2019-06-02 05-55-58,501,22.2855,34.6532
2019-06-02 05-56-00,501,22.2198,34.6799
2019-06-02 05-56-02,502,22.1802,34.6666
2019-06-02 05-56-06,502,22.1603,34.6372
2019-06-02 05-56-08,502,22.2305,34.6105
2019-06-02 05-56-10,503,22.2122,34.5945
2019-06-02 05-56-12,503,22.2626,34.5678
2019-06-02 05-56-14,503,22.2794,34.5384
2019-06-02 05-56-16,502,22.2931,34.4984
2019-06-02 05-56-18,503,22.345,34.469
2019-06-02 05-56-20,503,22.3816,34.4823
2019-06-02 05-56-24,502,22.3633,34.469
2019-06-02 05-56-26,502,22.345,34.4423
2019-06-02 05-56-28,502,22.4304,34.4129
2019-06-02 05-56-30,503,22.4625,34.3996
2019-06-02 05-56-32,502,22.4625,34.3702
2019-06-02 05-56-34,501,22.4777,34.3702
2019-06-02 05-56-36,500,22.5174,34.3862
2019-06-02 05-56-40,500,22.5143,34.3568
2019-06-02 05-56-42,500,22.5311,34.3435
2019-06-02 05-56-44,500,22.583,34.3435
2019-06-02 05-56-46,499,22.5143,34.3568
2019-06-02 05-56-48,499,22.5494,34.3301
2019-06-02 05-56-50,499,22.5311,34.3301
2019-06-02 05-56-52,499,22.5494,34.3301
2019-06-02 05-56-54,499,22.5998,34.3141
2019-06-02 05-56-58,499,22.5647,34.3301
2019-06-02 05-57-00,499,22.5815,34.2981
2019-06-02 05-57-02,499,22.5952,34.2554
2019-06-02 05-57-04,499,22.6318,34.2687
2019-06-02 05-57-06,499,22.6654,34.242
2019-06-02 05-57-08,499,22.6654,34.242
2019-06-02 05-57-10,498,22.6501,34.242
2019-06-02 05-57-12,498,22.702,34.2554
2019-06-02 05-57-16,498,22.6868,34.2687
2019-06-02 05-57-18,497,22.6517,34.2847
2019-06-02 05-57-20,497,22.6364,34.3435
2019-06-02 05-57-22,497,22.5677,34.3702
2019-06-02 05-57-24,497,22.5189,34.4129
2019-06-02 05-57-26,497,22.554,34.4129
2019-06-02 05-57-28,497,22.5037,34.4263
2019-06-02 05-57-32,497,22.522,34.4423
2019-06-02 05-57-34,497,22.4503,34.4823
2019-06-02 05-57-36,497,22.3984,34.4556
2019-06-02 05-57-38,497,22.3816,34.4823
2019-06-02 05-57-40,497,22.4167,34.4823
2019-06-02 05-57-42,497,22.348,34.4823
2019-06-02 05-57-44,498,22.3816,34.469
2019-06-02 05-57-46,498,22.3846,34.5117
2019-06-02 05-57-50,499,22.3679,34.5251
2019-06-02 05-57-52,499,22.2473,34.5811
2019-06-02 05-57-54,498,22.2656,34.6105
2019-06-02 05-57-56,498,22.2519,34.6532
2019-06-02 05-57-58,499,22.1802,34.6666
2019-06-02 05-58-00,499,22.1832,34.7093
2019-06-02 05-58-02,499,22.0978,34.7494
2019-06-02 05-58-06,500,22.1695,34.7814
2019-06-02 05-58-08,499,22.084,34.7948
2019-06-02 05-58-10,499,22.0291,34.7948
2019-06-02 05-58-12,499,22.0322,34.8375
2019-06-02 05-58-14,500,22.0001,34.8642
2019-06-02 05-58-16,500,21.9467,34.8642
2019-06-02 05-58-19,500,21.9498,34.8936
2019-06-02 05-58-21,501,21.9131,34.8802
2019-06-02 05-58-25,501,21.8948,34.9069
2019-06-02 05-58-27,502,21.8765,34.8936
2019-06-02 05-58-29,502,21.8918,34.8642
2019-06-02 05-58-31,502,21.8948,34.8936
2019-06-02 05-58-33,503,21.8765,34.8802
2019-06-02 05-58-35,503,21.8903,34.8508
2019-06-02 05-58-37,503,21.9971,34.8375
2019-06-02 05-58-39,503,21.9238,34.7948
2019-06-02 05-58-43,503,22.0093,34.736
2019-06-02 05-58-45,503,22.0062,34.7093
2019-06-02 05-58-47,503,22.0749,34.6666
2019-06-02 05-58-49,503,22.1619,34.6666
2019-06-02 05-58-51,503,22.1237,34.6105
2019-06-02 05-58-53,503,22.1786,34.6372
2019-06-02 05-58-55,502,22.1619,34.6532
2019-06-02 05-58-59,502,22.1619,34.6666
2019-06-02 05-59-01,502,22.2015,34.6933
2019-06-02 05-59-03,501,22.0963,34.7093
2019-06-02 05-59-05,500,22.0825,34.7814
2019-06-02 05-59-07,500,22.1008,34.7814
2019-06-02 05-59-09,500,22.0459,34.7681
2019-06-02 05-59-11,500,22.0291,34.7948
2019-06-02 05-59-13,500,22.0474,34.8241
2019-06-02 05-59-17,500,22.0001,34.8642
2019-06-02 05-59-19,500,21.965,34.8936
2019-06-02 05-59-21,499,21.8765,34.9069
2019-06-02 05-59-23,500,21.8964,34.9496
2019-06-02 05-59-25,500,21.846,34.9496
2019-06-02 05-59-27,500,21.8811,34.9763
2019-06-02 05-59-29,500,21.759,34.9763
2019-06-02 05-59-31,500,21.8323,35.0057
2019-06-02 05-59-35,500,21.7636,35.0324
2019-06-02 05-59-37,499,21.6721,35.0191
2019-06-02 05-59-39,500,21.7255,35.0191
2019-06-02 05-59-41,501,21.7255,35.0057
2019-06-02 05-59-43,502,21.8094,34.9363
2019-06-02 05-59-45,504,21.7728,34.9069
2019-06-02 05-59-47,503,21.8399,34.8508
2019-06-02 05-59-51,504,21.9269,34.8375
2019-06-02 05-59-53,505,21.9086,34.7948
2019-06-02 05-59-55,506,21.9772,34.8081
2019-06-02 05-59-57,504,21.9955,34.8081
2019-06-02 05-59-59,502,21.9589,34.7948
2019-06-02 06-00-01,501,21.9589,34.7814
2019-06-02 06-00-03,501,22.0459,34.7681
2019-06-02 06-00-05,500,21.9925,34.7681
2019-06-02 06-00-09,500,22.0093,34.7494
2019-06-02 06-00-11,499,22.0428,34.7494
2019-06-02 06-00-13,498,21.9772,34.7814
2019-06-02 06-00-15,498,22.0459,34.7681
2019-06-02 06-00-17,498,22.084,34.7948
2019-06-02 06-00-19,497,22.0139,34.8375
2019-06-02 06-00-21,497,21.9788,34.8375
2019-06-02 06-00-23,498,21.9467,34.8642
2019-06-02 06-00-27,498,21.8918,34.8642
2019-06-02 06-00-29,498,21.9147,34.9203
2019-06-02 06-00-31,498,21.8811,34.9496
2019-06-02 06-00-33,498,21.8277,34.963
2019-06-02 06-00-35,498,21.7773,34.9924
2019-06-02 06-00-37,499,21.7773,34.9924
2019-06-02 06-00-39,499,21.7224,34.9763
2019-06-02 06-00-41,499,21.759,34.9763
2019-06-02 06-00-45,500,21.846,34.963
2019-06-02 06-00-47,501,21.7178,34.9069
2019-06-02 06-00-49,501,21.8414,34.8802
2019-06-02 06-00-51,501,21.8903,34.8508
2019-06-02 06-00-53,501,21.8735,34.8642
2019-06-02 06-00-55,501,21.9284,34.8508
2019-06-02 06-00-57,502,21.8903,34.8508
2019-06-02 06-01-01,501,21.9284,34.8508
2019-06-02 06-01-03,502,21.9101,34.8241
2019-06-02 06-01-05,502,21.8719,34.8241
2019-06-02 06-01-07,502,21.9284,34.8508
2019-06-02 06-01-09,501,21.9101,34.8508
2019-06-02 06-01-11,502,21.9452,34.8508
2019-06-02 06-01-13,502,21.9421,34.8081
2019-06-02 06-01-15,502,21.9925,34.7681
2019-06-02 06-01-19,502,22.0276,34.7681
2019-06-02 06-01-21,502,22.0413,34.7093
2019-06-02 06-01-23,502,22.0932,34.6799
2019-06-02 06-01-25,501,22.0779,34.6799
2019-06-02 06-01-27,501,22.142,34.6239
2019-06-02 06-01-29,500,22.1756,34.6239
2019-06-02 06-01-31,500,22.1603,34.6239
2019-06-02 06-01-33,501,22.229,34.5678
2019-06-02 06-01-37,500,22.2626,34.5544
2019-06-02 06-01-39,499,22.2443,34.5384
2019-06-02 06-01-41,499,22.2763,34.5251
2019-06-02 06-01-43,498,22.3862,34.5384
2019-06-02 06-01-45,498,22.348,34.4823
2019-06-02 06-01-47,498,22.3114,34.4984
2019-06-02 06-01-49,498,22.348,34.4823
2019-06-02 06-01-51,497,22.3297,34.5117
2019-06-02 06-01-55,497,22.3663,34.5117
2019-06-02 06-01-57,498,22.2931,34.4984
2019-06-02 06-01-59,498,22.3816,34.4823
2019-06-02 06-02-01,498,22.3816,34.4823
2019-06-02 06-02-03,498,22.348,34.4984
2019-06-02 06-02-05,498,22.3083,34.469
2019-06-02 06-02-07,498,22.345,34.4556
2019-06-02 06-02-11,498,22.3618,34.4263
2019-06-02 06-02-13,497,22.4319,34.4423
2019-06-02 06-02-15,497,22.377,34.4263
2019-06-02 06-02-17,497,22.4121,34.3996
2019-06-02 06-02-19,497,22.4319,34.4423
2019-06-02 06-02-21,496,22.4136,34.4423
2019-06-02 06-02-23,497,22.435,34.4823
2019-06-02 06-02-25,497,22.4319,34.469
2019-06-02 06-02-29,498,22.4182,34.5117
2019-06-02 06-02-31,498,22.3526,34.5678
2019-06-02 06-02-33,498,22.2977,34.5544
2019-06-02 06-02-35,499,22.3312,34.5544
2019-06-02 06-02-37,499,22.2809,34.5811
2019-06-02 06-02-39,499,22.2992,34.5945
2019-06-02 06-02-41,499,22.2305,34.5945
2019-06-02 06-02-45,499,22.197,34.6239
2019-06-02 06-02-47,499,22.1985,34.6532
2019-06-02 06-02-49,499,22.1985,34.6372
2019-06-02 06-02-51,499,22.2015,34.6799
2019-06-02 06-02-53,500,22.1619,34.6666
2019-06-02 06-02-55,501,22.1619,34.6532
2019-06-02 06-02-57,501,22.11,34.6666
2019-06-02 06-02-59,502,22.1466,34.6933
2019-06-02 06-03-03,502,22.1481,34.7093
2019-06-02 06-03-05,502,22.1664,34.7227
2019-06-02 06-03-07,502,22.0596,34.6666
2019-06-02 06-03-09,503,22.1832,34.7093
2019-06-02 06-03-11,503,22.1283,34.6799
2019-06-02 06-03-13,504,22.1298,34.7093
2019-06-02 06-03-15,505,22.11,34.6666
2019-06-02 06-03-19,504,22.1466,34.6666
2019-06-02 06-03-21,504,22.1466,34.6799
2019-06-02 06-03-23,504,22.1649,34.6799
2019-06-02 06-03-25,503,22.1115,34.6933
2019-06-02 06-03-27,504,22.1466,34.6799
2019-06-02 06-03-29,504,22.1283,34.6799
2019-06-02 06-03-31,503,22.1802,34.6799
2019-06-02 06-03-33,503,22.1466,34.6799
2019-06-02 06-03-37,504,22.1649,34.6933
2019-06-02 06-03-39,504,22.0932,34.6666
2019-06-02 06-03-42,503,22.1481,34.7093
2019-06-02 06-03-44,503,22.1146,34.7227
2019-06-02 06-03-46,503,22.0978,34.7494
2019-06-02 06-03-48,504,22.0825,34.7494
2019-06-02 06-03-50,504,22.0825,34.7814
2019-06-02 06-03-54,503,22.0459,34.7681
2019-06-02 06-03-56,503,22.0657,34.7814
2019-06-02 06-03-58,504,22.0657,34.7948
2019-06-02 06-04-00,504,22.0291,34.7948
2019-06-02 06-04-02,504,21.9925,34.7814
2019-06-02 06-04-04,504,21.9406,34.7681
2019-06-02 06-04-06,504,21.9604,34.8081
2019-06-02 06-04-08,504,22.0139,34.8081
2019-06-02 06-04-12,504,22.0276,34.7814
2019-06-02 06-04-14,504,21.9772,34.7814
2019-06-02 06-04-16,503,22.0108,34.7814
2019-06-02 06-04-18,504,22.0657,34.7814
2019-06-02 06-04-20,504,22.0108,34.7814
2019-06-02 06-04-22,504,21.9955,34.7948
2019-06-02 06-04-24,504,22.0291,34.7948
2019-06-02 06-04-26,504,21.9925,34.7814
2019-06-02 06-04-30,504,21.9925,34.7681
2019-06-02 06-04-32,503,22.0093,34.7681
2019-06-02 06-04-34,503,22.0428,34.736
2019-06-02 06-04-36,504,22.0413,34.7093
2019-06-02 06-04-38,504,22.0795,34.7227
2019-06-02 06-04-40,504,22.0779,34.6799
2019-06-02 06-04-42,504,22.0932,34.6666
2019-06-02 06-04-46,503,22.0963,34.6933
2019-06-02 06-04-48,503,22.1283,34.6666
2019-06-02 06-04-50,503,22.0932,34.6666
2019-06-02 06-04-52,503,22.0932,34.6799
2019-06-02 06-04-54,503,22.1283,34.6799
2019-06-02 06-04-56,503,22.0779,34.6933
2019-06-02 06-04-58,503,22.1298,34.7093
2019-06-02 06-05-00,503,22.0963,34.7227
2019-06-02 06-05-04,502,22.0795,34.7227
2019-06-02 06-05-06,502,22.0795,34.7227
2019-06-02 06-05-08,502,22.1146,34.7227
2019-06-02 06-05-10,502,22.1146,34.7227
2019-06-02 06-05-12,501,22.1146,34.7227
2019-06-02 06-05-14,501,22.0978,34.736
2019-06-02 06-05-16,501,22.0093,34.7494
2019-06-02 06-05-20,501,22.0825,34.7494
2019-06-02 06-05-22,501,22.0642,34.7494
2019-06-02 06-05-24,501,22.0245,34.736
2019-06-02 06-05-26,502,21.9727,34.7227
2019-06-02 06-05-28,502,22.0795,34.7227
2019-06-02 06-05-30,502,22.0383,34.6799
2019-06-02 06-05-32,502,22.0596,34.6933
2019-06-02 06-05-34,502,22.1802,34.6799
2019-06-02 06-05-38,502,22.0932,34.6799
2019-06-02 06-05-40,502,22.0749,34.6532
2019-06-02 06-05-42,501,22.1283,34.6799
2019-06-02 06-05-44,501,22.1283,34.6799
2019-06-02 06-05-46,502,22.1115,34.6799
2019-06-02 06-05-48,501,22.1283,34.6666
2019-06-02 06-05-50,502,22.11,34.6666
2019-06-02 06-05-54,502,22.1283,34.6666
2019-06-02 06-05-56,502,22.2519,34.6372
2019-06-02 06-05-58,501,22.1985,34.6372
2019-06-02 06-06-00,502,22.197,34.6105
2019-06-02 06-06-02,502,22.2809,34.5811
2019-06-02 06-06-04,502,22.2626,34.5811
2019-06-02 06-06-06,502,22.261,34.5251
2019-06-02 06-06-08,502,22.258,34.4984
2019-06-02 06-06-12,502,22.3129,34.5251
2019-06-02 06-06-14,502,22.3297,34.5117
2019-06-02 06-06-16,502,22.3663,34.4984
2019-06-02 06-06-18,502,22.2931,34.4984
2019-06-02 06-06-20,502,22.3267,34.469
2019-06-02 06-06-22,502,22.348,34.4823
2019-06-02 06-06-24,502,22.3801,34.4556
2019-06-02 06-06-28,501,22.3633,34.4556
2019-06-02 06-06-30,501,22.3633,34.4823
2019-06-02 06-06-32,501,22.3999,34.4823
2019-06-02 06-06-34,502,22.3801,34.4556
2019-06-02 06-06-36,502,22.345,34.469
2019-06-02 06-06-38,501,22.3816,34.4823
2019-06-02 06-06-40,501,22.3816,34.4823
2019-06-02 06-06-42,501,22.348,34.4984
2019-06-02 06-06-46,501,22.3679,34.5251
2019-06-02 06-06-48,502,22.3297,34.5117
2019-06-02 06-06-50,501,22.3267,34.4984
2019-06-02 06-06-52,501,22.3495,34.5117
2019-06-02 06-06-54,502,22.3862,34.5384
2019-06-02 06-06-56,502,22.261,34.5384
2019-06-02 06-06-58,501,22.2809,34.5811
2019-06-02 06-07-00,502,22.2305,34.6239
2019-06-02 06-07-04,502,22.2672,34.6372
2019-06-02 06-07-06,501,22.2153,34.6372
2019-06-02 06-07-08,502,22.1985,34.6372
2019-06-02 06-07-10,502,22.2336,34.6372
2019-06-02 06-07-12,502,22.1436,34.6372
2019-06-02 06-07-14,502,22.1436,34.6372
2019-06-02 06-07-16,502,22.1649,34.6933
2019-06-02 06-07-20,502,22.1481,34.7093
2019-06-02 06-07-22,502,22.0978,34.736
2019-06-02 06-07-24,502,22.0413,34.7227
2019-06-02 06-07-26,502,22.0657,34.7948
2019-06-02 06-07-28,502,21.9955,34.8081
2019-06-02 06-07-30,503,22.0322,34.8241
2019-06-02 06-07-32,503,21.9452,34.8508
2019-06-02 06-07-34,503,21.9635,34.8508
2019-06-02 06-07-38,504,21.9452,34.8508
2019-06-02 06-07-40,504,21.9452,34.8375
2019-06-02 06-07-42,504,21.9955,34.8081
2019-06-02 06-07-44,504,21.9971,34.8241
2019-06-02 06-07-46,504,22.0108,34.7814
2019-06-02 06-07-48,504,21.9925,34.7681
2019-06-02 06-07-50,504,21.9772,34.7814
2019-06-02 06-07-54,504,21.9772,34.7948
2019-06-02 06-07-56,503,21.9955,34.7948
2019-06-02 06-07-58,503,21.9955,34.8081
2019-06-02 06-08-00,504,21.9788,34.8241
2019-06-02 06-08-02,504,22.0291,34.8081
2019-06-02 06-08-04,503,21.9604,34.8241
2019-06-02 06-08-06,503,21.9635,34.8375
2019-06-02 06-08-08,503,21.9284,34.8508
2019-06-02 06-08-12,503,21.8918,34.8802
2019-06-02 06-08-14,503,21.933,34.9203
2019-06-02 06-08-16,503,21.8628,34.9496
2019-06-02 06-08-18,503,21.8277,34.9496
2019-06-02 06-08-20,503,21.8277,34.9363
2019-06-02 06-08-22,503,21.8277,34.9363
2019-06-02 06-08-24,503,21.8994,34.963
2019-06-02 06-08-26,503,21.846,34.9496
2019-06-02 06-08-30,503,21.8094,34.9496
2019-06-02 06-08-32,503,21.8094,34.9496
2019-06-02 06-08-34,504,21.8781,34.9363
2019-06-02 06-08-36,503,21.8277,34.9363
2019-06-02 06-08-38,503,21.8445,34.9363
2019-06-02 06-08-40,504,21.846,34.9496
2019-06-02 06-08-42,504,21.8597,34.9203
2019-06-02 06-08-46,503,21.8262,34.9203
2019-06-02 06-08-48,503,21.9131,34.8802
2019-06-02 06-08-50,504,21.9635,34.8642
2019-06-02 06-08-52,504,21.9284,34.8508
2019-06-02 06-08-54,504,21.9772,34.8081
2019-06-02 06-08-56,503,21.9421,34.7948
2019-06-02 06-08-58,503,21.9925,34.7814
2019-06-02 06-09-00,503,22.1008,34.7814
2019-06-02 06-09-04,503,21.9772,34.7948
2019-06-02 06-09-06,503,21.9772,34.7948
2019-06-02 06-09-08,503,21.9788,34.8375
2019-06-02 06-09-10,502,21.965,34.8802
2019-06-02 06-09-12,502,21.965,34.8802
2019-06-02 06-09-14,502,21.8597,34.9203
2019-06-02 06-09-16,502,21.846,34.963
2019-06-02 06-09-20,502,21.8307,34.9763
2019-06-02 06-09-22,502,21.7987,35.0191
2019-06-02 06-09-24,502,21.7621,35.0057
2019-06-02 06-09-26,503,21.7255,35.0191
2019-06-02 06-09-28,503,21.7255,35.0191
2019-06-02 06-09-30,503,21.7407,34.9924
2019-06-02 06-09-33,504,21.7621,34.9924
2019-06-02 06-09-35,504,21.7941,34.963
2019-06-02 06-09-39,504,21.8277,34.963
2019-06-02 06-09-41,504,21.8262,34.9203
2019-06-02 06-09-43,503,21.8948,34.9069
2019-06-02 06-09-45,503,21.8765,34.9069
2019-06-02 06-09-47,503,21.9315,34.9069
2019-06-02 06-09-49,503,21.8765,34.8936
2019-06-02 06-09-51,503,21.9147,34.8936
2019-06-02 06-09-53,504,21.9315,34.8936
2019-06-02 06-09-57,504,21.8582,34.8936
2019-06-02 06-09-59,504,21.8582,34.8936
2019-06-02 06-10-01,504,21.9315,34.8936
2019-06-02 06-10-03,504,21.9315,34.9069
2019-06-02 06-10-05,504,21.9147,34.8936
2019-06-02 06-10-07,504,21.9467,34.8802
2019-06-02 06-10-09,504,21.8765,34.8936
2019-06-02 06-10-13,504,21.8582,34.8802
2019-06-02 06-10-15,504,21.8918,34.8642
2019-06-02 06-10-17,504,21.8903,34.8508
2019-06-02 06-10-19,504,21.9101,34.8508
2019-06-02 06-10-21,504,21.9101,34.8375
2019-06-02 06-10-23,504,21.9788,34.8375
2019-06-02 06-10-25,504,21.9284,34.8642
2019-06-02 06-10-27,504,21.9467,34.8642
2019-06-02 06-10-31,504,21.9284,34.8642
2019-06-02 06-10-33,504,21.9284,34.8642
2019-06-02 06-10-35,504,21.8918,34.8642
2019-06-02 06-10-37,505,21.9635,34.8508
2019-06-02 06-10-39,505,21.9269,34.8375
2019-06-02 06-10-41,505,22.0139,34.8375
2019-06-02 06-10-43,505,21.9635,34.8508
2019-06-02 06-10-47,505,21.9467,34.8802
2019-06-02 06-10-49,504,21.8948,34.8936
2019-06-02 06-10-51,504,21.9681,34.9203
2019-06-02 06-10-53,504,21.8964,34.9363
2019-06-02 06-10-55,504,21.846,34.963
2019-06-02 06-10-57,504,21.7804,35.0057
2019-06-02 06-10-59,505,21.7804,35.0057
2019-06-02 06-11-01,505,21.7621,35.0057
2019-06-02 06-11-05,505,21.7621,34.9924
2019-06-02 06-11-07,505,21.7407,34.9924
2019-06-02 06-11-09,506,21.7941,34.9496
2019-06-02 06-11-11,506,21.7773,34.963
2019-06-02 06-11-13,506,21.8597,34.9203
2019-06-02 06-11-15,506,21.846,34.9496
2019-06-02 06-11-17,505,21.7941,34.963
2019-06-02 06-11-19,505,21.8445,34.9363
2019-06-02 06-11-23,505,21.8597,34.9203
2019-06-02 06-11-25,506,21.8079,34.8936
2019-06-02 06-11-27,506,21.8918,34.8642
2019-06-02 06-11-29,506,21.9147,34.8936
2019-06-02 06-11-31,506,21.8735,34.8642
2019-06-02 06-11-33,506,21.8948,34.8936
2019-06-02 06-11-35,506,21.8964,34.9363
2019-06-02 06-11-39,506,21.8094,34.9496
2019-06-02 06-11-41,506,21.8628,34.9363
2019-06-02 06-11-43,506,21.7911,34.9203
2019-06-02 06-11-45,506,21.8597,34.9203
2019-06-02 06-11-47,506,21.8262,34.9069
2019-06-02 06-11-49,506,21.8781,34.9203
2019-06-02 06-11-51,506,21.8918,34.8642
2019-06-02 06-11-53,505,21.9498,34.9069
2019-06-02 06-11-57,505,21.8948,34.9069
2019-06-02 06-11-59,505,21.8277,34.9496
2019-06-02 06-12-01,505,21.846,34.9763
2019-06-02 06-12-03,504,21.814,34.9924
2019-06-02 06-12-05,503,21.7957,34.9924
2019-06-02 06-12-07,504,21.7621,34.9924
2019-06-02 06-12-09,505,21.7773,34.963
2019-06-02 06-12-13,504,21.8124,34.9763
2019-06-02 06-12-15,504,21.7941,34.9496
2019-06-02 06-12-17,504,21.8307,34.9763
2019-06-02 06-12-19,504,21.759,34.9763
2019-06-02 06-12-21,504,21.7941,34.963
2019-06-02 06-12-23,504,21.8445,34.9203
2019-06-02 06-12-25,504,21.8445,34.9363
2019-06-02 06-12-27,504,21.8628,34.9363
2019-06-02 06-12-31,505,21.8277,34.9363
2019-06-02 06-12-33,504,21.8079,34.9069
2019-06-02 06-12-35,503,21.8765,34.8936
2019-06-02 06-12-37,504,21.8262,34.9069
2019-06-02 06-12-39,503,21.8781,34.9203
2019-06-02 06-12-41,503,21.8628,34.9363
2019-06-02 06-12-43,502,21.8628,34.9496
2019-06-02 06-12-45,502,21.8124,34.9763
2019-06-02 06-12-49,502,21.7209,34.963
2019-06-02 06-12-51,502,21.7941,34.963
2019-06-02 06-12-53,502,21.7957,34.9763
2019-06-02 06-12-55,502,21.7224,34.9763
2019-06-02 06-12-57,503,21.8277,34.963
2019-06-02 06-12-59,503,21.8124,34.9763
2019-06-02 06-13-01,504,21.846,34.9763
2019-06-02 06-13-05,503,21.8307,34.9763
2019-06-02 06-13-07,503,21.7957,34.9924
2019-06-02 06-13-09,503,21.7987,35.0191
2019-06-02 06-13-11,503,21.7804,35.0057
2019-06-02 06-13-13,503,21.7072,35.0191
2019-06-02 06-13-15,503,21.759,34.9763
2019-06-02 06-13-17,503,21.7392,34.963
2019-06-02 06-13-19,503,21.7911,34.9363
2019-06-02 06-13-23,503,21.8414,34.8936
2019-06-02 06-13-25,504,21.8582,34.8936
2019-06-02 06-13-27,504,21.8765,34.8802
2019-06-02 06-13-29,503,21.9284,34.8642
2019-06-02 06-13-31,503,21.9315,34.8936
2019-06-02 06-13-33,502,21.8948,34.9069
2019-06-02 06-13-35,501,21.933,34.9203
2019-06-02 06-13-37,501,21.8994,34.963
2019-06-02 06-13-41,500,21.8826,34.9924
2019-06-02 06-13-43,500,21.814,35.0191
2019-06-02 06-13-45,500,21.8002,35.0751
2019-06-02 06-13-47,500,21.7453,35.0618
2019-06-02 06-13-49,500,21.6583,35.0751
2019-06-02 06-13-51,501,21.6583,35.0751
2019-06-02 06-13-53,501,21.7117,35.0618
2019-06-02 06-13-57,501,21.6751,35.0324
2019-06-02 06-13-59,502,21.6904,35.0191
2019-06-02 06-14-01,503,21.6751,35.0324
2019-06-02 06-14-03,502,21.7072,35.0191
2019-06-02 06-14-05,501,21.6766,35.0618
2019-06-02 06-14-07,501,21.7117,35.0751
2019-06-02 06-14-09,502,21.6934,35.0618
2019-06-02 06-14-11,503,21.6949,35.0751
2019-06-02 06-14-15,504,21.6934,35.0618
2019-06-02 06-14-17,504,21.7453,35.0618
2019-06-02 06-14-19,504,21.7087,35.0324
2019-06-02 06-14-21,505,21.7407,35.0057
2019-06-02 06-14-23,505,21.7224,34.9924
2019-06-02 06-14-25,505,21.7957,34.9763
2019-06-02 06-14-27,505,21.8262,34.9069
2019-06-02 06-14-29,506,21.8735,34.8642
2019-06-02 06-14-33,506,21.9101,34.8375
2019-06-02 06-14-35,506,21.9452,34.8241
2019-06-02 06-14-37,505,21.9635,34.8375
2019-06-02 06-14-39,506,21.9788,34.8375
2019-06-02 06-14-41,505,21.9788,34.8241
2019-06-02 06-14-43,504,21.9452,34.8241
2019-06-02 06-14-45,504,21.9635,34.8375
2019-06-02 06-14-49,503,21.9147,34.8936
2019-06-02 06-14-51,502,21.9147,34.9069
2019-06-02 06-14-53,501,21.933,34.9203
2019-06-02 06-14-55,501,21.8948,34.9203
2019-06-02 06-14-57,502,21.8781,34.9363
2019-06-02 06-14-59,503,21.8781,34.9363
2019-06-02 06-15-01,502,21.8445,34.9203
2019-06-02 06-15-03,503,21.8781,34.9363
2019-06-02 06-15-07,503,21.8277,34.9363
2019-06-02 06-15-09,503,21.8445,34.9363
2019-06-02 06-15-11,503,21.8628,34.963
2019-06-02 06-15-13,503,21.8277,34.9363
2019-06-02 06-15-16,503,21.8765,34.9069
2019-06-02 06-15-18,503,21.846,34.9496
2019-06-02 06-15-20,504,21.846,34.963
2019-06-02 06-15-24,504,21.8643,34.9924
2019-06-02 06-15-26,503,21.7804,35.0191
2019-06-02 06-15-28,503,21.7819,35.0324
2019-06-02 06-15-30,503,21.73,35.0751
2019-06-02 06-15-32,503,21.6949,35.1045
2019-06-02 06-15-34,503,21.698,35.1312
2019-06-02 06-15-36,504,21.6492,35.174
2019-06-02 06-15-38,503,21.5607,35.2033
2019-06-02 06-15-42,503,21.5607,35.1873
2019-06-02 06-15-44,504,21.5576,35.174
2019-06-02 06-15-46,505,21.5759,35.174
2019-06-02 06-15-48,505,21.5607,35.1873
2019-06-02 06-15-50,504,21.5439,35.2167
2019-06-02 06-15-52,504,21.5256,35.2167
2019-06-02 06-15-54,504,21.5118,35.2754
2019-06-02 06-15-58,504,21.4935,35.2621
2019-06-02 06-16-00,504,21.4783,35.2754
2019-06-02 06-16-02,504,21.4554,35.246
2019-06-02 06-16-04,505,21.492,35.2167
2019-06-02 06-16-06,505,21.5607,35.2033
2019-06-02 06-16-08,506,21.5424,35.174
2019-06-02 06-16-10,506,21.5424,35.174
2019-06-02 06-16-12,506,21.5744,35.1472
2019-06-02 06-16-16,505,21.6476,35.1472
2019-06-02 06-16-18,504,21.5897,35.1179
2019-06-02 06-16-20,504,21.6263,35.0912
2019-06-02 06-16-22,504,21.6064,35.0912
2019-06-02 06-16-24,504,21.7453,35.0751
2019-06-02 06-16-26,503,21.6766,35.0751
2019-06-02 06-16-28,502,21.6934,35.0484
2019-06-02 06-16-30,501,21.7087,35.0484
2019-06-02 06-16-34,500,21.7087,35.0324
2019-06-02 06-16-36,499,21.6721,35.0057
2019-06-02 06-16-38,499,21.7636,35.0484
2019-06-02 06-16-40,497,21.7667,35.0751
2019-06-02 06-16-42,498,21.6934,35.0484
2019-06-02 06-16-44,498,21.7087,35.0484
2019-06-02 06-16-46,497,21.727,35.0618
2019-06-02 06-16-50,496,21.7438,35.0191
2019-06-02 06-16-52,497,21.814,34.9924
2019-06-02 06-16-54,497,21.814,35.0057
2019-06-02 06-16-56,498,21.8124,34.9763
2019-06-02 06-16-58,498,21.7987,35.0191
2019-06-02 06-17-00,498,21.7804,35.0191
2019-06-02 06-17-02,498,21.7621,35.0057
2019-06-02 06-17-04,497,21.7804,35.0057
2019-06-02 06-17-08,496,21.7438,35.0324
2019-06-02 06-17-10,497,21.7255,35.0324
2019-06-02 06-17-12,498,21.7438,35.0324
2019-06-02 06-17-14,498,21.6751,35.0324
2019-06-02 06-17-16,496,21.7087,35.0324
2019-06-02 06-17-18,497,21.7072,35.0191
2019-06-02 06-17-20,497,21.7255,35.0057
2019-06-02 06-17-24,498,21.7407,34.9924
2019-06-02 06-17-26,498,21.7072,35.0191
2019-06-02 06-17-28,498,21.7072,35.0191
2019-06-02 06-17-30,497,21.7636,35.0191
2019-06-02 06-17-32,497,21.7255,35.0324
2019-06-02 06-17-34,497,21.7117,35.0751
2019-06-02 06-17-36,497,21.6217,35.0484
2019-06-02 06-17-38,498,21.6721,35.0191
2019-06-02 06-17-42,498,21.759,34.963
2019-06-02 06-17-44,499,21.8277,34.9496
2019-06-02 06-17-46,500,21.7911,34.9363
2019-06-02 06-17-48,500,21.8414,34.8936
2019-06-02 06-17-50,500,21.8399,34.8642
2019-06-02 06-17-52,499,21.9147,34.8936
2019-06-02 06-17-54,500,21.8735,34.8642
2019-06-02 06-17-58,500,21.8552,34.8508
2019-06-02 06-18-00,500,21.9452,34.8241
2019-06-02 06-18-02,500,21.9284,34.8642
2019-06-02 06-18-04,500,21.9452,34.8508
2019-06-02 06-18-06,500,21.9635,34.8642
2019-06-02 06-18-08,500,21.8735,34.8642
2019-06-02 06-18-10,500,21.9467,34.8642
2019-06-02 06-18-12,499,21.8597,34.9069
2019-06-02 06-18-16,498,21.8964,34.9363
2019-06-02 06-18-18,498,21.8277,34.9363
2019-06-02 06-18-20,499,21.8445,34.9363
2019-06-02 06-18-22,499,21.8781,34.9203
2019-06-02 06-18-24,499,21.8628,34.9496
2019-06-02 06-18-26,498,21.8628,34.9363
2019-06-02 06-18-28,498,21.846,34.9496
2019-06-02 06-18-30,498,21.7911,34.9363
2019-06-02 06-18-34,498,21.8277,34.9496
2019-06-02 06-18-36,497,21.8964,34.9363
2019-06-02 06-18-38,498,21.8765,34.9069
2019-06-02 06-18-40,498,21.8414,34.9069
2019-06-02 06-18-42,498,21.8582,34.8802
2019-06-02 06-18-44,498,21.9131,34.8642
2019-06-02 06-18-46,499,21.8918,34.8802
2019-06-02 06-18-50,499,21.8918,34.8802
2019-06-02 06-18-52,498,21.8735,34.8642
2019-06-02 06-18-54,498,21.9131,34.8802
2019-06-02 06-18-56,498,21.8399,34.8642
2019-06-02 06-18-58,499,21.9131,34.8802
2019-06-02 06-19-00,499,21.8903,34.8375
2019-06-02 06-19-02,499,21.8735,34.8508
2019-06-02 06-19-04,499,21.9147,34.8936
2019-06-02 06-19-08,498,21.8445,34.9363
2019-06-02 06-19-10,499,21.846,34.9496
2019-06-02 06-19-12,499,21.8597,34.9203
2019-06-02 06-19-14,500,21.8781,34.9363
2019-06-02 06-19-16,500,21.8094,34.9363
2019-06-02 06-19-18,499,21.8094,34.9496
2019-06-02 06-19-20,499,21.8628,34.9496
2019-06-02 06-19-24,500,21.8094,34.9363
2019-06-02 06-19-26,500,21.7941,34.9496
2019-06-02 06-19-28,499,21.8277,34.963
2019-06-02 06-19-30,499,21.7773,34.9924
2019-06-02 06-19-32,498,21.7773,34.9763
2019-06-02 06-19-34,499,21.7957,34.9924
2019-06-02 06-19-36,501,21.759,34.9496
2019-06-02 06-19-38,501,21.7957,34.9924
2019-06-02 06-19-42,501,21.7911,34.9363
2019-06-02 06-19-44,502,21.8124,34.963
2019-06-02 06-19-46,503,21.7911,34.9363
2019-06-02 06-19-48,503,21.8124,34.963
2019-06-02 06-19-50,503,21.814,34.9924
2019-06-02 06-19-52,502,21.7621,34.9924
2019-06-02 06-19-54,501,21.7636,35.0324
2019-06-02 06-19-58,502,21.7819,35.0324
2019-06-02 06-20-00,503,21.7072,35.0191
2019-06-02 06-20-02,503,21.7407,35.0057
2019-06-02 06-20-04,503,21.7438,35.0191
2019-06-02 06-20-06,502,21.7804,35.0191
2019-06-02 06-20-08,503,21.6904,35.0191
2019-06-02 06-20-10,504,21.7407,35.0057
2019-06-02 06-20-12,503,21.7636,35.0324
2019-06-02 06-20-16,503,21.7636,35.0324
2019-06-02 06-20-18,504,21.727,35.0484
2019-06-02 06-20-20,504,21.727,35.0484
2019-06-02 06-20-22,503,21.7255,35.0324
2019-06-02 06-20-24,504,21.6751,35.0324
2019-06-02 06-20-26,504,21.7407,34.9924
2019-06-02 06-20-28,505,21.7621,34.9924
2019-06-02 06-20-32,504,21.7758,34.9363
2019-06-02 06-20-34,505,21.8079,34.9203
2019-06-02 06-20-36,505,21.846,34.9496
2019-06-02 06-20-38,504,21.8445,34.9203
2019-06-02 06-20-40,502,21.7773,34.963
2019-06-02 06-20-42,501,21.7392,34.963
2019-06-02 06-20-44,499,21.8094,34.9496
2019-06-02 06-20-46,506,21.7773,34.9763
2019-06-02 06-20-50,501,21.7773,34.9763
2019-06-02 06-20-52,507,21.7621,34.9924
2019-06-02 06-20-54,499,21.7957,34.9763
2019-06-02 06-20-56,498,21.7773,34.963
2019-06-02 06-20-59,494,21.7773,34.9763
2019-06-02 06-21-01,493,21.7957,34.9924
2019-06-02 06-21-03,496,21.7407,35.0057
2019-06-02 06-21-05,496,21.7957,35.0057
2019-06-02 06-21-09,496,21.7957,34.9924
2019-06-02 06-21-11,497,21.7621,35.0057
2019-06-02 06-21-13,497,21.759,34.9763
2019-06-02 06-21-15,498,21.7224,34.9763
2019-06-02 06-21-17,498,21.759,34.9763
2019-06-02 06-21-19,497,21.7621,34.9924
2019-06-02 06-21-21,495,21.7621,35.0057
2019-06-02 06-21-25,494,21.7255,35.0057
2019-06-02 06-21-27,495,21.7636,35.0484
2019-06-02 06-21-29,498,21.7117,35.0751
2019-06-02 06-21-31,500,21.7133,35.1179
2019-06-02 06-21-33,499,21.5927,35.1472
2019-06-02 06-21-35,499,21.5576,35.174
2019-06-02 06-21-37,501,21.5607,35.2033
2019-06-02 06-21-39,502,21.5118,35.2621
2019-06-02 06-21-43,502,21.4966,35.2754
2019-06-02 06-21-45,502,21.4233,35.2888
2019-06-02 06-21-47,501,21.4249,35.3182
2019-06-02 06-21-49,502,21.4249,35.3021
2019-06-02 06-21-51,502,21.373,35.2888
2019-06-02 06-21-53,503,21.4066,35.2888
2019-06-02 06-21-55,504,21.4417,35.2754
2019-06-02 06-21-59,505,21.4233,35.2754
2019-06-02 06-22-01,506,21.4203,35.246
2019-06-02 06-22-03,508,21.4371,35.2327
2019-06-02 06-22-05,508,21.4371,35.2327
2019-06-02 06-22-07,508,21.4371,35.2167
2019-06-02 06-22-09,508,21.492,35.2033
2019-06-02 06-22-11,508,21.489,35.1873
2019-06-02 06-22-13,507,21.4874,35.1472
2019-06-02 06-22-17,507,21.4706,35.174
2019-06-02 06-22-19,507,21.5256,35.1873
2019-06-02 06-22-21,506,21.4737,35.2033
2019-06-02 06-22-23,506,21.579,35.2033
2019-06-02 06-22-25,506,21.489,35.1873
2019-06-02 06-22-27,506,21.5256,35.2033
2019-06-02 06-22-29,505,21.434,35.1873
2019-06-02 06-22-31,505,21.5439,35.2167
2019-06-02 06-22-35,504,21.492,35.2167
2019-06-02 06-22-37,504,21.4554,35.2327
2019-06-02 06-22-39,504,21.4966,35.2888
2019-06-02 06-22-41,504,21.4386,35.2621
2019-06-02 06-22-43,504,21.5118,35.246
2019-06-02 06-22-45,505,21.492,35.2167
2019-06-02 06-22-47,506,21.492,35.2033
2019-06-02 06-22-51,505,21.5576,35.174
2019-06-02 06-22-53,505,21.5393,35.1472
2019-06-02 06-22-55,505,21.5897,35.1045
2019-06-02 06-22-57,505,21.553,35.1045
2019-06-02 06-22-59,506,21.6431,35.0751
2019-06-02 06-23-01,506,21.6583,35.0484
2019-06-02 06-23-03,506,21.6385,35.0191
2019-06-02 06-23-05,506,21.7087,35.0484
2019-06-02 06-23-09,506,21.6583,35.0618
2019-06-02 06-23-11,506,21.6446,35.1179
2019-06-02 06-23-13,506,21.6293,35.1312
2019-06-02 06-23-15,505,21.5759,35.1606
2019-06-02 06-23-17,504,21.5897,35.1312
2019-06-02 06-23-19,504,21.6263,35.1179
2019-06-02 06-23-21,505,21.5881,35.0912
2019-06-02 06-23-25,504,21.5881,35.0751
2019-06-02 06-23-27,504,21.6064,35.1045
2019-06-02 06-23-29,504,21.64,35.0618
2019-06-02 06-23-31,504,21.6583,35.0484
2019-06-02 06-23-33,504,21.7117,35.0751
2019-06-02 06-23-35,503,21.73,35.0751
2019-06-02 06-23-37,503,21.6614,35.1045
2019-06-02 06-23-39,503,21.6614,35.0912
2019-06-02 06-23-43,503,21.6263,35.1045
2019-06-02 06-23-45,503,21.6064,35.1045
2019-06-02 06-23-47,503,21.6263,35.0912
2019-06-02 06-23-49,502,21.6064,35.1179
2019-06-02 06-23-51,502,21.6263,35.1179
2019-06-02 06-23-53,502,21.6446,35.1179
2019-06-02 06-23-55,503,21.5897,35.1179
2019-06-02 06-23-59,503,21.6064,35.1045
2019-06-02 06-24-01,503,21.6064,35.1179
2019-06-02 06-24-03,503,21.5927,35.1472
2019-06-02 06-24-05,502,21.5759,35.174
2019-06-02 06-24-07,502,21.611,35.1873
2019-06-02 06-24-09,503,21.5759,35.174
2019-06-02 06-24-11,502,21.5439,35.2033
2019-06-02 06-24-13,502,21.4554,35.246
2019-06-02 06-24-17,502,21.5118,35.246
2019-06-02 06-24-19,502,21.4783,35.2754
2019-06-02 06-24-21,502,21.4066,35.2754
2019-06-02 06-24-23,502,21.4096,35.3315
2019-06-02 06-24-25,503,21.4249,35.3021
2019-06-02 06-24-27,503,21.4249,35.3182
2019-06-02 06-24-29,503,21.3699,35.2754
2019-06-02 06-24-31,503,21.4066,35.3021
2019-06-02 06-24-35,503,21.4066,35.2888
2019-06-02 06-24-37,502,21.4096,35.3315
2019-06-02 06-24-39,502,21.4386,35.2621
2019-06-02 06-24-41,502,21.4233,35.2621
2019-06-02 06-24-43,502,21.4386,35.246
2019-06-02 06-24-45,502,21.4935,35.246
2019-06-02 06-24-47,502,21.4386,35.2621
2019-06-02 06-24-51,503,21.4554,35.246
2019-06-02 06-24-53,503,21.4233,35.2754
2019-06-02 06-24-55,503,21.4233,35.2888
2019-06-02 06-24-57,503,21.4233,35.2888
2019-06-02 06-24-59,503,21.4417,35.2754
2019-06-02 06-25-01,503,21.4233,35.2621
2019-06-02 06-25-03,504,21.3867,35.246
2019-06-02 06-25-05,503,21.3699,35.2754
2019-06-02 06-25-09,503,21.4249,35.3021
2019-06-02 06-25-11,503,21.3562,35.3182
2019-06-02 06-25-13,504,21.4249,35.3182
2019-06-02 06-25-15,504,21.3562,35.3182
2019-06-02 06-25-17,504,21.283,35.3021
2019-06-02 06-25-19,503,21.3593,35.3449
2019-06-02 06-25-21,504,21.3959,35.3742
2019-06-02 06-25-25,505,21.3745,35.3449
2019-06-02 06-25-27,505,21.3593,35.3449
2019-06-02 06-25-29,504,21.3364,35.2754
2019-06-02 06-25-31,505,21.4233,35.2621
2019-06-02 06-25-33,505,21.4523,35.2033
2019-06-02 06-25-35,505,21.5256,35.2033
2019-06-02 06-25-37,504,21.5073,35.174
2019-06-02 06-25-39,504,21.5759,35.174
2019-06-02 06-25-43,504,21.5759,35.1312
2019-06-02 06-25-45,503,21.521,35.1472
2019-06-02 06-25-47,503,21.5576,35.1179
2019-06-02 06-25-49,503,21.5897,35.0912
2019-06-02 06-25-51,503,21.6263,35.0751
2019-06-02 06-25-53,503,21.6583,35.0324
2019-06-02 06-25-55,503,21.64,35.0618
2019-06-02 06-25-57,502,21.6583,35.0324
2019-06-02 06-26-01,502,21.6751,35.0484
2019-06-02 06-26-03,501,21.7087,35.1045
2019-06-02 06-26-05,501,21.6446,35.0751
2019-06-02 06-26-07,500,21.6766,35.0751
2019-06-02 06-26-09,500,21.6766,35.0618
2019-06-02 06-26-11,501,21.6583,35.0324
2019-06-02 06-26-14,500,21.64,34.9924
2019-06-02 06-26-18,500,21.6721,35.0057
2019-06-02 06-26-20,500,21.7072,34.9924
2019-06-02 06-26-22,501,21.7072,35.0057
2019-06-02 06-26-24,501,21.7255,35.0484
2019-06-02 06-26-26,500,21.7636,35.0751
2019-06-02 06-26-28,499,21.6583,35.1179
2019-06-02 06-26-30,499,21.6629,35.0751
2019-06-02 06-26-32,499,21.6766,35.0618
2019-06-02 06-26-36,499,21.64,35.0618
2019-06-02 06-26-38,498,21.6766,35.0484
2019-06-02 06-26-40,498,21.7087,35.0484
2019-06-02 06-26-42,499,21.64,35.0912
2019-06-02 06-26-44,499,21.6263,35.1179
2019-06-02 06-26-46,499,21.5897,35.1312
2019-06-02 06-26-48,499,21.5744,35.1606
2019-06-02 06-26-52,500,21.611,35.1873
2019-06-02 06-26-54,500,21.6309,35.1873
2019-06-02 06-26-56,500,21.5607,35.2033
2019-06-02 06-26-58,500,21.5073,35.2327
2019-06-02 06-27-00,500,21.4935,35.246
2019-06-02 06-27-02,500,21.5286,35.246
2019-06-02 06-27-04,500,21.4935,35.246
2019-06-02 06-27-06,500,21.4386,35.2167
2019-06-02 06-27-10,501,21.5103,35.2167
2019-06-02 06-27-12,502,21.579,35.2327
2019-06-02 06-27-14,501,21.5103,35.1873
2019-06-02 06-27-16,502,21.5607,35.174
2019-06-02 06-27-18,502,21.5424,35.1606
2019-06-02 06-27-20,502,21.489,35.1472
2019-06-02 06-27-22,502,21.5393,35.1179
2019-06-02 06-27-24,502,21.5378,35.1045
2019-06-02 06-27-28,502,21.6064,35.0912
2019-06-02 06-27-30,503,21.6263,35.0912
2019-06-02 06-27-32,503,21.6431,35.0912
2019-06-02 06-27-34,503,21.6614,35.1312
2019-06-02 06-27-36,503,21.608,35.1472
2019-06-02 06-27-38,503,21.5576,35.1606
2019-06-02 06-27-40,502,21.611,35.174
2019-06-02 06-27-44,502,21.6309,35.2033
2019-06-02 06-27-46,502,21.579,35.174
2019-06-02 06-27-48,501,21.5424,35.1472
2019-06-02 06-27-50,501,21.521,35.174
2019-06-02 06-27-52,501,21.5759,35.1873
2019-06-02 06-27-54,502,21.5256,35.1873
2019-06-02 06-27-56,501,21.5607,35.1873
2019-06-02 06-27-58,501,21.5256,35.2033
2019-06-02 06-28-02,502,21.579,35.174
2019-06-02 06-28-04,501,21.489,35.1606
2019-06-02 06-28-06,501,21.5393,35.174
2019-06-02 06-28-08,501,21.524,35.1606
2019-06-02 06-28-10,501,21.5576,35.1472
2019-06-02 06-28-12,501,21.5393,35.1179
2019-06-02 06-28-14,502,21.5561,35.1472
2019-06-02 06-28-16,501,21.5927,35.1045
2019-06-02 06-28-20,501,21.5897,35.0751
2019-06-02 06-28-22,501,21.6766,35.1045
2019-06-02 06-28-24,502,21.6614,35.1045
2019-06-02 06-28-26,502,21.6614,35.1045
2019-06-02 06-28-28,502,21.6446,35.0618
2019-06-02 06-28-30,502,21.6934,35.0912
2019-06-02 06-28-32,503,21.6614,35.0751
2019-06-02 06-28-36,503,21.6248,35.0912
2019-06-02 06-28-38,503,21.6614,35.0618
2019-06-02 06-28-40,503,21.6766,35.0191
2019-06-02 06-28-42,503,21.7072,35.0324
2019-06-02 06-28-44,503,21.7438,35.0057
2019-06-02 06-28-46,503,21.7255,34.9496
2019-06-02 06-28-48,503,21.7026,34.9763
2019-06-02 06-28-50,503,21.7957,34.963
2019-06-02 06-28-54,503,21.7941,34.9203
2019-06-02 06-28-56,502,21.8079,34.9496
2019-06-02 06-28-58,501,21.8094,34.9763
2019-06-02 06-29-00,501,21.8124,34.963
2019-06-02 06-29-02,501,21.7941,34.9496
2019-06-02 06-29-04,501,21.7941,34.9203
2019-06-02 06-29-06,502,21.8079,34.9363
2019-06-02 06-29-10,502,21.8445,34.9203
2019-06-02 06-29-12,502,21.8597,34.9069
2019-06-02 06-29-14,501,21.8262,34.963
2019-06-02 06-29-16,502,21.8124,35.0057
2019-06-02 06-29-18,501,21.7957,35.0191
2019-06-02 06-29-20,500,21.7438,35.0484
2019-06-02 06-29-22,501,21.727,35.0618
2019-06-02 06-29-24,500,21.6934,35.0751
2019-06-02 06-29-28,501,21.6583,35.0618
2019-06-02 06-29-30,502,21.6766,35.0484
2019-06-02 06-29-32,502,21.6934,35.0484
2019-06-02 06-29-34,502,21.6751,35.0324
2019-06-02 06-29-36,503,21.7087,35.0484
2019-06-02 06-29-38,503,21.6583,35.0618
2019-06-02 06-29-40,503,21.6934,35.0751
2019-06-02 06-29-42,503,21.6766,35.1179
2019-06-02 06-29-46,503,21.6797,35.1179
2019-06-02 06-29-48,504,21.6263,35.1045
2019-06-02 06-29-50,505,21.6064,35.1045
2019-06-02 06-29-52,505,21.6614,35.1179
2019-06-02 06-29-54,506,21.6263,35.1472
2019-06-02 06-29-56,506,21.6293,35.1472
2019-06-02 06-29-58,506,21.5927,35.1873
2019-06-02 06-30-02,506,21.5607,35.2327
2019-06-02 06-30-04,506,21.5622,35.2167
2019-06-02 06-30-06,506,21.5103,35.246
2019-06-02 06-30-08,507,21.5622,35.2327
2019-06-02 06-30-10,508,21.5439,35.2167
2019-06-02 06-30-12,508,21.5256,35.1873
2019-06-02 06-30-14,508,21.5424,35.1606
2019-06-02 06-30-16,509,21.524,35.174
2019-06-02 06-30-20,509,21.6309,35.174
2019-06-02 06-30-22,509,21.5424,35.1606
2019-06-02 06-30-24,509,21.5927,35.1606
2019-06-02 06-30-26,509,21.5576,35.1312
2019-06-02 06-30-28,509,21.5561,35.1045
2019-06-02 06-30-30,509,21.6614,35.1472
2019-06-02 06-30-32,509,21.6293,35.1312
2019-06-02 06-30-36,509,21.5744,35.1312
2019-06-02 06-30-38,509,21.5897,35.1179
2019-06-02 06-30-40,509,21.6446,35.1045
2019-06-02 06-30-42,508,21.6064,35.1045
2019-06-02 06-30-44,508,21.6064,35.1179
2019-06-02 06-30-46,508,21.6064,35.1179
2019-06-02 06-30-48,509,21.5897,35.1312
2019-06-02 06-30-50,509,21.5897,35.1472
2019-06-02 06-30-54,509,21.5927,35.1312
2019-06-02 06-30-56,509,21.608,35.1312
2019-06-02 06-30-58,509,21.6446,35.1179
2019-06-02 06-31-00,510,21.5714,35.1179
2019-06-02 06-31-02,509,21.5897,35.1045
2019-06-02 06-31-04,509,21.5897,35.1045
2019-06-02 06-31-06,509,21.5897,35.0751
2019-06-02 06-31-10,509,21.6034,35.0484
2019-06-02 06-31-12,509,21.6751,35.0191
2019-06-02 06-31-14,509,21.6904,35.0324
2019-06-02 06-31-16,510,21.7087,35.0324
2019-06-02 06-31-18,509,21.7255,35.0057
2019-06-02 06-31-20,509,21.7621,35.0618
2019-06-02 06-31-22,508,21.7117,35.0751
2019-06-02 06-31-24,508,21.6766,35.0912
2019-06-02 06-31-28,508,21.6766,35.1472
2019-06-02 06-31-30,508,21.7163,35.174
2019-06-02 06-31-32,507,21.5576,35.2033
2019-06-02 06-31-34,507,21.5439,35.2167
2019-06-02 06-31-36,507,21.6125,35.2033
2019-06-02 06-31-38,508,21.5439,35.2167
2019-06-02 06-31-40,507,21.5439,35.1873
2019-06-02 06-31-42,507,21.489,35.1873
2019-06-02 06-31-46,508,21.5424,35.1873
2019-06-02 06-31-48,508,21.5256,35.1606
2019-06-02 06-31-50,509,21.5393,35.1312
2019-06-02 06-31-52,509,21.5393,35.1312
2019-06-02 06-31-54,509,21.6629,35.1179
2019-06-02 06-31-56,509,21.6263,35.0912
2019-06-02 06-31-58,509,21.6263,35.1045
2019-06-02 06-32-02,509,21.6446,35.1045
2019-06-02 06-32-05,508,21.6064,35.0912
2019-06-02 06-32-07,507,21.6766,35.0912
2019-06-02 06-32-09,507,21.6766,35.0912
2019-06-02 06-32-11,507,21.7133,35.0751
2019-06-02 06-32-13,507,21.6431,35.1179
2019-06-02 06-32-15,506,21.6263,35.1606
2019-06-02 06-32-17,506,21.6309,35.1873
2019-06-02 06-32-21,506,21.6492,35.174
2019-06-02 06-32-23,506,21.5759,35.1472
2019-06-02 06-32-25,506,21.5576,35.1606
2019-06-02 06-32-27,506,21.611,35.1179
2019-06-02 06-32-29,506,21.5897,35.1045
2019-06-02 06-32-31,506,21.6446,35.1179
2019-06-02 06-32-33,507,21.6446,35.0912
2019-06-02 06-32-37,506,21.6949,35.0912
2019-06-02 06-32-39,506,21.7133,35.0618
2019-06-02 06-32-41,506,21.727,35.0484
2019-06-02 06-32-43,506,21.6934,35.0618
2019-06-02 06-32-45,506,21.6583,35.0751
2019-06-02 06-32-47,506,21.73,35.0618
2019-06-02 06-32-49,505,21.727,35.0618
2019-06-02 06-32-51,505,21.727,35.0912
2019-06-02 06-32-55,505,21.7484,35.0751
2019-06-02 06-32-57,505,21.6766,35.0484
2019-06-02 06-32-59,505,21.7453,35.0057
2019-06-02 06-33-01,505,21.7072,35.0324
2019-06-02 06-33-03,505,21.7087,34.9924
2019-06-02 06-33-05,506,21.7407,35.0191
2019-06-02 06-33-07,505,21.8323,35.0324
2019-06-02 06-33-09,505,21.7438,35.0484
2019-06-02 06-33-13,505,21.6934,35.0912
2019-06-02 06-33-15,504,21.6766,35.1179
2019-06-02 06-33-17,504,21.6797,35.1312
2019-06-02 06-33-19,504,21.5897,35.1606
2019-06-02 06-33-21,504,21.5927,35.1606
2019-06-02 06-33-23,505,21.611,35.1472
2019-06-02 06-33-25,505,21.6293,35.1873
2019-06-02 06-33-29,506,21.5759,35.1873
2019-06-02 06-33-31,506,21.5607,35.174
2019-06-02 06-33-33,505,21.524,35.1606
2019-06-02 06-33-35,506,21.5576,35.174
2019-06-02 06-33-37,506,21.5576,35.1606
2019-06-02 06-33-39,507,21.5393,35.1606
2019-06-02 06-33-41,507,21.524,35.1606
2019-06-02 06-33-43,507,21.5393,35.1312
2019-06-02 06-33-47,508,21.5744,35.1873
2019-06-02 06-33-49,508,21.5073,35.1472
2019-06-02 06-33-51,508,21.5576,35.1472
2019-06-02 06-33-53,508,21.5576,35.174
2019-06-02 06-33-55,508,21.611,35.1873
2019-06-02 06-33-57,508,21.5607,35.2167
2019-06-02 06-33-59,508,21.5256,35.2033
2019-06-02 06-34-01,508,21.5256,35.1873
2019-06-02 06-34-05,508,21.5424,35.1606
2019-06-02 06-34-07,509,21.489,35.1312
2019-06-02 06-34-09,509,21.5897,35.1179
2019-06-02 06-34-11,510,21.5714,35.1472
2019-06-02 06-34-13,509,21.6812,35.1312
2019-06-02 06-34-15,508,21.5897,35.1606
2019-06-02 06-34-17,508,21.6309,35.1873
2019-06-02 06-34-19,508,21.5942,35.1873
2019-06-02 06-34-23,507,21.5607,35.1606
2019-06-02 06-34-25,507,21.5927,35.174
2019-06-02 06-34-27,508,21.5424,35.1472
2019-06-02 06-34-29,508,21.5576,35.1472
2019-06-02 06-34-31,508,21.521,35.1312
2019-06-02 06-34-33,508,21.5897,35.1045
2019-06-02 06-34-35,508,21.6263,35.1472
2019-06-02 06-34-39,508,21.5744,35.2033
2019-06-02 06-34-41,508,21.5073,35.1873
2019-06-02 06-34-43,507,21.5256,35.2033
2019-06-02 06-34-45,507,21.5256,35.174
2019-06-02 06-34-47,507,21.5424,35.1873
2019-06-02 06-34-49,508,21.5424,35.1873
2019-06-02 06-34-51,508,21.5256,35.2167
2019-06-02 06-34-53,507,21.5256,35.2327
2019-06-02 06-34-57,507,21.4935,35.2327
2019-06-02 06-34-59,507,21.4935,35.2327
2019-06-02 06-35-01,507,21.4554,35.2621
2019-06-02 06-35-03,507,21.4386,35.246
2019-06-02 06-35-05,507,21.5118,35.2327
2019-06-02 06-35-07,508,21.4371,35.2327
2019-06-02 06-35-09,508,21.4554,35.246
2019-06-02 06-35-13,509,21.4752,35.2167
2019-06-02 06-35-15,508,21.4554,35.246
2019-06-02 06-35-17,508,21.5286,35.2167
2019-06-02 06-35-19,507,21.4752,35.2167
2019-06-02 06-35-21,507,21.492,35.246
2019-06-02 06-35-23,507,21.4935,35.246
2019-06-02 06-35-25,507,21.4386,35.2327
2019-06-02 06-35-27,507,21.4752,35.2167
2019-06-02 06-35-31,507,21.492,35.246
2019-06-02 06-35-33,507,21.5469,35.2888
2019-06-02 06-35-35,508,21.5149,35.3021
2019-06-02 06-35-37,507,21.4798,35.3182
2019-06-02 06-35-39,507,21.4432,35.3182
2019-06-02 06-35-41,507,21.3913,35.3449
2019-06-02 06-35-43,507,21.4111,35.3582
2019-06-02 06-35-45,507,21.3776,35.3742
2019-06-02 06-35-49,507,21.3776,35.4143
2019-06-02 06-35-51,507,21.3272,35.4009
2019-06-02 06-35-53,507,21.3272,35.3876
2019-06-02 06-35-55,508,21.3058,35.3742
2019-06-02 06-35-57,509,21.3043,35.3876
2019-06-02 06-35-59,508,21.3058,35.3742
2019-06-02 06-36-01,508,21.3043,35.3582
2019-06-02 06-36-05,508,21.3043,35.3182
2019-06-02 06-36-07,508,21.3562,35.2888
2019-06-02 06-36-09,508,21.3882,35.246
2019-06-02 06-36-11,508,21.4203,35.2167
2019-06-02 06-36-13,508,21.4752,35.1873
2019-06-02 06-36-15,507,21.4737,35.1873
2019-06-02 06-36-17,507,21.4523,35.2167
2019-06-02 06-36-19,507,21.5439,35.2167
2019-06-02 06-36-23,507,21.492,35.2327
2019-06-02 06-36-25,507,21.4935,35.2033
2019-06-02 06-36-27,507,21.492,35.2327
2019-06-02 06-36-29,507,21.4935,35.2167
2019-06-02 06-36-31,506,21.492,35.1873
2019-06-02 06-36-33,506,21.434,35.174
2019-06-02 06-36-35,506,21.5576,35.1472
2019-06-02 06-36-39,506,21.521,35.1472
2019-06-02 06-36-41,505,21.5576,35.174
2019-06-02 06-36-43,505,21.489,35.1312
2019-06-02 06-36-45,505,21.608,35.1606
2019-06-02 06-36-47,505,21.5057,35.1472
2019-06-02 06-36-49,505,21.5744,35.1472
2019-06-02 06-36-51,506,21.5393,35.0912
2019-06-02 06-36-53,506,21.5714,35.0618
2019-06-02 06-36-57,506,21.6583,35.0484
2019-06-02 06-36-59,506,21.6934,35.0057
2019-06-02 06-37-01,506,21.6904,35.0191
2019-06-02 06-37-03,505,21.7255,35.0618
2019-06-02 06-37-05,505,21.7117,35.1045
2019-06-02 06-37-07,505,21.6614,35.1606
2019-06-02 06-37-09,504,21.6476,35.174
2019-06-02 06-37-11,504,21.611,35.2167
2019-06-02 06-37-15,504,21.579,35.2327
2019-06-02 06-37-17,505,21.5286,35.246
2019-06-02 06-37-19,505,21.4935,35.2621
2019-06-02 06-37-21,505,21.5118,35.2754
2019-06-02 06-37-23,505,21.4569,35.2621
2019-06-02 06-37-25,505,21.4386,35.2327
2019-06-02 06-37-27,505,21.4371,35.246
2019-06-02 06-37-31,505,21.4752,35.246
2019-06-02 06-37-33,506,21.4386,35.2167
2019-06-02 06-37-36,506,21.492,35.2167
2019-06-02 06-37-38,505,21.5256,35.2033
2019-06-02 06-37-40,505,21.5439,35.1873
2019-06-02 06-37-42,505,21.5073,35.2033
2019-06-02 06-37-44,505,21.5439,35.2033
2019-06-02 06-37-46,506,21.6125,35.2033
2019-06-02 06-37-50,506,21.5073,35.1873
2019-06-02 06-37-52,506,21.5942,35.2033
2019-06-02 06-37-54,506,21.579,35.2167
2019-06-02 06-37-56,506,21.5256,35.1873
2019-06-02 06-37-58,506,21.5759,35.2167
2019-06-02 06-38-00,506,21.579,35.1873
2019-06-02 06-38-02,505,21.6309,35.2033
2019-06-02 06-38-06,505,21.579,35.174
2019-06-02 06-38-08,506,21.5424,35.1873
2019-06-02 06-38-10,506,21.5424,35.174
2019-06-02 06-38-12,506,21.5576,35.174
2019-06-02 06-38-14,505,21.5759,35.1873
2019-06-02 06-38-16,505,21.5256,35.1873
2019-06-02 06-38-18,505,21.5759,35.2033
2019-06-02 06-38-20,505,21.6339,35.1606
2019-06-02 06-38-24,505,21.5759,35.174
2019-06-02 06-38-26,505,21.5576,35.2033
2019-06-02 06-38-28,505,21.5439,35.1873
2019-06-02 06-38-30,505,21.5256,35.2033
2019-06-02 06-38-32,505,21.5607,35.2167
2019-06-02 06-38-34,504,21.5103,35.246
2019-06-02 06-38-36,504,21.4935,35.2327
2019-06-02 06-38-38,504,21.4935,35.2621
2019-06-02 06-38-42,505,21.4386,35.3021
2019-06-02 06-38-44,504,21.4798,35.3315
2019-06-02 06-38-46,504,21.3913,35.3742
2019-06-02 06-38-48,504,21.4294,35.3449
2019-06-02 06-38-50,504,21.3745,35.4009
2019-06-02 06-38-52,504,21.3608,35.3876
2019-06-02 06-38-54,504,21.3058,35.3742
2019-06-02 06-38-58,504,21.3425,35.3876
2019-06-02 06-39-00,505,21.3791,35.3582
2019-06-02 06-39-02,505,21.3242,35.3449
2019-06-02 06-39-04,506,21.3593,35.3449
2019-06-02 06-39-06,506,21.4111,35.3315
2019-06-02 06-39-08,507,21.3913,35.3315
2019-06-02 06-39-10,506,21.4432,35.3182
2019-06-02 06-39-12,506,21.4249,35.3021
2019-06-02 06-39-16,506,21.46,35.3021
2019-06-02 06-39-18,506,21.46,35.3021
2019-06-02 06-39-20,506,21.46,35.2888
2019-06-02 06-39-22,506,21.4233,35.2754
2019-06-02 06-39-24,506,21.4569,35.2754
2019-06-02 06-39-26,506,21.4966,35.2621
2019-06-02 06-39-28,505,21.4783,35.2621
2019-06-02 06-39-30,505,21.5118,35.246
2019-06-02 06-39-34,505,21.5286,35.2621
2019-06-02 06-39-36,505,21.4935,35.2327
2019-06-02 06-39-38,505,21.5439,35.2327
2019-06-02 06-39-40,504,21.5286,35.2621
2019-06-02 06-39-42,504,21.4783,35.2621
2019-06-02 06-39-44,504,21.4935,35.246
2019-06-02 06-39-46,504,21.5118,35.2621
2019-06-02 06-39-50,504,21.4935,35.2621
2019-06-02 06-39-52,504,21.4783,35.2327
2019-06-02 06-39-54,504,21.5439,35.2621
2019-06-02 06-39-56,504,21.4569,35.2033
2019-06-02 06-39-58,504,21.5607,35.2033
2019-06-02 06-40-00,505,21.5439,35.2033
2019-06-02 06-40-02,505,21.5439,35.2167
2019-06-02 06-40-04,504,21.579,35.174
2019-06-02 06-40-08,505,21.6309,35.1873
2019-06-02 06-40-10,504,21.5607,35.1606
2019-06-02 06-40-12,504,21.611,35.174
2019-06-02 06-40-14,503,21.6309,35.1472
2019-06-02 06-40-16,503,21.5927,35.1606
2019-06-02 06-40-18,503,21.6309,35.1312
2019-06-02 06-40-20,503,21.5897,35.1312
2019-06-02 06-40-24,503,21.6446,35.1045
2019-06-02 06-40-26,503,21.7133,35.0751
2019-06-02 06-40-28,503,21.6949,35.0618
2019-06-02 06-40-30,503,21.7117,35.0484
2019-06-02 06-40-32,502,21.727,35.0324
2019-06-02 06-40-34,502,21.6904,35.0324
2019-06-02 06-40-36,502,21.7636,35.0191
2019-06-02 06-40-38,502,21.7438,35.0057
2019-06-02 06-40-42,503,21.7255,35.0324
2019-06-02 06-40-44,502,21.7819,35.0324
2019-06-02 06-40-46,502,21.7819,34.9924
2019-06-02 06-40-48,503,21.7621,35.0191
2019-06-02 06-40-50,502,21.7636,35.0191
2019-06-02 06-40-52,503,21.7804,35.0618
2019-06-02 06-40-54,502,21.7667,35.0324
2019-06-02 06-40-56,502,21.7636,35.0484
2019-06-02 06-41-00,502,21.727,35.0751
2019-06-02 06-41-02,502,21.6949,35.1179
2019-06-02 06-41-04,502,21.6629,35.1179
2019-06-02 06-41-06,502,21.6797,35.1606
2019-06-02 06-41-08,501,21.7346,35.174
2019-06-02 06-41-10,501,21.6492,35.2033
2019-06-02 06-41-12,501,21.6125,35.2327
2019-06-02 06-41-16,501,21.6522,35.2327
2019-06-02 06-41-18,501,21.5622,35.2754
2019-06-02 06-41-20,501,21.5652,35.2754
2019-06-02 06-41-22,501,21.4966,35.2888
2019-06-02 06-41-24,501,21.5302,35.3021
2019-06-02 06-41-26,501,21.5485,35.2754
2019-06-02 06-41-28,501,21.4966,35.2888
2019-06-02 06-41-30,501,21.4417,35.2888
2019-06-02 06-41-34,501,21.4417,35.2888
2019-06-02 06-41-36,501,21.4417,35.3315
2019-06-02 06-41-38,501,21.4432,35.2888
2019-06-02 06-41-40,501,21.4798,35.3021
2019-06-02 06-41-42,501,21.5149,35.2888
2019-06-02 06-41-44,501,21.4966,35.2888
2019-06-02 06-41-46,501,21.4966,35.2621
2019-06-02 06-41-48,501,21.4935,35.2888
2019-06-02 06-41-52,501,21.4798,35.2754
2019-06-02 06-41-54,501,21.5485,35.2621
2019-06-02 06-41-56,501,21.5469,35.2621
2019-06-02 06-41-58,501,21.5118,35.246
2019-06-02 06-42-00,501,21.4752,35.246
2019-06-02 06-42-02,501,21.5469,35.2167
2019-06-02 06-42-04,500,21.5256,35.2327
2019-06-02 06-42-08,500,21.6156,35.2167
2019-06-02 06-42-10,500,21.579,35.2327
2019-06-02 06-42-12,500,21.5622,35.1873
2019-06-02 06-42-14,499,21.5759,35.174
2019-06-02 06-42-16,499,21.5942,35.1472
2019-06-02 06-42-18,500,21.5744,35.1606
2019-06-02 06-42-20,500,21.5927,35.1312
2019-06-02 06-42-22,500,21.6629,35.1179
2019-06-02 06-42-26,499,21.6797,35.1045
2019-06-02 06-42-28,499,21.6064,35.1179
2019-06-02 06-42-30,499,21.6446,35.1472
2019-06-02 06-42-32,499,21.6812,35.1312
2019-06-02 06-42-34,499,21.6293,35.1606
2019-06-02 06-42-36,499,21.666,35.1312
2019-06-02 06-42-38,499,21.608,35.1312
2019-06-02 06-42-40,498,21.6446,35.1312
2019-06-02 06-42-44,498,21.6446,35.174
2019-06-02 06-42-46,498,21.666,35.174
2019-06-02 06-42-48,498,21.6309,35.1873
2019-06-02 06-42-50,498,21.6492,35.1873
2019-06-02 06-42-52,498,21.6675,35.2033
2019-06-02 06-42-54,498,21.6125,35.2033
2019-06-02 06-42-56,498,21.6125,35.1873
2019-06-02 06-43-00,498,21.5942,35.2033
2019-06-02 06-43-02,498,21.5942,35.2327
2019-06-02 06-43-04,498,21.5973,35.2327
2019-06-02 06-43-06,498,21.5805,35.2167
2019-06-02 06-43-08,498,21.5439,35.246
2019-06-02 06-43-10,498,21.5622,35.2167
2019-06-02 06-43-13,498,21.5622,35.2327
2019-06-02 06-43-15,498,21.5439,35.2167
2019-06-02 06-43-19,498,21.5103,35.2621
2019-06-02 06-43-21,498,21.5988,35.246
2019-06-02 06-43-23,498,21.5118,35.2621
2019-06-02 06-43-25,498,21.4783,35.2754
2019-06-02 06-43-27,498,21.5302,35.246
2019-06-02 06-43-29,498,21.5118,35.2327
2019-06-02 06-43-31,498,21.5103,35.2167
2019-06-02 06-43-33,498,21.5439,35.2327
2019-06-02 06-43-37,498,21.6156,35.2167
2019-06-02 06-43-39,498,21.5439,35.2167
2019-06-02 06-43-41,498,21.5103,35.2327
2019-06-02 06-43-43,498,21.5439,35.2167
2019-06-02 06-43-45,498,21.5973,35.2327
2019-06-02 06-43-47,498,21.5973,35.2033
2019-06-02 06-43-49,498,21.5256,35.2327
2019-06-02 06-43-53,498,21.5973,35.2327
2019-06-02 06-43-55,499,21.5805,35.2167
2019-06-02 06-43-57,499,21.579,35.1873
2019-06-02 06-43-59,499,21.5759,35.2033
2019-06-02 06-44-01,499,21.5942,35.174
2019-06-02 06-44-03,499,21.611,35.2167
2019-06-02 06-44-05,499,21.579,35.2167
2019-06-02 06-44-07,499,21.579,35.2167
2019-06-02 06-44-11,499,21.579,35.2167
2019-06-02 06-44-13,499,21.492,35.2327
2019-06-02 06-44-15,499,21.5805,35.2621
2019-06-02 06-44-17,499,21.5469,35.2754
2019-06-02 06-44-19,500,21.5302,35.2754
2019-06-02 06-44-21,500,21.5118,35.3021
2019-06-02 06-44-23,500,21.4981,35.2888
2019-06-02 06-44-25,500,21.5149,35.2888
2019-06-02 06-44-29,501,21.4798,35.3182
2019-06-02 06-44-31,501,21.4798,35.3021
2019-06-02 06-44-33,501,21.4066,35.3021
2019-06-02 06-44-35,502,21.4417,35.3182
2019-06-02 06-44-37,501,21.4798,35.3449
2019-06-02 06-44-39,501,21.4828,35.3315
2019-06-02 06-44-41,501,21.4432,35.3449
2019-06-02 06-44-43,502,21.4279,35.3315
2019-06-02 06-44-47,502,21.4096,35.3182
2019-06-02 06-44-49,502,21.4249,35.3315
2019-06-02 06-44-51,502,21.4615,35.3449
2019-06-02 06-44-53,502,21.4462,35.3449
2019-06-02 06-44-55,502,21.4279,35.3315
2019-06-02 06-44-57,502,21.4096,35.3021
2019-06-02 06-44-59,502,21.4981,35.3449
2019-06-02 06-45-03,502,21.4828,35.3315
2019-06-02 06-45-05,502,21.4432,35.3315
2019-06-02 06-45-07,502,21.4279,35.3742
2019-06-02 06-45-09,502,21.4294,35.3315
2019-06-02 06-45-11,502,21.3745,35.3582
2019-06-02 06-45-13,502,21.3776,35.3582
2019-06-02 06-45-15,502,21.3928,35.4143
2019-06-02 06-45-17,501,21.3089,35.473
2019-06-02 06-45-21,502,21.3104,35.4437
2019-06-02 06-45-23,502,21.2738,35.457
2019-06-02 06-45-25,502,21.2585,35.4864
2019-06-02 06-45-27,502,21.2265,35.4997
2019-06-02 06-45-29,502,21.2265,35.4997
2019-06-02 06-45-31,502,21.2448,35.4864
2019-06-02 06-45-33,502,21.2418,35.473
2019-06-02 06-45-35,503,21.2082,35.457
2019-06-02 06-45-39,502,21.2234,35.4303
2019-06-02 06-45-41,503,21.3089,35.4303
2019-06-02 06-45-43,503,21.3089,35.4143
2019-06-02 06-45-45,502,21.3089,35.4009
2019-06-02 06-45-47,502,21.3791,35.3742
2019-06-02 06-45-49,502,21.3608,35.3876
2019-06-02 06-45-51,502,21.3425,35.3582
2019-06-02 06-45-55,502,21.3776,35.3449
2019-06-02 06-45-57,502,21.3745,35.3182
2019-06-02 06-45-59,502,21.4798,35.3182
2019-06-02 06-46-01,502,21.4249,35.3021
2019-06-02 06-46-03,502,21.4798,35.3182
2019-06-02 06-46-05,502,21.4615,35.3182
2019-06-02 06-46-07,502,21.4798,35.3021
2019-06-02 06-46-09,502,21.4249,35.3182
2019-06-02 06-46-13,502,21.4432,35.3182
2019-06-02 06-46-15,502,21.4096,35.3315
2019-06-02 06-46-17,502,21.3745,35.3449
2019-06-02 06-46-19,502,21.4279,35.3315
2019-06-02 06-46-21,502,21.3562,35.3449
2019-06-02 06-46-23,501,21.3745,35.3449
2019-06-02 06-46-25,501,21.3928,35.3582
2019-06-02 06-46-27,501,21.4111,35.3582
2019-06-02 06-46-31,501,21.3593,35.3449
2019-06-02 06-46-33,501,21.3593,35.3742
2019-06-02 06-46-35,501,21.3608,35.3876
2019-06-02 06-46-37,501,21.3959,35.3582
2019-06-02 06-46-39,501,21.3776,35.3449
2019-06-02 06-46-41,501,21.3928,35.3449
2019-06-02 06-46-43,501,21.4279,35.3182
2019-06-02 06-46-45,501,21.3745,35.3182
2019-06-02 06-46-49,501,21.3745,35.2888
2019-06-02 06-46-51,501,21.4417,35.3182
2019-06-02 06-46-53,501,21.5164,35.2754
2019-06-02 06-46-55,501,21.5485,35.3021
2019-06-02 06-46-57,501,21.4798,35.2754
2019-06-02 06-46-59,501,21.4783,35.2754
2019-06-02 06-47-01,501,21.5302,35.2754
2019-06-02 06-47-05,501,21.5836,35.2327
2019-06-02 06-47-07,501,21.5103,35.2327
2019-06-02 06-47-09,501,21.5622,35.2621
2019-06-02 06-47-11,501,21.5118,35.246
2019-06-02 06-47-13,501,21.5805,35.2621
2019-06-02 06-47-15,501,21.5302,35.246
2019-06-02 06-47-17,501,21.5469,35.2327
2019-06-02 06-47-19,500,21.4752,35.246
2019-06-02 06-47-23,501,21.5622,35.246
2019-06-02 06-47-25,500,21.5286,35.246
2019-06-02 06-47-27,500,21.5469,35.246
2019-06-02 06-47-29,500,21.5469,35.246
2019-06-02 06-47-31,500,21.5118,35.2621
2019-06-02 06-47-33,500,21.5652,35.2754
2019-06-02 06-47-35,500,21.5302,35.2621
2019-06-02 06-47-37,501,21.5118,35.2888
2019-06-02 06-47-41,501,21.5302,35.2754
2019-06-02 06-47-43,500,21.5302,35.3021
2019-06-02 06-47-45,501,21.5668,35.3182
2019-06-02 06-47-47,501,21.4981,35.2754
2019-06-02 06-47-49,500,21.4783,35.2888
2019-06-02 06-47-51,500,21.5149,35.3182
2019-06-02 06-47-53,500,21.4798,35.3182
2019-06-02 06-47-57,501,21.4981,35.3182
2019-06-02 06-47-59,501,21.4432,35.3449
2019-06-02 06-48-01,501,21.4615,35.3315
2019-06-02 06-48-03,501,21.4615,35.3315
2019-06-02 06-48-05,501,21.4615,35.3021
2019-06-02 06-48-07,502,21.5149,35.2888
2019-06-02 06-48-09,501,21.4798,35.3182
2019-06-02 06-48-11,501,21.4798,35.3021
2019-06-02 06-48-15,501,21.5149,35.2621
2019-06-02 06-48-17,501,21.4935,35.2621
2019-06-02 06-48-19,501,21.5118,35.2754
2019-06-02 06-48-21,501,21.5302,35.2888
2019-06-02 06-48-23,501,21.5149,35.2754
2019-06-02 06-48-25,500,21.4569,35.2888
2019-06-02 06-48-27,500,21.46,35.2888
2019-06-02 06-48-29,501,21.5149,35.3182
2019-06-02 06-48-33,501,21.4981,35.3449
2019-06-02 06-48-35,501,21.4462,35.3315
2019-06-02 06-48-37,501,21.4615,35.3449
2019-06-02 06-48-39,501,21.4279,35.3449
2019-06-02 06-48-41,501,21.4462,35.3449
2019-06-02 06-48-43,501,21.4111,35.3449
2019-06-02 06-48-45,501,21.4462,35.3449
2019-06-02 06-48-49,501,21.4462,35.3182
2019-06-02 06-48-52,501,21.5164,35.2888
2019-06-02 06-48-54,501,21.4417,35.2754
2019-06-02 06-48-56,501,21.4783,35.2327
2019-06-02 06-48-58,502,21.5103,35.2167
2019-06-02 06-49-00,502,21.5622,35.2033
2019-06-02 06-49-02,502,21.5942,35.1606
2019-06-02 06-49-04,501,21.5927,35.1606
2019-06-02 06-49-08,501,21.5927,35.1312
2019-06-02 06-49-10,501,21.608,35.1312
2019-06-02 06-49-12,501,21.6293,35.1312
2019-06-02 06-49-14,501,21.6812,35.1472
2019-06-02 06-49-16,500,21.7346,35.1472
2019-06-02 06-49-18,500,21.6995,35.1606
2019-06-02 06-49-20,500,21.6476,35.174
2019-06-02 06-49-24,500,21.6843,35.174
2019-06-02 06-49-26,500,21.6843,35.1606
2019-06-02 06-49-28,500,21.6476,35.2033
2019-06-02 06-49-30,499,21.6492,35.1873
2019-06-02 06-49-32,499,21.6492,35.2167
2019-06-02 06-49-34,499,21.5973,35.2033
2019-06-02 06-49-36,499,21.579,35.2327
2019-06-02 06-49-38,499,21.5973,35.2033
2019-06-02 06-49-42,499,21.6492,35.2167
2019-06-02 06-49-44,499,21.5622,35.2327
2019-06-02 06-49-46,499,21.5805,35.246
2019-06-02 06-49-48,499,21.5805,35.2754
2019-06-02 06-49-50,499,21.5652,35.2621
2019-06-02 06-49-52,499,21.5302,35.3021
2019-06-02 06-49-54,499,21.5332,35.3315
2019-06-02 06-49-56,500,21.4981,35.3315
2019-06-02 06-50-00,500,21.5515,35.3315
2019-06-02 06-50-02,500,21.4828,35.3182
2019-06-02 06-50-04,499,21.4981,35.3315
2019-06-02 06-50-06,499,21.5164,35.3582
2019-06-02 06-50-08,499,21.4462,35.3742
2019-06-02 06-50-10,500,21.4294,35.3876
2019-06-02 06-50-12,500,21.3959,35.4437
2019-06-02 06-50-16,499,21.3654,35.4437
2019-06-02 06-50-18,500,21.3821,35.4864
2019-06-02 06-50-20,500,21.3501,35.5131
2019-06-02 06-50-22,500,21.3333,35.5131
2019-06-02 06-50-24,500,21.3684,35.5131
2019-06-02 06-50-26,500,21.3135,35.4997
2019-06-02 06-50-28,501,21.2952,35.4997
2019-06-02 06-50-30,501,21.2952,35.4864
2019-06-02 06-50-34,501,21.2418,35.4864
2019-06-02 06-50-36,502,21.2601,35.473
2019-06-02 06-50-38,501,21.1899,35.473
2019-06-02 06-50-40,501,21.2769,35.4997
2019-06-02 06-50-42,501,21.2265,35.5131
2019-06-02 06-50-44,501,21.2784,35.5131
2019-06-02 06-50-46,501,21.2448,35.5131
2019-06-02 06-50-48,502,21.2967,35.5291
2019-06-02 06-50-52,502,21.2814,35.5425
2019-06-02 06-50-54,502,21.2997,35.5425
2019-06-02 06-50-56,502,21.2128,35.5425
2019-06-02 06-50-58,502,21.2463,35.4997
2019-06-02 06-51-00,502,21.2448,35.5131
2019-06-02 06-51-02,502,21.3684,35.4997
2019-06-02 06-51-04,502,21.3135,35.4997
2019-06-02 06-51-06,502,21.3135,35.473
2019-06-02 06-51-10,502,21.2952,35.457
2019-06-02 06-51-12,502,21.3318,35.5131
2019-06-02 06-51-14,503,21.3684,35.4437
2019-06-02 06-51-16,503,21.2921,35.457
2019-06-02 06-51-18,503,21.3104,35.4437
2019-06-02 06-51-20,503,21.3654,35.457
2019-06-02 06-51-22,502,21.3654,35.4143
2019-06-02 06-51-26,503,21.3272,35.4303
2019-06-02 06-51-28,502,21.434,35.4303
2019-06-02 06-51-30,503,21.434,35.4009
2019-06-02 06-51-32,502,21.3455,35.4143
2019-06-02 06-51-34,502,21.4142,35.4303
2019-06-02 06-51-36,502,21.4157,35.4303
2019-06-02 06-51-38,502,21.3974,35.4143
2019-06-02 06-51-40,502,21.4142,35.3742
2019-06-02 06-51-44,502,21.4111,35.3876
2019-06-02 06-51-46,502,21.4294,35.3876
2019-06-02 06-51-48,502,21.4294,35.3876
2019-06-02 06-51-50,502,21.3959,35.4009
2019-06-02 06-51-52,501,21.3791,35.4009
2019-06-02 06-51-54,501,21.4142,35.4303
2019-06-02 06-51-56,501,21.4508,35.3876
2019-06-02 06-52-00,501,21.4661,35.3876
2019-06-02 06-52-02,501,21.4478,35.4009
2019-06-02 06-52-04,501,21.3959,35.3742
2019-06-02 06-52-06,501,21.4844,35.3582
2019-06-02 06-52-08,501,21.4844,35.3742
2019-06-02 06-52-10,501,21.4645,35.3582
2019-06-02 06-52-12,501,21.4462,35.3742
2019-06-02 06-52-14,501,21.4844,35.3876
2019-06-02 06-52-18,501,21.4661,35.3742
2019-06-02 06-52-20,501,21.4645,35.4009
2019-06-02 06-52-22,501,21.4142,35.4143
2019-06-02 06-52-24,501,21.4661,35.3876
2019-06-02 06-52-26,502,21.3791,35.4437
2019-06-02 06-52-28,502,21.3821,35.4437
2019-06-02 06-52-30,501,21.4508,35.473
2019-06-02 06-52-32,502,21.4188,35.457
2019-06-02 06-52-36,501,21.3821,35.473
2019-06-02 06-52-38,502,21.3318,35.473
2019-06-02 06-52-40,502,21.3654,35.457
2019-06-02 06-52-42,502,21.3318,35.457
2019-06-02 06-52-44,501,21.347,35.473
2019-06-02 06-52-46,502,21.3837,35.4437
2019-06-02 06-52-48,502,21.3287,35.457
2019-06-02 06-52-52,502,21.2921,35.473
2019-06-02 06-52-54,502,21.3654,35.473
2019-06-02 06-52-56,502,21.3501,35.473
2019-06-02 06-52-58,502,21.2585,35.4864
2019-06-02 06-53-00,503,21.3501,35.4864
2019-06-02 06-53-02,503,21.3684,35.4997
2019-06-02 06-53-04,503,21.4203,35.4997
2019-06-02 06-53-06,503,21.3501,35.4864
2019-06-02 06-53-10,503,21.3333,35.4997
2019-06-02 06-53-12,503,21.3135,35.5131
2019-06-02 06-53-14,503,21.3135,35.4997
2019-06-02 06-53-16,503,21.2601,35.5131
2019-06-02 06-53-18,503,21.2967,35.5291
2019-06-02 06-53-20,503,21.2814,35.5291
2019-06-02 06-53-22,503,21.2967,35.5558
2019-06-02 06-53-24,503,21.2646,35.5425
2019-06-02 06-53-28,503,21.2814,35.5425
2019-06-02 06-53-30,503,21.2631,35.5558
2019-06-02 06-53-32,504,21.1945,35.5558
2019-06-02 06-53-34,504,21.1777,35.5558
2019-06-02 06-53-36,504,21.2128,35.5425
2019-06-02 06-53-38,504,21.228,35.5131
2019-06-02 06-53-40,505,21.1914,35.5131
2019-06-02 06-53-44,505,21.2631,35.4997
2019-06-02 06-53-46,505,21.2952,35.4864
2019-06-02 06-53-48,505,21.3684,35.4864
2019-06-02 06-53-50,506,21.3333,35.457
2019-06-02 06-53-52,506,21.3654,35.4437
2019-06-02 06-53-54,505,21.3287,35.4143
2019-06-02 06-53-56,505,21.3638,35.4143
2019-06-02 06-53-58,505,21.3791,35.3876
2019-06-02 06-54-02,505,21.3608,35.3876
2019-06-02 06-54-04,504,21.4142,35.3742
2019-06-02 06-54-06,504,21.3776,35.4009
2019-06-02 06-54-08,504,21.4478,35.3742
2019-06-02 06-54-10,504,21.4111,35.4009
2019-06-02 06-54-12,504,21.4478,35.4303
2019-06-02 06-54-14,504,21.347,35.457
2019-06-02 06-54-18,504,21.2769,35.457
2019-06-02 06-54-20,504,21.2402,35.4997
2019-06-02 06-54-22,504,21.2601,35.4864
2019-06-02 06-54-24,503,21.2265,35.4864
2019-06-02 06-54-26,503,21.2418,35.4864
2019-06-02 06-54-28,504,21.2265,35.4864
2019-06-02 06-54-30,504,21.2769,35.4997
2019-06-02 06-54-32,503,21.2448,35.473
2019-06-02 06-54-36,504,21.2585,35.5291
2019-06-02 06-54-38,504,21.2631,35.5291
2019-06-02 06-54-40,504,21.2448,35.5425
2019-06-02 06-54-42,504,21.228,35.5425
2019-06-02 06-54-45,504,21.1945,35.5425
2019-06-02 06-54-47,504,21.1578,35.5425
2019-06-02 06-54-49,504,21.1761,35.5692
2019-06-02 06-54-51,504,21.1227,35.5692
2019-06-02 06-54-55,504,21.1411,35.5692
2019-06-02 06-54-57,504,21.1578,35.5692
2019-06-02 06-54-59,505,21.1578,35.5852
2019-06-02 06-55-01,505,21.1075,35.5852
2019-06-02 06-55-03,505,21.1258,35.5692
2019-06-02 06-55-05,506,21.0892,35.6119
2019-06-02 06-55-07,506,21.0907,35.5985
2019-06-02 06-55-11,506,21.1075,35.5558
2019-06-02 06-55-13,506,21.1395,35.5985
2019-06-02 06-55-15,507,21.0907,35.6119
2019-06-02 06-55-17,507,21.109,35.6119
2019-06-02 06-55-19,507,21.109,35.6413
2019-06-02 06-55-21,507,21.0587,35.6413
2019-06-02 06-55-23,506,21.0205,35.668
2019-06-02 06-55-25,506,21.0953,35.7
2019-06-02 06-55-29,506,21.0953,35.6813
2019-06-02 06-55-31,506,21.022,35.6813
2019-06-02 06-55-33,506,21.022,35.7
2019-06-02 06-55-35,507,21.0449,35.6813
2019-06-02 06-55-37,507,21.0617,35.6813
2019-06-02 06-55-39,507,21.0068,35.6813
2019-06-02 06-55-41,507,21.0434,35.6413
2019-06-02 06-55-43,507,21.0587,35.668
2019-06-02 06-55-47,507,21.0587,35.6813
2019-06-02 06-55-51,507,21.0434,35.7
2019-06-02 06-55-53,507,21.0068,35.7
2019-06-02 06-55-55,507,20.99,35.7
2019-06-02 06-55-57,508,21.0251,35.668
2019-06-02 06-55-59,508,21.077,35.6546
2019-06-02 06-56-03,507,21.0587,35.6413
2019-06-02 06-56-05,507,21.1273,35.5985
2019-06-02 06-56-07,507,21.1441,35.5985
2019-06-02 06-56-09,507,21.1441,35.5852
2019-06-02 06-56-11,507,21.1594,35.5558
2019-06-02 06-56-13,507,21.1044,35.5692
2019-06-02 06-56-15,506,21.1777,35.5852
2019-06-02 06-56-17,506,21.196,35.5692
2019-06-02 06-56-21,506,21.1777,35.6119
2019-06-02 06-56-23,506,21.1624,35.6119
2019-06-02 06-56-25,506,21.1624,35.6252
2019-06-02 06-56-27,506,21.1624,35.6413
2019-06-02 06-56-29,506,21.1624,35.6413
2019-06-02 06-56-31,506,21.1823,35.6252
2019-06-02 06-56-33,506,21.199,35.6546
2019-06-02 06-56-35,506,21.1639,35.6546
2019-06-02 06-56-39,506,21.2189,35.6546
2019-06-02 06-56-41,506,21.2006,35.6546
2019-06-02 06-56-43,506,21.2006,35.6413
2019-06-02 06-56-45,506,21.1456,35.6546
2019-06-02 06-56-47,506,21.1853,35.6252
2019-06-02 06-56-49,506,21.1273,35.6413
2019-06-02 06-56-51,506,21.1456,35.668
2019-06-02 06-56-55,506,21.1639,35.668
2019-06-02 06-56-57,506,21.1304,35.668
2019-06-02 06-56-59,506,21.0434,35.668
2019-06-02 06-57-01,506,21.1121,35.6813
2019-06-02 06-57-03,506,21.077,35.6546
2019-06-02 06-57-05,506,21.0938,35.7
2019-06-02 06-57-07,507,21.0953,35.6413
2019-06-02 06-57-09,506,21.1121,35.6413
2019-06-02 06-57-13,507,21.0938,35.5985
2019-06-02 06-57-15,507,21.1075,35.5852
2019-06-02 06-57-17,506,21.1258,35.5852
2019-06-02 06-57-19,506,21.1411,35.5852
2019-06-02 06-57-21,506,21.1258,35.5692
2019-06-02 06-57-23,506,21.2128,35.5692
2019-06-02 06-57-25,505,21.1777,35.5852
2019-06-02 06-57-27,506,21.2311,35.5692
2019-06-02 06-57-31,506,21.1411,35.5985
2019-06-02 06-57-33,506,21.2143,35.5985
2019-06-02 06-57-35,506,21.1807,35.6119
2019-06-02 06-57-37,506,21.199,35.668
2019-06-02 06-57-39,506,21.0587,35.6546
2019-06-02 06-57-41,506,21.077,35.7134
2019-06-02 06-57-43,506,20.9717,35.7134
2019-06-02 06-57-47,506,21.0449,35.7134
2019-06-02 06-57-49,506,21.0983,35.7401
2019-06-02 06-57-51,506,21.0266,35.7561
2019-06-02 06-57-53,506,21.0114,35.7694
2019-06-02 06-57-55,506,20.9579,35.7828
2019-06-02 06-57-57,506,20.9763,35.7828
2019-06-02 06-57-59,506,20.961,35.8122
2019-06-02 06-58-01,506,20.9259,35.7828
2019-06-02 06-58-05,507,20.9427,35.7694
2019-06-02 06-58-07,506,20.9244,35.7961
2019-06-02 06-58-09,506,20.9076,35.7561
2019-06-02 06-58-11,507,20.9061,35.7561
2019-06-02 06-58-13,507,20.9763,35.7561
2019-06-02 06-58-15,507,21.0114,35.7561
2019-06-02 06-58-17,507,21.0114,35.7134
2019-06-02 06-58-19,507,21.08,35.7134
2019-06-02 06-58-23,508,21.1136,35.7
2019-06-02 06-58-25,509,21.0449,35.7
2019-06-02 06-58-27,509,21.0449,35.7
2019-06-02 06-58-29,509,21.0953,35.6546
2019-06-02 06-58-31,509,21.0587,35.6813
2019-06-02 06-58-33,510,21.1304,35.6813
2019-06-02 06-58-35,510,21.077,35.7
2019-06-02 06-58-37,510,21.1136,35.7
2019-06-02 06-58-41,510,21.0617,35.7134
2019-06-02 06-58-43,511,21.0632,35.7267
2019-06-02 06-58-45,511,21.0083,35.7134
2019-06-02 06-58-47,510,20.9381,35.7401
2019-06-02 06-58-49,509,20.9579,35.7694
2019-06-02 06-58-51,509,20.9763,35.7561
2019-06-02 06-58-53,509,20.9061,35.8255
2019-06-02 06-58-57,509,20.9976,35.7828
2019-06-02 06-58-59,509,20.9076,35.7961
2019-06-02 06-59-01,509,20.871,35.8122
2019-06-02 06-59-03,509,20.9106,35.7961
2019-06-02 06-59-05,509,20.9259,35.7828
2019-06-02 06-59-07,509,20.8893,35.7828
2019-06-02 06-59-09,509,20.8344,35.7961
2019-06-02 06-59-11,509,20.9442,35.7828
2019-06-02 06-59-15,509,20.8527,35.8122
2019-06-02 06-59-17,509,20.8557,35.8122
2019-06-02 06-59-19,508,20.871,35.8122
2019-06-02 06-59-21,509,20.871,35.8122
2019-06-02 06-59-23,508,20.9106,35.8122
2019-06-02 06-59-25,508,20.8557,35.7961
2019-06-02 06-59-27,508,20.9076,35.7961
2019-06-02 06-59-29,509,20.8923,35.7961
2019-06-02 06-59-33,509,20.9076,35.7828
2019-06-02 06-59-35,509,20.9427,35.7961
2019-06-02 06-59-37,508,20.9442,35.7694
2019-06-02 06-59-39,508,20.9763,35.7828
2019-06-02 06-59-41,508,20.961,35.7694
2019-06-02 06-59-43,507,21.0114,35.7561
2019-06-02 06-59-45,507,21.0266,35.7828
2019-06-02 06-59-49,507,20.961,35.7561
2019-06-02 06-59-51,506,20.993,35.7694
2019-06-02 06-59-53,506,21.0114,35.7561
2019-06-02 06-59-55,506,21.048,35.7828
2019-06-02 06-59-57,506,21.0495,35.7561
2019-06-02 06-59-59,506,21.048,35.7401
2019-06-02 07-00-01,507,21.0083,35.7561
2019-06-02 07-00-03,507,21.0114,35.7961
2019-06-02 07-00-07,506,20.961,35.7828
2019-06-02 07-00-09,507,20.9763,35.7694
2019-06-02 07-00-11,507,20.9244,35.7828
2019-06-02 07-00-13,506,20.9763,35.8255
2019-06-02 07-00-15,506,20.9442,35.7961
2019-06-02 07-00-18,506,20.9259,35.8122
2019-06-02 07-00-20,506,20.9259,35.8389
2019-06-02 07-00-22,506,20.874,35.8389
2019-06-02 07-00-26,506,20.8557,35.8549
2019-06-02 07-00-28,507,20.9305,35.8389
2019-06-02 07-00-30,506,20.9106,35.8255
2019-06-02 07-00-32,507,20.8939,35.8389
2019-06-02 07-00-34,507,20.8557,35.8389
2019-06-02 07-00-36,506,20.8557,35.8255
2019-06-02 07-00-38,506,20.9625,35.7961
2019-06-02 07-00-42,506,20.961,35.7561
2019-06-02 07-00-44,506,20.9579,35.7828
2019-06-02 07-00-46,506,21.0297,35.7828
2019-06-02 07-00-48,506,20.9946,35.7694
2019-06-02 07-00-50,506,21.0297,35.7401
2019-06-02 07-00-52,506,21.0083,35.7694
2019-06-02 07-00-54,505,20.9763,35.7561
2019-06-02 07-00-56,505,21.0114,35.7561
2019-06-02 07-01-00,505,21.0114,35.7694
2019-06-02 07-01-02,505,20.9763,35.7961
2019-06-02 07-01-04,505,21.0129,35.8122
2019-06-02 07-01-06,505,20.9106,35.8255
2019-06-02 07-01-08,504,20.9106,35.8122
2019-06-02 07-01-10,504,20.9106,35.8255
2019-06-02 07-01-12,504,20.8939,35.8122
2019-06-02 07-01-14,504,20.8023,35.8389
2019-06-02 07-01-18,503,20.874,35.8549
2019-06-02 07-01-20,503,20.8389,35.8549
2019-06-02 07-01-22,504,20.8389,35.8389
2019-06-02 07-01-24,503,20.874,35.8682
2019-06-02 07-01-26,504,20.7367,35.8389
2019-06-02 07-01-28,504,20.8054,35.8682
2019-06-02 07-01-30,505,20.8054,35.8255
2019-06-02 07-01-34,505,20.8206,35.8389
2019-06-02 07-01-36,505,20.874,35.8389
2019-06-02 07-01-38,505,20.929,35.7961
2019-06-02 07-01-40,505,20.871,35.8122
2019-06-02 07-01-42,504,20.8923,35.8122
2019-06-02 07-01-44,505,20.9442,35.7828
2019-06-02 07-01-46,504,20.9259,35.7828
2019-06-02 07-01-48,504,21.0297,35.7828
2019-06-02 07-01-52,504,21.0495,35.7694
2019-06-02 07-01-54,504,20.9763,35.7561
2019-06-02 07-01-56,504,21.0114,35.7401
2019-06-02 07-01-58,504,21.0815,35.7134
2019-06-02 07-02-00,505,21.08,35.6813
2019-06-02 07-02-02,504,21.0953,35.6813
2019-06-02 07-02-04,504,21.077,35.6813
2019-06-02 07-02-06,504,21.1136,35.7
2019-06-02 07-02-10,504,21.1136,35.7
2019-06-02 07-02-12,504,21.08,35.7
2019-06-02 07-02-14,504,21.0617,35.7267
2019-06-02 07-02-16,503,20.99,35.7561
2019-06-02 07-02-18,503,20.993,35.7694
2019-06-02 07-02-20,504,21.0114,35.7828
2019-06-02 07-02-22,504,20.9763,35.7828
2019-06-02 07-02-24,504,20.9763,35.8255
2019-06-02 07-02-28,503,20.929,35.8255
2019-06-02 07-02-30,503,20.9442,35.8389
2019-06-02 07-02-32,502,20.9473,35.8255
2019-06-02 07-02-34,502,20.929,35.8549
2019-06-02 07-02-36,502,20.9122,35.8389
2019-06-02 07-02-38,502,20.9106,35.8122
2019-06-02 07-02-40,502,20.9106,35.8389
2019-06-02 07-02-44,503,20.8389,35.8122
2019-06-02 07-02-46,503,20.9259,35.8122
2019-06-02 07-02-48,503,20.9625,35.7828
2019-06-02 07-02-50,503,20.9259,35.7694
2019-06-02 07-02-52,503,20.9427,35.7961
2019-06-02 07-02-54,503,20.9793,35.7961
2019-06-02 07-02-56,503,20.9946,35.8122
2019-06-02 07-02-58,503,20.9976,35.7828
2019-06-02 07-03-02,503,20.9946,35.7401
2019-06-02 07-03-04,503,20.993,35.7401
2019-06-02 07-03-06,503,20.9579,35.7561
2019-06-02 07-03-08,503,20.9763,35.7961
2019-06-02 07-03-10,503,20.961,35.7961
2019-06-02 07-03-12,503,21.0129,35.8122
2019-06-02 07-03-14,502,20.9625,35.8389
2019-06-02 07-03-16,502,20.9625,35.8389
2019-06-02 07-03-20,502,21.0342,35.8682
2019-06-02 07-03-22,502,20.9839,35.8549
2019-06-02 07-03-24,502,20.9305,35.8682
2019-06-02 07-03-26,502,20.9488,35.8682
2019-06-02 07-03-28,502,20.9656,35.8682
2019-06-02 07-03-30,502,20.8969,35.8816
2019-06-02 07-03-32,502,20.9488,35.8549
2019-06-02 07-03-36,503,20.9305,35.8122
2019-06-02 07-03-38,503,20.9259,35.7828
2019-06-02 07-03-40,503,20.8893,35.7694
2019-06-02 07-03-42,503,20.9946,35.7401
2019-06-02 07-03-44,503,20.9579,35.7267
2019-06-02 07-03-46,502,20.9747,35.7
2019-06-02 07-03-48,502,21.0251,35.7401
2019-06-02 07-03-50,502,21.0083,35.7561
2019-06-02 07-03-54,502,20.993,35.7694
2019-06-02 07-03-56,501,20.9763,35.7694
2019-06-02 07-03-58,502,20.9763,35.8122
2019-06-02 07-04-00,503,20.9259,35.7961
2019-06-02 07-04-02,503,20.9259,35.8255
2019-06-02 07-04-04,503,20.9625,35.8255
2019-06-02 07-04-06,503,20.8557,35.8549
2019-06-02 07-04-08,503,20.8939,35.8255
2019-06-02 07-04-12,503,20.8939,35.8389
2019-06-02 07-04-14,503,20.9106,35.8549
2019-06-02 07-04-16,502,20.8572,35.8816
2019-06-02 07-04-18,502,20.8755,35.8816
2019-06-02 07-04-20,502,20.8237,35.8949
2019-06-02 07-04-22,502,20.7916,35.9377
2019-06-02 07-04-24,502,20.8099,35.9377
2019-06-02 07-04-28,502,20.7413,35.911
2019-06-02 07-04-30,502,20.7565,35.951
2019-06-02 07-04-32,502,20.7047,35.951
2019-06-02 07-04-34,501,20.7199,35.951
2019-06-02 07-04-36,501,20.7047,35.951
2019-06-02 07-04-38,501,20.7199,35.967
2019-06-02 07-04-40,501,20.723,35.967
2019-06-02 07-04-42,501,20.6696,35.951
2019-06-02 07-04-46,501,20.7932,35.967
2019-06-02 07-04-48,501,20.7596,35.951
2019-06-02 07-04-50,501,20.6863,35.9804
2019-06-02 07-04-52,501,20.7428,35.951
2019-06-02 07-04-54,501,20.7779,35.951
2019-06-02 07-04-56,501,20.7413,35.951
2019-06-02 07-04-58,502,20.7413,35.9937
2019-06-02 07-05-00,501,20.7428,35.9937
2019-06-02 07-05-04,501,20.7794,35.9804
2019-06-02 07-05-06,500,20.7779,35.951
2019-06-02 07-05-08,501,20.8466,35.9377
2019-06-02 07-05-10,501,20.8099,35.9377
2019-06-02 07-05-12,501,20.8466,35.9377
2019-06-02 07-05-14,501,20.8618,35.967
2019-06-02 07-05-16,501,20.8649,35.967
2019-06-02 07-05-20,501,20.9015,35.9804
2019-06-02 07-05-22,501,20.8481,35.967
2019-06-02 07-05-24,500,20.8649,35.967
2019-06-02 07-05-26,500,20.8298,35.967
2019-06-02 07-05-28,500,20.8115,35.9377
2019-06-02 07-05-30,500,20.8099,35.9377
2019-06-02 07-05-33,500,20.8618,35.951
2019-06-02 07-05-35,501,20.8466,35.951
2019-06-02 07-05-39,500,20.7779,35.9377
2019-06-02 07-05-41,501,20.7932,35.9377
2019-06-02 07-05-43,501,20.8099,35.951
2019-06-02 07-05-45,501,20.8466,35.951
2019-06-02 07-05-47,501,20.8115,35.9377
2019-06-02 07-05-49,502,20.8618,35.951
2019-06-02 07-05-51,502,20.8115,35.967
2019-06-02 07-05-53,502,20.7779,35.951
2019-06-02 07-05-57,502,20.7596,35.967
2019-06-02 07-05-59,502,20.7596,35.9804
2019-06-02 07-06-01,502,20.723,35.951
2019-06-02 07-06-03,502,20.7596,35.9937
2019-06-02 07-06-05,502,20.7062,35.967
2019-06-02 07-06-07,502,20.7428,35.9937
2019-06-02 07-06-09,503,20.6726,36.0071
2019-06-02 07-06-11,503,20.6726,35.9937
2019-06-02 07-06-15,502,20.7062,36.0231
2019-06-02 07-06-17,503,20.6558,36.0231
2019-06-02 07-06-19,502,20.6741,36.0498
2019-06-02 07-06-21,503,20.6238,36.0632
2019-06-02 07-06-23,502,20.6055,36.0632
2019-06-02 07-06-25,502,20.6924,36.0632
2019-06-02 07-06-27,503,20.6772,36.0632
2019-06-02 07-06-31,503,20.7474,36.0365
2019-06-02 07-06-33,503,20.7474,36.0365
2019-06-02 07-06-35,504,20.7825,36.0071
2019-06-02 07-06-37,504,20.8145,35.9937
2019-06-02 07-06-39,504,20.8298,36.0071
2019-06-02 07-06-41,504,20.6909,35.9937
2019-06-02 07-06-43,504,20.7062,36.0071
2019-06-02 07-06-45,503,20.7062,36.0071
2019-06-02 07-06-49,503,20.7062,36.0498
2019-06-02 07-06-51,503,20.7108,36.0365
2019-06-02 07-06-53,503,20.6924,36.0498
2019-06-02 07-06-55,503,20.7108,36.0792
2019-06-02 07-06-57,502,20.6421,36.1059
2019-06-02 07-06-59,502,20.5719,36.1192
2019-06-02 07-07-01,502,20.5719,36.1646
2019-06-02 07-07-03,502,20.6131,36.1646
2019-06-02 07-07-07,502,20.5765,36.178
2019-06-02 07-07-09,502,20.4895,36.178
2019-06-02 07-07-11,503,20.5048,36.194
2019-06-02 07-07-13,503,20.5231,36.2074
2019-06-02 07-07-15,503,20.4544,36.178
2019-06-02 07-07-17,504,20.5765,36.1192
2019-06-02 07-07-19,503,20.4498,36.1192
2019-06-02 07-07-21,504,20.5368,36.0792
2019-06-02 07-07-25,504,20.5536,36.0925
2019-06-02 07-07-27,504,20.5536,36.1192
2019-06-02 07-07-29,503,20.5902,36.1192
2019-06-02 07-07-31,502,20.5719,36.1646
2019-06-02 07-07-33,503,20.5399,36.1379
2019-06-02 07-07-35,503,20.5215,36.178
2019-06-02 07-07-37,503,20.4712,36.1646
2019-06-02 07-07-41,504,20.5231,36.178
2019-06-02 07-07-43,504,20.4895,36.1646
2019-06-02 07-07-45,504,20.4712,36.1646
2019-06-02 07-07-47,504,20.4315,36.178
2019-06-02 07-07-49,504,20.4712,36.1646
2019-06-02 07-07-51,504,20.4865,36.1646
2019-06-02 07-07-53,505,20.4865,36.1192
2019-06-02 07-07-55,505,20.5368,36.1646
2019-06-02 07-07-59,505,20.5582,36.1513
2019-06-02 07-08-01,505,20.5215,36.1059
2019-06-02 07-08-03,505,20.5536,36.1379
2019-06-02 07-08-05,505,20.61,36.1059
2019-06-02 07-08-07,505,20.5719,36.1379
2019-06-02 07-08-09,505,20.5902,36.1059
2019-06-02 07-08-11,504,20.6085,36.1379
2019-06-02 07-08-13,503,20.5902,36.1379
2019-06-02 07-08-17,503,20.5734,36.1192
2019-06-02 07-08-19,503,20.6451,36.1513
2019-06-02 07-08-21,502,20.5582,36.1513
2019-06-02 07-08-23,503,20.5399,36.1379
2019-06-02 07-08-25,502,20.61,36.1379
2019-06-02 07-08-27,502,20.5734,36.1379
2019-06-02 07-08-29,502,20.5551,36.178
2019-06-02 07-08-33,502,20.5231,36.1646
2019-06-02 07-08-35,502,20.5231,36.178
2019-06-02 07-08-37,502,20.5231,36.1646
2019-06-02 07-08-39,503,20.5582,36.2074
2019-06-02 07-08-41,503,20.4727,36.1646
2019-06-02 07-08-43,503,20.5582,36.2074
2019-06-02 07-08-45,503,20.491,36.194
2019-06-02 07-08-47,503,20.4895,36.1646
2019-06-02 07-08-51,503,20.4865,36.178
2019-06-02 07-08-53,502,20.5231,36.194
2019-06-02 07-08-55,502,20.5414,36.2074
2019-06-02 07-08-57,502,20.4727,36.2367
2019-06-02 07-08-59,501,20.4758,36.2074
2019-06-02 07-09-01,501,20.4544,36.2207
2019-06-02 07-09-03,501,20.491,36.2207
2019-06-02 07-09-05,502,20.4727,36.194
2019-06-02 07-09-09,502,20.5078,36.178
2019-06-02 07-09-11,502,20.4712,36.1646
2019-06-02 07-09-13,504,20.4712,36.1646
2019-06-02 07-09-15,505,20.4712,36.1192
2019-06-02 07-09-17,505,20.4681,36.1513
2019-06-02 07-09-19,504,20.5215,36.1379
2019-06-02 07-09-21,504,20.5215,36.1379
2019-06-02 07-09-25,504,20.4865,36.1379
2019-06-02 07-09-27,505,20.5215,36.1192
2019-06-02 07-09-29,505,20.5032,36.1059
2019-06-02 07-09-31,504,20.5536,36.0925
2019-06-02 07-09-33,504,20.5185,36.0632
2019-06-02 07-09-35,504,20.5353,36.0365
2019-06-02 07-09-37,503,20.6406,36.0231
2019-06-02 07-09-39,504,20.6741,36.0071
2019-06-02 07-09-43,503,20.6039,36.0632
2019-06-02 07-09-45,503,20.6238,36.0792
2019-06-02 07-09-47,503,20.6085,36.0632
2019-06-02 07-09-49,502,20.6406,36.0925
2019-06-02 07-09-51,502,20.6085,36.1059
2019-06-02 07-09-53,502,20.6451,36.1192
2019-06-02 07-09-55,502,20.5902,36.1379
2019-06-02 07-09-57,502,20.5902,36.1513
2019-06-02 07-10-01,502,20.5734,36.1646
2019-06-02 07-10-03,502,20.5231,36.1513
2019-06-02 07-10-05,503,20.5215,36.1646
2019-06-02 07-10-07,503,20.5399,36.1646
2019-06-02 07-10-09,503,20.5231,36.178
2019-06-02 07-10-11,503,20.5231,36.194
2019-06-02 07-10-13,503,20.5078,36.1646
2019-06-02 07-10-17,503,20.5231,36.178
2019-06-02 07-10-19,503,20.4895,36.1646
2019-06-02 07-10-21,503,20.5231,36.194
2019-06-02 07-10-23,504,20.5231,36.178
2019-06-02 07-10-25,504,20.4895,36.178
2019-06-02 07-10-27,505,20.4712,36.1646
2019-06-02 07-10-29,505,20.4712,36.1646
2019-06-02 07-10-31,506,20.5048,36.1513
2019-06-02 07-10-35,506,20.5734,36.1513
2019-06-02 07-10-37,506,20.5399,36.178
2019-06-02 07-10-39,505,20.5231,36.1513
2019-06-02 07-10-41,505,20.5582,36.1513
2019-06-02 07-10-43,505,20.5582,36.1513
2019-06-02 07-10-45,505,20.5215,36.1192
2019-06-02 07-10-47,505,20.5551,36.1059
2019-06-02 07-10-49,505,20.5368,36.1059
2019-06-02 07-10-53,505,20.6085,36.1379
2019-06-02 07-10-55,505,20.5902,36.1192
2019-06-02 07-10-57,505,20.5902,36.1379
2019-06-02 07-10-59,505,20.5734,36.1059
2019-06-02 07-11-01,504,20.6085,36.0925
2019-06-02 07-11-03,505,20.5719,36.0792
2019-06-02 07-11-05,504,20.5353,36.1059
2019-06-02 07-11-09,504,20.6268,36.0925
2019-06-02 07-11-11,504,20.5536,36.0925
2019-06-02 07-11-13,504,20.6268,36.1059
2019-06-02 07-11-15,504,20.5902,36.1059
2019-06-02 07-11-17,503,20.5719,36.1379
2019-06-02 07-11-19,503,20.5551,36.1646
2019-06-02 07-11-21,503,20.5399,36.1513
2019-06-02 07-11-23,504,20.5734,36.178
2019-06-02 07-11-27,504,20.5231,36.178
2019-06-02 07-11-30,504,20.5231,36.2074
2019-06-02 07-11-32,504,20.5261,36.2501
2019-06-02 07-11-34,504,20.5276,36.2635
2019-06-02 07-11-36,504,20.459,36.2635
2019-06-02 07-11-38,504,20.4208,36.2768
2019-06-02 07-11-40,504,20.4041,36.2501
2019-06-02 07-11-44,504,20.4391,36.2501
2019-06-02 07-11-46,505,20.4208,36.2367
2019-06-02 07-11-48,505,20.4208,36.2207
2019-06-02 07-11-50,505,20.3842,36.2074
2019-06-02 07-11-52,505,20.4178,36.2074
2019-06-02 07-11-54,505,20.4544,36.2207
2019-06-02 07-11-56,505,20.4575,36.2074
2019-06-02 07-11-58,505,20.4544,36.2074
2019-06-02 07-12-02,505,20.3995,36.194
2019-06-02 07-12-04,504,20.4727,36.2074
2019-06-02 07-12-06,504,20.5078,36.194
2019-06-02 07-12-08,504,20.4727,36.2367
2019-06-02 07-12-10,504,20.491,36.2367
2019-06-02 07-12-12,504,20.5444,36.2074
2019-06-02 07-12-14,504,20.4727,36.194
2019-06-02 07-12-16,504,20.4727,36.1513
2019-06-02 07-12-20,504,20.5215,36.1513
2019-06-02 07-12-22,504,20.5215,36.1192
2019-06-02 07-12-24,504,20.5719,36.0925
2019-06-02 07-12-26,505,20.6085,36.0925
2019-06-02 07-12-28,505,20.6604,36.0498
2019-06-02 07-12-30,504,20.6055,36.0792
2019-06-02 07-12-32,504,20.6085,36.0498
2019-06-02 07-12-36,504,20.6238,36.0498
2019-06-02 07-12-38,504,20.5673,36.0498
2019-06-02 07-12-40,504,20.7108,36.0632
2019-06-02 07-12-42,504,20.6924,36.0498
2019-06-02 07-12-44,504,20.6406,36.0365
2019-06-02 07-12-46,504,20.6924,36.0632
2019-06-02 07-12-48,504,20.6589,36.0632
2019-06-02 07-12-50,505,20.6772,36.0925
2019-06-02 07-12-54,504,20.6421,36.1379
2019-06-02 07-12-56,504,20.5734,36.1192
2019-06-02 07-12-58,504,20.5902,36.1192
2019-06-02 07-13-00,504,20.5368,36.178
2019-06-02 07-13-02,504,20.5917,36.1646
2019-06-02 07-13-04,504,20.5048,36.1379
2019-06-02 07-13-06,504,20.5734,36.1379
2019-06-02 07-13-08,505,20.5399,36.1513
2019-06-02 07-13-12,506,20.5215,36.1646
2019-06-02 07-13-14,506,20.5582,36.1513
2019-06-02 07-13-16,506,20.5582,36.178
2019-06-02 07-13-18,506,20.5414,36.178
2019-06-02 07-13-20,506,20.5231,36.194
2019-06-02 07-13-22,505,20.5078,36.1646
2019-06-02 07-13-24,505,20.5231,36.194
2019-06-02 07-13-28,505,20.5078,36.178
2019-06-02 07-13-30,505,20.4895,36.178
2019-06-02 07-13-32,505,20.4895,36.178
2019-06-02 07-13-34,504,20.5231,36.1513
2019-06-02 07-13-36,505,20.4529,36.1192
2019-06-02 07-13-38,504,20.5215,36.1646
2019-06-02 07-13-40,504,20.5399,36.2074
2019-06-02 07-13-42,503,20.5597,36.2207
2019-06-02 07-13-46,502,20.4727,36.2501
2019-06-02 07-13-48,503,20.4941,36.2501
2019-06-02 07-13-50,503,20.4941,36.2635
2019-06-02 07-13-52,503,20.4773,36.2501
2019-06-02 07-13-54,504,20.4758,36.2635
2019-06-02 07-13-56,504,20.5124,36.3195
2019-06-02 07-13-58,504,20.4254,36.3062
2019-06-02 07-14-02,504,20.4071,36.3195
2019-06-02 07-14-04,505,20.4071,36.2768
2019-06-02 07-14-06,505,20.5124,36.2635
2019-06-02 07-14-08,505,20.4941,36.2207
2019-06-02 07-14-10,505,20.491,36.2367
2019-06-02 07-14-12,505,20.4208,36.2501
2019-06-02 07-14-14,505,20.4208,36.2501
2019-06-02 07-14-16,505,20.4758,36.2635
2019-06-02 07-14-20,505,20.459,36.2635
2019-06-02 07-14-22,505,20.4391,36.2768
2019-06-02 07-14-24,504,20.4391,36.2768
2019-06-02 07-14-26,504,20.4773,36.2928
2019-06-02 07-14-28,504,20.4773,36.2768
2019-06-02 07-14-30,504,20.4773,36.2768
2019-06-02 07-14-32,504,20.4956,36.2635
2019-06-02 07-14-34,503,20.4941,36.2635
2019-06-02 07-14-38,503,20.5643,36.2768
2019-06-02 07-14-40,503,20.5643,36.2768
2019-06-02 07-14-42,502,20.459,36.3062
2019-06-02 07-14-44,502,20.4803,36.3062
2019-06-02 07-14-46,502,20.5139,36.3062
2019-06-02 07-14-48,501,20.4254,36.3195
2019-06-02 07-14-50,501,20.4636,36.3195
2019-06-02 07-14-52,501,20.4636,36.3195
2019-06-02 07-14-56,502,20.4071,36.2928
2019-06-02 07-14-58,502,20.462,36.2928
2019-06-02 07-15-00,502,20.462,36.2635
2019-06-02 07-15-02,502,20.4773,36.2501
2019-06-02 07-15-04,502,20.4758,36.2501
2019-06-02 07-15-06,502,20.5093,36.2501
2019-06-02 07-15-08,503,20.5093,36.2501
2019-06-02 07-15-12,503,20.5276,36.2207
2019-06-02 07-15-14,503,20.4727,36.2367
2019-06-02 07-15-16,503,20.5276,36.2367
2019-06-02 07-15-18,503,20.5093,36.2074
2019-06-02 07-15-20,503,20.5414,36.2074
2019-06-02 07-15-22,503,20.5261,36.2207
2019-06-02 07-15-24,503,20.4575,36.2207
2019-06-02 07-15-26,504,20.4727,36.2367
2019-06-02 07-15-30,504,20.5093,36.2367
2019-06-02 07-15-32,504,20.491,36.2367
2019-06-02 07-15-34,504,20.4361,36.2501
2019-06-02 07-15-36,504,20.459,36.2768
2019-06-02 07-15-38,504,20.4773,36.2928
2019-06-02 07-15-40,504,20.4773,36.2928
2019-06-02 07-15-42,504,20.4956,36.3062
2019-06-02 07-15-44,504,20.4254,36.3062
2019-06-02 07-15-48,504,20.4803,36.3489
2019-06-02 07-15-50,503,20.4269,36.3195
2019-06-02 07-15-52,503,20.4071,36.3623
2019-06-02 07-15-54,503,20.3247,36.3756
2019-06-02 07-15-56,504,20.3766,36.3329
2019-06-02 07-15-58,503,20.3384,36.3756
2019-06-02 07-16-00,504,20.3064,36.389
2019-06-02 07-16-04,504,20.3247,36.3756
2019-06-02 07-16-06,504,20.3247,36.405
2019-06-02 07-16-08,504,20.3613,36.389
2019-06-02 07-16-10,504,20.2881,36.405
2019-06-02 07-16-12,504,20.3079,36.405
2019-06-02 07-16-14,505,20.3262,36.389
2019-06-02 07-16-16,504,20.3766,36.3756
2019-06-02 07-16-18,505,20.343,36.3756
2019-06-02 07-16-22,504,20.343,36.3489
2019-06-02 07-16-24,504,20.4086,36.3329
2019-06-02 07-16-26,505,20.3903,36.3062
2019-06-02 07-16-28,505,20.4803,36.2928
2019-06-02 07-16-30,504,20.4773,36.3062
2019-06-02 07-16-32,505,20.5322,36.2768
2019-06-02 07-16-34,505,20.4391,36.2768
2019-06-02 07-16-36,504,20.4224,36.3062
2019-06-02 07-16-40,505,20.3888,36.3062
2019-06-02 07-16-42,505,20.5139,36.3195
2019-06-02 07-16-44,505,20.4254,36.3623
2019-06-02 07-16-46,505,20.4117,36.3623
2019-06-02 07-16-48,505,20.4269,36.389
2019-06-02 07-16-50,505,20.4117,36.4317
2019-06-02 07-16-52,505,20.3262,36.405
2019-06-02 07-16-56,505,20.3262,36.405
2019-06-02 07-16-58,505,20.3079,36.3623
2019-06-02 07-17-00,504,20.3064,36.3623
2019-06-02 07-17-02,504,20.3064,36.405
2019-06-02 07-17-04,504,20.3613,36.3756
2019-06-02 07-17-06,504,20.3766,36.389
2019-06-02 07-17-08,503,20.3079,36.389
2019-06-02 07-17-10,503,20.343,36.389
2019-06-02 07-17-14,503,20.3079,36.3756
2019-06-02 07-17-16,503,20.3247,36.389
2019-06-02 07-17-18,503,20.3247,36.3756
2019-06-02 07-17-20,503,20.285,36.3489
2019-06-02 07-17-22,503,20.3934,36.3062
2019-06-02 07-17-25,502,20.3384,36.3062
2019-06-02 07-17-27,502,20.372,36.2928
2019-06-02 07-17-29,502,20.4224,36.2635
2019-06-02 07-17-33,502,20.4208,36.2367
2019-06-02 07-17-35,502,20.4361,36.2207
2019-06-02 07-17-37,502,20.4178,36.2501
2019-06-02 07-17-39,502,20.459,36.2635
2019-06-02 07-17-41,501,20.4391,36.2635
2019-06-02 07-17-43,501,20.4041,36.2768
2019-06-02 07-17-45,501,20.4041,36.2367
2019-06-02 07-17-47,501,20.4361,36.2501
2019-06-02 07-17-51,502,20.459,36.2635
2019-06-02 07-17-53,502,20.4391,36.2635
2019-06-02 07-17-55,502,20.4391,36.2928
2019-06-02 07-17-57,501,20.4773,36.2501
2019-06-02 07-17-59,501,20.4941,36.2367
2019-06-02 07-18-01,501,20.4575,36.2501
2019-06-02 07-18-03,501,20.4208,36.2501
2019-06-02 07-18-07,500,20.4758,36.2928
2019-06-02 07-18-09,500,20.4773,36.3062
2019-06-02 07-18-11,501,20.4803,36.3329
2019-06-02 07-18-13,501,20.3903,36.3623
2019-06-02 07-18-15,501,20.3583,36.3623
2019-06-02 07-18-17,500,20.3751,36.3756
2019-06-02 07-18-19,501,20.3583,36.389
2019-06-02 07-18-21,501,20.3613,36.3756
2019-06-02 07-18-25,502,20.3766,36.3756
2019-06-02 07-18-27,502,20.4117,36.3489
2019-06-02 07-18-29,502,20.4437,36.3623
2019-06-02 07-18-31,502,20.3934,36.3623
2019-06-02 07-18-33,502,20.3751,36.3623
2019-06-02 07-18-35,503,20.3583,36.389
2019-06-02 07-18-37,503,20.343,36.3756
2019-06-02 07-18-39,502,20.3247,36.4317
2019-06-02 07-18-43,503,20.3445,36.4317
2019-06-02 07-18-45,502,20.3629,36.4317
2019-06-02 07-18-47,503,20.3262,36.445
2019-06-02 07-18-49,503,20.311,36.445
2019-06-02 07-18-51,503,20.311,36.445
2019-06-02 07-18-53,502,20.2744,36.4744
2019-06-02 07-18-55,502,20.3308,36.445
2019-06-02 07-18-57,502,20.2377,36.5011
2019-06-02 07-19-01,503,20.1889,36.4878
2019-06-02 07-19-03,503,20.1889,36.4744
2019-06-02 07-19-05,503,20.1706,36.4878
2019-06-02 07-19-07,504,20.224,36.5171
2019-06-02 07-19-09,504,20.2072,36.4878
2019-06-02 07-19-11,504,20.224,36.5011
2019-06-02 07-19-13,504,20.2606,36.5011
2019-06-02 07-19-17,504,20.224,36.4878
2019-06-02 07-19-19,504,20.224,36.5011
2019-06-02 07-19-21,503,20.1889,36.4878
2019-06-02 07-19-23,502,20.224,36.5171
2019-06-02 07-19-25,502,20.2255,36.5171
2019-06-02 07-19-27,502,20.2423,36.5171
2019-06-02 07-19-29,502,20.2255,36.5305
2019-06-02 07-19-31,502,20.192,36.5305
2019-06-02 07-19-35,501,20.2255,36.5438
2019-06-02 07-19-37,501,20.1202,36.5599
2019-06-02 07-19-39,501,20.1599,36.5732
2019-06-02 07-19-41,501,20.1599,36.5866
2019-06-02 07-19-43,501,20.105,36.6026
2019-06-02 07-19-45,501,20.1782,36.5866
2019-06-02 07-19-47,500,20.1599,36.632
2019-06-02 07-19-49,501,20.0729,36.6186
2019-06-02 07-19-53,502,20.1065,36.6026
2019-06-02 07-19-55,502,20.1233,36.5866
2019-06-02 07-19-57,503,20.1599,36.5866
2019-06-02 07-19-59,503,20.105,36.5866
2019-06-02 07-20-01,503,20.105,36.5866
2019-06-02 07-20-03,503,20.1385,36.5599
2019-06-02 07-20-05,503,20.1019,36.6026
2019-06-02 07-20-07,503,20.1416,36.5866
2019-06-02 07-20-11,503,20.1385,36.6026
2019-06-02 07-20-13,502,20.1416,36.6026
2019-06-02 07-20-15,503,20.1233,36.5599
2019-06-02 07-20-17,504,20.1385,36.5732
2019-06-02 07-20-19,504,20.1752,36.5438
2019-06-02 07-20-21,503,20.2103,36.5599
2019-06-02 07-20-23,503,20.1935,36.5866
2019-06-02 07-20-25,503,20.1233,36.5599
2019-06-02 07-20-29,503,20.1599,36.5866
2019-06-02 07-20-31,502,20.2118,36.5599
2019-06-02 07-20-33,503,20.1599,36.5732
2019-06-02 07-20-35,503,20.1599,36.6026
2019-06-02 07-20-37,503,20.1416,36.6026
2019-06-02 07-20-39,503,20.2118,36.5866
2019-06-02 07-20-41,504,20.1782,36.5599
2019-06-02 07-20-45,503,20.1752,36.5599
2019-06-02 07-20-47,503,20.2103,36.5305
2019-06-02 07-20-49,503,20.137,36.5438
2019-06-02 07-20-51,504,20.2621,36.5438
2019-06-02 07-20-53,504,20.192,36.4878
2019-06-02 07-20-55,505,20.224,36.5011
2019-06-02 07-20-57,504,20.2423,36.4611
2019-06-02 07-20-59,504,20.2393,36.4878
2019-06-02 07-21-03,504,20.1889,36.4878
2019-06-02 07-21-05,504,20.2759,36.5011
2019-06-02 07-21-07,504,20.2423,36.5011
2019-06-02 07-21-09,504,20.2423,36.5171
2019-06-02 07-21-11,504,20.1736,36.5011
2019-06-02 07-21-13,503,20.1889,36.5011
2019-06-02 07-21-15,503,20.1889,36.5171
2019-06-02 07-21-17,503,20.192,36.5305
2019-06-02 07-21-21,503,20.192,36.5305
2019-06-02 07-21-23,503,20.192,36.5171
2019-06-02 07-21-25,503,20.2423,36.5171
2019-06-02 07-21-27,504,20.2606,36.5011
2019-06-02 07-21-29,504,20.2423,36.5011
2019-06-02 07-21-31,504,20.224,36.5011
2019-06-02 07-21-33,504,20.224,36.5305
2019-06-02 07-21-37,504,20.2438,36.4878
2019-06-02 07-21-39,504,20.1889,36.5305
2019-06-02 07-21-41,504,20.2255,36.5305
2019-06-02 07-21-43,503,20.2438,36.5305
2019-06-02 07-21-45,503,20.192,36.5599
2019-06-02 07-21-47,503,20.2103,36.5305
2019-06-02 07-21-49,503,20.2103,36.5599
2019-06-02 07-21-51,503,20.1935,36.5305
2019-06-02 07-21-55,503,20.1736,36.4878
2019-06-02 07-21-57,503,20.2057,36.4878
2019-06-02 07-21-59,503,20.2423,36.4744
2019-06-02 07-22-01,504,20.2759,36.4183
2019-06-02 07-22-03,504,20.2194,36.4183
2019-06-02 07-22-05,504,20.3079,36.4183
2019-06-02 07-22-07,504,20.2377,36.389
2019-06-02 07-22-09,504,20.3613,36.3756
2019-06-02 07-22-13,503,20.343,36.3623
2019-06-02 07-22-15,503,20.285,36.3623
2019-06-02 07-22-17,502,20.3064,36.3329
2019-06-02 07-22-19,502,20.3751,36.2768
2019-06-02 07-22-21,502,20.4391,36.2768
2019-06-02 07-22-23,502,20.4224,36.2928
2019-06-02 07-22-25,502,20.4407,36.3329
2019-06-02 07-22-29,501,20.4086,36.3329
2019-06-02 07-22-31,501,20.4086,36.3329
2019-06-02 07-22-33,500,20.4254,36.3329
2019-06-02 07-22-35,500,20.4086,36.3489
2019-06-02 07-22-37,500,20.4437,36.3195
2019-06-02 07-22-39,500,20.3903,36.3195
2019-06-02 07-22-41,500,20.3568,36.3195
2019-06-02 07-22-43,500,20.4071,36.3195
2019-06-02 07-22-47,500,20.4803,36.3489
2019-06-02 07-22-49,500,20.4269,36.3195
2019-06-02 07-22-51,500,20.4254,36.3329
2019-06-02 07-22-53,501,20.4086,36.3329
2019-06-02 07-22-55,500,20.3751,36.3756
2019-06-02 07-22-57,500,20.3766,36.4183
2019-06-02 07-22-59,499,20.3445,36.445
2019-06-02 07-23-01,500,20.3445,36.4611
2019-06-02 07-23-05,500,20.2927,36.445
2019-06-02 07-23-07,501,20.311,36.4611
2019-06-02 07-23-09,501,20.2927,36.4611
2019-06-02 07-23-11,501,20.2576,36.4611
2019-06-02 07-23-14,501,20.3125,36.4611
2019-06-02 07-23-16,501,20.2576,36.445
2019-06-02 07-23-18,502,20.2377,36.4611
2019-06-02 07-23-22,502,20.3659,36.445
2019-06-02 07-23-24,502,20.311,36.4317
2019-06-02 07-23-26,502,20.3262,36.405
2019-06-02 07-23-28,502,20.3262,36.389
2019-06-02 07-23-30,502,20.3949,36.3329
2019-06-02 07-23-32,502,20.3903,36.3329
2019-06-02 07-23-34,502,20.4437,36.2768
2019-06-02 07-23-36,502,20.4773,36.2207
2019-06-02 07-23-40,502,20.4575,36.2367
2019-06-02 07-23-42,502,20.5093,36.2768
2019-06-02 07-23-44,502,20.546,36.2768
2019-06-02 07-23-46,502,20.5307,36.2768
2019-06-02 07-23-48,502,20.4224,36.2501
2019-06-02 07-23-50,502,20.4941,36.2367
2019-06-02 07-23-52,502,20.491,36.2635
2019-06-02 07-23-54,502,20.4773,36.2928
2019-06-02 07-23-58,501,20.4773,36.3489
2019-06-02 07-24-00,500,20.4437,36.3329
2019-06-02 07-24-02,500,20.4086,36.3062
2019-06-02 07-24-04,500,20.4803,36.3062
2019-06-02 07-24-06,500,20.4956,36.3489
2019-06-02 07-24-08,499,20.3934,36.3756
2019-06-02 07-24-10,499,20.3934,36.405
2019-06-02 07-24-12,499,20.3796,36.4317
2019-06-02 07-24-16,500,20.3629,36.4317
2019-06-02 07-24-18,500,20.3796,36.4317
2019-06-02 07-24-20,500,20.3629,36.445
2019-06-02 07-24-22,501,20.3445,36.4611
2019-06-02 07-24-24,501,20.3293,36.4744
2019-06-02 07-24-26,502,20.3995,36.4744
2019-06-02 07-24-28,502,20.3308,36.4317
2019-06-02 07-24-32,503,20.256,36.445
2019-06-02 07-24-34,503,20.2744,36.445
2019-06-02 07-24-36,502,20.2744,36.445
2019-06-02 07-24-38,503,20.3293,36.4317
2019-06-02 07-24-40,503,20.3262,36.4183
2019-06-02 07-24-42,502,20.2896,36.445
2019-06-02 07-24-44,502,20.3812,36.405
2019-06-02 07-24-46,502,20.3262,36.4317
2019-06-02 07-24-50,501,20.3796,36.4611
2019-06-02 07-24-52,502,20.2744,36.4611
2019-06-02 07-24-54,502,20.3125,36.4878
2019-06-02 07-24-56,503,20.2927,36.4878
2019-06-02 07-24-58,503,20.2423,36.445
2019-06-02 07-25-00,503,20.256,36.445
2019-06-02 07-25-02,503,20.311,36.4744
2019-06-02 07-25-04,503,20.3476,36.4611
2019-06-02 07-25-08,503,20.3476,36.4744
2019-06-02 07-25-10,503,20.3476,36.5011
2019-06-02 07-25-12,502,20.2606,36.4878
2019-06-02 07-25-14,502,20.2927,36.5171
2019-06-02 07-25-16,502,20.2942,36.4744
2019-06-02 07-25-18,502,20.3476,36.4878
2019-06-02 07-25-20,502,20.3125,36.4744
2019-06-02 07-25-22,503,20.2927,36.4611
2019-06-02 07-25-26,503,20.3293,36.445
2019-06-02 07-25-28,503,20.3293,36.4611
2019-06-02 07-25-30,502,20.3125,36.445
2019-06-02 07-25-32,503,20.3293,36.4611
2019-06-02 07-25-34,502,20.3125,36.4317
2019-06-02 07-25-36,502,20.311,36.445
2019-06-02 07-25-38,502,20.3629,36.445
2019-06-02 07-25-42,502,20.3445,36.445
2019-06-02 07-25-44,501,20.3629,36.4317
2019-06-02 07-25-46,501,20.3262,36.405
2019-06-02 07-25-48,501,20.3262,36.389
2019-06-02 07-25-50,500,20.4117,36.4183
2019-06-02 07-25-52,500,20.3613,36.405
2019-06-02 07-25-54,499,20.3796,36.4317
2019-06-02 07-25-56,499,20.3445,36.445
2019-06-02 07-26-00,501,20.3629,36.405
2019-06-02 07-26-02,501,20.3262,36.4183
2019-06-02 07-26-04,500,20.3796,36.445
2019-06-02 07-26-06,500,20.3293,36.4183
2019-06-02 07-26-08,500,20.253,36.445
2019-06-02 07-26-10,500,20.311,36.4744
2019-06-02 07-26-12,500,20.2393,36.4744
2019-06-02 07-26-16,500,20.2393,36.4744
2019-06-02 07-26-18,500,20.2576,36.4611
2019-06-02 07-26-20,500,20.2744,36.4744
2019-06-02 07-26-22,500,20.3125,36.4183
2019-06-02 07-26-24,501,20.2896,36.4611
2019-06-02 07-26-26,501,20.3125,36.4183
2019-06-02 07-26-28,501,20.3262,36.4183
2019-06-02 07-26-30,500,20.3079,36.389
2019-06-02 07-26-34,500,20.3079,36.389
2019-06-02 07-26-36,501,20.4117,36.3756
2019-06-02 07-26-38,501,20.43,36.3756
2019-06-02 07-26-40,500,20.43,36.389
2019-06-02 07-26-42,500,20.3949,36.4183
2019-06-02 07-26-44,500,20.3979,36.389
2019-06-02 07-26-46,499,20.3766,36.4183
2019-06-02 07-26-48,499,20.3613,36.4183
2019-06-02 07-26-52,499,20.3613,36.405
2019-06-02 07-26-54,500,20.343,36.389
2019-06-02 07-26-56,501,20.3766,36.3756
2019-06-02 07-26-58,501,20.4453,36.3623
2019-06-02 07-27-00,502,20.4453,36.3489
2019-06-02 07-27-02,502,20.3934,36.3329
2019-06-02 07-27-04,502,20.4086,36.3195
2019-06-02 07-27-08,502,20.4071,36.2928
2019-06-02 07-27-10,501,20.4224,36.2768
2019-06-02 07-27-12,502,20.459,36.3062
2019-06-02 07-27-14,501,20.4956,36.2928
2019-06-02 07-27-16,500,20.4773,36.3062
2019-06-02 07-27-18,500,20.4254,36.3062
2019-06-02 07-27-20,499,20.4803,36.2768
2019-06-02 07-27-22,499,20.5124,36.2635
2019-06-02 07-27-26,499,20.4941,36.2367
2019-06-02 07-27-28,499,20.4575,36.2207
2019-06-02 07-27-30,499,20.491,36.2501
2019-06-02 07-27-32,499,20.5276,36.2501
2019-06-02 07-27-34,499,20.4941,36.2768
2019-06-02 07-27-36,499,20.5643,36.2928
2019-06-02 07-27-38,499,20.4773,36.3329
2019-06-02 07-27-40,498,20.4437,36.2928
2019-06-02 07-27-44,498,20.462,36.3195
2019-06-02 07-27-46,499,20.4987,36.2768
2019-06-02 07-27-48,499,20.5124,36.2768
2019-06-02 07-27-50,499,20.4956,36.2928
2019-06-02 07-27-52,499,20.462,36.3195
2019-06-02 07-27-54,499,20.4803,36.3062
2019-06-02 07-27-56,499,20.4803,36.3329
2019-06-02 07-28-00,499,20.5505,36.3489
2019-06-02 07-28-02,499,20.4086,36.3623
2019-06-02 07-28-04,498,20.4453,36.3623
2019-06-02 07-28-06,498,20.4269,36.3489
2019-06-02 07-28-08,499,20.4819,36.3623
2019-06-02 07-28-10,498,20.4666,36.389
2019-06-02 07-28-12,499,20.4117,36.405
2019-06-02 07-28-14,499,20.4132,36.4183
2019-06-02 07-28-18,499,20.3979,36.389
2019-06-02 07-28-20,499,20.3613,36.389
2019-06-02 07-28-22,499,20.3766,36.3329
2019-06-02 07-28-24,499,20.3903,36.3489
2019-06-02 07-28-26,498,20.4636,36.3195
2019-06-02 07-28-28,499,20.4636,36.3062
2019-06-02 07-28-30,499,20.4803,36.3062
2019-06-02 07-28-34,498,20.4071,36.3195
2019-06-02 07-28-36,498,20.4636,36.3329
2019-06-02 07-28-38,498,20.4987,36.3329
2019-06-02 07-28-40,498,20.4636,36.3062
2019-06-02 07-28-42,498,20.4254,36.2928
2019-06-02 07-28-44,498,20.462,36.2768
2019-06-02 07-28-46,499,20.5124,36.2768
2019-06-02 07-28-48,499,20.4773,36.2928
2019-06-02 07-28-52,499,20.462,36.2635
2019-06-02 07-28-54,499,20.4941,36.3062
2019-06-02 07-28-56,499,20.4803,36.3195
2019-06-02 07-28-58,499,20.5139,36.3623
2019-06-02 07-29-00,499,20.4819,36.3756
2019-06-02 07-29-03,499,20.4453,36.405
2019-06-02 07-29-05,499,20.3613,36.405
2019-06-02 07-29-07,499,20.343,36.4317
2019-06-02 07-29-11,500,20.3262,36.445
2019-06-02 07-29-13,500,20.3293,36.4183
2019-06-02 07-29-15,501,20.3079,36.405
2019-06-02 07-29-17,501,20.3613,36.3756
2019-06-02 07-29-19,500,20.3934,36.389
2019-06-02 07-29-21,500,20.3613,36.3756
2019-06-02 07-29-23,500,20.4117,36.3489
2019-06-02 07-29-27,500,20.4437,36.3489
2019-06-02 07-29-29,500,20.4819,36.3195
2019-06-02 07-29-31,500,20.4636,36.3329
2019-06-02 07-29-33,499,20.4803,36.3489
2019-06-02 07-29-35,499,20.517,36.3329
2019-06-02 07-29-37,499,20.4803,36.3195
2019-06-02 07-29-39,499,20.4071,36.3195
2019-06-02 07-29-41,499,20.4636,36.2635
2019-06-02 07-29-45,499,20.5124,36.2501
2019-06-02 07-29-47,499,20.5276,36.2928
2019-06-02 07-29-49,499,20.5139,36.2768
2019-06-02 07-29-51,498,20.4956,36.3062
2019-06-02 07-29-53,498,20.4956,36.3489
2019-06-02 07-29-55,497,20.5002,36.3489
2019-06-02 07-29-57,497,20.4269,36.3489
2019-06-02 07-29-59,497,20.4086,36.3623
2019-06-02 07-30-03,497,20.4269,36.3623
2019-06-02 07-30-05,497,20.4117,36.3756
2019-06-02 07-30-07,497,20.43,36.405
2019-06-02 07-30-09,497,20.43,36.389
2019-06-02 07-30-11,496,20.3766,36.3756
2019-06-02 07-30-13,497,20.4453,36.3756
2019-06-02 07-30-15,496,20.3766,36.389
2019-06-02 07-30-19,496,20.3766,36.389
2019-06-02 07-30-21,496,20.4117,36.3623
2019-06-02 07-30-23,496,20.3934,36.389
2019-06-02 07-30-25,496,20.4483,36.405
2019-06-02 07-30-27,496,20.43,36.3756
2019-06-02 07-30-29,496,20.3583,36.3623
2019-06-02 07-30-31,496,20.4117,36.3756
2019-06-02 07-30-33,497,20.3934,36.3489
2019-06-02 07-30-37,497,20.4819,36.2768
2019-06-02 07-30-39,498,20.4391,36.2635
2019-06-02 07-30-41,497,20.546,36.2367
2019-06-02 07-30-43,498,20.5093,36.2367
2019-06-02 07-30-45,498,20.5444,36.2928
2019-06-02 07-30-47,497,20.549,36.2635
2019-06-02 07-30-49,497,20.5124,36.2928
2019-06-02 07-30-51,497,20.5307,36.3195
2019-06-02 07-30-55,497,20.4636,36.3062
2019-06-02 07-30-57,497,20.4956,36.3195
2019-06-02 07-30-59,497,20.4437,36.3195
2019-06-02 07-31-01,497,20.4803,36.2928
2019-06-02 07-31-03,498,20.5139,36.2928
2019-06-02 07-31-05,498,20.5139,36.3195
2019-06-02 07-31-07,498,20.4803,36.3329
2019-06-02 07-31-09,498,20.4803,36.3489
2019-06-02 07-31-13,498,20.4636,36.389
2019-06-02 07-31-15,498,20.4849,36.405
2019-06-02 07-31-17,498,20.4483,36.4317
2019-06-02 07-31-19,498,20.4163,36.405
2019-06-02 07-31-21,498,20.3796,36.4183
2019-06-02 07-31-23,498,20.3613,36.445
2019-06-02 07-31-25,498,20.3812,36.4317
2019-06-02 07-31-29,498,20.3445,36.4317
2019-06-02 07-31-31,499,20.311,36.445
2019-06-02 07-31-33,499,20.3629,36.4183
2019-06-02 07-31-35,498,20.3445,36.4183
2019-06-02 07-31-37,499,20.3445,36.389
2019-06-02 07-31-39,498,20.3766,36.3489
2019-06-02 07-31-41,498,20.3934,36.3489
2019-06-02 07-31-43,498,20.4437,36.3756
2019-06-02 07-31-47,498,20.4666,36.4183
2019-06-02 07-31-49,498,20.3796,36.389
2019-06-02 07-31-51,498,20.3949,36.389
2019-06-02 07-31-53,497,20.343,36.4183
2019-06-02 07-31-55,497,20.3613,36.4611
2019-06-02 07-31-57,498,20.3995,36.4317
2019-06-02 07-31-59,497,20.3629,36.4317
2019-06-02 07-32-01,497,20.3796,36.445
2019-06-02 07-32-05,497,20.3812,36.4317
2019-06-02 07-32-07,498,20.3629,36.4611
2019-06-02 07-32-09,497,20.3293,36.4611
2019-06-02 07-32-11,497,20.3125,36.4878
2019-06-02 07-32-13,497,20.3125,36.4744
2019-06-02 07-32-15,497,20.3659,36.4878
2019-06-02 07-32-17,498,20.3125,36.5011
2019-06-02 07-32-21,498,20.3156,36.5011
2019-06-02 07-32-23,497,20.2759,36.5438
2019-06-02 07-32-25,498,20.2789,36.5171
2019-06-02 07-32-27,498,20.2606,36.5599
2019-06-02 07-32-29,498,20.2286,36.5866
2019-06-02 07-32-31,498,20.2652,36.5866
2019-06-02 07-32-33,498,20.2469,36.5599
2019-06-02 07-32-35,498,20.1752,36.5732
2019-06-02 07-32-39,498,20.2286,36.5732
2019-06-02 07-32-41,498,20.2118,36.5732
2019-06-02 07-32-43,499,20.1752,36.5599
2019-06-02 07-32-45,498,20.2103,36.5732
2019-06-02 07-32-47,498,20.2286,36.5732
2019-06-02 07-32-49,498,20.2286,36.5599
2019-06-02 07-32-51,498,20.2286,36.5305
2019-06-02 07-32-53,498,20.192,36.5438
2019-06-02 07-32-57,498,20.2103,36.5305
2019-06-02 07-32-59,498,20.2606,36.5732
2019-06-02 07-33-01,498,20.2469,36.5866
2019-06-02 07-33-03,498,20.2118,36.5599
2019-06-02 07-33-05,498,20.2621,36.5732
2019-06-02 07-33-07,498,20.2652,36.5732
2019-06-02 07-33-09,498,20.1935,36.5732
2019-06-02 07-33-13,498,20.2118,36.5732
2019-06-02 07-33-15,498,20.1935,36.5866
2019-06-02 07-33-17,499,20.1782,36.6026
2019-06-02 07-33-19,499,20.1782,36.5599
2019-06-02 07-33-21,499,20.2621,36.5599
2019-06-02 07-33-23,499,20.2469,36.5305
2019-06-02 07-33-25,499,20.2255,36.5438
2019-06-02 07-33-27,499,20.2789,36.5438
2019-06-02 07-33-31,498,20.2621,36.5305
2019-06-02 07-33-33,497,20.2606,36.5305
2019-06-02 07-33-35,497,20.2438,36.5171
2019-06-02 07-33-37,497,20.2789,36.4878
2019-06-02 07-33-39,497,20.2927,36.4744
2019-06-02 07-33-41,497,20.3659,36.4611
2019-06-02 07-33-43,497,20.3476,36.4611
2019-06-02 07-33-45,497,20.3293,36.4744
2019-06-02 07-33-49,497,20.3308,36.5011
2019-06-02 07-33-51,497,20.4025,36.5011
2019-06-02 07-33-53,497,20.3156,36.5171
2019-06-02 07-33-55,497,20.3339,36.5011
2019-06-02 07-33-57,496,20.3156,36.4744
2019-06-02 07-33-59,495,20.3476,36.5011
2019-06-02 07-34-01,495,20.3156,36.5171
2019-06-02 07-34-05,495,20.2942,36.5171
2019-06-02 07-34-07,495,20.3491,36.5011
2019-06-02 07-34-09,496,20.3156,36.5171
2019-06-02 07-34-11,496,20.3339,36.4878
2019-06-02 07-34-13,496,20.2927,36.5438
2019-06-02 07-34-15,497,20.2789,36.5438
2019-06-02 07-34-17,497,20.3171,36.5732
2019-06-02 07-34-19,497,20.2469,36.5866
2019-06-02 07-34-23,497,20.2301,36.5866
2019-06-02 07-34-25,498,20.2118,36.6026
2019-06-02 07-34-27,498,20.2118,36.632
2019-06-02 07-34-29,498,20.1797,36.6186
2019-06-02 07-34-31,498,20.2148,36.6186
2019-06-02 07-34-33,498,20.1965,36.6026
2019-06-02 07-34-35,499,20.2118,36.5866
2019-06-02 07-34-37,500,20.1935,36.5599
2019-06-02 07-34-41,500,20.2103,36.5599
2019-06-02 07-34-43,500,20.2103,36.5732
2019-06-02 07-34-45,499,20.2469,36.5866
2019-06-02 07-34-47,498,20.2469,36.6587
2019-06-02 07-34-49,497,20.2347,36.688
2019-06-02 07-34-52,496,20.2011,36.6587
2019-06-02 07-34-54,498,20.1828,36.7014
2019-06-02 07-34-58,502,20.1294,36.6747
2019-06-02 07-35-00,499,20.1279,36.6587
2019-06-02 07-35-02,498,20.1828,36.6587
2019-06-02 07-35-04,498,20.1279,36.6587
2019-06-02 07-35-06,498,20.1828,36.6587
2019-06-02 07-35-08,498,20.1645,36.6186
2019-06-02 07-35-10,498,20.1614,36.632
2019-06-02 07-35-12,500,20.1614,36.6587
2019-06-02 07-35-16,497,20.1828,36.6587
2019-06-02 07-35-18,499,20.2347,36.6587
2019-06-02 07-35-20,501,20.0912,36.6747
2019-06-02 07-35-22,502,20.1279,36.6587
2019-06-02 07-35-24,501,20.1279,36.6453
2019-06-02 07-35-26,499,20.1645,36.6747
2019-06-02 07-35-28,499,20.1462,36.7014
2019-06-02 07-35-30,498,20.0775,36.688
2019-06-02 07-35-34,496,20.0775,36.688
2019-06-02 07-35-36,494,20.1279,36.6453
2019-06-02 07-35-38,494,20.1431,36.688
2019-06-02 07-35-40,493,20.1462,36.7014
2019-06-02 07-35-42,492,20.1111,36.7014
2019-06-02 07-35-44,494,20.1111,36.7147
2019-06-02 07-35-46,493,20.0775,36.7147
2019-06-02 07-35-48,493,20.0958,36.7308
2019-06-02 07-35-52,492,20.0958,36.7308
2019-06-02 07-35-54,492,20.0607,36.7308
2019-06-02 07-35-56,491,20.079,36.7308
2019-06-02 07-35-58,490,20.0958,36.7147
2019-06-02 07-36-00,491,20.0241,36.7147
2019-06-02 07-36-02,492,20.1141,36.7147
2019-06-02 07-36-04,492,20.0775,36.7308
2019-06-02 07-36-08,492,20.0958,36.688
2019-06-02 07-36-10,493,20.0928,36.6747
2019-06-02 07-36-12,492,20.1279,36.7014
2019-06-02 07-36-14,493,20.1294,36.688
2019-06-02 07-36-16,492,20.1843,36.688
2019-06-02 07-36-18,491,20.1462,36.6747
2019-06-02 07-36-20,492,20.1111,36.7147
2019-06-02 07-36-22,493,20.1141,36.7308
2019-06-02 07-36-26,493,20.1477,36.7308
2019-06-02 07-36-28,492,20.0958,36.7308
2019-06-02 07-36-30,493,20.1141,36.7147
2019-06-02 07-36-32,495,20.0775,36.688
2019-06-02 07-36-34,496,20.0928,36.688
2019-06-02 07-36-36,495,20.1462,36.688
2019-06-02 07-36-38,495,20.0928,36.7014
2019-06-02 07-36-40,494,20.0958,36.7014
2019-06-02 07-36-44,495,20.1111,36.7308
2019-06-02 07-36-46,494,20.1141,36.7014
2019-06-02 07-36-48,494,20.0775,36.7147
2019-06-02 07-36-50,494,20.1141,36.7147
2019-06-02 07-36-52,493,20.0424,36.7575
2019-06-02 07-36-54,493,20.1157,36.7147
2019-06-02 07-36-56,494,20.0424,36.7575
2019-06-02 07-36-58,494,20.0638,36.7868
2019-06-02 07-37-02,493,20.047,36.7575
2019-06-02 07-37-04,493,20.0287,36.7441
2019-06-02 07-37-06,493,20.0455,36.7308
2019-06-02 07-37-08,493,20.0607,36.6747
2019-06-02 07-37-10,493,20.1111,36.688
2019-06-02 07-37-12,493,20.0928,36.632
2019-06-02 07-37-14,492,20.1065,36.632
2019-06-02 07-37-18,492,20.1797,36.6186
2019-06-02 07-37-20,492,20.2301,36.6186
2019-06-02 07-37-22,491,20.1416,36.6026
2019-06-02 07-37-24,491,20.2118,36.632
2019-06-02 07-37-26,491,20.1981,36.6186
2019-06-02 07-37-28,491,20.2148,36.5866
2019-06-02 07-37-30,491,20.1935,36.6026
2019-06-02 07-37-32,492,20.1965,36.5732
2019-06-02 07-37-36,492,20.2469,36.6026
2019-06-02 07-37-38,492,20.2118,36.6186
2019-06-02 07-37-40,492,20.1614,36.6186
2019-06-02 07-37-42,491,20.2301,36.6587
2019-06-02 07-37-44,491,20.1828,36.632
2019-06-02 07-37-46,491,20.1614,36.632
2019-06-02 07-37-48,491,20.1431,36.6587
2019-06-02 07-37-50,490,20.1645,36.6747
2019-06-02 07-37-54,491,20.1828,36.6453
2019-06-02 07-37-56,491,20.1981,36.6747
2019-06-02 07-37-58,491,20.0928,36.6747
2019-06-02 07-38-00,491,20.166,36.6747
2019-06-02 07-38-02,491,20.1279,36.6587
2019-06-02 07-38-04,491,20.1431,36.6747
2019-06-02 07-38-06,492,20.0745,36.688
2019-06-02 07-38-10,492,20.0775,36.688
2019-06-02 07-38-12,492,20.0928,36.7014
2019-06-02 07-38-14,491,20.1111,36.7147
2019-06-02 07-38-16,491,20.1141,36.7308
2019-06-02 07-38-18,491,20.1324,36.7147
2019-06-02 07-38-20,492,20.0607,36.7441
2019-06-02 07-38-22,492,20.0638,36.7308
2019-06-02 07-38-24,492,20.1324,36.7308
2019-06-02 07-38-28,492,20.079,36.7441
2019-06-02 07-38-30,492,20.079,36.7575
2019-06-02 07-38-32,493,20.0455,36.7708
2019-06-02 07-38-34,493,20.0638,36.7868
2019-06-02 07-38-36,492,20.047,36.8002
2019-06-02 07-38-38,492,20.0653,36.8269
2019-06-02 07-38-40,492,20.0333,36.8135
2019-06-02 07-38-42,493,19.9951,36.8563
2019-06-02 07-38-46,493,19.9783,36.8269
2019-06-02 07-38-48,493,19.9768,36.8269
2019-06-02 07-38-50,493,19.9417,36.8563
2019-06-02 07-38-52,493,19.8914,36.8696
2019-06-02 07-38-54,493,19.9814,36.8563
2019-06-02 07-38-56,493,19.9448,36.8696
2019-06-02 07-38-58,493,20.0363,36.8429
2019-06-02 07-39-02,493,19.96,36.8696
2019-06-02 07-39-04,493,19.9448,36.8696
2019-06-02 07-39-06,493,19.9966,36.8696
2019-06-02 07-39-08,493,19.9966,36.899
2019-06-02 07-39-10,493,19.9814,36.899
2019-06-02 07-39-12,492,19.9997,36.9123
2019-06-02 07-39-14,492,19.9646,36.883
2019-06-02 07-39-16,492,19.9097,36.883
2019-06-02 07-39-20,492,19.9463,36.9123
2019-06-02 07-39-22,492,19.9463,36.9257
2019-06-02 07-39-24,492,19.9646,36.9257
2019-06-02 07-39-26,491,19.8578,36.9257
2019-06-02 07-39-28,491,19.841,36.939
2019-06-02 07-39-30,491,19.9142,36.9551
2019-06-02 07-39-32,491,19.8593,36.9684
2019-06-02 07-39-36,491,19.9173,36.9684
2019-06-02 07-39-38,491,19.899,36.9684
2019-06-02 07-39-40,492,19.8807,36.9257
2019-06-02 07-39-42,491,19.8776,36.939
2019-06-02 07-39-44,491,19.8959,36.939
2019-06-02 07-39-46,491,19.8807,36.9257
2019-06-02 07-39-48,492,19.841,36.9551
2019-06-02 07-39-50,492,19.8441,36.939
2019-06-02 07-39-54,492,19.8257,36.9684
2019-06-02 07-39-56,492,19.809,36.9818
2019-06-02 07-39-58,492,19.8441,36.9818
2019-06-02 07-40-00,492,19.8441,36.9818
2019-06-02 07-40-02,492,19.809,37.0111
2019-06-02 07-40-04,492,19.7586,37.0111
2019-06-02 07-40-06,492,19.812,36.9978
2019-06-02 07-40-08,492,19.8273,36.9978
2019-06-02 07-40-12,492,19.7586,37.0111
2019-06-02 07-40-14,492,19.7037,36.9978
2019-06-02 07-40-16,492,19.812,37.0245
2019-06-02 07-40-18,492,19.7769,37.0111
2019-06-02 07-40-21,492,19.7769,37.0378
2019-06-02 07-40-23,491,19.8303,37.0699
2019-06-02 07-40-25,492,19.78,37.0378
2019-06-02 07-40-29,491,19.7769,37.0245
2019-06-02 07-40-31,491,19.7586,37.0378
2019-06-02 07-40-33,492,19.7266,37.0378
2019-06-02 07-40-35,492,19.7433,37.0245
2019-06-02 07-40-37,492,19.7769,37.0378
2019-06-02 07-40-39,492,19.7952,37.0111
2019-06-02 07-40-41,492,19.812,36.9818
2019-06-02 07-40-43,492,19.7906,36.9978
2019-06-02 07-40-47,492,19.8273,36.9978
2019-06-02 07-40-49,492,19.812,36.9978
2019-06-02 07-40-51,492,19.812,37.0111
2019-06-02 07-40-53,492,19.812,36.9978
2019-06-02 07-40-55,492,19.812,37.0111
2019-06-02 07-40-57,492,19.8639,36.9978
2019-06-02 07-40-59,492,19.812,36.9978
2019-06-02 07-41-01,492,19.8456,36.9978
2019-06-02 07-41-05,492,19.8624,37.0111
2019-06-02 07-41-07,492,19.7937,37.0378
2019-06-02 07-41-09,492,19.7433,37.0378
2019-06-02 07-41-11,492,19.7952,37.0539
2019-06-02 07-41-13,492,19.78,37.0539
2019-06-02 07-41-15,492,19.8318,37.0699
2019-06-02 07-41-17,492,19.7449,37.0699
2019-06-02 07-41-21,492,19.6899,37.0699
2019-06-02 07-41-23,492,19.7067,37.0539
2019-06-02 07-41-25,492,19.78,37.0245
2019-06-02 07-41-27,492,19.7769,37.0699
2019-06-02 07-41-29,492,19.7632,37.0832
2019-06-02 07-41-31,493,19.7632,37.0832
2019-06-02 07-41-33,493,19.7632,37.0832
2019-06-02 07-41-35,493,19.7296,37.0699
2019-06-02 07-41-39,493,19.7632,37.0966
2019-06-02 07-41-41,494,19.7479,37.0699
2019-06-02 07-41-43,494,19.6899,37.0832
2019-06-02 07-41-45,495,19.7296,37.0966
2019-06-02 07-41-47,494,19.6899,37.1126
2019-06-02 07-41-49,494,19.7662,37.1126
2019-06-02 07-41-51,494,19.6747,37.1126
2019-06-02 07-41-55,494,19.7296,37.126
2019-06-02 07-41-57,494,19.6762,37.1393
2019-06-02 07-41-59,494,19.6579,37.126
2019-06-02 07-42-01,494,19.6243,37.1527
2019-06-02 07-42-03,494,19.6609,37.1687
2019-06-02 07-42-05,494,19.6609,37.1527
2019-06-02 07-42-07,494,19.6426,37.1527
2019-06-02 07-42-09,494,19.6762,37.1527
2019-06-02 07-42-13,494,19.6609,37.1527
2019-06-02 07-42-15,494,19.6243,37.1687
2019-06-02 07-42-17,495,19.6259,37.1527
2019-06-02 07-42-19,495,19.6426,37.182
2019-06-02 07-42-21,495,19.6106,37.1687
2019-06-02 07-42-23,495,19.6442,37.1687
2019-06-02 07-42-25,495,19.5709,37.182
2019-06-02 07-42-27,495,19.6259,37.1687
2019-06-02 07-42-31,495,19.6075,37.182
2019-06-02 07-42-33,495,19.5923,37.182
2019-06-02 07-42-35,495,19.5709,37.1954
2019-06-02 07-42-37,495,19.5923,37.2087
2019-06-02 07-42-39,495,19.5206,37.1954
2019-06-02 07-42-41,495,19.5557,37.2087
2019-06-02 07-42-43,495,19.574,37.2087
2019-06-02 07-42-47,495,19.5938,37.2087
2019-06-02 07-42-49,495,19.5938,37.1687
2019-06-02 07-42-51,496,19.6259,37.1954
2019-06-02 07-42-53,496,19.6625,37.182
2019-06-02 07-42-55,496,19.6259,37.182
2019-06-02 07-42-57,496,19.5923,37.1954
2019-06-02 07-42-59,496,19.6289,37.182
2019-06-02 07-43-01,496,19.6106,37.2087
2019-06-02 07-43-05,496,19.5938,37.1954
2019-06-02 07-43-07,496,19.574,37.2087
2019-06-02 07-43-09,496,19.5938,37.182
2019-06-02 07-43-11,496,19.6106,37.1954
2019-06-02 07-43-13,496,19.6289,37.2087
2019-06-02 07-43-15,496,19.5557,37.2087
2019-06-02 07-43-17,496,19.6106,37.2248
2019-06-02 07-43-19,495,19.5206,37.2515
2019-06-02 07-43-23,495,19.5755,37.2515
2019-06-02 07-43-25,495,19.5572,37.2515
2019-06-02 07-43-27,495,19.5572,37.2648
2019-06-02 07-43-29,496,19.5068,37.2808
2019-06-02 07-43-31,496,19.5251,37.2515
2019-06-02 07-43-33,496,19.4702,37.2648
2019-06-02 07-43-35,496,19.5251,37.2808
2019-06-02 07-43-39,496,19.5984,37.2515
2019-06-02 07-43-41,496,19.5419,37.2648
2019-06-02 07-43-43,496,19.5251,37.2515
2019-06-02 07-43-45,496,19.5419,37.2648
2019-06-02 07-43-47,496,19.5755,37.2648
2019-06-02 07-43-49,497,19.5419,37.2515
2019-06-02 07-43-51,496,19.5419,37.2648
2019-06-02 07-43-53,496,19.5755,37.2515
2019-06-02 07-43-57,497,19.5572,37.2381
2019-06-02 07-43-59,497,19.4885,37.2381
2019-06-02 07-44-01,497,19.5572,37.2248
2019-06-02 07-44-03,497,19.5053,37.2248
2019-06-02 07-44-05,496,19.5938,37.2381
2019-06-02 07-44-07,496,19.4885,37.2381
2019-06-02 07-44-09,495,19.5969,37.2381
2019-06-02 07-44-11,495,19.6121,37.2381
2019-06-02 07-44-15,495,19.5755,37.2381
2019-06-02 07-44-17,495,19.5572,37.2515
2019-06-02 07-44-19,494,19.5572,37.2648
2019-06-02 07-44-21,494,19.5068,37.2381
2019-06-02 07-44-23,494,19.5755,37.2515
2019-06-02 07-44-25,495,19.5419,37.2381
2019-06-02 07-44-27,495,19.5053,37.2515
2019-06-02 07-44-31,494,19.5419,37.2648
2019-06-02 07-44-33,494,19.5419,37.2515
2019-06-02 07-44-35,495,19.5236,37.2648
2019-06-02 07-44-37,494,19.5602,37.2515
2019-06-02 07-44-39,494,19.5236,37.2515
2019-06-02 07-44-41,494,19.4702,37.2648
2019-06-02 07-44-43,494,19.4885,37.2808
2019-06-02 07-44-45,494,19.5068,37.2808
2019-06-02 07-44-49,494,19.5602,37.2515
2019-06-02 07-44-51,494,19.5419,37.2648
2019-06-02 07-44-53,494,19.4885,37.2808
2019-06-02 07-44-55,494,19.5435,37.2648
2019-06-02 07-44-57,494,19.5419,37.2648
2019-06-02 07-44-59,494,19.455,37.2515
2019-06-02 07-45-01,494,19.5572,37.2248
2019-06-02 07-45-03,494,19.6289,37.2248
2019-06-02 07-45-07,493,19.5938,37.1954
2019-06-02 07-45-09,493,19.6106,37.182
2019-06-02 07-45-11,493,19.5709,37.182
2019-06-02 07-45-13,492,19.6106,37.2087
2019-06-02 07-45-15,493,19.6289,37.2087
2019-06-02 07-45-17,493,19.6625,37.2087
2019-06-02 07-45-19,492,19.6106,37.1954
2019-06-02 07-45-21,492,19.6442,37.2087
2019-06-02 07-45-25,492,19.574,37.2087
2019-06-02 07-45-27,492,19.5206,37.2248
2019-06-02 07-45-29,492,19.5389,37.2515
2019-06-02 07-45-31,492,19.5755,37.2808
2019-06-02 07-45-33,493,19.5435,37.2942
2019-06-02 07-45-35,493,19.5786,37.2515
2019-06-02 07-45-37,493,19.5419,37.2808
2019-06-02 07-45-41,494,19.5251,37.2648
2019-06-02 07-45-43,494,19.5419,37.2381
2019-06-02 07-45-45,494,19.5572,37.2515
2019-06-02 07-45-47,494,19.5755,37.2248
2019-06-02 07-45-49,494,19.6121,37.2248
2019-06-02 07-45-51,494,19.5572,37.2515
2019-06-02 07-45-54,494,19.6304,37.2248
2019-06-02 07-45-56,494,19.6121,37.2087
2019-06-02 07-46-00,494,19.5557,37.2381
2019-06-02 07-46-02,494,19.6121,37.2515
2019-06-02 07-46-04,494,19.5419,37.2648
2019-06-02 07-46-06,494,19.5419,37.2515
2019-06-02 07-46-08,494,19.5236,37.2808
2019-06-02 07-46-10,494,19.5786,37.2808
2019-06-02 07-46-12,494,19.5602,37.2648
2019-06-02 07-46-16,494,19.5602,37.2648
2019-06-02 07-46-18,494,19.5068,37.2648
2019-06-02 07-46-20,494,19.4885,37.2648
2019-06-02 07-46-22,493,19.5419,37.2515
2019-06-02 07-46-24,493,19.5236,37.2648
2019-06-02 07-46-26,494,19.5251,37.2808
2019-06-02 07-46-28,494,19.5602,37.2648
2019-06-02 07-46-30,494,19.4733,37.2942
2019-06-02 07-46-34,494,19.5786,37.2808
2019-06-02 07-46-36,494,19.5435,37.2942
2019-06-02 07-46-38,494,19.5618,37.2808
2019-06-02 07-46-40,494,19.4183,37.2808
2019-06-02 07-46-42,494,19.4916,37.2942
2019-06-02 07-46-44,495,19.4733,37.3236
2019-06-02 07-46-46,495,19.4931,37.3236
2019-06-02 07-46-48,495,19.4931,37.2942
2019-06-02 07-46-52,496,19.4382,37.3075
2019-06-02 07-46-54,496,19.4565,37.3236
2019-06-02 07-46-56,496,19.4412,37.2942
2019-06-02 07-46-58,497,19.4916,37.2942
2019-06-02 07-47-00,497,19.4733,37.2942
2019-06-02 07-47-02,497,19.4382,37.2942
2019-06-02 07-47-04,497,19.4733,37.2648
2019-06-02 07-47-06,497,19.4885,37.2942
2019-06-02 07-47-10,497,19.5435,37.3075
2019-06-02 07-47-12,497,19.5099,37.2808
2019-06-02 07-47-14,497,19.4733,37.3236
2019-06-02 07-47-16,497,19.5465,37.2808
2019-06-02 07-47-18,497,19.4916,37.2942
2019-06-02 07-47-20,496,19.4565,37.2648
2019-06-02 07-47-22,496,19.4733,37.2808
2019-06-02 07-47-26,496,19.4733,37.2648
2019-06-02 07-47-28,496,19.5251,37.2942
2019-06-02 07-47-30,495,19.5251,37.2942
2019-06-02 07-47-32,495,19.5099,37.2942
2019-06-02 07-47-34,495,19.4733,37.2942
2019-06-02 07-47-36,495,19.5099,37.2942
2019-06-02 07-47-38,494,19.5099,37.3236
2019-06-02 07-47-40,494,19.4595,37.3369
2019-06-02 07-47-44,494,19.5465,37.3236
2019-06-02 07-47-46,494,19.5099,37.3236
2019-06-02 07-47-48,494,19.5099,37.3503
2019-06-02 07-47-50,495,19.5297,37.3236
2019-06-02 07-47-52,495,19.4931,37.3369
2019-06-02 07-47-54,495,19.4595,37.3503
2019-06-02 07-47-56,495,19.4595,37.3369
2019-06-02 07-47-58,495,19.4412,37.3503
2019-06-02 07-48-02,496,19.4778,37.3369
2019-06-02 07-48-04,495,19.4778,37.3236
2019-06-02 07-48-06,495,19.4931,37.3369
2019-06-02 07-48-08,495,19.4778,37.3075
2019-06-02 07-48-10,495,19.5618,37.3503
2019-06-02 07-48-12,495,19.4778,37.3236
2019-06-02 07-48-14,495,19.5099,37.3075
2019-06-02 07-48-18,495,19.5099,37.3236
2019-06-02 07-48-20,495,19.6014,37.3236
2019-06-02 07-48-22,495,19.5618,37.3236
2019-06-02 07-48-24,495,19.5282,37.3369
2019-06-02 07-48-26,495,19.4931,37.3503
2019-06-02 07-48-28,494,19.5831,37.3503
2019-06-02 07-48-30,495,19.5114,37.3503
2019-06-02 07-48-32,494,19.4962,37.3369
2019-06-02 07-48-36,494,19.5282,37.3503
2019-06-02 07-48-38,495,19.4778,37.3796
2019-06-02 07-48-40,495,19.4611,37.3636
2019-06-02 07-48-42,495,19.4962,37.3796
2019-06-02 07-48-44,495,19.4061,37.3796
2019-06-02 07-48-46,495,19.4962,37.3636
2019-06-02 07-48-48,495,19.4611,37.3503
2019-06-02 07-48-50,495,19.4962,37.3636
2019-06-02 07-48-54,495,19.4611,37.3503
2019-06-02 07-48-56,496,19.4962,37.3369
2019-06-02 07-48-58,496,19.4778,37.3236
2019-06-02 07-49-00,496,19.4748,37.3236
2019-06-02 07-49-02,497,19.5099,37.2942
2019-06-02 07-49-04,496,19.5099,37.3075
2019-06-02 07-49-06,496,19.4916,37.3503
2019-06-02 07-49-08,496,19.5114,37.3075
2019-06-02 07-49-12,497,19.5099,37.3075
2019-06-02 07-49-14,497,19.5282,37.2942
2019-06-02 07-49-16,497,19.5786,37.2942
2019-06-02 07-49-18,497,19.5435,37.2648
2019-06-02 07-49-20,497,19.5419,37.2808
2019-06-02 07-49-22,496,19.5068,37.2808
2019-06-02 07-49-24,497,19.5068,37.2942
2019-06-02 07-49-28,497,19.5435,37.2381
2019-06-02 07-49-30,497,19.5572,37.2808
2019-06-02 07-49-32,497,19.5786,37.2808
2019-06-02 07-49-34,497,19.5602,37.2942
2019-06-02 07-49-36,498,19.5435,37.3075
2019-06-02 07-49-38,498,19.5435,37.3236
2019-06-02 07-49-40,498,19.5801,37.2942
2019-06-02 07-49-42,497,19.5435,37.3236
2019-06-02 07-49-46,496,19.5282,37.3369
2019-06-02 07-49-48,496,19.5114,37.3369
2019-06-02 07-49-50,496,19.4595,37.3503
2019-06-02 07-49-52,496,19.4427,37.3796
2019-06-02 07-49-54,496,19.4427,37.3796
2019-06-02 07-49-56,496,19.4427,37.3636
2019-06-02 07-49-58,496,19.4229,37.3503
2019-06-02 07-50-00,497,19.4778,37.3369
2019-06-02 07-50-04,498,19.4595,37.3636
2019-06-02 07-50-06,498,19.3878,37.3369
2019-06-02 07-50-08,498,19.4778,37.3369
2019-06-02 07-50-10,499,19.4931,37.3075
2019-06-02 07-50-12,498,19.5099,37.2808
2019-06-02 07-50-14,498,19.5068,37.2942
2019-06-02 07-50-16,498,19.5251,37.2942
2019-06-02 07-50-20,497,19.5618,37.2942
2019-06-02 07-50-22,497,19.5435,37.2808
2019-06-02 07-50-24,497,19.5984,37.2808
2019-06-02 07-50-26,496,19.5435,37.2648
2019-06-02 07-50-28,497,19.6152,37.2248
2019-06-02 07-50-30,496,19.5572,37.2381
2019-06-02 07-50-32,496,19.6304,37.2381
2019-06-02 07-50-34,496,19.5755,37.2248
2019-06-02 07-50-38,496,19.6289,37.2087
2019-06-02 07-50-40,496,19.5938,37.2248
2019-06-02 07-50-42,495,19.6121,37.2515
2019-06-02 07-50-44,495,19.6152,37.2515
2019-06-02 07-50-46,495,19.5755,37.2648
2019-06-02 07-50-48,495,19.5755,37.2808
2019-06-02 07-50-50,495,19.5984,37.2381
2019-06-02 07-50-52,495,19.5755,37.2515
2019-06-02 07-50-56,495,19.6304,37.2648
2019-06-02 07-50-58,495,19.5419,37.2648
2019-06-02 07-51-00,495,19.5419,37.2648
2019-06-02 07-51-02,495,19.5755,37.2648
2019-06-02 07-51-04,495,19.5419,37.2515
2019-06-02 07-51-06,495,19.5572,37.2515
2019-06-02 07-51-08,495,19.5755,37.2648
2019-06-02 07-51-12,495,19.5755,37.2381
2019-06-02 07-51-14,495,19.6121,37.2515
2019-06-02 07-51-16,495,19.6304,37.2381
2019-06-02 07-51-18,496,19.5572,37.2515
2019-06-02 07-51-20,496,19.5236,37.2515
2019-06-02 07-51-22,496,19.6487,37.2648
2019-06-02 07-51-24,496,19.6152,37.2248
2019-06-02 07-51-26,495,19.5938,37.2381
2019-06-02 07-51-30,495,19.5572,37.2648
2019-06-02 07-51-32,495,19.6335,37.2515
2019-06-02 07-51-34,495,19.5969,37.2808
2019-06-02 07-51-36,495,19.5786,37.2515
2019-06-02 07-51-38,495,19.5969,37.2648
2019-06-02 07-51-40,495,19.5602,37.2515
2019-06-02 07-51-43,495,19.5419,37.2648
2019-06-02 07-51-45,495,19.5251,37.2648
2019-06-02 07-51-49,495,19.5755,37.2648
2019-06-02 07-51-51,495,19.5602,37.2515
2019-06-02 07-51-53,494,19.5969,37.2381
2019-06-02 07-51-55,494,19.5969,37.2381
2019-06-02 07-51-57,494,19.5969,37.2248
2019-06-02 07-51-59,493,19.6289,37.1954
2019-06-02 07-52-01,493,19.5923,37.1954
2019-06-02 07-52-03,494,19.6442,37.2087
2019-06-02 07-52-07,494,19.6106,37.1954
2019-06-02 07-52-09,494,19.6289,37.182
2019-06-02 07-52-11,494,19.6442,37.182
2019-06-02 07-52-13,493,19.6625,37.2515
2019-06-02 07-52-15,494,19.6304,37.2248
2019-06-02 07-52-17,493,19.6289,37.1954
2019-06-02 07-52-19,492,19.6976,37.2087
2019-06-02 07-52-23,491,19.6472,37.2087
2019-06-02 07-52-25,490,19.6106,37.182
2019-06-02 07-52-27,491,19.6442,37.182
2019-06-02 07-52-29,492,19.6442,37.182
2019-06-02 07-52-31,492,19.6259,37.1954
2019-06-02 07-52-33,492,19.6442,37.2087
2019-06-02 07-52-35,491,19.6106,37.1954
2019-06-02 07-52-37,492,19.6289,37.1527
2019-06-02 07-52-41,491,19.6609,37.1393
2019-06-02 07-52-43,492,19.6762,37.0832
2019-06-02 07-52-45,491,19.7449,37.0699
2019-06-02 07-52-47,490,19.7632,37.0699
2019-06-02 07-52-49,489,19.7983,37.0539
2019-06-02 07-52-51,487,19.8135,37.0111
2019-06-02 07-52-53,486,19.7937,37.0245
2019-06-02 07-52-55,486,19.8486,37.0111
2019-06-02 07-52-59,486,19.8853,37.0378
2019-06-02 07-53-01,485,19.8669,37.0699
2019-06-02 07-53-03,485,19.8318,37.0966
2019-06-02 07-53-05,484,19.7998,37.0832
2019-06-02 07-53-07,485,19.7815,37.0966
2019-06-02 07-53-09,486,19.7479,37.0966
2019-06-02 07-53-11,486,19.7998,37.0832
2019-06-02 07-53-15,487,19.7815,37.126
2019-06-02 07-53-17,488,19.6762,37.0832
2019-06-02 07-53-19,487,19.7815,37.0699
2019-06-02 07-53-21,486,19.7983,37.0699
2019-06-02 07-53-23,486,19.7983,37.0378
2019-06-02 07-53-25,485,19.8303,37.0699
2019-06-02 07-53-27,485,19.7266,37.0966
2019-06-02 07-53-29,485,19.7998,37.1126
2019-06-02 07-53-33,484,19.7479,37.1527
2019-06-02 07-53-35,484,19.7342,37.1393
2019-06-02 07-53-37,484,19.6945,37.1687
2019-06-02 07-53-39,485,19.6793,37.1527
2019-06-02 07-53-41,486,19.6945,37.1687
2019-06-02 07-53-43,487,19.6945,37.1954
2019-06-02 07-53-45,488,19.6625,37.1954
2019-06-02 07-53-47,488,19.6808,37.182
2019-06-02 07-53-51,489,19.6793,37.1687
2019-06-02 07-53-53,490,19.6442,37.1687
2019-06-02 07-53-55,490,19.6609,37.1687
2019-06-02 07-53-57,490,19.6945,37.1393
2019-06-02 07-53-59,490,19.6762,37.126
2019-06-02 07-54-01,490,19.6762,37.1393
2019-06-02 07-54-03,489,19.6762,37.1527
2019-06-02 07-54-07,489,19.6609,37.1393
2019-06-02 07-54-09,489,19.6762,37.1393
2019-06-02 07-54-11,489,19.6762,37.1126
2019-06-02 07-54-13,489,19.7113,37.1393
2019-06-02 07-54-15,489,19.6579,37.1393
2019-06-02 07-54-17,489,19.7113,37.1527
2019-06-02 07-54-19,489,19.7495,37.1687
2019-06-02 07-54-21,489,19.6609,37.1393
2019-06-02 07-54-25,490,19.7113,37.1687
2019-06-02 07-54-27,490,19.7128,37.1687
2019-06-02 07-54-29,490,19.7342,37.1954
2019-06-02 07-54-31,490,19.7159,37.1954
2019-06-02 07-54-33,490,19.6808,37.182
2019-06-02 07-54-35,491,19.6625,37.1954
2019-06-02 07-54-37,491,19.6289,37.182
2019-06-02 07-54-39,490,19.6442,37.2248
2019-06-02 07-54-43,491,19.6289,37.2248
2019-06-02 07-54-45,491,19.6472,37.2087
2019-06-02 07-54-47,491,19.6625,37.2248
2019-06-02 07-54-49,491,19.6121,37.2515
2019-06-02 07-54-51,491,19.6304,37.2381
2019-06-02 07-54-53,491,19.5755,37.2248
2019-06-02 07-54-55,492,19.6472,37.1954
2019-06-02 07-54-59,492,19.6442,37.2087
2019-06-02 07-55-01,493,19.6106,37.1954
2019-06-02 07-55-03,493,19.6289,37.1954
2019-06-02 07-55-05,493,19.7159,37.1954
2019-06-02 07-55-07,493,19.6808,37.182
2019-06-02 07-55-09,493,19.6442,37.2248
2019-06-02 07-55-11,492,19.6289,37.2381
2019-06-02 07-55-13,492,19.6304,37.2087
2019-06-02 07-55-17,492,19.6289,37.2381
2019-06-02 07-55-19,492,19.6121,37.2381
2019-06-02 07-55-21,493,19.5969,37.2648
2019-06-02 07-55-23,493,19.5969,37.1954
2019-06-02 07-55-25,494,19.5923,37.2087
2019-06-02 07-55-27,494,19.6106,37.182
2019-06-02 07-55-29,495,19.6976,37.1954
2019-06-02 07-55-33,494,19.6808,37.1954
2019-06-02 07-55-35,495,19.6808,37.182
2019-06-02 07-55-37,495,19.6106,37.1527
2019-06-02 07-55-39,497,19.6762,37.1393
2019-06-02 07-55-41,497,19.6762,37.1527
2019-06-02 07-55-43,496,19.6762,37.1527
2019-06-02 07-55-45,496,19.7128,37.1527
2019-06-02 07-55-47,495,19.6945,37.182
2019-06-02 07-55-51,494,19.7128,37.1954
2019-06-02 07-55-53,494,19.6625,37.2087
2019-06-02 07-55-55,494,19.6625,37.2248
2019-06-02 07-55-57,493,19.6991,37.2515
2019-06-02 07-55-59,494,19.6655,37.2515
2019-06-02 07-56-01,495,19.5969,37.2648
2019-06-02 07-56-03,494,19.5419,37.2648
2019-06-02 07-56-05,495,19.5755,37.2515
2019-06-02 07-56-09,496,19.5755,37.2808
2019-06-02 07-56-11,496,19.6152,37.2808
2019-06-02 07-56-13,496,19.5602,37.2515
2019-06-02 07-56-15,497,19.5969,37.2515
2019-06-02 07-56-17,498,19.6152,37.2648
2019-06-02 07-56-19,498,19.5755,37.2515
2019-06-02 07-56-21,498,19.5236,37.2808
2019-06-02 07-56-23,498,19.5984,37.2515
2019-06-02 07-56-27,498,19.5419,37.2808
2019-06-02 07-56-29,497,19.5786,37.2808
2019-06-02 07-56-31,497,19.5602,37.2942
2019-06-02 07-56-33,497,19.5984,37.2942
2019-06-02 07-56-35,498,19.5435,37.2808
2019-06-02 07-56-37,498,19.5984,37.2808
2019-06-02 07-56-39,498,19.5435,37.2648
2019-06-02 07-56-43,498,19.5969,37.2942
2019-06-02 07-56-45,497,19.5618,37.3075
2019-06-02 07-56-47,497,19.5801,37.2942
2019-06-02 07-56-49,497,19.5099,37.3369
2019-06-02 07-56-51,497,19.5282,37.3369
2019-06-02 07-56-53,496,19.5648,37.3369
2019-06-02 07-56-55,496,19.5282,37.3236
2019-06-02 07-56-57,496,19.5465,37.3075
2019-06-02 07-57-01,495,19.4748,37.3236
2019-06-02 07-57-03,496,19.5465,37.2942
2019-06-02 07-57-05,496,19.5099,37.3236
2019-06-02 07-57-07,497,19.5801,37.2942
2019-06-02 07-57-09,497,19.5435,37.2808
2019-06-02 07-57-11,497,19.5435,37.3075
2019-06-02 07-57-13,496,19.5801,37.3236
2019-06-02 07-57-15,496,19.4931,37.3236
2019-06-02 07-57-19,496,19.5801,37.3236
2019-06-02 07-57-21,495,19.5282,37.3369
2019-06-02 07-57-23,495,19.5648,37.3503
2019-06-02 07-57-25,494,19.5297,37.3503
2019-06-02 07-57-27,494,19.5114,37.3075
2019-06-02 07-57-29,494,19.4916,37.3369
2019-06-02 07-57-32,494,19.5114,37.3503
2019-06-02 07-57-36,494,19.5114,37.3369
2019-06-02 07-57-38,495,19.5114,37.3636
2019-06-02 07-57-40,495,19.4611,37.3796
2019-06-02 07-57-42,495,19.4794,37.3369
2019-06-02 07-57-44,496,19.4931,37.3369
2019-06-02 07-57-46,495,19.4931,37.3236
2019-06-02 07-57-48,495,19.5282,37.3075
2019-06-02 07-57-50,495,19.5099,37.3075
2019-06-02 07-57-54,494,19.5801,37.3369
2019-06-02 07-57-56,494,19.5465,37.3369
2019-06-02 07-57-58,494,19.4778,37.3369
2019-06-02 07-58-00,493,19.5465,37.3503
2019-06-02 07-58-02,492,19.5648,37.3369
2019-06-02 07-58-04,492,19.5465,37.3369
2019-06-02 07-58-06,492,19.5648,37.3236
2019-06-02 07-58-08,492,19.5465,37.3369
2019-06-02 07-58-12,492,19.5282,37.3503
2019-06-02 07-58-14,491,19.5648,37.3369
2019-06-02 07-58-16,491,19.5648,37.3369
2019-06-02 07-58-18,491,19.5114,37.3503
2019-06-02 07-58-20,492,19.4962,37.3503
2019-06-02 07-58-22,492,19.5297,37.393
2019-06-02 07-58-24,492,19.4458,37.3796
2019-06-02 07-58-28,493,19.4962,37.3636
2019-06-02 07-58-30,494,19.4427,37.3636
2019-06-02 07-58-32,493,19.4611,37.3796
2019-06-02 07-58-34,493,19.4611,37.393
2019-06-02 07-58-36,493,19.4794,37.4063
2019-06-02 07-58-38,493,19.4977,37.4357
2019-06-02 07-58-40,494,19.516,37.3796
2019-06-02 07-58-42,494,19.4962,37.393
2019-06-02 07-58-46,494,19.4611,37.393
2019-06-02 07-58-48,495,19.4458,37.3796
2019-06-02 07-58-50,496,19.4794,37.393
2019-06-02 07-58-52,496,19.5145,37.3636
2019-06-02 07-58-54,496,19.4611,37.4063
2019-06-02 07-58-56,497,19.4977,37.3796
2019-06-02 07-58-58,497,19.4427,37.3796
2019-06-02 07-59-00,497,19.4962,37.393
2019-06-02 07-59-04,498,19.4794,37.3796
2019-06-02 07-59-06,498,19.5328,37.3796
2019-06-02 07-59-08,497,19.5328,37.3796
2019-06-02 07-59-10,497,19.4794,37.3636
2019-06-02 07-59-12,497,19.4778,37.3796
2019-06-02 07-59-14,497,19.4061,37.3796
2019-06-02 07-59-16,497,19.4794,37.3636
2019-06-02 07-59-18,497,19.4962,37.3503
2019-06-02 07-59-22,497,19.4778,37.3075
2019-06-02 07-59-24,497,19.4916,37.2808
2019-06-02 07-59-26,497,19.4733,37.2648
2019-06-02 07-59-28,498,19.5251,37.2381
2019-06-02 07-59-30,497,19.5389,37.2087
2019-06-02 07-59-32,497,19.574,37.2381
2019-06-02 07-59-34,496,19.6472,37.2248
2019-06-02 07-59-38,495,19.6121,37.2381
2019-06-02 07-59-40,495,19.5969,37.2808
2019-06-02 07-59-42,495,19.6152,37.2808
2019-06-02 07-59-44,495,19.5984,37.2381
2019-06-02 07-59-46,494,19.5572,37.2648
2019-06-02 07-59-48,495,19.5251,37.2648
2019-06-02 07-59-50,495,19.6487,37.2648
2019-06-02 07-59-52,494,19.5969,37.2648
2019-06-02 07-59-56,494,19.5969,37.2808
2019-06-02 07-59-58,494,19.5602,37.2648
2019-06-02 08-00-00,494,19.5755,37.2515
2019-06-02 08-00-02,494,19.5755,37.2515
2019-06-02 08-00-04,494,19.5969,37.2381
2019-06-02 08-00-06,494,19.6472,37.2515
2019-06-02 08-00-08,495,19.6487,37.2248
2019-06-02 08-00-10,494,19.5938,37.2087
2019-06-02 08-00-14,494,19.6106,37.2248
2019-06-02 08-00-16,493,19.6121,37.2381
2019-06-02 08-00-18,493,19.6121,37.2648
2019-06-02 08-00-20,492,19.5755,37.2381
2019-06-02 08-00-22,491,19.5969,37.2381
2019-06-02 08-00-24,491,19.5969,37.2381
2019-06-02 08-00-26,492,19.6121,37.2381
2019-06-02 08-00-30,492,19.6304,37.2515
2019-06-02 08-00-32,492,19.6304,37.2381
2019-06-02 08-00-34,492,19.6304,37.2381
2019-06-02 08-00-36,492,19.6472,37.2648
2019-06-02 08-00-38,491,19.6671,37.2381
2019-06-02 08-00-40,491,19.5969,37.2248
2019-06-02 08-00-42,491,19.574,37.2087
2019-06-02 08-00-44,492,19.6625,37.2248
2019-06-02 08-00-48,492,19.6289,37.182
2019-06-02 08-00-50,492,19.6793,37.1527
2019-06-02 08-00-52,492,19.6609,37.1687
2019-06-02 08-00-54,492,19.7128,37.1393
2019-06-02 08-00-56,492,19.6945,37.1527
2019-06-02 08-00-58,492,19.7495,37.1527
2019-06-02 08-01-00,492,19.7128,37.1687
2019-06-02 08-01-02,492,19.7342,37.1687
2019-06-02 08-01-06,491,19.6609,37.182
2019-06-02 08-01-08,491,19.7128,37.126
2019-06-02 08-01-10,491,19.7662,37.0832
2019-06-02 08-01-12,492,19.7296,37.0966
2019-06-02 08-01-14,491,19.7632,37.1126
2019-06-02 08-01-16,491,19.7296,37.126
2019-06-02 08-01-18,490,19.7998,37.1126
2019-06-02 08-01-22,491,19.8181,37.126
2019-06-02 08-01-24,491,19.8364,37.126
2019-06-02 08-01-26,491,19.7479,37.126
2019-06-02 08-01-28,491,19.7311,37.126
2019-06-02 08-01-30,492,19.7113,37.126
2019-06-02 08-01-32,492,19.7845,37.0832
2019-06-02 08-01-34,492,19.7296,37.1126
2019-06-02 08-01-36,493,19.7998,37.0111
2019-06-02 08-01-40,493,19.7769,37.0245
2019-06-02 08-01-42,493,19.8303,36.9978
2019-06-02 08-01-44,492,19.8456,37.0245
2019-06-02 08-01-46,492,19.8853,37.0378
2019-06-02 08-01-48,491,19.7952,37.0539
2019-06-02 08-01-50,491,19.8868,37.0378
2019-06-02 08-01-52,490,19.8853,37.0539
2019-06-02 08-01-54,491,19.7952,37.0699
2019-06-02 08-01-58,491,19.8669,37.0966
2019-06-02 08-02-00,490,19.8166,37.0832
2019-06-02 08-02-02,490,19.8318,37.1126
2019-06-02 08-02-04,490,19.7815,37.0966
2019-06-02 08-02-06,490,19.7815,37.1126
2019-06-02 08-02-08,490,19.7479,37.1126
2019-06-02 08-02-10,490,19.7815,37.1527
2019-06-02 08-02-14,490,19.7495,37.1687
2019-06-02 08-02-16,490,19.6945,37.1527
2019-06-02 08-02-18,490,19.7495,37.1687
2019-06-02 08-02-20,490,19.7128,37.1687
2019-06-02 08-02-22,490,19.7525,37.1527
2019-06-02 08-02-24,491,19.7495,37.1393
2019-06-02 08-02-26,491,19.7113,37.1527
2019-06-02 08-02-28,490,19.7678,37.1393
2019-06-02 08-02-32,490,19.6762,37.182
2019-06-02 08-02-34,491,19.7342,37.1527
2019-06-02 08-02-36,490,19.7495,37.1527
2019-06-02 08-02-38,491,19.7342,37.1393
2019-06-02 08-02-40,491,19.6945,37.1393
2019-06-02 08-02-42,491,19.7311,37.126
2019-06-02 08-02-44,491,19.7845,37.0966
2019-06-02 08-02-46,491,19.7479,37.0966
2019-06-02 08-02-50,490,19.7479,37.0832
2019-06-02 08-02-52,490,19.8166,37.0832
2019-06-02 08-02-54,491,19.8318,37.1126
2019-06-02 08-02-56,491,19.8181,37.0966
2019-06-02 08-02-58,491,19.7815,37.0832
2019-06-02 08-03-00,492,19.7815,37.1527
2019-06-02 08-03-02,491,19.7678,37.126
2019-06-02 08-03-06,491,19.8181,37.1126
2019-06-02 08-03-09,491,19.7998,37.0966
2019-06-02 08-03-11,491,19.7815,37.1126
2019-06-02 08-03-13,490,19.7815,37.126
2019-06-02 08-03-15,490,19.7113,37.126
2019-06-02 08-03-17,490,19.7662,37.1527
2019-06-02 08-03-19,491,19.7342,37.1393
2019-06-02 08-03-21,491,19.7662,37.1687
2019-06-02 08-03-25,491,19.7525,37.1687
2019-06-02 08-03-27,491,19.6609,37.182
2019-06-02 08-03-29,491,19.6976,37.2087
2019-06-02 08-03-31,490,19.7357,37.2087
2019-06-02 08-03-33,490,19.7159,37.2087
2019-06-02 08-03-35,490,19.6625,37.2087
2019-06-02 08-03-37,490,19.6976,37.2248
2019-06-02 08-03-41,490,19.6472,37.2248
2019-06-02 08-03-43,490,19.6808,37.2248
2019-06-02 08-03-45,490,19.6472,37.2515
2019-06-02 08-03-47,490,19.6655,37.2515
2019-06-02 08-03-49,490,19.6304,37.2648
2019-06-02 08-03-51,490,19.5755,37.2648
2019-06-02 08-03-53,489,19.5969,37.2942
2019-06-02 08-03-55,489,19.5984,37.2942
2019-06-02 08-03-59,490,19.5435,37.2942
2019-06-02 08-04-01,490,19.6518,37.2515
2019-06-02 08-04-03,489,19.5572,37.2515
2019-06-02 08-04-05,489,19.6304,37.2808
2019-06-02 08-04-07,489,19.6335,37.2515
2019-06-02 08-04-09,490,19.5969,37.2515
2019-06-02 08-04-11,490,19.5755,37.2648
2019-06-02 08-04-13,489,19.5602,37.2808
2019-06-02 08-04-17,489,19.6152,37.2808
2019-06-02 08-04-19,490,19.5602,37.2648
2019-06-02 08-04-21,489,19.6152,37.2648
2019-06-02 08-04-23,489,19.6487,37.2515
2019-06-02 08-04-25,490,19.6152,37.2087
2019-06-02 08-04-27,490,19.6976,37.2248
2019-06-02 08-04-29,490,19.6991,37.1954
2019-06-02 08-04-33,490,19.6442,37.2381
2019-06-02 08-04-35,489,19.7388,37.2648
2019-06-02 08-04-37,488,19.6671,37.2515
2019-06-02 08-04-39,488,19.6655,37.2515
2019-06-02 08-04-41,488,19.6304,37.2248
2019-06-02 08-04-43,489,19.6289,37.2515
2019-06-02 08-04-45,489,19.6152,37.2515
2019-06-02 08-04-47,489,19.6487,37.2248
2019-06-02 08-04-51,489,19.6121,37.2515
2019-06-02 08-04-53,490,19.6304,37.2942
2019-06-02 08-04-55,489,19.6335,37.2808
2019-06-02 08-04-57,489,19.5984,37.2515
2019-06-02 08-04-59,489,19.6304,37.2648
2019-06-02 08-05-01,490,19.6487,37.2381
2019-06-02 08-05-03,490,19.5969,37.2515
2019-06-02 08-05-05,490,19.5969,37.2248
2019-06-02 08-05-09,491,19.5938,37.182
2019-06-02 08-05-11,492,19.6625,37.1687
2019-06-02 08-05-13,492,19.7342,37.182
2019-06-02 08-05-15,491,19.7708,37.1954
2019-06-02 08-05-17,491,19.6976,37.2248
2019-06-02 08-05-19,491,19.6472,37.2087
2019-06-02 08-05-21,491,19.6472,37.2381
2019-06-02 08-05-25,491,19.6991,37.1954
2019-06-02 08-05-27,491,19.6976,37.1954
2019-06-02 08-05-29,491,19.6808,37.182
2019-06-02 08-05-31,491,19.6793,37.1393
2019-06-02 08-05-33,491,19.6945,37.1393
2019-06-02 08-05-35,491,19.7662,37.1393
2019-06-02 08-05-37,490,19.7113,37.1393
2019-06-02 08-05-39,491,19.7311,37.1687
2019-06-02 08-05-43,491,19.7861,37.1687
2019-06-02 08-05-45,490,19.7525,37.182
2019-06-02 08-05-47,490,19.7342,37.2087
2019-06-02 08-05-49,489,19.6808,37.2087
2019-06-02 08-05-51,488,19.6808,37.2248
2019-06-02 08-05-53,488,19.7174,37.2381
2019-06-02 08-05-55,488,19.6121,37.2381
2019-06-02 08-05-57,489,19.6121,37.2087
2019-06-02 08-06-01,489,19.6625,37.1954
2019-06-02 08-06-03,490,19.7525,37.1954
2019-06-02 08-06-05,490,19.6808,37.1954
2019-06-02 08-06-07,489,19.7525,37.182
2019-06-02 08-06-09,489,19.6976,37.1954
2019-06-02 08-06-11,488,19.6808,37.1954
2019-06-02 08-06-13,488,19.7357,37.1954
2019-06-02 08-06-17,488,19.7159,37.1527
2019-06-02 08-06-19,489,19.7128,37.1527
2019-06-02 08-06-21,489,19.7342,37.1393
2019-06-02 08-06-23,489,19.7113,37.1126
2019-06-02 08-06-25,489,19.7113,37.1393
2019-06-02 08-06-27,489,19.7662,37.1527
2019-06-02 08-06-29,489,19.8029,37.126
2019-06-02 08-06-31,488,19.7998,37.1393
2019-06-02 08-06-35,487,19.7662,37.1687
2019-06-02 08-06-37,487,19.7861,37.1687
2019-06-02 08-06-39,487,19.7128,37.1527
2019-06-02 08-06-41,488,19.7495,37.1527
2019-06-02 08-06-43,489,19.7495,37.1393
2019-06-02 08-06-45,489,19.7311,37.1393
2019-06-02 08-06-47,490,19.7662,37.1126
2019-06-02 08-06-49,489,19.8181,37.1126
2019-06-02 08-06-53,488,19.7815,37.1126
2019-06-02 08-06-55,488,19.8349,37.1393
2019-06-02 08-06-57,488,19.7662,37.1126
2019-06-02 08-06-59,488,19.7479,37.1126
2019-06-02 08-07-01,488,19.8349,37.126
2019-06-02 08-07-03,488,19.7998,37.126
2019-06-02 08-07-05,488,19.7998,37.126
2019-06-02 08-07-09,488,19.8181,37.1527
2019-06-02 08-07-11,487,19.7342,37.1527
2019-06-02 08-07-13,486,19.7342,37.182
2019-06-02 08-07-15,486,19.7128,37.182
2019-06-02 08-07-17,486,19.7342,37.2248
2019-06-02 08-07-19,485,19.7357,37.2381
2019-06-02 08-07-21,486,19.7388,37.2381
2019-06-02 08-07-23,486,19.6838,37.2381
2019-06-02 08-07-27,487,19.6838,37.2381
2019-06-02 08-07-29,487,19.6655,37.2381
2019-06-02 08-07-31,487,19.7174,37.2381
2019-06-02 08-07-33,488,19.6838,37.1954
2019-06-02 08-07-35,489,19.6976,37.2087
2019-06-02 08-07-37,489,19.6625,37.2248
2019-06-02 08-07-39,489,19.6991,37.2248
2019-06-02 08-07-41,488,19.6655,37.2381
2019-06-02 08-07-45,488,19.6655,37.2648
2019-06-02 08-07-47,488,19.6335,37.2942
2019-06-02 08-07-49,488,19.6518,37.2942
2019-06-02 08-07-51,489,19.6518,37.2648
2019-06-02 08-07-53,489,19.5969,37.2808
2019-06-02 08-07-55,489,19.5984,37.2808
2019-06-02 08-07-57,489,19.6671,37.2942
2019-06-02 08-08-01,489,19.5786,37.3075
2019-06-02 08-08-03,489,19.6167,37.2648
2019-06-02 08-08-05,489,19.5755,37.2942
2019-06-02 08-08-07,489,19.5786,37.2942
2019-06-02 08-08-09,489,19.6167,37.2648
2019-06-02 08-08-11,489,19.6152,37.2515
2019-06-02 08-08-13,489,19.6152,37.2515
2019-06-02 08-08-15,490,19.6487,37.2381
2019-06-02 08-08-19,489,19.6472,37.2381
2019-06-02 08-08-21,489,19.7174,37.2515
2019-06-02 08-08-23,489,19.7174,37.2515
2019-06-02 08-08-25,489,19.6304,37.2515
2019-06-02 08-08-27,489,19.7021,37.2808
2019-06-02 08-08-29,489,19.5786,37.2808
2019-06-02 08-08-31,489,19.6518,37.2381
2019-06-02 08-08-33,489,19.6304,37.2648
2019-06-02 08-08-37,489,19.6487,37.2942
2019-06-02 08-08-39,489,19.6335,37.2808
2019-06-02 08-08-41,490,19.6152,37.2381
2019-06-02 08-08-43,490,19.6304,37.2248
2019-06-02 08-08-45,490,19.5938,37.2248
2019-06-02 08-08-47,489,19.6991,37.1954
2019-06-02 08-08-49,489,19.6976,37.1687
2019-06-02 08-08-53,489,19.7342,37.1126
2019-06-02 08-08-55,489,19.7296,37.0699
2019-06-02 08-08-57,489,19.8135,37.0378
2019-06-02 08-08-59,489,19.8303,37.0111
2019-06-02 08-09-02,488,19.8456,37.0245
2019-06-02 08-09-04,488,19.8639,37.0245
2019-06-02 08-09-06,488,19.8486,37.0111
2019-06-02 08-09-08,488,19.8456,37.0378
2019-06-02 08-09-12,488,19.9036,37.0699
2019-06-02 08-09-14,488,19.8502,37.0832
2019-06-02 08-09-16,487,19.8318,37.0832
2019-06-02 08-09-18,487,19.8166,37.0832
2019-06-02 08-09-20,488,19.8166,37.0966
2019-06-02 08-09-22,488,19.8502,37.0966
2019-06-02 08-09-24,488,19.7998,37.0966
2019-06-02 08-09-26,488,19.7815,37.126
2019-06-02 08-09-30,488,19.8364,37.1126
2019-06-02 08-09-32,488,19.8349,37.0966
2019-06-02 08-09-34,488,19.7998,37.0832
2019-06-02 08-09-36,489,19.8166,37.1126
2019-06-02 08-09-38,488,19.7815,37.1126
2019-06-02 08-09-40,488,19.7815,37.1126
2019-06-02 08-09-42,488,19.8532,37.0699
2019-06-02 08-09-46,488,19.8135,37.0699
2019-06-02 08-09-48,488,19.8669,37.1126
2019-06-02 08-09-50,488,19.7113,37.1126
2019-06-02 08-09-52,488,19.7662,37.0966
2019-06-02 08-09-54,488,19.7815,37.0699
2019-06-02 08-09-56,489,19.78,37.0832
2019-06-02 08-09-58,489,19.8898,37.0832
2019-06-02 08-10-00,489,19.8502,37.0539
2019-06-02 08-10-04,489,19.8318,37.0539
2019-06-02 08-10-06,489,19.8669,37.0378
2019-06-02 08-10-08,490,19.8303,36.9978
2019-06-02 08-10-10,490,19.8456,37.0245
2019-06-02 08-10-12,490,19.9036,37.0245
2019-06-02 08-10-14,490,19.8303,37.0245
2019-06-02 08-10-16,490,19.8303,37.0245
2019-06-02 08-10-18,490,19.8639,37.0245
2019-06-02 08-10-22,490,19.8853,37.0378
2019-06-02 08-10-24,490,19.9219,37.0245
2019-06-02 08-10-26,490,19.9036,37.0378
2019-06-02 08-10-28,489,19.8486,37.0699
2019-06-02 08-10-30,489,19.8502,37.0378
2019-06-02 08-10-32,490,19.8486,37.0699
2019-06-02 08-10-34,490,19.8135,37.0832
2019-06-02 08-10-36,489,19.8898,37.0699
2019-06-02 08-10-40,490,19.8868,37.0966
2019-06-02 08-10-42,489,19.8685,37.126
2019-06-02 08-10-44,489,19.7998,37.1126
2019-06-02 08-10-46,489,19.8349,37.0832
2019-06-02 08-10-48,490,19.7815,37.0966
2019-06-02 08-10-50,489,19.7815,37.0832
2019-06-02 08-10-52,490,19.8166,37.0832
2019-06-02 08-10-56,490,19.8166,37.0699
2019-06-02 08-10-58,491,19.8318,37.0539
2019-06-02 08-11-00,490,19.8135,37.0832
2019-06-02 08-11-02,490,19.8166,37.1393
2019-06-02 08-11-04,489,19.8364,37.1126
2019-06-02 08-11-06,489,19.7998,37.1527
2019-06-02 08-11-08,489,19.8364,37.1527
2019-06-02 08-11-10,489,19.7845,37.1527
2019-06-02 08-11-14,490,19.7678,37.126
2019-06-02 08-11-16,490,19.7998,37.126
2019-06-02 08-11-18,489,19.7662,37.1393
2019-06-02 08-11-20,489,19.7662,37.1393
2019-06-02 08-11-22,489,19.7845,37.1687
2019-06-02 08-11-24,489,19.7678,37.1687
2019-06-02 08-11-26,489,19.8212,37.1527
2019-06-02 08-11-28,489,19.7342,37.126
2019-06-02 08-11-32,490,19.7998,37.1126
2019-06-02 08-11-34,490,19.7662,37.0966
2019-06-02 08-11-36,490,19.8166,37.1126
2019-06-02 08-11-38,489,19.8349,37.126
2019-06-02 08-11-40,489,19.7845,37.1393
2019-06-02 08-11-42,488,19.8181,37.0966
2019-06-02 08-11-44,488,19.8166,37.1393
2019-06-02 08-11-46,488,19.8181,37.1527
2019-06-02 08-11-50,488,19.7845,37.126
2019-06-02 08-11-52,488,19.7845,37.1687
2019-06-02 08-11-54,488,19.7525,37.1527
2019-06-02 08-11-56,488,19.7678,37.1527
2019-06-02 08-11-58,488,19.8029,37.1687
2019-06-02 08-12-00,489,19.7342,37.1527
2019-06-02 08-12-02,489,19.7845,37.1393
2019-06-02 08-12-06,489,19.7662,37.1687
2019-06-02 08-12-08,489,19.7861,37.1527
2019-06-02 08-12-10,489,19.7495,37.1126
2019-06-02 08-12-12,489,19.7998,37.1393
2019-06-02 08-12-14,489,19.7662,37.1126
2019-06-02 08-12-16,489,19.8181,37.0966
2019-06-02 08-12-18,490,19.7998,37.0539
2019-06-02 08-12-20,490,19.8135,37.0699
2019-06-02 08-12-24,490,19.8669,37.0699
2019-06-02 08-12-26,489,19.8868,37.1126
2019-06-02 08-12-28,489,19.8349,37.0966
2019-06-02 08-12-30,488,19.8898,37.1393
2019-06-02 08-12-32,489,19.8029,37.0832
2019-06-02 08-12-34,488,19.8166,37.1126
2019-06-02 08-12-36,488,19.8181,37.0966
2019-06-02 08-12-38,487,19.7998,37.0699
2019-06-02 08-12-42,488,19.8502,37.0539
2019-06-02 08-12-44,488,19.8486,37.0245
2019-06-02 08-12-46,488,19.9539,37.0378
2019-06-02 08-12-48,489,19.8486,37.0378
2019-06-02 08-12-50,489,19.9219,37.0832
2019-06-02 08-12-52,488,19.8898,37.0832
2019-06-02 08-12-54,488,19.9051,37.0832
2019-06-02 08-12-58,488,19.8685,37.0832
2019-06-02 08-13-00,488,19.8502,37.0699
2019-06-02 08-13-02,488,19.8868,37.0539
2019-06-02 08-13-04,489,19.9554,37.0699
2019-06-02 08-13-06,488,19.8868,37.1126
2019-06-02 08-13-08,488,19.8532,37.0832
2019-06-02 08-13-10,488,19.8502,37.0699
2019-06-02 08-13-12,487,19.8502,37.0699
2019-06-02 08-13-16,487,19.8135,37.0699
2019-06-02 08-13-18,486,19.8502,37.0699
2019-06-02 08-13-20,485,19.7983,37.0539
2019-06-02 08-13-22,485,19.7952,37.0539
2019-06-02 08-13-24,485,19.8868,37.0699
2019-06-02 08-13-26,486,19.9051,37.0245
2019-06-02 08-13-28,487,19.8486,36.9978
2019-06-02 08-13-30,487,19.8624,37.0111
2019-06-02 08-13-34,487,19.9722,36.9978
2019-06-02 08-13-36,487,19.9356,37.0111
2019-06-02 08-13-38,486,19.9188,36.9551
2019-06-02 08-13-40,486,19.899,36.9818
2019-06-02 08-13-42,486,20.0043,36.939
2019-06-02 08-13-44,487,19.9493,36.9684
2019-06-02 08-13-46,486,20.0195,36.939
2019-06-02 08-13-50,485,19.9829,36.9684
2019-06-02 08-13-52,484,19.986,36.9818
2019-06-02 08-13-54,483,20.0226,36.9551
2019-06-02 08-13-56,482,19.986,36.9551
2019-06-02 08-13-58,481,20.0592,36.9551
2019-06-02 08-14-00,482,19.9509,36.9551
2019-06-02 08-14-02,482,20.0043,36.9551
2019-06-02 08-14-04,481,19.986,36.9551
2019-06-02 08-14-08,482,19.986,36.9123
2019-06-02 08-14-10,482,20.0546,36.939
2019-06-02 08-14-12,482,20.0195,36.9684
2019-06-02 08-14-14,482,20.0775,36.9978
2019-06-02 08-14-16,482,20.0058,36.9818
2019-06-02 08-14-18,482,19.9509,36.9818
2019-06-02 08-14-20,483,19.9356,36.9551
2019-06-02 08-14-22,483,19.986,36.9551
2019-06-02 08-14-26,484,19.986,36.9684
2019-06-02 08-14-28,484,19.9692,36.9978
2019-06-02 08-14-30,484,19.9875,36.9818
2019-06-02 08-14-32,484,19.9692,36.9551
2019-06-02 08-14-34,485,19.986,36.9818
2019-06-02 08-14-37,486,19.9509,36.9551
2019-06-02 08-14-39,485,20.0043,36.9818
2019-06-02 08-14-43,485,19.9875,36.939
2019-06-02 08-14-45,485,20.0195,36.9684
2019-06-02 08-14-47,485,19.986,36.9551
2019-06-02 08-14-49,485,20.0195,36.9684
2019-06-02 08-14-51,485,19.9692,36.9684
2019-06-02 08-14-53,485,20.0409,36.9551
2019-06-02 08-14-55,485,20.0043,36.939
2019-06-02 08-14-57,484,19.9829,36.9818
2019-06-02 08-15-01,483,19.9875,36.9818
2019-06-02 08-15-03,483,20.0226,36.9978
2019-06-02 08-15-05,484,19.9692,37.0245
2019-06-02 08-15-07,484,19.9539,37.0111
2019-06-02 08-15-09,484,19.9371,37.0111
2019-06-02 08-15-11,485,20.0058,36.9978
2019-06-02 08-15-13,485,19.9188,37.0111
2019-06-02 08-15-15,485,19.8853,37.0111
2019-06-02 08-15-19,486,19.9188,37.0111
2019-06-02 08-15-21,486,19.9371,36.9978
2019-06-02 08-15-23,486,19.9539,36.9684
2019-06-02 08-15-25,486,19.9326,36.9818
2019-06-02 08-15-27,486,19.9509,36.939
2019-06-02 08-15-29,486,19.9829,36.9684
2019-06-02 08-15-31,486,20.0195,36.9818
2019-06-02 08-15-35,485,20.0043,37.0111
2019-06-02 08-15-37,486,19.9722,37.0245
2019-06-02 08-15-39,486,19.9371,37.0378
2019-06-02 08-15-41,486,19.9036,37.0111
2019-06-02 08-15-43,487,19.9539,36.9818
2019-06-02 08-15-45,487,19.9509,37.0245
2019-06-02 08-15-47,487,19.9722,37.0111
2019-06-02 08-15-49,486,19.9371,36.9978
2019-06-02 08-15-53,486,19.9692,36.9978
2019-06-02 08-15-55,486,20.0058,37.0245
2019-06-02 08-15-57,486,19.9371,37.0245
2019-06-02 08-15-59,486,19.9371,37.0245
2019-06-02 08-16-01,486,19.9188,37.0245
2019-06-02 08-16-03,486,19.9539,37.0111
2019-06-02 08-16-05,485,19.9722,36.9818
2019-06-02 08-16-07,485,20.0424,36.9818
2019-06-02 08-16-11,485,19.9875,36.9684
2019-06-02 08-16-13,485,19.9692,36.9818
2019-06-02 08-16-15,485,20.0592,36.9978
2019-06-02 08-16-17,484,20.0058,36.9978
2019-06-02 08-16-19,485,20.0424,37.0245
2019-06-02 08-16-21,485,19.9371,37.0245
2019-06-02 08-16-23,485,19.9036,36.9978
2019-06-02 08-16-27,485,19.9875,37.0245
2019-06-02 08-16-29,485,19.9722,37.0245
2019-06-02 08-16-31,485,19.9371,37.0699
2019-06-02 08-16-33,485,19.9585,37.0699
2019-06-02 08-16-35,485,19.8669,37.0378
2019-06-02 08-16-37,485,19.8669,37.0699
2019-06-02 08-16-39,485,19.8669,37.0699
2019-06-02 08-16-41,485,19.9402,37.0378
2019-06-02 08-16-45,485,19.8853,36.9818
2019-06-02 08-16-47,486,19.9509,36.9684
2019-06-02 08-16-49,486,19.899,36.9684
2019-06-02 08-16-51,486,19.9692,36.9978
2019-06-02 08-16-53,486,19.9875,36.9684
2019-06-02 08-16-55,486,19.986,36.939
2019-06-02 08-16-57,486,20.0745,36.939
2019-06-02 08-16-59,485,20.0012,36.9551
2019-06-02 08-17-03,486,20.0043,36.939
2019-06-02 08-17-05,486,20.1279,36.9551
2019-06-02 08-17-07,487,20.0592,36.9257
2019-06-02 08-17-09,486,20.0729,36.9257
2019-06-02 08-17-11,486,20.0912,36.9257
2019-06-02 08-17-13,486,20.0562,36.9257
2019-06-02 08-17-15,486,20.1248,36.9257
2019-06-02 08-17-17,487,20.0729,36.9551
2019-06-02 08-17-21,486,20.0745,36.9684
2019-06-02 08-17-23,486,20.0195,36.9551
2019-06-02 08-17-25,486,20.0409,36.9818
2019-06-02 08-17-27,486,20.0226,36.9978
2019-06-02 08-17-29,487,20.0058,36.9818
2019-06-02 08-17-31,487,19.9509,36.9818
2019-06-02 08-17-33,487,19.9692,36.9818
2019-06-02 08-17-37,487,19.9692,36.9551
2019-06-02 08-17-39,487,20.0409,36.9684
2019-06-02 08-17-41,487,20.0592,36.9684
2019-06-02 08-17-43,487,19.986,36.9818
2019-06-02 08-17-45,487,19.9692,36.9978
2019-06-02 08-17-47,487,19.9692,36.9978
2019-06-02 08-17-49,487,20.0226,36.9818
2019-06-02 08-17-51,487,19.9692,36.9551
2019-06-02 08-17-55,486,20.0195,36.9551
2019-06-02 08-17-57,487,20.0043,36.9551
2019-06-02 08-17-59,487,19.986,36.9551
2019-06-02 08-18-01,487,20.0043,36.9684
2019-06-02 08-18-03,486,20.0592,36.9978
2019-06-02 08-18-05,486,20.0226,36.9818
2019-06-02 08-18-07,486,20.0775,36.9978
2019-06-02 08-18-09,486,19.9692,36.9818
2019-06-02 08-18-13,486,19.9692,37.0111
2019-06-02 08-18-15,485,20.0058,37.0111
2019-06-02 08-18-17,486,19.9722,37.0245
2019-06-02 08-18-19,486,19.9905,37.0245
2019-06-02 08-18-21,486,20.0058,37.0111
2019-06-02 08-18-23,486,20.0058,37.0699
2019-06-02 08-18-25,486,19.9051,37.0539
2019-06-02 08-18-29,487,19.9554,37.0378
2019-06-02 08-18-31,487,19.9554,37.0245
2019-06-02 08-18-33,486,19.9371,37.0245
2019-06-02 08-18-35,487,19.9371,37.0245
2019-06-02 08-18-37,487,19.9371,37.0111
2019-06-02 08-18-39,487,19.9539,37.0245
2019-06-02 08-18-41,487,19.9722,36.9978
2019-06-02 08-18-43,487,19.9875,37.0111
2019-06-02 08-18-47,487,19.9875,36.9978
2019-06-02 08-18-49,487,19.9875,37.0111
2019-06-02 08-18-51,486,19.9875,37.0378
2019-06-02 08-18-53,487,19.9219,37.0245
2019-06-02 08-18-55,487,19.9905,37.0245
2019-06-02 08-18-57,487,19.9905,37.0111
2019-06-02 08-18-59,486,19.9875,37.0378
2019-06-02 08-19-03,486,19.9371,37.0378
2019-06-02 08-19-05,486,19.9738,37.0699
2019-06-02 08-19-07,486,19.9402,37.0966
2019-06-02 08-19-09,486,19.8898,37.0966
2019-06-02 08-19-11,486,19.9585,37.0966
2019-06-02 08-19-13,486,19.9234,37.0832
2019-06-02 08-19-15,487,19.8685,37.0966
2019-06-02 08-19-17,487,19.9417,37.0832
2019-06-02 08-19-21,487,19.8898,37.0699
2019-06-02 08-19-23,487,19.9051,37.0539
2019-06-02 08-19-25,487,19.8669,37.0245
2019-06-02 08-19-27,487,19.9722,37.0378
2019-06-02 08-19-29,487,19.9554,37.0378
2019-06-02 08-19-31,487,19.9219,37.0378
2019-06-02 08-19-33,486,19.9554,37.0378
2019-06-02 08-19-35,486,19.9219,37.0245
2019-06-02 08-19-39,486,19.8853,37.0539
2019-06-02 08-19-41,486,19.9738,37.0699
2019-06-02 08-19-43,486,19.9585,37.0378
2019-06-02 08-19-45,486,19.9554,37.0378
2019-06-02 08-19-47,486,19.8853,37.0539
2019-06-02 08-19-49,486,19.9219,37.0699
2019-06-02 08-19-51,486,19.9738,37.0699
2019-06-02 08-19-55,486,19.9921,37.0832
2019-06-02 08-19-57,486,19.8898,37.0832
2019-06-02 08-19-59,487,19.9234,37.1126
2019-06-02 08-20-01,487,19.9081,37.0832
2019-06-02 08-20-03,487,19.8685,37.0966
2019-06-02 08-20-05,486,19.8502,37.0832
2019-06-02 08-20-07,486,19.9234,37.0966
2019-06-02 08-20-09,486,19.9234,37.0699
2019-06-02 08-20-13,487,19.8502,37.0832
2019-06-02 08-20-15,487,19.8502,37.1126
2019-06-02 08-20-17,487,19.9081,37.0699
2019-06-02 08-20-19,487,19.9402,37.0832
2019-06-02 08-20-21,487,19.9051,37.0832
2019-06-02 08-20-23,487,19.8685,37.0539
2019-06-02 08-20-25,487,19.9554,37.0378
2019-06-02 08-20-29,486,19.9738,37.0378
2019-06-02 08-20-32,486,19.9371,37.0378
2019-06-02 08-20-34,486,19.9554,37.0378
2019-06-02 08-20-36,486,19.9554,37.0111
2019-06-02 08-20-38,485,19.9722,36.9978
2019-06-02 08-20-40,486,19.9539,36.9818
2019-06-02 08-20-42,485,20.0043,37.0111
2019-06-02 08-20-44,485,20.0241,37.0245
2019-06-02 08-20-48,484,20.0455,37.0111
2019-06-02 08-20-50,484,19.9188,37.0378
2019-06-02 08-20-52,484,19.9905,37.0378
2019-06-02 08-20-54,484,19.9219,37.0378
2019-06-02 08-20-56,484,19.9905,37.0539
2019-06-02 08-20-58,484,20.047,37.0539
2019-06-02 08-21-00,485,19.9554,37.0539
2019-06-02 08-21-02,485,19.9554,37.0539
2019-06-02 08-21-06,485,19.9738,37.0539
2019-06-02 08-21-08,485,19.9219,37.0832
2019-06-02 08-21-10,485,19.9051,37.0539
2019-06-02 08-21-12,485,19.8486,37.0699
2019-06-02 08-21-14,485,19.9585,37.0832
2019-06-02 08-21-16,486,19.9585,37.0966
2019-06-02 08-21-18,486,19.9417,37.0699
2019-06-02 08-21-20,486,19.9585,37.1126
2019-06-02 08-21-24,486,19.9951,37.1126
2019-06-02 08-21-26,486,19.96,37.1126
2019-06-02 08-21-28,486,19.9081,37.1527
2019-06-02 08-21-30,486,19.873,37.182
2019-06-02 08-21-32,486,19.8212,37.182
2019-06-02 08-21-34,485,19.8044,37.1954
2019-06-02 08-21-36,486,19.7891,37.2087
2019-06-02 08-21-40,486,19.754,37.2087
2019-06-02 08-21-42,487,19.754,37.2248
2019-06-02 08-21-44,487,19.7357,37.2381
2019-06-02 08-21-46,488,19.7723,37.2381
2019-06-02 08-21-48,488,19.754,37.2515
2019-06-02 08-21-50,488,19.7388,37.2515
2019-06-02 08-21-52,488,19.7388,37.2648
2019-06-02 08-21-54,488,19.6838,37.2808
2019-06-02 08-21-58,488,19.7403,37.2515
2019-06-02 08-22-00,489,19.7174,37.2808
2019-06-02 08-22-02,489,19.7403,37.2648
2019-06-02 08-22-04,488,19.7754,37.3075
2019-06-02 08-22-06,488,19.6884,37.2808
2019-06-02 08-22-08,488,19.7403,37.2808
2019-06-02 08-22-10,488,19.7021,37.3236
2019-06-02 08-22-12,488,19.7617,37.2942
2019-06-02 08-22-16,488,19.7403,37.3369
2019-06-02 08-22-18,489,19.7617,37.3236
2019-06-02 08-22-20,489,19.6701,37.3236
2019-06-02 08-22-22,489,19.6167,37.3503
2019-06-02 08-22-24,489,19.6381,37.3369
2019-06-02 08-22-26,490,19.7067,37.3369
2019-06-02 08-22-28,490,19.6533,37.3503
2019-06-02 08-22-32,490,19.6899,37.3796
2019-06-02 08-22-34,490,19.6396,37.3636
2019-06-02 08-22-36,489,19.6899,37.393
2019-06-02 08-22-38,489,19.5847,37.3636
2019-06-02 08-22-40,489,19.5831,37.3636
2019-06-02 08-22-42,489,19.6564,37.4197
2019-06-02 08-22-44,490,19.5877,37.3796
2019-06-02 08-22-46,490,19.5831,37.4197
2019-06-02 08-22-50,490,19.606,37.393
2019-06-02 08-22-52,490,19.5847,37.393
2019-06-02 08-22-54,491,19.6579,37.393
2019-06-02 08-22-56,491,19.606,37.3796
2019-06-02 08-22-58,491,19.603,37.3636
2019-06-02 08-23-00,491,19.6716,37.3796
2019-06-02 08-23-02,491,19.6747,37.3796
2019-06-02 08-23-04,491,19.6213,37.3796
2019-06-02 08-23-08,490,19.6213,37.3636
2019-06-02 08-23-10,490,19.5831,37.3796
2019-06-02 08-23-12,491,19.6747,37.3796
2019-06-02 08-23-14,491,19.7083,37.3636
2019-06-02 08-23-16,492,19.6899,37.3369
2019-06-02 08-23-18,492,19.7067,37.2515
2019-06-02 08-23-20,492,19.7021,37.3075
2019-06-02 08-23-24,492,19.7433,37.3236
2019-06-02 08-23-26,492,19.722,37.3369
2019-06-02 08-23-28,492,19.725,37.3236
2019-06-02 08-23-30,492,19.6884,37.3236
2019-06-02 08-23-32,492,19.7433,37.3236
2019-06-02 08-23-34,492,19.6884,37.3075
2019-06-02 08-23-36,492,19.722,37.3075
2019-06-02 08-23-38,493,19.6518,37.2942
2019-06-02 08-23-42,493,19.7205,37.3369
2019-06-02 08-23-44,493,19.6884,37.2942
2019-06-02 08-23-46,493,19.6701,37.3236
2019-06-02 08-23-48,493,19.7067,37.3075
2019-06-02 08-23-50,493,19.7037,37.2942
2019-06-02 08-23-52,493,19.6854,37.3236
2019-06-02 08-23-54,492,19.6701,37.3369
2019-06-02 08-23-56,492,19.6533,37.3369
2019-06-02 08-24-00,492,19.635,37.3075
2019-06-02 08-24-02,492,19.7433,37.3236
2019-06-02 08-24-04,491,19.722,37.3369
2019-06-02 08-24-06,491,19.7067,37.3236
2019-06-02 08-24-08,491,19.6701,37.3503
2019-06-02 08-24-10,491,19.6899,37.3503
2019-06-02 08-24-12,491,19.6381,37.4063
2019-06-02 08-24-14,491,19.6762,37.3796
2019-06-02 08-24-18,491,19.6213,37.4197
2019-06-02 08-24-20,491,19.6426,37.393
2019-06-02 08-24-22,491,19.6396,37.3796
2019-06-02 08-24-24,491,19.6213,37.3796
2019-06-02 08-24-26,492,19.6396,37.393
2019-06-02 08-24-28,492,19.606,37.4063
2019-06-02 08-24-30,492,19.6396,37.4197
2019-06-02 08-24-34,492,19.5694,37.393
2019-06-02 08-24-36,492,19.6579,37.393
2019-06-02 08-24-38,492,19.6213,37.3796
2019-06-02 08-24-40,491,19.6213,37.3369
2019-06-02 08-24-42,492,19.6716,37.3369
2019-06-02 08-24-44,492,19.6533,37.3636
2019-06-02 08-24-46,491,19.6716,37.3636
2019-06-02 08-24-48,491,19.6564,37.3636
2019-06-02 08-24-52,492,19.6213,37.3503
2019-06-02 08-24-54,492,19.6533,37.393
2019-06-02 08-24-56,492,19.606,37.3796
2019-06-02 08-24-58,492,19.6899,37.3636
2019-06-02 08-25-00,492,19.6716,37.3796
2019-06-02 08-25-02,492,19.7083,37.3636
2019-06-02 08-25-04,492,19.7083,37.3796
2019-06-02 08-25-06,492,19.603,37.3636
2019-06-02 08-25-10,492,19.6213,37.3796
2019-06-02 08-25-12,492,19.5145,37.3796
2019-06-02 08-25-14,492,19.603,37.3636
2019-06-02 08-25-16,492,19.603,37.3636
2019-06-02 08-25-18,491,19.6381,37.3636
2019-06-02 08-25-20,491,19.6381,37.3636
2019-06-02 08-25-22,490,19.6716,37.4063
2019-06-02 08-25-24,490,19.6396,37.4063
2019-06-02 08-25-28,489,19.6762,37.393
2019-06-02 08-25-30,489,19.5663,37.4491
2019-06-02 08-25-32,489,19.6426,37.4063
2019-06-02 08-25-34,489,19.5847,37.4357
2019-06-02 08-25-36,489,19.5694,37.4357
2019-06-02 08-25-38,489,19.5877,37.4357
2019-06-02 08-25-40,489,19.5526,37.4491
2019-06-02 08-25-44,489,19.5343,37.4491
2019-06-02 08-25-46,489,19.5526,37.4357
2019-06-02 08-25-48,489,19.5343,37.4491
2019-06-02 08-25-50,489,19.5709,37.4624
2019-06-02 08-25-52,490,19.6106,37.4624
2019-06-02 08-25-54,489,19.519,37.4357
2019-06-02 08-25-56,489,19.5694,37.4758
2019-06-02 08-25-58,489,19.5023,37.4624
2019-06-02 08-26-02,489,19.519,37.4491
2019-06-02 08-26-04,489,19.5709,37.4357
2019-06-02 08-26-06,489,19.5007,37.4197
2019-06-02 08-26-08,489,19.5694,37.4197
2019-06-02 08-26-10,488,19.606,37.4063
2019-06-02 08-26-12,488,19.6243,37.393
2019-06-02 08-26-14,488,19.6213,37.393
2019-06-02 08-26-16,488,19.5847,37.393
2019-06-02 08-26-20,488,19.5847,37.393
2019-06-02 08-26-23,487,19.5847,37.393
2019-06-02 08-26-25,488,19.6747,37.4063
2019-06-02 08-26-27,487,19.6243,37.3796
2019-06-02 08-26-29,488,19.603,37.3369
2019-06-02 08-26-31,488,19.6533,37.3636
2019-06-02 08-26-33,488,19.6899,37.3503
2019-06-02 08-26-37,487,19.6716,37.3636
2019-06-02 08-26-39,488,19.603,37.3503
2019-06-02 08-26-41,487,19.6716,37.3796
2019-06-02 08-26-43,487,19.6899,37.393
2019-06-02 08-26-45,487,19.606,37.3796
2019-06-02 08-26-47,487,19.6564,37.393
2019-06-02 08-26-49,487,19.6579,37.393
2019-06-02 08-26-51,488,19.606,37.4063
2019-06-02 08-26-55,487,19.6396,37.3796
2019-06-02 08-26-57,487,19.6396,37.393
2019-06-02 08-26-59,487,19.6579,37.393
2019-06-02 08-27-01,487,19.6213,37.393
2019-06-02 08-27-03,487,19.606,37.4063
2019-06-02 08-27-05,487,19.5847,37.393
2019-06-02 08-27-07,487,19.5847,37.4063
2019-06-02 08-27-09,487,19.606,37.4197
2019-06-02 08-27-13,487,19.6426,37.4197
2019-06-02 08-27-15,487,19.5511,37.4197
2019-06-02 08-27-17,487,19.6243,37.4197
2019-06-02 08-27-19,487,19.5877,37.4357
2019-06-02 08-27-21,487,19.5694,37.4491
2019-06-02 08-27-23,487,19.5526,37.4197
2019-06-02 08-27-25,487,19.5511,37.4624
2019-06-02 08-27-29,487,19.5709,37.4357
2019-06-02 08-27-31,488,19.5694,37.4491
2019-06-02 08-27-33,488,19.6259,37.4197
2019-06-02 08-27-35,488,19.5343,37.4491
2019-06-02 08-27-37,487,19.6075,37.4357
2019-06-02 08-27-39,487,19.6075,37.4357
2019-06-02 08-27-41,486,19.5694,37.4357
2019-06-02 08-27-43,486,19.5694,37.4357
2019-06-02 08-27-47,486,19.5694,37.4357
2019-06-02 08-27-49,486,19.5877,37.4624
2019-06-02 08-27-51,486,19.5526,37.4357
2019-06-02 08-27-53,486,19.5694,37.4357
2019-06-02 08-27-55,485,19.5526,37.4491
2019-06-02 08-27-57,485,19.6075,37.4357
2019-06-02 08-27-59,485,19.5877,37.4624
2019-06-02 08-28-01,485,19.5892,37.4491
2019-06-02 08-28-05,486,19.5709,37.4491
2019-06-02 08-28-07,486,19.5709,37.4357
2019-06-02 08-28-09,486,19.516,37.4357
2019-06-02 08-28-11,487,19.5526,37.4491
2019-06-02 08-28-13,487,19.5526,37.4357
2019-06-02 08-28-15,487,19.5526,37.4357
2019-06-02 08-28-17,487,19.5343,37.4491
2019-06-02 08-28-21,487,19.5526,37.4491
2019-06-02 08-28-23,486,19.4839,37.4491
2019-06-02 08-28-25,486,19.5877,37.4491
2019-06-02 08-28-27,486,19.5877,37.4491
2019-06-02 08-28-29,486,19.6075,37.4197
2019-06-02 08-28-31,486,19.6243,37.4063
2019-06-02 08-28-33,486,19.6396,37.4197
2019-06-02 08-28-35,487,19.606,37.393
2019-06-02 08-28-39,487,19.6396,37.393
2019-06-02 08-28-41,487,19.693,37.393
2019-06-02 08-28-43,486,19.6213,37.3796
2019-06-02 08-28-45,487,19.7266,37.3796
2019-06-02 08-28-47,487,19.6396,37.3636
2019-06-02 08-28-49,487,19.6564,37.3636
2019-06-02 08-28-51,487,19.6564,37.3636
2019-06-02 08-28-53,487,19.6564,37.393
2019-06-02 08-28-57,486,19.6579,37.3636
2019-06-02 08-28-59,486,19.6899,37.3636
2019-06-02 08-29-01,486,19.6381,37.3796
2019-06-02 08-29-03,486,19.6564,37.393
2019-06-02 08-29-05,486,19.6579,37.393
2019-06-02 08-29-07,486,19.6213,37.393
2019-06-02 08-29-09,486,19.693,37.3636
2019-06-02 08-29-11,486,19.7083,37.3503
2019-06-02 08-29-15,486,19.7067,37.3636
2019-06-02 08-29-17,485,19.7449,37.3503
2019-06-02 08-29-19,485,19.725,37.3369
2019-06-02 08-29-21,486,19.7433,37.3236
2019-06-02 08-29-23,486,19.7617,37.3369
2019-06-02 08-29-25,485,19.7067,37.3075
2019-06-02 08-29-27,485,19.7433,37.3075
2019-06-02 08-29-31,485,19.722,37.3075
2019-06-02 08-29-33,485,19.6884,37.3075
2019-06-02 08-29-35,485,19.6884,37.2808
2019-06-02 08-29-37,485,19.7021,37.2648
2019-06-02 08-29-39,485,19.7205,37.2808
2019-06-02 08-29-41,484,19.7403,37.2515
2019-06-02 08-29-43,484,19.7723,37.2942
2019-06-02 08-29-45,484,19.7769,37.2942
2019-06-02 08-29-49,484,19.7769,37.2808
2019-06-02 08-29-51,484,19.7403,37.3075
2019-06-02 08-29-53,485,19.7037,37.3236
2019-06-02 08-29-55,484,19.722,37.3236
2019-06-02 08-29-57,484,19.7067,37.3075
2019-06-02 08-29-59,485,19.7037,37.3075
2019-06-02 08-30-01,485,19.6884,37.3369
2019-06-02 08-30-03,485,19.725,37.3369
2019-06-02 08-30-07,485,19.635,37.3369
2019-06-02 08-30-09,485,19.7067,37.3369
2019-06-02 08-30-11,485,19.6884,37.3236
2019-06-02 08-30-13,486,19.7433,37.3236
2019-06-02 08-30-15,486,19.7067,37.3369
2019-06-02 08-30-17,486,19.725,37.3075
2019-06-02 08-30-19,486,19.7037,37.3236
2019-06-02 08-30-23,486,19.7433,37.3236
2019-06-02 08-30-25,486,19.8303,37.3236
2019-06-02 08-30-27,486,19.7433,37.2942
2019-06-02 08-30-29,486,19.7586,37.2808
2019-06-02 08-30-31,486,19.7754,37.2942
2019-06-02 08-30-33,486,19.7769,37.3075
2019-06-02 08-30-35,486,19.7769,37.2808
2019-06-02 08-30-37,486,19.809,37.2942
2019-06-02 08-30-41,486,19.7403,37.2942
2019-06-02 08-30-43,485,19.7586,37.3075
2019-06-02 08-30-45,485,19.722,37.3075
2019-06-02 08-30-47,485,19.7586,37.3503
2019-06-02 08-30-49,484,19.7067,37.3636
2019-06-02 08-30-51,483,19.7449,37.3796
2019-06-02 08-30-53,483,19.6564,37.3503
2019-06-02 08-30-55,483,19.7067,37.3503
2019-06-02 08-30-59,483,19.725,37.393
2019-06-02 08-31-01,483,19.693,37.3796
2019-06-02 08-31-03,483,19.6747,37.3636
2019-06-02 08-31-05,483,19.6716,37.3636
2019-06-02 08-31-07,484,19.7083,37.3636
2019-06-02 08-31-09,485,19.6564,37.3796
2019-06-02 08-31-11,485,19.7266,37.3796
2019-06-02 08-31-15,485,19.7266,37.393
2019-06-02 08-31-17,486,19.7083,37.4063
2019-06-02 08-31-19,486,19.6762,37.3636
2019-06-02 08-31-21,487,19.6899,37.3636
2019-06-02 08-31-23,486,19.7083,37.3503
2019-06-02 08-31-25,487,19.6899,37.3503
2019-06-02 08-31-27,486,19.725,37.3503
2019-06-02 08-31-29,486,19.7449,37.3236
2019-06-02 08-31-33,486,19.722,37.3236
2019-06-02 08-31-35,486,19.7067,37.3369
2019-06-02 08-31-37,486,19.7617,37.3075
2019-06-02 08-31-39,486,19.7586,37.3236
2019-06-02 08-31-41,486,19.7433,37.2942
2019-06-02 08-31-43,486,19.7937,37.2942
2019-06-02 08-31-45,486,19.7205,37.2808
2019-06-02 08-31-47,486,19.7403,37.2942
2019-06-02 08-31-51,486,19.812,37.2942
2019-06-02 08-31-53,487,19.812,37.2942
2019-06-02 08-31-55,487,19.7937,37.3075
2019-06-02 08-31-57,487,19.7586,37.2942
2019-06-02 08-31-59,487,19.7205,37.2808
2019-06-02 08-32-01,488,19.809,37.3075
2019-06-02 08-32-03,487,19.812,37.2648
2019-06-02 08-32-07,487,19.7571,37.2808
2019-06-02 08-32-09,487,19.7937,37.2648
2019-06-02 08-32-11,487,19.7906,37.2648
2019-06-02 08-32-13,487,19.7906,37.2648
2019-06-02 08-32-15,487,19.8441,37.2648
2019-06-02 08-32-18,487,19.7906,37.2808
2019-06-02 08-32-20,487,19.7937,37.2942
2019-06-02 08-32-22,486,19.7769,37.2808
2019-06-02 08-32-26,486,19.7205,37.2942
2019-06-02 08-32-28,487,19.7586,37.3236
2019-06-02 08-32-30,487,19.722,37.2942
2019-06-02 08-32-32,486,19.7769,37.3369
2019-06-02 08-32-34,486,19.7433,37.3236
2019-06-02 08-32-36,487,19.7617,37.3075
2019-06-02 08-32-38,488,19.7433,37.2942
2019-06-02 08-32-42,488,19.7937,37.2942
2019-06-02 08-32-44,488,19.7769,37.2808
2019-06-02 08-32-46,487,19.7937,37.2808
2019-06-02 08-32-48,487,19.7586,37.2808
2019-06-02 08-32-50,487,19.8273,37.2808
2019-06-02 08-32-52,487,19.8456,37.2648
2019-06-02 08-32-54,487,19.7754,37.2515
2019-06-02 08-32-56,487,19.8257,37.2515
2019-06-02 08-33-00,486,19.809,37.2808
2019-06-02 08-33-02,487,19.7586,37.2648
2019-06-02 08-33-04,488,19.8273,37.2515
2019-06-02 08-33-06,488,19.8257,37.2515
2019-06-02 08-33-08,487,19.8624,37.2648
2019-06-02 08-33-10,487,19.8441,37.2248
2019-06-02 08-33-12,487,19.8257,37.2087
2019-06-02 08-33-14,488,19.9142,37.182
2019-06-02 08-33-18,488,19.8944,37.1954
2019-06-02 08-33-20,488,19.8578,37.2248
2019-06-02 08-33-22,488,19.8593,37.2381
2019-06-02 08-33-24,488,19.8441,37.2087
2019-06-02 08-33-26,489,19.7891,37.182
2019-06-02 08-33-28,488,19.8578,37.1954
2019-06-02 08-33-30,488,19.8578,37.182
2019-06-02 08-33-34,488,19.8944,37.1954
2019-06-02 08-33-36,488,19.8761,37.182
2019-06-02 08-33-38,488,19.8944,37.1687
2019-06-02 08-33-40,488,19.9097,37.1393
2019-06-02 08-33-42,487,19.9265,37.126
2019-06-02 08-33-44,487,19.9265,37.1393
2019-06-02 08-33-46,487,19.9783,37.0966
2019-06-02 08-33-48,487,19.9585,37.0966
2019-06-02 08-33-52,486,19.9417,37.1126
2019-06-02 08-33-54,485,19.9265,37.1393
2019-06-02 08-33-56,485,19.9448,37.1687
2019-06-02 08-33-58,484,19.9463,37.2087
2019-06-02 08-34-00,484,19.9142,37.1954
2019-06-02 08-34-02,483,19.931,37.1954
2019-06-02 08-34-04,483,19.8761,37.1954
2019-06-02 08-34-06,483,19.9127,37.1954
2019-06-02 08-34-10,484,19.931,37.2087
2019-06-02 08-34-12,484,19.9646,37.182
2019-06-02 08-34-14,484,19.8395,37.1954
2019-06-02 08-34-16,484,19.8761,37.182
2019-06-02 08-34-18,484,19.8944,37.1687
2019-06-02 08-34-20,484,19.8944,37.1527
2019-06-02 08-34-22,485,19.9448,37.182
2019-06-02 08-34-24,485,19.9127,37.182
2019-06-02 08-34-28,485,19.9127,37.182
2019-06-02 08-34-30,484,19.9814,37.1954
2019-06-02 08-34-32,484,19.9463,37.2248
2019-06-02 08-34-34,484,19.9493,37.2248
2019-06-02 08-34-36,484,19.9142,37.2248
2019-06-02 08-34-38,484,19.8593,37.182
2019-06-02 08-34-40,483,19.873,37.2248
2019-06-02 08-34-44,483,19.8761,37.1954
2019-06-02 08-34-46,483,19.8395,37.2381
2019-06-02 08-34-48,483,19.8593,37.2515
2019-06-02 08-34-50,483,19.8776,37.2381
2019-06-02 08-34-52,484,19.8593,37.2515
2019-06-02 08-34-54,484,19.8776,37.2648
2019-06-02 08-34-56,484,19.8273,37.2808
2019-06-02 08-34-58,485,19.8273,37.2381
2019-06-02 08-35-02,485,19.8776,37.2515
2019-06-02 08-35-04,485,19.8257,37.2087
2019-06-02 08-35-06,486,19.8227,37.2087
2019-06-02 08-35-08,486,19.8578,37.2087
2019-06-02 08-35-10,485,19.8761,37.2381
2019-06-02 08-35-12,485,19.8441,37.2942
2019-06-02 08-35-14,484,19.7937,37.2942
2019-06-02 08-35-16,484,19.8639,37.3236
2019-06-02 08-35-20,484,19.7769,37.3503
2019-06-02 08-35-22,484,19.7983,37.3369
2019-06-02 08-35-24,484,19.7433,37.3796
2019-06-02 08-35-26,484,19.7479,37.393
2019-06-02 08-35-28,485,19.7266,37.3636
2019-06-02 08-35-30,485,19.6899,37.393
2019-06-02 08-35-32,485,19.7266,37.3796
2019-06-02 08-35-36,484,19.6899,37.4063
2019-06-02 08-35-38,484,19.693,37.393
2019-06-02 08-35-40,485,19.7083,37.393
2019-06-02 08-35-42,485,19.7083,37.4063
2019-06-02 08-35-44,486,19.6579,37.4197
2019-06-02 08-35-46,487,19.7113,37.4357
2019-06-02 08-35-48,487,19.7128,37.4197
2019-06-02 08-35-50,487,19.6762,37.393
2019-06-02 08-35-54,487,19.7083,37.393
2019-06-02 08-35-56,486,19.693,37.4063
2019-06-02 08-35-58,487,19.6579,37.393
2019-06-02 08-36-00,487,19.693,37.393
2019-06-02 08-36-02,486,19.6747,37.393
2019-06-02 08-36-04,487,19.6747,37.4197
2019-06-02 08-36-06,487,19.6945,37.4063
2019-06-02 08-36-08,487,19.6579,37.393
2019-06-02 08-36-12,487,19.693,37.4197
2019-06-02 08-36-14,487,19.7296,37.393
2019-06-02 08-36-16,487,19.7083,37.4197
2019-06-02 08-36-18,487,19.6579,37.4197
2019-06-02 08-36-20,488,19.6945,37.4197
2019-06-02 08-36-22,488,19.6762,37.4197
2019-06-02 08-36-24,488,19.6762,37.4063
2019-06-02 08-36-28,488,19.6579,37.4063
2019-06-02 08-36-30,488,19.7113,37.3636
2019-06-02 08-36-32,488,19.6564,37.393
2019-06-02 08-36-34,488,19.7083,37.3503
2019-06-02 08-36-36,488,19.6899,37.3796
2019-06-02 08-36-38,488,19.6899,37.3796
2019-06-02 08-36-40,487,19.7983,37.3796
2019-06-02 08-36-42,487,19.7815,37.3503
2019-06-02 08-36-46,487,19.7983,37.3503
2019-06-02 08-36-48,488,19.8318,37.3075
2019-06-02 08-36-50,488,19.8456,37.3236
2019-06-02 08-36-52,487,19.7769,37.2808
2019-06-02 08-36-54,487,19.8456,37.2808
2019-06-02 08-36-56,488,19.8273,37.3075
2019-06-02 08-36-58,488,19.8456,37.2648
2019-06-02 08-37-00,488,19.809,37.2515
2019-06-02 08-37-04,488,19.8441,37.2515
2019-06-02 08-37-06,489,19.8441,37.2248
2019-06-02 08-37-08,489,19.8761,37.2248
2019-06-02 08-37-10,488,19.8959,37.2515
2019-06-02 08-37-12,488,19.899,37.2808
2019-06-02 08-37-14,488,19.8273,37.2648
2019-06-02 08-37-16,487,19.899,37.2942
2019-06-02 08-37-20,487,19.9005,37.2808
2019-06-02 08-37-22,487,19.8624,37.2808
2019-06-02 08-37-24,488,19.8456,37.2808
2019-06-02 08-37-26,487,19.9005,37.2648
2019-06-02 08-37-28,488,19.8273,37.2808
2019-06-02 08-37-30,488,19.8624,37.2942
2019-06-02 08-37-32,488,19.7937,37.2942
2019-06-02 08-37-34,488,19.8807,37.2942
2019-06-02 08-37-38,488,19.7937,37.2942
2019-06-02 08-37-40,488,19.8807,37.2808
2019-06-02 08-37-42,488,19.9356,37.2381
2019-06-02 08-37-44,488,19.9509,37.2087
2019-06-02 08-37-46,488,19.841,37.182
2019-06-02 08-37-48,489,19.8944,37.1687
2019-06-02 08-37-50,489,19.9463,37.1393
2019-06-02 08-37-52,489,20.0134,37.1393
2019-06-02 08-37-56,488,19.9631,37.1126
2019-06-02 08-37-58,488,19.9768,37.0832
2019-06-02 08-38-00,488,20.047,37.1126
2019-06-02 08-38-02,488,19.9768,37.1126
2019-06-02 08-38-04,487,19.9768,37.1393
2019-06-02 08-38-06,487,20.0134,37.1393
2019-06-02 08-38-09,487,19.9966,37.126
2019-06-02 08-38-13,487,20.0317,37.1527
2019-06-02 08-38-15,487,19.9966,37.1954
2019-06-02 08-38-17,487,19.9127,37.2087
2019-06-02 08-38-19,487,19.931,37.2381
2019-06-02 08-38-21,487,19.8776,37.1954
2019-06-02 08-38-23,487,19.8761,37.1954
2019-06-02 08-38-25,488,19.8578,37.2381
2019-06-02 08-38-27,488,19.9326,37.2515
2019-06-02 08-38-31,488,19.8776,37.2515
2019-06-02 08-38-33,489,19.899,37.2648
2019-06-02 08-38-35,489,19.8624,37.2648
2019-06-02 08-38-37,489,19.8807,37.2648
2019-06-02 08-38-39,490,19.8807,37.2648
2019-06-02 08-38-41,490,19.8807,37.2648
2019-06-02 08-38-43,490,19.899,37.2808
2019-06-02 08-38-45,490,19.8456,37.2808
2019-06-02 08-38-49,490,19.8807,37.2648
2019-06-02 08-38-51,490,19.809,37.2942
2019-06-02 08-38-53,489,19.9188,37.2648
2019-06-02 08-38-55,489,19.8273,37.2515
2019-06-02 08-38-57,489,19.9173,37.2808
2019-06-02 08-38-59,489,19.8624,37.2648
2019-06-02 08-39-01,489,19.8807,37.2942
2019-06-02 08-39-03,490,19.8456,37.3075
2019-06-02 08-39-07,490,19.8456,37.2942
2019-06-02 08-39-09,490,19.8456,37.3075
2019-06-02 08-39-11,490,19.8639,37.3236
2019-06-02 08-39-13,490,19.8135,37.3236
2019-06-02 08-39-15,489,19.8486,37.3236
2019-06-02 08-39-17,490,19.8303,37.3075
2019-06-02 08-39-19,490,19.8456,37.3369
2019-06-02 08-39-23,490,19.78,37.3503
2019-06-02 08-39-25,489,19.8318,37.3369
2019-06-02 08-39-27,489,19.7952,37.3503
2019-06-02 08-39-29,488,19.7983,37.3369
2019-06-02 08-39-31,488,19.7952,37.3796
2019-06-02 08-39-33,488,19.7983,37.393
2019-06-02 08-39-35,488,19.7662,37.393
2019-06-02 08-39-37,488,19.7479,37.4063
2019-06-02 08-39-41,489,19.7479,37.4063
2019-06-02 08-39-43,489,19.7266,37.393
2019-06-02 08-39-45,489,19.7266,37.4357
2019-06-02 08-39-47,489,19.7495,37.4063
2019-06-02 08-39-49,489,19.7479,37.4357
2019-06-02 08-39-51,489,19.7128,37.393
2019-06-02 08-39-53,489,19.693,37.4063
2019-06-02 08-39-55,490,19.6762,37.4491
2019-06-02 08-39-59,490,19.6793,37.4491
2019-06-02 08-40-01,490,19.6793,37.4491
2019-06-02 08-40-03,490,19.6793,37.4357
2019-06-02 08-40-05,490,19.6945,37.4357
2019-06-02 08-40-07,490,19.6609,37.4197
2019-06-02 08-40-09,490,19.606,37.4624
2019-06-02 08-40-11,490,19.6106,37.4491
2019-06-02 08-40-15,490,19.6426,37.4491
2019-06-02 08-40-17,490,19.7311,37.4758
2019-06-02 08-40-19,490,19.6625,37.4918
2019-06-02 08-40-21,490,19.6289,37.4758
2019-06-02 08-40-23,490,19.5892,37.4918
2019-06-02 08-40-25,489,19.6625,37.5212
2019-06-02 08-40-27,489,19.6472,37.4918
2019-06-02 08-40-29,489,19.6106,37.5051
2019-06-02 08-40-33,489,19.6472,37.4918
2019-06-02 08-40-35,489,19.6289,37.5051
2019-06-02 08-40-37,490,19.6472,37.4918
2019-06-02 08-40-39,489,19.6808,37.4918
2019-06-02 08-40-41,489,19.5892,37.4758
2019-06-02 08-40-43,489,19.6625,37.4918
2019-06-02 08-40-45,489,19.6976,37.4918
2019-06-02 08-40-47,490,19.6472,37.5051
2019-06-02 08-40-51,490,19.574,37.5051
2019-06-02 08-40-53,490,19.5923,37.5051
2019-06-02 08-40-55,490,19.6655,37.5051
2019-06-02 08-40-57,490,19.5572,37.5051
2019-06-02 08-40-59,490,19.6289,37.5051
2019-06-02 08-41-01,490,19.6289,37.5345
2019-06-02 08-41-03,490,19.6121,37.5051
2019-06-02 08-41-05,491,19.6991,37.5051
2019-06-02 08-41-09,490,19.6121,37.5051
2019-06-02 08-41-11,491,19.5923,37.5212
2019-06-02 08-41-13,491,19.6304,37.4758
2019-06-02 08-41-15,491,19.6976,37.4758
2019-06-02 08-41-17,491,19.6976,37.4357
2019-06-02 08-41-19,491,19.7296,37.393
2019-06-02 08-41-21,491,19.6747,37.3503
2019-06-02 08-41-25,490,19.7067,37.3369
2019-06-02 08-41-27,490,19.7617,37.3369
2019-06-02 08-41-29,490,19.7952,37.2942
2019-06-02 08-41-31,489,19.7769,37.2648
2019-06-02 08-41-33,490,19.8807,37.2515
2019-06-02 08-41-35,489,19.8624,37.2808
2019-06-02 08-41-37,489,19.9005,37.2808
2019-06-02 08-41-39,489,19.8807,37.2808
2019-06-02 08-41-43,488,19.9356,37.2942
2019-06-02 08-41-45,488,19.9188,37.2808
2019-06-02 08-41-47,487,19.809,37.3236
2019-06-02 08-41-49,487,19.8303,37.3075
2019-06-02 08-41-51,486,19.8822,37.3369
2019-06-02 08-41-53,486,19.8318,37.3236
2019-06-02 08-41-55,486,19.7769,37.3236
2019-06-02 08-41-57,486,19.8486,37.3236
2019-06-02 08-42-01,486,19.8486,37.3369
2019-06-02 08-42-03,486,19.8135,37.2942
2019-06-02 08-42-05,486,19.8273,37.2942
2019-06-02 08-42-07,486,19.8273,37.3075
2019-06-02 08-42-09,486,19.7952,37.2942
2019-06-02 08-42-11,486,19.8273,37.2648
2019-06-02 08-42-13,486,19.809,37.3236
2019-06-02 08-42-15,487,19.8639,37.3236
2019-06-02 08-42-19,487,19.8822,37.3075
2019-06-02 08-42-21,487,19.8456,37.3503
2019-06-02 08-42-23,487,19.8135,37.3369
2019-06-02 08-42-25,487,19.8486,37.3075
2019-06-02 08-42-27,487,19.8822,37.3236
2019-06-02 08-42-29,487,19.8639,37.3236
2019-06-02 08-42-31,488,19.7769,37.3075
2019-06-02 08-42-35,488,19.8456,37.2808
2019-06-02 08-42-37,488,19.8624,37.3075
2019-06-02 08-42-39,488,19.8822,37.3369
2019-06-02 08-42-41,488,19.8486,37.3075
2019-06-02 08-42-43,488,19.812,37.3369
2019-06-02 08-42-45,488,19.8318,37.3369
2019-06-02 08-42-47,488,19.8669,37.3636
2019-06-02 08-42-49,488,19.7449,37.393
2019-06-02 08-42-53,488,19.7479,37.4063
2019-06-02 08-42-55,489,19.7479,37.3796
2019-06-02 08-42-57,488,19.7632,37.4063
2019-06-02 08-42-59,489,19.7479,37.4063
2019-06-02 08-43-01,489,19.7845,37.4063
2019-06-02 08-43-03,489,19.7266,37.4063
2019-06-02 08-43-05,489,19.7845,37.3796
2019-06-02 08-43-07,489,19.7479,37.3796
2019-06-02 08-43-11,489,19.7083,37.3636
2019-06-02 08-43-13,489,19.78,37.3796
2019-06-02 08-43-15,489,19.7632,37.4063
2019-06-02 08-43-17,488,19.7266,37.393
2019-06-02 08-43-19,489,19.7083,37.3636
2019-06-02 08-43-21,488,19.7632,37.3796
2019-06-02 08-43-23,488,19.7479,37.3796
2019-06-02 08-43-27,488,19.7815,37.3503
2019-06-02 08-43-29,488,19.7617,37.3503
2019-06-02 08-43-31,488,19.8135,37.3369
2019-06-02 08-43-33,488,19.8135,37.3503
2019-06-02 08-43-35,488,19.7983,37.3503
2019-06-02 08-43-37,488,19.8502,37.3503
2019-06-02 08-43-39,488,19.8502,37.3636
2019-06-02 08-43-41,488,19.8502,37.3503
2019-06-02 08-43-45,488,19.8669,37.3236
2019-06-02 08-43-47,487,19.8822,37.3369
2019-06-02 08-43-49,487,19.8822,37.3369
2019-06-02 08-43-51,487,19.8318,37.3236
2019-06-02 08-43-54,487,19.8822,37.3369
2019-06-02 08-43-56,487,19.8669,37.3503
2019-06-02 08-43-58,487,19.8853,37.3369
2019-06-02 08-44-00,486,19.8822,37.3503
2019-06-02 08-44-04,487,19.8853,37.3369
2019-06-02 08-44-06,487,19.8822,37.3503
2019-06-02 08-44-08,487,19.7983,37.3636
2019-06-02 08-44-10,487,19.78,37.3636
2019-06-02 08-44-12,487,19.7632,37.3796
2019-06-02 08-44-14,488,19.8349,37.3636
2019-06-02 08-44-16,488,19.725,37.3503
2019-06-02 08-44-20,488,19.8135,37.3636
2019-06-02 08-44-22,488,19.78,37.3636
2019-06-02 08-44-24,489,19.725,37.3796
2019-06-02 08-44-26,489,19.7983,37.3796
2019-06-02 08-44-28,490,19.7479,37.3503
2019-06-02 08-44-30,490,19.8318,37.3503
2019-06-02 08-44-32,490,19.8135,37.3636
2019-06-02 08-44-34,489,19.7983,37.3636
2019-06-02 08-44-38,489,19.7449,37.3636
2019-06-02 08-44-40,490,19.78,37.3796
2019-06-02 08-44-42,490,19.7479,37.4063
2019-06-02 08-44-44,490,19.7998,37.4063
2019-06-02 08-44-46,490,19.7266,37.4063
2019-06-02 08-44-48,490,19.7845,37.4063
2019-06-02 08-44-50,490,19.7479,37.4197
2019-06-02 08-44-52,491,19.7662,37.393
2019-06-02 08-44-56,491,19.7083,37.393
2019-06-02 08-44-58,491,19.7083,37.3796
2019-06-02 08-45-00,491,19.7815,37.3796
2019-06-02 08-45-02,491,19.7983,37.3796
2019-06-02 08-45-04,491,19.7632,37.3369
2019-06-02 08-45-06,491,19.78,37.3503
2019-06-02 08-45-08,491,19.7983,37.3796
2019-06-02 08-45-12,491,19.8349,37.3636
2019-06-02 08-45-14,491,19.7983,37.3636
2019-06-02 08-45-16,490,19.8853,37.3369
2019-06-02 08-45-18,490,19.8135,37.3369
2019-06-02 08-45-20,490,19.7952,37.3236
2019-06-02 08-45-22,491,19.8822,37.3075
2019-06-02 08-45-24,491,19.8303,37.2942
2019-06-02 08-45-26,490,19.8273,37.3503
2019-06-02 08-45-30,490,19.8853,37.3236
2019-06-02 08-45-32,490,19.9371,37.3236
2019-06-02 08-45-34,490,19.8639,37.3075
2019-06-02 08-45-36,490,19.8822,37.2942
2019-06-02 08-45-38,490,19.9188,37.2648
2019-06-02 08-45-40,490,19.9173,37.2808
2019-06-02 08-45-42,490,19.9173,37.2648
2019-06-02 08-45-44,489,19.9173,37.2381
2019-06-02 08-45-48,489,19.9509,37.2248
2019-06-02 08-45-50,489,19.9677,37.2087
2019-06-02 08-45-52,489,20.0363,37.2087
2019-06-02 08-45-54,489,20.018,37.2381
2019-06-02 08-45-56,488,20.0195,37.2381
2019-06-02 08-45-58,488,20.0012,37.2248
2019-06-02 08-46-00,488,19.9829,37.1954
2019-06-02 08-46-04,488,19.9829,37.1687
2019-06-02 08-46-06,488,19.9814,37.1527
2019-06-02 08-46-08,488,20.0516,37.0966
2019-06-02 08-46-10,488,20.1019,37.0699
2019-06-02 08-46-12,488,20.134,37.0832
2019-06-02 08-46-14,488,20.1004,37.0378
2019-06-02 08-46-16,488,20.2057,37.0699
2019-06-02 08-46-18,488,20.1157,37.0378
2019-06-02 08-46-22,487,20.1157,37.0832
2019-06-02 08-46-24,487,20.2072,37.1126
2019-06-02 08-46-26,487,20.137,37.0966
2019-06-02 08-46-28,487,20.137,37.0699
2019-06-02 08-46-30,487,20.1691,37.0966
2019-06-02 08-46-32,486,20.1019,37.1126
2019-06-02 08-46-34,486,20.0836,37.0832
2019-06-02 08-46-36,486,20.137,37.126
2019-06-02 08-46-40,485,20.1385,37.126
2019-06-02 08-46-42,486,20.0684,37.0966
2019-06-02 08-46-44,485,20.1019,37.126
2019-06-02 08-46-46,485,20.1202,37.126
2019-06-02 08-46-48,485,20.1385,37.0966
2019-06-02 08-46-50,485,20.1187,37.0832
2019-06-02 08-46-52,486,20.047,37.0966
2019-06-02 08-46-56,486,20.0836,37.1126
2019-06-02 08-46-58,486,20.137,37.0832
2019-06-02 08-47-00,486,20.1523,37.0699
2019-06-02 08-47-02,487,20.1523,37.0699
2019-06-02 08-47-04,487,20.1523,37.0832
2019-06-02 08-47-06,486,20.1706,37.126
2019-06-02 08-47-08,486,20.1202,37.0832
2019-06-02 08-47-10,486,20.137,37.0966
2019-06-02 08-47-14,486,20.0836,37.0966
2019-06-02 08-47-16,486,20.0836,37.0966
2019-06-02 08-47-18,485,20.137,37.0966
2019-06-02 08-47-20,485,20.1706,37.1126
2019-06-02 08-47-22,485,20.0836,37.1126
2019-06-02 08-47-24,486,20.137,37.0966
2019-06-02 08-47-26,486,20.137,37.1126
2019-06-02 08-47-28,486,20.137,37.0966
2019-06-02 08-47-32,485,20.1187,37.1126
2019-06-02 08-47-34,485,20.0684,37.0966
2019-06-02 08-47-36,486,20.1187,37.0832
2019-06-02 08-47-38,485,20.1004,37.1126
2019-06-02 08-47-40,485,20.1019,37.126
2019-06-02 08-47-42,485,20.1019,37.1393
2019-06-02 08-47-44,485,20.0134,37.126
2019-06-02 08-47-48,485,20.0134,37.1393
2019-06-02 08-47-50,485,20.0516,37.1126
2019-06-02 08-47-52,485,20.0836,37.0966
2019-06-02 08-47-54,486,20.0653,37.1393
2019-06-02 08-47-56,486,20.0867,37.1126
2019-06-02 08-47-58,487,20.1202,37.126
2019-06-02 08-48-00,487,20.0867,37.0966
2019-06-02 08-48-02,487,20.0653,37.1527
2019-06-02 08-48-06,487,20.0882,37.126
2019-06-02 08-48-08,487,20.0867,37.126
2019-06-02 08-48-10,486,20.0516,37.1393
2019-06-02 08-48-12,486,20.0516,37.126
2019-06-02 08-48-14,486,20.0867,37.1527
2019-06-02 08-48-16,485,20.0699,37.1393
2019-06-02 08-48-18,486,20.0134,37.1393
2019-06-02 08-48-20,486,20.0516,37.1393
2019-06-02 08-48-24,486,20.0317,37.1687
2019-06-02 08-48-26,486,20.0699,37.1527
2019-06-02 08-48-28,486,20.0317,37.1687
2019-06-02 08-48-30,487,20.0699,37.1954
2019-06-02 08-48-32,487,19.9829,37.2381
2019-06-02 08-48-34,487,20.0012,37.2248
2019-06-02 08-48-36,487,20.0195,37.2515
2019-06-02 08-48-40,487,19.9692,37.2515
2019-06-02 08-48-42,488,20.0043,37.2648
2019-06-02 08-48-44,488,20.0043,37.2648
2019-06-02 08-48-46,488,19.9692,37.2808
2019-06-02 08-48-48,488,19.9005,37.2381
2019-06-02 08-48-50,489,19.986,37.2381
2019-06-02 08-48-52,489,19.9509,37.2648
2019-06-02 08-48-54,489,20.0378,37.2515
2019-06-02 08-48-58,488,19.9692,37.2648
2019-06-02 08-49-00,489,19.9356,37.2515
2019-06-02 08-49-02,489,19.9326,37.2248
2019-06-02 08-49-04,488,19.9677,37.2515
2019-06-02 08-49-06,489,19.9692,37.1954
2019-06-02 08-49-08,488,20.018,37.2087
2019-06-02 08-49-10,489,20.018,37.1954
2019-06-02 08-49-12,489,19.9829,37.1687
2019-06-02 08-49-16,489,20.015,37.1527
2019-06-02 08-49-18,488,20.0516,37.126
2019-06-02 08-49-20,488,20.0516,37.1126
2019-06-02 08-49-22,488,20.1019,37.1393
2019-06-02 08-49-24,488,20.1385,37.1393
2019-06-02 08-49-26,487,20.105,37.1687
2019-06-02 08-49-28,487,20.1416,37.1687
2019-06-02 08-49-32,486,20.0699,37.1687
2019-06-02 08-49-34,486,20.0546,37.2087
2019-06-02 08-49-36,487,20.1248,37.1954
2019-06-02 08-49-38,487,20.0912,37.2087
2019-06-02 08-49-40,486,20.018,37.182
2019-06-02 08-49-42,487,20.0333,37.1687
2019-06-02 08-49-44,486,20.015,37.1527
2019-06-02 08-49-47,485,20.0699,37.1954
2019-06-02 08-49-51,485,20.0729,37.1954
2019-06-02 08-49-53,485,20.0729,37.2248
2019-06-02 08-49-55,485,19.9677,37.2248
2019-06-02 08-49-57,484,19.9829,37.1954
2019-06-02 08-49-59,484,20.0363,37.1954
2019-06-02 08-50-01,484,20.0363,37.1954
2019-06-02 08-50-03,484,20.0546,37.1954
2019-06-02 08-50-07,483,19.9997,37.1527
2019-06-02 08-50-09,483,20.0317,37.1527
2019-06-02 08-50-11,483,20.0317,37.126
2019-06-02 08-50-13,482,20.1019,37.1126
2019-06-02 08-50-15,482,20.0684,37.1393
2019-06-02 08-50-17,482,20.105,37.1393
2019-06-02 08-50-19,482,20.1202,37.126
2019-06-02 08-50-21,482,20.1385,37.1393
2019-06-02 08-50-25,481,20.1202,37.0966
2019-06-02 08-50-27,481,20.1523,37.1527
2019-06-02 08-50-29,480,20.105,37.1527
2019-06-02 08-50-31,481,20.1752,37.1527
2019-06-02 08-50-33,480,20.105,37.1126
2019-06-02 08-50-35,480,20.1202,37.1527
2019-06-02 08-50-37,480,20.105,37.1527
2019-06-02 08-50-39,480,20.105,37.1527
2019-06-02 08-50-43,480,20.105,37.1687
2019-06-02 08-50-45,480,20.1065,37.1393
2019-06-02 08-50-47,480,20.0867,37.182
2019-06-02 08-50-49,480,20.0729,37.2087
2019-06-02 08-50-51,480,20.0912,37.182
2019-06-02 08-50-53,480,20.0546,37.1954
2019-06-02 08-50-55,480,20.0729,37.182
2019-06-02 08-50-59,480,20.0882,37.1954
2019-06-02 08-51-01,481,20.0363,37.2087
2019-06-02 08-51-03,481,20.0363,37.2087
2019-06-02 08-51-05,481,20.018,37.1954
2019-06-02 08-51-07,482,19.9997,37.1954
2019-06-02 08-51-09,482,20.0729,37.1527
2019-06-02 08-51-11,482,20.0699,37.1393
2019-06-02 08-51-13,482,20.0867,37.1393
2019-06-02 08-51-17,483,20.1385,37.1527
2019-06-02 08-51-19,483,20.105,37.182
2019-06-02 08-51-21,484,20.1065,37.1527
2019-06-02 08-51-23,483,20.0699,37.1393
2019-06-02 08-51-25,483,20.0867,37.1393
2019-06-02 08-51-27,483,20.1569,37.1393
2019-06-02 08-51-29,483,20.0867,37.1687
2019-06-02 08-51-31,483,20.0546,37.1687
2019-06-02 08-51-35,483,20.0333,37.1393
2019-06-02 08-51-37,482,20.105,37.1687
2019-06-02 08-51-39,483,20.0699,37.182
2019-06-02 08-51-41,483,20.1248,37.2087
2019-06-02 08-51-43,483,20.018,37.2381
2019-06-02 08-51-45,483,20.0195,37.2087
2019-06-02 08-51-47,483,20.0562,37.2087
2019-06-02 08-51-51,483,20.1096,37.2248
2019-06-02 08-51-53,484,20.1096,37.1954
2019-06-02 08-51-55,484,20.0729,37.2248
2019-06-02 08-51-57,484,20.1096,37.1954
2019-06-02 08-51-59,483,20.1431,37.2087
2019-06-02 08-52-01,482,19.9829,37.2087
2019-06-02 08-52-03,482,20.0729,37.1954
2019-06-02 08-52-05,482,20.018,37.1954
2019-06-02 08-52-09,482,20.0363,37.1954
2019-06-02 08-52-11,481,20.018,37.182
2019-06-02 08-52-13,481,20.0546,37.1954
2019-06-02 08-52-15,481,20.0912,37.2248
2019-06-02 08-52-17,480,20.0745,37.2248
2019-06-02 08-52-19,480,20.0012,37.2248
2019-06-02 08-52-21,480,20.0745,37.1954
2019-06-02 08-52-23,481,20.0912,37.1954
2019-06-02 08-52-27,481,20.0729,37.182
2019-06-02 08-52-29,481,20.1248,37.1687
2019-06-02 08-52-31,480,20.1416,37.1687
2019-06-02 08-52-33,481,20.1416,37.1393
2019-06-02 08-52-35,480,20.1202,37.182
2019-06-02 08-52-37,479,20.1416,37.1393
2019-06-02 08-52-39,479,20.1935,37.1393
2019-06-02 08-52-43,480,20.105,37.1393
2019-06-02 08-52-45,480,20.1569,37.0966
2019-06-02 08-52-47,480,20.1523,37.0966
2019-06-02 08-52-49,480,20.2103,37.0699
2019-06-02 08-52-51,480,20.1523,37.0539
2019-06-02 08-52-53,480,20.2072,37.0539
2019-06-02 08-52-55,481,20.2072,37.0378
2019-06-02 08-52-57,480,20.2057,37.0245
2019-06-02 08-53-01,480,20.2209,37.0111
2019-06-02 08-53-03,480,20.256,37.0245
2019-06-02 08-53-05,480,20.2209,37.0245
2019-06-02 08-53-07,480,20.2927,37.0539
2019-06-02 08-53-09,479,20.2942,37.0245
2019-06-02 08-53-11,479,20.2576,37.0539
2019-06-02 08-53-13,479,20.224,37.0699
2019-06-02 08-53-15,479,20.1889,37.0539
2019-06-02 08-53-19,478,20.224,37.0832
2019-06-02 08-53-21,478,20.2255,37.0832
2019-06-02 08-53-23,479,20.2606,37.1126
2019-06-02 08-53-25,479,20.2286,37.1393
2019-06-02 08-53-27,480,20.1385,37.1393
2019-06-02 08-53-29,480,20.1569,37.1527
2019-06-02 08-53-31,480,20.0882,37.1687
2019-06-02 08-53-35,480,20.1569,37.182
2019-06-02 08-53-37,480,20.1065,37.182
2019-06-02 08-53-39,480,20.0729,37.182
2019-06-02 08-53-41,481,20.0882,37.182
2019-06-02 08-53-43,481,20.0882,37.1527
2019-06-02 08-53-45,481,20.0882,37.1687
2019-06-02 08-53-47,481,20.1233,37.1687
2019-06-02 08-53-49,481,20.1569,37.182
2019-06-02 08-53-53,482,20.1065,37.1954
2019-06-02 08-53-55,481,20.0729,37.1954
2019-06-02 08-53-57,481,20.0729,37.2248
2019-06-02 08-53-59,481,20.0745,37.2381
2019-06-02 08-54-01,481,20.0592,37.2087
2019-06-02 08-54-03,481,20.0363,37.2248
2019-06-02 08-54-05,481,20.0363,37.2087
2019-06-02 08-54-09,481,20.018,37.2381
2019-06-02 08-54-11,482,20.0012,37.2087
2019-06-02 08-54-13,482,20.0729,37.2087
2019-06-02 08-54-15,482,20.0562,37.2515
2019-06-02 08-54-17,482,19.9692,37.2648
2019-06-02 08-54-19,482,20.0043,37.2248
2019-06-02 08-54-21,483,20.0363,37.2648
2019-06-02 08-54-23,483,20.0043,37.2808
2019-06-02 08-54-27,484,19.9692,37.2515
2019-06-02 08-54-29,484,19.9509,37.2515
2019-06-02 08-54-31,484,20.0043,37.2381
2019-06-02 08-54-33,484,19.986,37.2381
2019-06-02 08-54-35,485,20.0012,37.2087
2019-06-02 08-54-37,484,19.9829,37.2087
2019-06-02 08-54-39,484,20.018,37.2087
2019-06-02 08-54-41,484,20.0729,37.2381
2019-06-02 08-54-45,484,20.0012,37.2381
2019-06-02 08-54-47,483,20.0378,37.2381
2019-06-02 08-54-49,483,20.0592,37.2248
2019-06-02 08-54-51,483,20.0745,37.2248
2019-06-02 08-54-53,483,20.1096,37.2087
2019-06-02 08-54-55,483,20.0562,37.2248
2019-06-02 08-54-57,483,20.0562,37.2248
2019-06-02 08-55-01,483,20.0195,37.2087
2019-06-02 08-55-03,483,20.018,37.182
2019-06-02 08-55-05,482,20.0546,37.1393
2019-06-02 08-55-07,483,20.0699,37.1687
2019-06-02 08-55-09,482,20.1233,37.1393
2019-06-02 08-55-11,483,20.1202,37.1687
2019-06-02 08-55-13,483,20.1416,37.1687
2019-06-02 08-55-15,483,20.1233,37.1527
2019-06-02 08-55-19,483,20.1233,37.1527
2019-06-02 08-55-21,483,20.1385,37.1527
2019-06-02 08-55-23,482,20.0699,37.1687
2019-06-02 08-55-25,482,20.1416,37.126
2019-06-02 08-55-27,482,20.1385,37.1393
2019-06-02 08-55-29,482,20.1385,37.126
2019-06-02 08-55-31,482,20.1553,37.1126
2019-06-02 08-55-33,483,20.1736,37.126
2019-06-02 08-55-37,483,20.1935,37.0832
2019-06-02 08-55-39,483,20.2072,37.1126
2019-06-02 08-55-41,482,20.192,37.1126
2019-06-02 08-55-43,482,20.1736,37.126
2019-06-02 08-55-45,481,20.2103,37.1393
2019-06-02 08-55-47,481,20.1569,37.1126
2019-06-02 08-55-50,481,20.2286,37.126
2019-06-02 08-55-54,481,20.1553,37.1393
2019-06-02 08-55-56,481,20.1385,37.1126
2019-06-02 08-55-58,481,20.1553,37.126
2019-06-02 08-56-00,481,20.1019,37.1527
2019-06-02 08-56-02,481,20.1385,37.1527
2019-06-02 08-56-04,481,20.1233,37.182
2019-06-02 08-56-06,481,20.1065,37.1954
2019-06-02 08-56-08,481,20.1599,37.2087
2019-06-02 08-56-12,482,20.1096,37.2087
2019-06-02 08-56-14,482,20.0912,37.2248
2019-06-02 08-56-16,482,20.0363,37.2381
2019-06-02 08-56-18,483,20.0378,37.2515
2019-06-02 08-56-20,482,20.0195,37.2248
2019-06-02 08-56-22,483,19.9677,37.2248
2019-06-02 08-56-24,483,20.0363,37.2515
2019-06-02 08-56-26,483,19.986,37.2381
2019-06-02 08-56-30,483,20.0592,37.2381
2019-06-02 08-56-32,483,19.986,37.2381
2019-06-02 08-56-34,482,20.0195,37.2808
2019-06-02 08-56-36,482,20.0058,37.2648
2019-06-02 08-56-38,482,20.0378,37.2648
2019-06-02 08-56-40,482,20.0592,37.2515
2019-06-02 08-56-42,482,19.986,37.2515
2019-06-02 08-56-46,482,20.0043,37.2381
2019-06-02 08-56-48,482,20.0592,37.2381
2019-06-02 08-56-50,482,20.0745,37.2515
2019-06-02 08-56-52,482,20.0592,37.2248
2019-06-02 08-56-54,482,20.0012,37.2515
2019-06-02 08-56-56,483,20.0043,37.2648
2019-06-02 08-56-58,483,20.0775,37.2381
2019-06-02 08-57-00,484,20.0378,37.2381
2019-06-02 08-57-04,485,20.0928,37.2248
2019-06-02 08-57-06,485,20.0363,37.2087
2019-06-02 08-57-08,486,20.0562,37.1954
2019-06-02 08-57-10,486,20.0363,37.1954
2019-06-02 08-57-12,486,20.0912,37.1954
2019-06-02 08-57-14,486,20.0729,37.1954
2019-06-02 08-57-16,485,20.0363,37.182
2019-06-02 08-57-18,485,20.0882,37.1954
2019-06-02 08-57-22,485,20.0363,37.1954
2019-06-02 08-57-24,485,20.0729,37.182
2019-06-02 08-57-26,485,20.0546,37.1687
2019-06-02 08-57-28,485,19.9997,37.1687
2019-06-02 08-57-30,485,20.0546,37.1527
2019-06-02 08-57-32,485,20.1752,37.1393
2019-06-02 08-57-34,485,20.1385,37.1126
2019-06-02 08-57-38,485,20.137,37.1126
2019-06-02 08-57-40,485,20.1019,37.1126
2019-06-02 08-57-42,484,20.192,37.0966
2019-06-02 08-57-44,484,20.1706,37.1126
2019-06-02 08-57-46,484,20.192,37.0966
2019-06-02 08-57-48,483,20.1706,37.1126
2019-06-02 08-57-50,483,20.192,37.1393
2019-06-02 08-57-52,483,20.1736,37.126
2019-06-02 08-57-56,483,20.2103,37.126
2019-06-02 08-57-58,482,20.1935,37.1393
2019-06-02 08-58-00,482,20.1569,37.1687
2019-06-02 08-58-02,481,20.1416,37.2087
2019-06-02 08-58-04,482,20.1431,37.2087
2019-06-02 08-58-06,482,20.0729,37.2381
2019-06-02 08-58-08,482,20.0195,37.2087
2019-06-02 08-58-10,482,20.0912,37.2248
2019-06-02 08-58-14,484,20.0562,37.2248
2019-06-02 08-58-16,484,20.0745,37.2381
2019-06-02 08-58-18,484,20.0378,37.2648
2019-06-02 08-58-20,485,20.0378,37.2648
2019-06-02 08-58-22,485,20.0592,37.2515
2019-06-02 08-58-24,486,20.0195,37.2808
2019-06-02 08-58-26,486,20.0226,37.2648
2019-06-02 08-58-28,486,20.0043,37.2515
2019-06-02 08-58-32,486,20.0043,37.2515
2019-06-02 08-58-34,487,20.0195,37.2381
2019-06-02 08-58-36,487,20.0928,37.2381
2019-06-02 08-58-38,487,20.0012,37.2381
2019-06-02 08-58-40,487,20.0012,37.2248
2019-06-02 08-58-42,487,20.0562,37.2248
2019-06-02 08-58-44,487,20.0745,37.1954
2019-06-02 08-58-48,487,20.0363,37.182
2019-06-02 08-58-50,486,20.1065,37.2248
2019-06-02 08-58-52,486,20.1096,37.182
2019-06-02 08-58-54,486,20.1065,37.1687
2019-06-02 08-58-56,487,20.1416,37.1687
2019-06-02 08-58-58,486,20.1233,37.1687
2019-06-02 08-59-00,486,20.1065,37.1687
2019-06-02 08-59-02,485,20.1569,37.1687
2019-06-02 08-59-06,485,20.1416,37.1393
2019-06-02 08-59-08,485,20.1385,37.1393
2019-06-02 08-59-10,485,20.1736,37.126
2019-06-02 08-59-12,485,20.2286,37.0966
2019-06-02 08-59-14,485,20.192,37.1126
2019-06-02 08-59-16,485,20.192,37.0832
2019-06-02 08-59-18,484,20.1706,37.1126
2019-06-02 08-59-22,484,20.1736,37.1126
2019-06-02 08-59-24,484,20.1736,37.0966
2019-06-02 08-59-26,483,20.137,37.1126
2019-06-02 08-59-28,483,20.1736,37.0699
2019-06-02 08-59-30,482,20.2072,37.0699
2019-06-02 08-59-32,483,20.1889,37.0378
2019-06-02 08-59-34,483,20.1889,37.0378
2019-06-02 08-59-36,483,20.2393,37.0699
2019-06-02 08-59-40,484,20.2423,37.0539
2019-06-02 08-59-42,484,20.2942,37.0699
2019-06-02 08-59-44,483,20.2423,37.0699
2019-06-02 08-59-46,483,20.2255,37.0966
2019-06-02 08-59-48,483,20.192,37.1126
2019-06-02 08-59-50,483,20.1736,37.0699
2019-06-02 08-59-52,483,20.2072,37.0966
2019-06-02 08-59-54,483,20.2255,37.0966
2019-06-02 08-59-58,483,20.1523,37.0966
2019-06-02 09-00-00,483,20.192,37.0832
2019-06-02 09-00-02,483,20.2255,37.0832
2019-06-02 09-00-04,483,20.2072,37.0832
2019-06-02 09-00-06,483,20.2072,37.0832
2019-06-02 09-00-08,483,20.2606,37.0378
2019-06-02 09-00-10,483,20.1889,37.0699
2019-06-02 09-00-14,483,20.2255,37.0699
2019-06-02 09-00-16,483,20.2423,37.0539
2019-06-02 09-00-18,482,20.224,37.0832
2019-06-02 09-00-20,482,20.2072,37.0539
2019-06-02 09-00-22,482,20.2072,37.0832
2019-06-02 09-00-24,482,20.2438,37.0699
2019-06-02 09-00-26,482,20.1691,37.0966
2019-06-02 09-00-28,483,20.2103,37.0832
2019-06-02 09-00-32,482,20.2255,37.1126
2019-06-02 09-00-34,482,20.2286,37.1393
2019-06-02 09-00-36,482,20.1385,37.1393
2019-06-02 09-00-38,482,20.1202,37.0966
2019-06-02 09-00-40,482,20.0836,37.1527
2019-06-02 09-00-42,482,20.105,37.126
2019-06-02 09-00-44,482,20.1935,37.126
2019-06-02 09-00-48,483,20.1935,37.126
2019-06-02 09-00-50,482,20.1202,37.1126
2019-06-02 09-00-52,482,20.1553,37.1126
2019-06-02 09-00-54,482,20.137,37.1126
2019-06-02 09-00-56,482,20.192,37.0832
2019-06-02 09-00-58,482,20.1523,37.0966
2019-06-02 09-01-00,482,20.1706,37.0699
2019-06-02 09-01-02,482,20.1691,37.0699
2019-06-02 09-01-06,482,20.2255,37.0539
2019-06-02 09-01-08,481,20.2423,37.0539
2019-06-02 09-01-10,481,20.2423,37.0539
2019-06-02 09-01-12,481,20.1889,37.0539
2019-06-02 09-01-14,481,20.2576,37.0539
2019-06-02 09-01-16,480,20.2423,37.0539
2019-06-02 09-01-18,480,20.224,37.0539
2019-06-02 09-01-20,480,20.2423,37.0539
2019-06-02 09-01-24,480,20.2423,37.0378
2019-06-02 09-01-26,480,20.2576,37.0699
2019-06-02 09-01-28,480,20.2072,37.0378
2019-06-02 09-01-30,479,20.2393,37.0699
2019-06-02 09-01-32,479,20.2423,37.0539
2019-06-02 09-01-34,479,20.224,37.0699
2019-06-02 09-01-37,478,20.2255,37.0539
2019-06-02 09-01-41,478,20.224,37.0699
2019-06-02 09-01-43,479,20.2423,37.0699
2019-06-02 09-01-45,478,20.2759,37.0539
2019-06-02 09-01-47,478,20.2576,37.0245
2019-06-02 09-01-49,478,20.2576,37.0245
2019-06-02 09-01-51,478,20.3079,37.0539
2019-06-02 09-01-53,478,20.2759,37.0539
2019-06-02 09-01-55,478,20.2759,37.0378
2019-06-02 09-01-59,478,20.2759,37.0378
2019-06-02 09-02-01,478,20.3262,37.0245
2019-06-02 09-02-03,478,20.2576,37.0245
2019-06-02 09-02-05,479,20.3079,37.0245
2019-06-02 09-02-07,478,20.2576,37.0539
2019-06-02 09-02-09,478,20.2759,37.0966
2019-06-02 09-02-11,477,20.2438,37.126
2019-06-02 09-02-15,477,20.2286,37.1687
2019-06-02 09-02-17,477,20.1233,37.1527
2019-06-02 09-02-19,477,20.1569,37.1687
2019-06-02 09-02-21,477,20.0882,37.2087
2019-06-02 09-02-23,477,20.1614,37.1954
2019-06-02 09-02-25,478,20.0912,37.2248
2019-06-02 09-02-27,477,20.1096,37.182
2019-06-02 09-02-29,477,20.0729,37.1954
2019-06-02 09-02-33,478,20.1065,37.2087
2019-06-02 09-02-35,479,20.0729,37.1954
2019-06-02 09-02-37,480,20.0546,37.182
2019-06-02 09-02-39,479,20.0546,37.1954
2019-06-02 09-02-41,478,20.0912,37.1954
2019-06-02 09-02-43,477,20.1248,37.1954
2019-06-02 09-02-45,478,20.0912,37.182
2019-06-02 09-02-47,477,20.0729,37.182
2019-06-02 09-02-51,476,20.1416,37.1687
2019-06-02 09-02-53,475,20.0882,37.1527
2019-06-02 09-02-55,476,20.105,37.1527
2019-06-02 09-02-57,475,20.1233,37.182
2019-06-02 09-02-59,474,20.1248,37.1687
2019-06-02 09-03-01,475,20.1569,37.1527
2019-06-02 09-03-03,474,20.1965,37.1687
2019-06-02 09-03-07,475,20.0882,37.1527
2019-06-02 09-03-09,474,20.1569,37.1687
2019-06-02 09-03-11,475,20.1416,37.1687
2019-06-02 09-03-13,475,20.1233,37.182
2019-06-02 09-03-15,475,20.1416,37.1527
2019-06-02 09-03-17,475,20.1385,37.1527
2019-06-02 09-03-19,475,20.105,37.1687
2019-06-02 09-03-21,476,20.0699,37.1527
2019-06-02 09-03-25,476,20.1569,37.1393
2019-06-02 09-03-27,477,20.105,37.1687
2019-06-02 09-03-29,476,20.0882,37.1393
2019-06-02 09-03-31,477,20.1736,37.1527
2019-06-02 09-03-33,478,20.2118,37.1126
2019-06-02 09-03-35,478,20.137,37.0699
2019-06-02 09-03-37,477,20.1691,37.0966
2019-06-02 09-03-41,477,20.2103,37.1393
2019-06-02 09-03-43,476,20.2118,37.126
2019-06-02 09-03-45,477,20.1553,37.126
2019-06-02 09-03-47,477,20.1935,37.1126
2019-06-02 09-03-49,478,20.192,37.126
2019-06-02 09-03-51,478,20.1736,37.126
2019-06-02 09-03-53,478,20.1935,37.1527
2019-06-02 09-03-55,478,20.105,37.1687
2019-06-02 09-03-59,478,20.1569,37.1687
2019-06-02 09-04-01,477,20.1752,37.1687
2019-06-02 09-04-03,477,20.1065,37.1954
2019-06-02 09-04-05,477,20.0333,37.182
2019-06-02 09-04-07,478,20.0912,37.2087
2019-06-02 09-04-09,479,20.0882,37.182
2019-06-02 09-04-11,479,20.0546,37.182
2019-06-02 09-04-13,479,20.0882,37.1687
2019-06-02 09-04-17,479,20.1553,37.126
2019-06-02 09-04-19,479,20.1523,37.0966
2019-06-02 09-04-21,478,20.192,37.0832
2019-06-02 09-04-23,478,20.1523,37.0966
2019-06-02 09-04-25,478,20.192,37.1126
2019-06-02 09-04-27,478,20.1706,37.0832
2019-06-02 09-04-29,478,20.2103,37.0966
2019-06-02 09-04-31,478,20.137,37.0966
2019-06-02 09-04-35,478,20.1553,37.126
2019-06-02 09-04-37,477,20.2103,37.1126
2019-06-02 09-04-39,477,20.2423,37.0539
2019-06-02 09-04-41,477,20.2072,37.0539
2019-06-02 09-04-43,477,20.1691,37.0378
2019-06-02 09-04-45,477,20.2576,37.0378
2019-06-02 09-04-47,477,20.2896,37.0111
2019-06-02 09-04-51,477,20.256,37.0111
2019-06-02 09-04-53,476,20.2759,37.0539
2019-06-02 09-04-55,477,20.2576,37.0378
2019-06-02 09-04-57,477,20.2072,37.0699
2019-06-02 09-04-59,477,20.2606,37.0832
2019-06-02 09-05-01,477,20.2393,37.0378
2019-06-02 09-05-03,477,20.2057,37.0245
2019-06-02 09-05-05,476,20.2576,37.0245
2019-06-02 09-05-09,476,20.2576,37.0539
2019-06-02 09-05-11,476,20.192,37.0966
2019-06-02 09-05-13,476,20.1523,37.0966
2019-06-02 09-05-15,476,20.2286,37.1126
2019-06-02 09-05-17,476,20.2438,37.1126
2019-06-02 09-05-19,476,20.2286,37.1126
2019-06-02 09-05-21,476,20.1935,37.126
2019-06-02 09-05-23,476,20.1385,37.1393
2019-06-02 09-05-27,477,20.1736,37.1393
2019-06-02 09-05-29,477,20.1385,37.1393
2019-06-02 09-05-31,477,20.1569,37.1687
2019-06-02 09-05-33,476,20.1569,37.1527
2019-06-02 09-05-35,476,20.1233,37.1687
2019-06-02 09-05-37,476,20.1065,37.1687
2019-06-02 09-05-39,476,20.1599,37.182
2019-06-02 09-05-43,476,20.1233,37.1687
2019-06-02 09-05-45,476,20.1431,37.2248
2019-06-02 09-05-47,477,20.0363,37.2087
2019-06-02 09-05-49,476,20.1096,37.2381
2019-06-02 09-05-51,476,20.0562,37.2248
2019-06-02 09-05-53,476,20.0928,37.2248
2019-06-02 09-05-55,476,20.0912,37.2087
2019-06-02 09-05-57,476,20.1279,37.2248
2019-06-02 09-06-01,477,20.0378,37.2381
2019-06-02 09-06-03,477,20.0775,37.2515
2019-06-02 09-06-05,476,20.0378,37.2515
2019-06-02 09-06-07,477,20.0592,37.2381
2019-06-02 09-06-09,476,20.0363,37.2248
2019-06-02 09-06-11,477,20.0363,37.2248
2019-06-02 09-06-13,477,20.0729,37.1954
2019-06-02 09-06-15,477,20.0363,37.1954
2019-06-02 09-06-19,477,20.0745,37.2381
2019-06-02 09-06-21,478,20.1096,37.2087
2019-06-02 09-06-23,477,20.0546,37.182
2019-06-02 09-06-25,478,20.1065,37.182
2019-06-02 09-06-27,478,20.0546,37.1954
2019-06-02 09-06-29,477,20.1431,37.1954
2019-06-02 09-06-31,477,20.1416,37.1687
2019-06-02 09-06-35,477,20.1248,37.182
2019-06-02 09-06-37,476,20.1416,37.1687
2019-06-02 09-06-39,476,20.1233,37.1687
2019-06-02 09-06-41,476,20.0699,37.1687
2019-06-02 09-06-43,475,20.1569,37.1393
2019-06-02 09-06-45,475,20.1752,37.1527
2019-06-02 09-06-47,474,20.1553,37.126
2019-06-02 09-06-49,474,20.1385,37.1393
2019-06-02 09-06-53,474,20.1736,37.1393
2019-06-02 09-06-55,474,20.1752,37.1527
2019-06-02 09-06-57,473,20.1553,37.126
2019-06-02 09-06-59,472,20.1202,37.1126
2019-06-02 09-07-01,472,20.1019,37.126
2019-06-02 09-07-03,472,20.192,37.0966
2019-06-02 09-07-05,472,20.2438,37.1126
2019-06-02 09-07-07,472,20.2072,37.0699
2019-06-02 09-07-11,472,20.2072,37.0699
2019-06-02 09-07-13,472,20.2255,37.0699
2019-06-02 09-07-15,471,20.2423,37.0539
2019-06-02 09-07-18,472,20.2255,37.0699
2019-06-02 09-07-20,472,20.1736,37.1126
2019-06-02 09-07-22,471,20.2103,37.0966
2019-06-02 09-07-24,471,20.192,37.1126
2019-06-02 09-07-28,471,20.1736,37.1126
2019-06-02 09-07-30,471,20.1569,37.1393
2019-06-02 09-07-32,471,20.1569,37.1393
2019-06-02 09-07-34,472,20.1599,37.182
2019-06-02 09-07-36,472,20.0912,37.2087
2019-06-02 09-07-38,473,20.0912,37.2087
2019-06-02 09-07-40,473,20.1065,37.182
2019-06-02 09-07-42,473,20.0882,37.182
2019-06-02 09-07-46,473,20.0729,37.182
2019-06-02 09-07-48,473,20.0912,37.2087
2019-06-02 09-07-50,473,20.1416,37.1687
2019-06-02 09-07-52,473,20.0912,37.1954
2019-06-02 09-07-54,473,20.1248,37.1954
2019-06-02 09-07-56,473,20.1416,37.182
2019-06-02 09-07-58,474,20.1233,37.1687
2019-06-02 09-08-00,474,20.1416,37.182
2019-06-02 09-08-04,474,20.1233,37.1687
2019-06-02 09-08-06,474,20.0912,37.1954
2019-06-02 09-08-08,475,20.1248,37.1954
2019-06-02 09-08-10,475,20.0882,37.182
2019-06-02 09-08-12,476,20.0912,37.1954
2019-06-02 09-08-14,476,20.0882,37.182
2019-06-02 09-08-16,476,20.1233,37.1527
2019-06-02 09-08-20,477,20.0699,37.1687
2019-06-02 09-08-22,477,20.1385,37.1527
2019-06-02 09-08-24,477,20.1752,37.1687
2019-06-02 09-08-26,477,20.1233,37.1527
2019-06-02 09-08-28,477,20.1233,37.1527
2019-06-02 09-08-30,477,20.1233,37.1687
2019-06-02 09-08-32,477,20.1233,37.1527
2019-06-02 09-08-34,477,20.1736,37.126
2019-06-02 09-08-38,477,20.1385,37.1393
2019-06-02 09-08-40,477,20.1385,37.1393
2019-06-02 09-08-42,477,20.1385,37.1527
2019-06-02 09-08-44,477,20.105,37.1527
2019-06-02 09-08-46,477,20.1248,37.182
2019-06-02 09-08-48,477,20.1065,37.1687
2019-06-02 09-08-50,477,20.1752,37.1527
2019-06-02 09-08-52,478,20.1569,37.1527
2019-06-02 09-08-56,478,20.0699,37.1393
2019-06-02 09-08-58,478,20.1202,37.126
2019-06-02 09-09-00,478,20.1569,37.1393
2019-06-02 09-09-02,478,20.1569,37.1527
2019-06-02 09-09-04,478,20.1752,37.1527
2019-06-02 09-09-06,478,20.1416,37.1687
2019-06-02 09-09-08,478,20.0699,37.1687
2019-06-02 09-09-12,478,20.1416,37.1687
2019-06-02 09-09-14,479,20.1569,37.1393
2019-06-02 09-09-16,478,20.1202,37.1126
2019-06-02 09-09-18,478,20.1202,37.1126
2019-06-02 09-09-20,478,20.1736,37.1126
2019-06-02 09-09-22,478,20.1523,37.0832
2019-06-02 09-09-24,478,20.1706,37.0966
2019-06-02 09-09-26,477,20.2438,37.0832
2019-06-02 09-09-30,478,20.192,37.0966
2019-06-02 09-09-32,478,20.2255,37.0966
2019-06-02 09-09-34,478,20.2438,37.0966
2019-06-02 09-09-36,479,20.2255,37.0699
2019-06-02 09-09-38,479,20.192,37.0832
2019-06-02 09-09-40,479,20.2423,37.0699
2019-06-02 09-09-42,479,20.224,37.0539
2019-06-02 09-09-44,479,20.2606,37.0699
2019-06-02 09-09-48,479,20.2057,37.0378
2019-06-02 09-09-50,479,20.1889,37.0699
2019-06-02 09-09-52,479,20.2255,37.0832
2019-06-02 09-09-54,479,20.1706,37.0966
2019-06-02 09-09-56,479,20.2255,37.0966
2019-06-02 09-09-58,479,20.192,37.0832
2019-06-02 09-10-00,479,20.2423,37.0539
2019-06-02 09-10-04,479,20.2209,37.0245
2019-06-02 09-10-06,479,20.224,37.0378
2019-06-02 09-10-08,478,20.2576,37.0378
2019-06-02 09-10-10,478,20.2576,37.0378
2019-06-02 09-10-12,477,20.2393,37.0245
2019-06-02 09-10-14,477,20.2576,37.0378
2019-06-02 09-10-16,477,20.311,37.0378
2019-06-02 09-10-18,477,20.2744,37.0245
2019-06-02 09-10-22,477,20.2927,37.0378
2019-06-02 09-10-24,477,20.311,37.0539
2019-06-02 09-10-26,477,20.2423,37.0699
2019-06-02 09-10-28,476,20.2942,37.0699
2019-06-02 09-10-30,476,20.2255,37.0832
2019-06-02 09-10-32,476,20.1706,37.0832
2019-06-02 09-10-34,476,20.2103,37.1126
2019-06-02 09-10-36,476,20.1553,37.1126
2019-06-02 09-10-40,476,20.1553,37.126
2019-06-02 09-10-42,476,20.2103,37.126
2019-06-02 09-10-44,477,20.1935,37.126
2019-06-02 09-10-46,477,20.1736,37.126
2019-06-02 09-10-48,477,20.192,37.0832
2019-06-02 09-10-50,478,20.2103,37.0966
2019-06-02 09-10-52,478,20.2072,37.0832
2019-06-02 09-10-56,478,20.1523,37.0966
2019-06-02 09-10-58,478,20.2255,37.0699
2019-06-02 09-11-00,478,20.1935,37.126
2019-06-02 09-11-02,478,20.2103,37.126
2019-06-02 09-11-04,478,20.192,37.1126
2019-06-02 09-11-06,478,20.1935,37.126
2019-06-02 09-11-08,478,20.192,37.0966
2019-06-02 09-11-10,478,20.2286,37.126
2019-06-02 09-11-14,478,20.1385,37.126
2019-06-02 09-11-16,479,20.1736,37.1393
2019-06-02 09-11-18,478,20.1553,37.126
2019-06-02 09-11-20,479,20.1569,37.1527
2019-06-02 09-11-22,479,20.2118,37.1527
2019-06-02 09-11-24,479,20.1385,37.1527
2019-06-02 09-11-26,478,20.1569,37.1687
2019-06-02 09-11-28,478,20.1614,37.2087
2019-06-02 09-11-32,478,20.0562,37.2248
2019-06-02 09-11-34,478,20.0562,37.2248
2019-06-02 09-11-36,478,20.0562,37.2087
2019-06-02 09-11-38,478,20.0562,37.2248
2019-06-02 09-11-40,478,20.0928,37.2248
2019-06-02 09-11-42,479,20.0745,37.2381
2019-06-02 09-11-44,479,20.0012,37.2248
2019-06-02 09-11-48,479,20.0195,37.2381
2019-06-02 09-11-50,479,20.0562,37.2248
2019-06-02 09-11-52,479,20.1279,37.2381
2019-06-02 09-11-54,479,20.0592,37.2381
2019-06-02 09-11-56,478,20.0226,37.2808
2019-06-02 09-11-58,478,20.0241,37.2942
2019-06-02 09-12-00,478,19.9875,37.2942
2019-06-02 09-12-02,479,19.9539,37.2942
2019-06-02 09-12-06,479,20.0058,37.3075
2019-06-02 09-12-08,480,19.9005,37.2808
2019-06-02 09-12-10,480,19.9509,37.2648
2019-06-02 09-12-12,480,20.0378,37.2648
2019-06-02 09-12-14,480,20.0058,37.2808
2019-06-02 09-12-16,479,20.0195,37.2381
2019-06-02 09-12-18,479,20.0378,37.2515
2019-06-02 09-12-20,479,19.9677,37.2381
2019-06-02 09-12-24,479,20.0012,37.2381
2019-06-02 09-12-26,479,20.0729,37.1954
2019-06-02 09-12-28,479,20.0745,37.2248
2019-06-02 09-12-30,478,20.0012,37.2087
2019-06-02 09-12-32,478,20.0745,37.2381
2019-06-02 09-12-34,478,20.0195,37.2515
2019-06-02 09-12-36,479,19.986,37.2381
2019-06-02 09-12-40,479,20.0195,37.2381
2019-06-02 09-12-42,479,20.0378,37.2381
2019-06-02 09-12-44,479,20.0378,37.2515
2019-06-02 09-12-46,479,20.0592,37.2381
2019-06-02 09-12-48,479,20.0043,37.2515
2019-06-02 09-12-50,479,20.0195,37.2515
2019-06-02 09-12-53,479,20.0012,37.2381
2019-06-02 09-12-55,479,20.0195,37.2515
2019-06-02 09-12-59,479,20.0043,37.2648
2019-06-02 09-13-01,479,20.018,37.2087
2019-06-02 09-13-03,480,20.0546,37.1687
2019-06-02 09-13-05,480,20.0882,37.1527
2019-06-02 09-13-07,480,20.0882,37.1527
2019-06-02 09-13-09,479,20.1233,37.1687
2019-06-02 09-13-11,479,20.0562,37.2248
2019-06-02 09-13-15,478,20.0745,37.2248
2019-06-02 09-13-17,478,20.0745,37.2381
2019-06-02 09-13-19,478,20.0378,37.2515
2019-06-02 09-13-21,478,19.9875,37.2648
2019-06-02 09-13-23,477,20.0226,37.2808
2019-06-02 09-13-25,477,20.0241,37.2942
2019-06-02 09-13-27,477,20.0195,37.2515
2019-06-02 09-13-29,478,19.9692,37.2648
2019-06-02 09-13-33,478,20.0378,37.2648
2019-06-02 09-13-35,477,19.9875,37.2648
2019-06-02 09-13-37,478,19.9692,37.2648
2019-06-02 09-13-39,478,20.0195,37.2248
2019-06-02 09-13-41,477,19.9829,37.2087
2019-06-02 09-13-43,477,20.0729,37.2087
2019-06-02 09-13-45,477,20.1096,37.2248
2019-06-02 09-13-47,477,20.0592,37.2381
2019-06-02 09-13-51,477,20.0195,37.2248
2019-06-02 09-13-53,477,20.0912,37.2087
2019-06-02 09-13-55,477,20.0928,37.2248
2019-06-02 09-13-57,477,20.0912,37.1954
2019-06-02 09-13-59,476,20.0195,37.2248
2019-06-02 09-14-01,476,20.0562,37.2087
2019-06-02 09-14-03,476,19.9997,37.182
2019-06-02 09-14-07,476,20.1065,37.182
2019-06-02 09-14-09,476,20.0882,37.182
2019-06-02 09-14-11,476,20.0546,37.1687
2019-06-02 09-14-13,476,20.0882,37.1687
2019-06-02 09-14-15,476,20.1065,37.1687
2019-06-02 09-14-17,476,20.1065,37.1687
2019-06-02 09-14-19,476,20.1569,37.1687
2019-06-02 09-14-21,477,20.1065,37.182
2019-06-02 09-14-25,477,20.0729,37.182
2019-06-02 09-14-27,478,20.1385,37.1527
2019-06-02 09-14-29,477,20.1385,37.1527
2019-06-02 09-14-31,477,20.1202,37.1393
2019-06-02 09-14-33,477,20.0729,37.182
2019-06-02 09-14-35,477,20.1233,37.1527
2019-06-02 09-14-37,477,20.105,37.1527
2019-06-02 09-14-39,477,20.1019,37.126
2019-06-02 09-14-43,476,20.1569,37.1393
2019-06-02 09-14-45,476,20.1736,37.1393
2019-06-02 09-14-47,476,20.1706,37.0966
2019-06-02 09-14-49,476,20.1935,37.126
2019-06-02 09-14-51,476,20.1385,37.126
2019-06-02 09-14-53,476,20.1736,37.1126
2019-06-02 09-14-55,476,20.1202,37.1393
2019-06-02 09-14-59,476,20.1202,37.126
2019-06-02 09-15-01,476,20.1752,37.1527
2019-06-02 09-15-03,476,20.1385,37.1527
2019-06-02 09-15-05,477,20.0867,37.1393
2019-06-02 09-15-07,477,20.1248,37.182
2019-06-02 09-15-09,477,20.105,37.1527
2019-06-02 09-15-11,477,20.1782,37.1954
2019-06-02 09-15-13,478,20.1065,37.1687
2019-06-02 09-15-17,478,20.1569,37.1527
2019-06-02 09-15-19,478,20.0516,37.1527
2019-06-02 09-15-21,478,20.0882,37.1687
2019-06-02 09-15-23,479,20.1416,37.182
2019-06-02 09-15-25,480,20.1248,37.2087
2019-06-02 09-15-27,480,20.0562,37.2087
2019-06-02 09-15-29,480,20.0745,37.2248
2019-06-02 09-15-31,480,20.0562,37.2248
2019-06-02 09-15-35,480,20.1096,37.2381
2019-06-02 09-15-37,481,20.0775,37.2515
2019-06-02 09-15-39,480,20.0592,37.2515
2019-06-02 09-15-41,480,20.0592,37.2648
2019-06-02 09-15-43,480,19.9539,37.2808
2019-06-02 09-15-45,480,20.0043,37.2648
2019-06-02 09-15-47,481,20.0607,37.2808
2019-06-02 09-15-51,481,19.9692,37.2808
2019-06-02 09-15-53,481,19.9173,37.2648
2019-06-02 09-15-55,481,19.9875,37.2648
2019-06-02 09-15-57,481,20.0409,37.2808
2019-06-02 09-15-59,481,20.0226,37.2808
2019-06-02 09-16-01,481,19.9692,37.2808
2019-06-02 09-16-03,481,19.9722,37.2942
2019-06-02 09-16-05,482,19.9692,37.2808
2019-06-02 09-16-09,482,20.0775,37.2515
2019-06-02 09-16-11,482,19.986,37.2515
2019-06-02 09-16-13,482,20.0592,37.2515
2019-06-02 09-16-15,481,20.0195,37.2381
2019-06-02 09-16-17,481,20.0378,37.2381
2019-06-02 09-16-19,481,20.0195,37.2515
2019-06-02 09-16-21,481,20.0775,37.2515
2019-06-02 09-16-25,481,20.0592,37.2648
2019-06-02 09-16-27,481,20.0363,37.2248
2019-06-02 09-16-29,481,20.0363,37.2248
2019-06-02 09-16-31,481,20.0562,37.2087
2019-06-02 09-16-33,482,20.0912,37.1954
2019-06-02 09-16-35,481,20.1065,37.1954
2019-06-02 09-16-37,481,20.0882,37.1687
2019-06-02 09-16-39,481,20.1233,37.1687
2019-06-02 09-16-43,480,20.1385,37.1527
2019-06-02 09-16-45,481,20.0882,37.1527
2019-06-02 09-16-47,481,20.1065,37.182
2019-06-02 09-16-49,481,20.0317,37.1527
2019-06-02 09-16-51,481,20.1385,37.126
2019-06-02 09-16-53,481,20.1553,37.126
2019-06-02 09-16-55,480,20.1569,37.1527
2019-06-02 09-16-57,480,20.1202,37.1393
2019-06-02 09-17-01,480,20.1752,37.1527
2019-06-02 09-17-03,480,20.1202,37.1393
2019-06-02 09-17-05,480,20.192,37.1126
2019-06-02 09-17-07,479,20.0867,37.1393
2019-06-02 09-17-09,479,20.1569,37.1527
2019-06-02 09-17-11,479,20.1065,37.1687
2019-06-02 09-17-13,478,20.105,37.1393
2019-06-02 09-17-17,479,20.105,37.1393
2019-06-02 09-17-19,479,20.1385,37.126
2019-06-02 09-17-21,479,20.1385,37.1393
2019-06-02 09-17-23,479,20.192,37.1126
2019-06-02 09-17-25,479,20.1736,37.1126
2019-06-02 09-17-27,478,20.1385,37.1527
2019-06-02 09-17-29,478,20.1385,37.126
2019-06-02 09-17-31,478,20.1385,37.1393
2019-06-02 09-17-35,478,20.1736,37.1393
2019-06-02 09-17-37,478,20.1202,37.1126
2019-06-02 09-17-39,478,20.137,37.0966
2019-06-02 09-17-41,478,20.2072,37.0699
2019-06-02 09-17-43,478,20.2423,37.0539
2019-06-02 09-17-45,478,20.2255,37.0699
2019-06-02 09-17-47,478,20.2576,37.0378
2019-06-02 09-17-51,478,20.2072,37.0539
2019-06-02 09-17-53,478,20.2438,37.0966
2019-06-02 09-17-55,478,20.2103,37.0966
2019-06-02 09-17-57,478,20.1157,37.0699
2019-06-02 09-17-59,478,20.2759,37.0699
2019-06-02 09-18-01,478,20.192,37.0832
2019-06-02 09-18-03,478,20.2072,37.0539
2019-06-02 09-18-05,478,20.192,37.0966
2019-06-02 09-18-09,477,20.1553,37.1126
2019-06-02 09-18-11,477,20.1385,37.126
2019-06-02 09-18-13,477,20.1233,37.1687
2019-06-02 09-18-15,478,20.0882,37.182
2019-06-02 09-18-17,477,20.0882,37.1687
2019-06-02 09-18-20,477,20.1416,37.182
2019-06-02 09-18-22,478,20.0333,37.1687
2019-06-02 09-18-24,478,20.1065,37.1687
2019-06-02 09-18-28,478,20.0882,37.1527
2019-06-02 09-18-30,477,20.105,37.1527
2019-06-02 09-18-32,477,20.0699,37.1527
2019-06-02 09-18-34,478,20.0882,37.1687
2019-06-02 09-18-36,477,20.0882,37.182
2019-06-02 09-18-38,477,20.0546,37.182
2019-06-02 09-18-40,478,20.0882,37.182
2019-06-02 09-18-44,477,20.0546,37.182
2019-06-02 09-18-46,478,20.0882,37.1687
2019-06-02 09-18-48,478,20.0912,37.2087
2019-06-02 09-18-50,478,20.0333,37.182
2019-06-02 09-18-52,478,20.0928,37.2248
2019-06-02 09-18-54,477,20.0745,37.2248
2019-06-02 09-18-56,477,20.0378,37.2381
2019-06-02 09-18-58,477,20.0592,37.2515
2019-06-02 09-19-02,477,20.0745,37.2381
2019-06-02 09-19-04,478,20.0195,37.2515
2019-06-02 09-19-06,478,20.0592,37.2648
2019-06-02 09-19-08,479,20.0226,37.2648
2019-06-02 09-19-10,479,20.0958,37.2648
2019-06-02 09-19-12,480,20.0195,37.2515
2019-06-02 09-19-14,480,20.0195,37.2248
2019-06-02 09-19-18,480,20.0592,37.2381
2019-06-02 09-19-20,480,20.0592,37.2381
2019-06-02 09-19-22,480,20.0195,37.2515
2019-06-02 09-19-24,480,20.0195,37.2515
2019-06-02 09-19-26,480,20.0745,37.2381
2019-06-02 09-19-28,479,20.0409,37.2808
2019-06-02 09-19-30,479,20.0592,37.2515
2019-06-02 09-19-32,479,20.0363,37.2248
2019-06-02 09-19-36,479,20.0378,37.2381
2019-06-02 09-19-38,480,20.0745,37.2248
2019-06-02 09-19-40,479,20.0195,37.2248
2019-06-02 09-19-42,478,20.0745,37.2248
2019-06-02 09-19-44,478,20.0195,37.2381
2019-06-02 09-19-46,478,20.0195,37.2515
2019-06-02 09-19-48,478,20.0363,37.2087
2019-06-02 09-19-50,478,20.0043,37.2648
2019-06-02 09-19-54,479,20.0592,37.2648
2019-06-02 09-19-56,479,20.0195,37.2248
2019-06-02 09-19-58,479,20.0378,37.2515
2019-06-02 09-20-00,479,19.9829,37.2248
2019-06-02 09-20-02,478,20.0562,37.2087
2019-06-02 09-20-04,478,20.0363,37.1954
2019-06-02 09-20-06,478,20.1248,37.2087
2019-06-02 09-20-10,478,20.1614,37.2087
2019-06-02 09-20-12,479,20.1248,37.2087
2019-06-02 09-20-14,479,20.1096,37.2087
2019-06-02 09-20-16,479,20.0546,37.1954
2019-06-02 09-20-18,480,20.1416,37.182
2019-06-02 09-20-20,479,20.1599,37.182
2019-06-02 09-20-22,479,20.0882,37.1687
2019-06-02 09-20-24,479,20.0867,37.126
2019-06-02 09-20-28,479,20.2118,37.1393
2019-06-02 09-20-30,479,20.1736,37.126
2019-06-02 09-20-32,479,20.1736,37.1126
2019-06-02 09-20-34,479,20.2072,37.0832
2019-06-02 09-20-36,479,20.2072,37.0832
2019-06-02 09-20-38,478,20.1935,37.126
2019-06-02 09-20-40,477,20.2286,37.1126
2019-06-02 09-20-42,477,20.1736,37.1126
2019-06-02 09-20-46,476,20.2438,37.0832
2019-06-02 09-20-48,476,20.1553,37.1126
2019-06-02 09-20-50,475,20.2072,37.0699
2019-06-02 09-20-52,475,20.1691,37.0699
2019-06-02 09-20-54,475,20.192,37.0832
2019-06-02 09-20-56,476,20.2438,37.0966
2019-06-02 09-20-58,475,20.2103,37.126
2019-06-02 09-21-02,475,20.137,37.1126
2019-06-02 09-21-04,475,20.1965,37.1527
2019-06-02 09-21-06,475,20.1248,37.1954
2019-06-02 09-21-08,476,20.1599,37.1954
2019-06-02 09-21-10,476,20.0882,37.182
2019-06-02 09-21-12,476,20.1248,37.1954
2019-06-02 09-21-14,476,20.1416,37.182
2019-06-02 09-21-16,476,20.1385,37.1393
2019-06-02 09-21-20,476,20.1202,37.1393
2019-06-02 09-21-22,475,20.1385,37.126
2019-06-02 09-21-24,476,20.137,37.0966
2019-06-02 09-21-26,476,20.137,37.0832
2019-06-02 09-21-28,476,20.2072,37.0832
2019-06-02 09-21-30,476,20.2057,37.0245
2019-06-02 09-21-32,476,20.2393,37.0378
2019-06-02 09-21-34,475,20.2393,37.0378
2019-06-02 09-21-38,475,20.2576,37.0378
2019-06-02 09-21-40,475,20.2286,37.1126
2019-06-02 09-21-42,475,20.2103,37.1126
2019-06-02 09-21-44,475,20.1523,37.0966
2019-06-02 09-21-46,475,20.2118,37.1393
2019-06-02 09-21-48,475,20.1736,37.1393
2019-06-02 09-21-50,475,20.1935,37.1393
2019-06-02 09-21-54,475,20.1935,37.1393
2019-06-02 09-21-56,476,20.1553,37.126
2019-06-02 09-21-58,477,20.1553,37.1126
2019-06-02 09-22-00,477,20.137,37.0832
2019-06-02 09-22-02,476,20.192,37.1126
2019-06-02 09-22-04,476,20.1706,37.0966
2019-06-02 09-22-06,476,20.1523,37.0832
2019-06-02 09-22-08,476,20.1187,37.0966
2019-06-02 09-22-12,476,20.2423,37.0699
2019-06-02 09-22-14,477,20.2576,37.0539
2019-06-02 09-22-16,476,20.2057,37.0378
2019-06-02 09-22-18,476,20.2393,37.0378
2019-06-02 09-22-20,476,20.2576,37.0378
2019-06-02 09-22-22,476,20.2759,37.0699
2019-06-02 09-22-24,475,20.2255,37.0699
2019-06-02 09-22-26,475,20.2789,37.0966
2019-06-02 09-22-30,475,20.137,37.0966
2019-06-02 09-22-32,475,20.192,37.1126
2019-06-02 09-22-34,475,20.2103,37.1126
2019-06-02 09-22-36,475,20.192,37.1126
2019-06-02 09-22-38,475,20.1523,37.0966
2019-06-02 09-22-40,475,20.1706,37.0966
2019-06-02 09-22-42,475,20.1736,37.1393
2019-06-02 09-22-46,475,20.137,37.1126
2019-06-02 09-22-48,475,20.1385,37.1393
2019-06-02 09-22-50,475,20.1569,37.1393
2019-06-02 09-22-52,475,20.1233,37.1527
2019-06-02 09-22-54,475,20.105,37.1393
2019-06-02 09-22-56,475,20.1233,37.1527
2019-06-02 09-22-58,475,20.1752,37.182
2019-06-02 09-23-00,475,20.1599,37.1954
2019-06-02 09-23-04,475,20.1431,37.1954
2019-06-02 09-23-06,475,20.1431,37.2087
2019-06-02 09-23-08,476,20.1981,37.1954
2019-06-02 09-23-10,476,20.1431,37.2087
2019-06-02 09-23-12,476,20.1782,37.2087
2019-06-02 09-23-14,477,20.1462,37.2515
2019-06-02 09-23-16,477,20.1279,37.2381
2019-06-02 09-23-20,477,20.1431,37.2248
2019-06-02 09-23-22,477,20.1096,37.2248
2019-06-02 09-23-24,478,20.1797,37.2248
2019-06-02 09-23-26,478,20.0928,37.2248
2019-06-02 09-23-28,478,20.1279,37.2515
2019-06-02 09-23-30,479,20.0745,37.2381
2019-06-02 09-23-32,479,20.1111,37.2648
2019-06-02 09-23-34,478,20.1141,37.2942
2019-06-02 09-23-38,478,20.0607,37.2942
2019-06-02 09-23-40,478,20.079,37.2942
2019-06-02 09-23-42,478,20.0607,37.3075
2019-06-02 09-23-44,478,20.0607,37.2942
2019-06-02 09-23-46,479,20.0607,37.3075
2019-06-02 09-23-48,479,20.0089,37.3236
2019-06-02 09-23-50,479,20.0241,37.3075
2019-06-02 09-23-52,479,20.0607,37.2942
2019-06-02 09-23-56,479,20.0424,37.3369
2019-06-02 09-23-58,479,19.9921,37.3369
2019-06-02 09-24-00,479,20.0089,37.3236
2019-06-02 09-24-02,479,20.0424,37.3236
2019-06-02 09-24-04,479,20.0058,37.3075
2019-06-02 09-24-06,479,20.0089,37.3236
2019-06-02 09-24-09,479,20.0241,37.3075
2019-06-02 09-24-13,479,20.0974,37.3236
2019-06-02 09-24-15,478,19.9738,37.3369
2019-06-02 09-24-17,478,19.9921,37.3503
2019-06-02 09-24-19,479,19.9951,37.3796
2019-06-02 09-24-21,479,19.9402,37.3369
2019-06-02 09-24-23,479,19.9554,37.3369
2019-06-02 09-24-25,480,19.9356,37.2942
2019-06-02 09-24-27,480,20.0058,37.3075
2019-06-02 09-24-31,479,20.0058,37.2942
2019-06-02 09-24-33,478,20.0607,37.2942
2019-06-02 09-24-35,479,20.079,37.2942
2019-06-02 09-24-37,478,20.0409,37.2942
2019-06-02 09-24-39,478,20.0592,37.2515
2019-06-02 09-24-41,478,20.0821,37.3236
2019-06-02 09-24-43,478,20.0241,37.3075
2019-06-02 09-24-47,478,20.0241,37.2942
2019-06-02 09-24-49,478,19.9722,37.2942
2019-06-02 09-24-51,478,20.0241,37.2942
2019-06-02 09-24-53,477,20.0638,37.3236
2019-06-02 09-24-55,478,20.0089,37.3369
2019-06-02 09-24-57,478,20.0058,37.3075
2019-06-02 09-24-59,478,20.0241,37.3236
2019-06-02 09-25-01,478,20.0241,37.3075
2019-06-02 09-25-05,477,19.9921,37.3369
2019-06-02 09-25-07,477,19.9554,37.3369
2019-06-02 09-25-09,477,19.9905,37.3236
2019-06-02 09-25-11,477,20.0455,37.3503
2019-06-02 09-25-13,477,20.0424,37.3075
2019-06-02 09-25-15,476,19.9905,37.3075
2019-06-02 09-25-17,476,20.0241,37.3075
2019-06-02 09-25-19,476,20.0241,37.3236
2019-06-02 09-25-23,476,19.9722,37.3075
2019-06-02 09-25-25,477,19.9692,37.2648
2019-06-02 09-25-27,476,20.0195,37.2515
2019-06-02 09-25-29,476,20.0592,37.2381
2019-06-02 09-25-31,475,20.0729,37.2087
2019-06-02 09-25-33,474,20.0378,37.2515
2019-06-02 09-25-35,474,20.1279,37.2515
2019-06-02 09-25-39,473,20.0012,37.2381
2019-06-02 09-25-41,473,20.0409,37.2808
2019-06-02 09-25-43,474,20.0607,37.2808
2019-06-02 09-25-45,474,20.0226,37.2808
2019-06-02 09-25-47,475,20.0638,37.3236
2019-06-02 09-25-49,475,19.9554,37.3369
2019-06-02 09-25-51,475,19.9539,37.3075
2019-06-02 09-25-53,475,19.9921,37.3369
2019-06-02 09-25-57,475,19.9921,37.3636
2019-06-02 09-25-59,474,19.9768,37.393
2019-06-02 09-26-01,475,19.8685,37.3796
2019-06-02 09-26-03,475,19.9081,37.4063
2019-06-02 09-26-05,476,19.8868,37.393
2019-06-02 09-26-07,476,19.8868,37.393
2019-06-02 09-26-09,476,19.96,37.393
2019-06-02 09-26-11,477,19.9417,37.393
2019-06-02 09-26-15,477,19.9768,37.393
2019-06-02 09-26-17,477,19.9417,37.393
2019-06-02 09-26-19,477,19.9097,37.4197
2019-06-02 09-26-21,477,19.9448,37.4197
2019-06-02 09-26-23,477,19.9768,37.393
2019-06-02 09-26-25,477,19.96,37.4063
2019-06-02 09-26-27,478,19.9448,37.4063
2019-06-02 09-26-31,478,19.8532,37.4063
2019-06-02 09-26-33,479,19.8532,37.4063
2019-06-02 09-26-35,479,19.9448,37.4063
2019-06-02 09-26-37,479,19.9448,37.4197
2019-06-02 09-26-39,479,19.8715,37.4063
2019-06-02 09-26-41,479,19.9265,37.4063
2019-06-02 09-26-43,479,19.9448,37.4063
2019-06-02 09-26-45,479,19.9265,37.4197
2019-06-02 09-26-49,478,19.8914,37.4491
2019-06-02 09-26-51,478,19.928,37.4357
2019-06-02 09-26-53,478,19.873,37.4357
2019-06-02 09-26-55,479,19.873,37.4624
2019-06-02 09-26-57,479,19.8227,37.4758
2019-06-02 09-26-59,479,19.8914,37.4491
2019-06-02 09-27-01,479,19.8395,37.4491
2019-06-02 09-27-03,479,19.8547,37.4357
2019-06-02 09-27-07,479,19.9265,37.4063
2019-06-02 09-27-09,479,19.9219,37.3503
2019-06-02 09-27-11,478,19.9905,37.3236
2019-06-02 09-27-13,478,19.9539,37.3075
2019-06-02 09-27-15,479,20.0089,37.3369
2019-06-02 09-27-17,478,19.9722,37.3075
2019-06-02 09-27-19,478,20.0058,37.2942
2019-06-02 09-27-23,479,20.0226,37.2808
2019-06-02 09-27-25,478,20.0607,37.2942
2019-06-02 09-27-27,477,20.0378,37.2648
2019-06-02 09-27-29,477,20.0089,37.3236
2019-06-02 09-27-31,477,20.0241,37.3075
2019-06-02 09-27-33,476,20.0424,37.3075
2019-06-02 09-27-35,476,20.0241,37.2942
2019-06-02 09-27-37,476,20.0226,37.2808
2019-06-02 09-27-41,477,20.0409,37.2808
2019-06-02 09-27-43,476,20.0195,37.2515
2019-06-02 09-27-45,476,20.0226,37.2648
2019-06-02 09-27-47,475,20.0592,37.2648
2019-06-02 09-27-49,475,20.0592,37.2648
2019-06-02 09-27-51,475,20.0409,37.2808
2019-06-02 09-27-53,475,20.0775,37.2648
2019-06-02 09-27-57,475,20.0378,37.2648
2019-06-02 09-27-59,476,20.0409,37.2808
2019-06-02 09-28-01,476,20.0012,37.2248
2019-06-02 09-28-03,476,20.0363,37.2248
2019-06-02 09-28-05,476,20.0729,37.2087
2019-06-02 09-28-07,477,20.0363,37.2248
2019-06-02 09-28-09,477,20.1065,37.182
2019-06-02 09-28-11,477,20.0745,37.2248
2019-06-02 09-28-15,476,20.1096,37.2248
2019-06-02 09-28-17,476,20.0745,37.2248
2019-06-02 09-28-19,477,20.1614,37.2248
2019-06-02 09-28-21,477,20.0745,37.2248
2019-06-02 09-28-23,477,20.0745,37.2381
2019-06-02 09-28-25,477,20.0928,37.2248
2019-06-02 09-28-27,478,20.0745,37.2381
2019-06-02 09-28-29,478,20.0378,37.2515
2019-06-02 09-28-33,478,20.0378,37.2515
2019-06-02 09-28-35,478,20.0775,37.2648
2019-06-02 09-28-37,478,20.0775,37.2515
2019-06-02 09-28-39,478,20.0378,37.2515
2019-06-02 09-28-41,478,20.0043,37.2648
2019-06-02 09-28-43,477,20.0241,37.2942
2019-06-02 09-28-45,477,20.0607,37.2942
2019-06-02 09-28-49,476,19.9875,37.2942
2019-06-02 09-28-51,477,20.0409,37.2942
2019-06-02 09-28-53,477,20.0058,37.2942
2019-06-02 09-28-55,477,20.0058,37.3075
2019-06-02 09-28-57,477,20.0607,37.2808
2019-06-02 09-28-59,477,20.0058,37.2942
2019-06-02 09-29-01,477,20.0058,37.2808
2019-06-02 09-29-03,477,20.0241,37.2942
2019-06-02 09-29-07,477,20.0958,37.2942
2019-06-02 09-29-09,477,20.0058,37.2942
2019-06-02 09-29-11,478,20.0058,37.3075
2019-06-02 09-29-13,478,19.9905,37.3075
2019-06-02 09-29-15,478,20.0241,37.2942
2019-06-02 09-29-17,478,20.0607,37.3075
2019-06-02 09-29-19,478,20.0241,37.3075
2019-06-02 09-29-21,478,20.0058,37.2942
2019-06-02 09-29-25,478,20.0241,37.3075
2019-06-02 09-29-27,479,20.0058,37.2808
2019-06-02 09-29-29,479,20.0378,37.2648
2019-06-02 09-29-31,479,20.0607,37.2808
2019-06-02 09-29-33,479,19.9722,37.2942
2019-06-02 09-29-35,479,20.0409,37.2942
2019-06-02 09-29-37,479,20.0226,37.2808
2019-06-02 09-29-41,479,20.0058,37.3075
2019-06-02 09-29-43,479,20.0241,37.2942
2019-06-02 09-29-45,479,19.9905,37.3075
2019-06-02 09-29-47,479,19.9921,37.3369
2019-06-02 09-29-49,480,19.9738,37.3503
2019-06-02 09-29-51,480,19.9951,37.3796
2019-06-02 09-29-53,480,19.9768,37.3636
2019-06-02 09-29-55,480,19.9051,37.3636
2019-06-02 09-30-00,481,19.8822,37.3369
2019-06-02 09-30-02,481,19.9081,37.3796
2019-06-02 09-30-04,482,19.9585,37.3796
2019-06-02 09-30-06,482,19.9585,37.3503
2019-06-02 09-30-08,482,19.9554,37.3236
2019-06-02 09-30-10,483,20.0409,37.2942
2019-06-02 09-30-12,482,19.9539,37.2942
2019-06-02 09-30-16,482,20.0592,37.2648
2019-06-02 09-30-18,482,20.0607,37.2808
2019-06-02 09-30-20,482,20.0607,37.2808
2019-06-02 09-30-22,481,20.0226,37.2648
2019-06-02 09-30-24,480,20.0607,37.2808
2019-06-02 09-30-26,479,20.0241,37.2942
2019-06-02 09-30-28,478,19.9875,37.2942
2019-06-02 09-30-30,477,20.0409,37.2808
2019-06-02 09-30-34,476,20.0241,37.3075
2019-06-02 09-30-36,476,19.9905,37.3075
2019-06-02 09-30-38,476,20.0409,37.2942
2019-06-02 09-30-40,475,20.0058,37.3075
2019-06-02 09-30-42,476,19.9875,37.2808
2019-06-02 09-30-44,477,20.0058,37.2808
2019-06-02 09-30-46,476,20.0424,37.3075
2019-06-02 09-30-48,477,20.0241,37.3075
2019-06-02 09-30-52,478,20.0058,37.2808
2019-06-02 09-30-54,479,19.9875,37.2808
2019-06-02 09-30-56,478,20.0607,37.3075
2019-06-02 09-30-58,477,20.0058,37.2942
2019-06-02 09-31-00,477,20.0058,37.3075
2019-06-02 09-31-02,477,20.0058,37.3075
2019-06-02 09-31-04,478,19.9509,37.2648
2019-06-02 09-31-08,476,20.0958,37.2648
2019-06-02 09-31-10,476,20.0378,37.2648
2019-06-02 09-31-12,476,20.0226,37.2648
2019-06-02 09-31-14,475,20.1294,37.2808
2019-06-02 09-31-16,475,20.0226,37.2808
2019-06-02 09-31-18,475,20.0241,37.2942
2019-06-02 09-31-20,474,20.0958,37.2808
2019-06-02 09-31-22,474,20.0607,37.3075
2019-06-02 09-31-26,473,20.0058,37.2942
2019-06-02 09-31-28,473,20.0592,37.2648
2019-06-02 09-31-30,472,20.0607,37.2942
2019-06-02 09-31-32,472,20.0775,37.2648
2019-06-02 09-31-34,472,20.0424,37.3075
2019-06-02 09-31-36,471,20.0409,37.2942
2019-06-02 09-31-38,471,20.0058,37.2942
2019-06-02 09-31-40,471,20.0241,37.2942
2019-06-02 09-31-44,471,20.0409,37.2942
2019-06-02 09-31-46,470,20.0226,37.2808
2019-06-02 09-31-48,470,20.0775,37.2648
2019-06-02 09-31-50,469,20.0958,37.2942
2019-06-02 09-31-52,470,20.0638,37.3236
2019-06-02 09-31-54,470,20.0272,37.3369
2019-06-02 09-31-56,470,20.0241,37.3236
2019-06-02 09-32-00,470,19.9921,37.3369
2019-06-02 09-32-02,469,20.0607,37.2942
2019-06-02 09-32-04,469,20.0638,37.3369
2019-06-02 09-32-06,470,20.0638,37.3236
2019-06-02 09-32-08,470,20.0424,37.3369
2019-06-02 09-32-10,470,20.0089,37.3369
2019-06-02 09-32-12,470,20.0272,37.3369
2019-06-02 09-32-14,470,20.0424,37.3236
2019-06-02 09-32-18,470,20.0241,37.2942
2019-06-02 09-32-20,470,20.0424,37.3075
2019-06-02 09-32-22,470,20.0974,37.3075
2019-06-02 09-32-24,470,20.079,37.2942
2019-06-02 09-32-26,470,20.0821,37.3236
2019-06-02 09-32-28,470,20.0607,37.2942
2019-06-02 09-32-30,469,20.0607,37.2808
2019-06-02 09-32-34,469,20.1141,37.2942
2019-06-02 09-32-36,469,20.079,37.3075
2019-06-02 09-32-38,470,20.0607,37.2942
2019-06-02 09-32-40,470,20.0607,37.2808
2019-06-02 09-32-42,470,20.0378,37.2515
2019-06-02 09-32-44,470,20.1828,37.2648
2019-06-02 09-32-46,470,20.0775,37.2515
2019-06-02 09-32-48,470,20.0928,37.2515
2019-06-02 09-32-52,470,20.0592,37.2648
2019-06-02 09-32-54,469,20.0607,37.2808
2019-06-02 09-32-56,470,20.0958,37.2648
2019-06-02 09-32-58,470,20.0958,37.2808
2019-06-02 09-33-00,470,20.1141,37.3075
2019-06-02 09-33-02,470,20.0241,37.2942
2019-06-02 09-33-04,470,20.0607,37.3075
2019-06-02 09-33-06,470,20.0424,37.3075
2019-06-02 09-33-10,470,20.0424,37.3236
2019-06-02 09-33-12,470,20.0104,37.3503
2019-06-02 09-33-14,470,19.9738,37.3503
2019-06-02 09-33-16,471,19.9921,37.3636
2019-06-02 09-33-18,472,20.0455,37.3636
2019-06-02 09-33-20,472,20.0241,37.3236
2019-06-02 09-33-22,472,20.0089,37.3236
2019-06-02 09-33-26,472,20.0241,37.3075
2019-06-02 09-33-28,472,20.0424,37.3236
2019-06-02 09-33-30,472,20.0241,37.3075
2019-06-02 09-33-32,472,20.0638,37.3236
2019-06-02 09-33-34,472,19.9905,37.3236
2019-06-02 09-33-36,473,20.0089,37.3236
2019-06-02 09-33-38,472,20.0638,37.3369
2019-06-02 09-33-40,472,20.0653,37.3503
2019-06-02 09-33-44,472,20.0287,37.3796
2019-06-02 09-33-46,472,19.9585,37.3636
2019-06-02 09-33-48,472,19.9951,37.4063
2019-06-02 09-33-50,472,19.9417,37.393
2019-06-02 09-33-52,473,19.9768,37.3796
2019-06-02 09-33-54,473,19.9585,37.3503
2019-06-02 09-33-56,473,19.9768,37.3796
2019-06-02 09-34-00,474,19.9951,37.393
2019-06-02 09-34-02,474,20.0134,37.393
2019-06-02 09-34-04,474,19.9738,37.3369
2019-06-02 09-34-06,474,19.9768,37.3796
2019-06-02 09-34-08,474,19.9768,37.3636
2019-06-02 09-34-10,474,19.9402,37.3636
2019-06-02 09-34-12,474,19.9402,37.3369
2019-06-02 09-34-14,474,19.9738,37.3503
2019-06-02 09-34-18,474,20.0104,37.3503
2019-06-02 09-34-20,475,20.0653,37.3503
2019-06-02 09-34-22,475,19.9921,37.3369
2019-06-02 09-34-24,476,20.0424,37.3236
2019-06-02 09-34-26,476,20.0424,37.3236
2019-06-02 09-34-28,476,20.0058,37.2942
2019-06-02 09-34-30,476,20.0638,37.3236
2019-06-02 09-34-32,475,20.0607,37.2808
2019-06-02 09-34-36,474,20.0378,37.2648
2019-06-02 09-34-38,474,20.1614,37.2381
2019-06-02 09-34-40,474,20.0378,37.2381
2019-06-02 09-34-42,474,20.0928,37.2515
2019-06-02 09-34-44,474,20.0928,37.2248
2019-06-02 09-34-46,473,20.1096,37.2381
2019-06-02 09-34-48,472,20.1279,37.2381
2019-06-02 09-34-52,472,20.0775,37.2648
2019-06-02 09-34-54,472,20.0409,37.2942
2019-06-02 09-34-56,472,20.079,37.2942
2019-06-02 09-34-58,472,20.0775,37.2648
2019-06-02 09-35-00,473,20.0378,37.2381
2019-06-02 09-35-02,473,20.0775,37.2648
2019-06-02 09-35-04,473,20.0775,37.2648
2019-06-02 09-35-06,473,20.0775,37.2808
2019-06-02 09-35-10,472,20.079,37.2942
2019-06-02 09-35-12,472,20.0974,37.3075
2019-06-02 09-35-14,473,20.0638,37.3236
2019-06-02 09-35-16,473,20.0241,37.3236
2019-06-02 09-35-18,474,20.0607,37.3075
2019-06-02 09-35-20,474,20.0607,37.2942
2019-06-02 09-35-22,474,20.0241,37.3236
2019-06-02 09-35-24,474,20.0607,37.3075
2019-06-02 09-35-28,475,20.0058,37.3075
2019-06-02 09-35-30,475,20.0226,37.2808
2019-06-02 09-35-32,475,20.079,37.2942
2019-06-02 09-35-35,475,20.079,37.2942
2019-06-02 09-35-37,475,20.1141,37.2808
2019-06-02 09-35-39,475,20.0958,37.2808
2019-06-02 09-35-41,475,20.0592,37.2515
2019-06-02 09-35-45,475,20.1614,37.2381
2019-06-02 09-35-47,474,20.0928,37.2515
2019-06-02 09-35-49,474,20.1279,37.2381
2019-06-02 09-35-51,473,20.0958,37.2648
2019-06-02 09-35-53,472,20.1294,37.2648
2019-06-02 09-35-55,472,20.0958,37.2942
2019-06-02 09-35-57,472,20.0958,37.2808
2019-06-02 09-35-59,472,20.0775,37.2808
2019-06-02 09-36-03,472,20.0928,37.2381
2019-06-02 09-36-05,472,20.0775,37.2808
2019-06-02 09-36-07,471,20.1111,37.2515
2019-06-02 09-36-09,471,20.1279,37.2381
2019-06-02 09-36-11,471,20.1279,37.2248
2019-06-02 09-36-13,470,20.0378,37.2381
2019-06-02 09-36-15,471,20.0562,37.2087
2019-06-02 09-36-17,470,20.1431,37.1954
2019-06-02 09-36-21,471,20.1965,37.182
2019-06-02 09-36-23,471,20.1202,37.1393
2019-06-02 09-36-25,471,20.1416,37.1687
2019-06-02 09-36-27,471,20.1965,37.1687
2019-06-02 09-36-29,471,20.2118,37.1393
2019-06-02 09-36-31,471,20.1553,37.126
2019-06-02 09-36-33,471,20.1569,37.1527
2019-06-02 09-36-37,471,20.2148,37.182
2019-06-02 09-36-39,471,20.1416,37.182
2019-06-02 09-36-41,470,20.1599,37.1954
2019-06-02 09-36-43,470,20.1935,37.1393
2019-06-02 09-36-45,469,20.1569,37.1527
2019-06-02 09-36-47,469,20.2286,37.1393
2019-06-02 09-36-49,469,20.1736,37.1393
2019-06-02 09-36-51,469,20.2118,37.1393
2019-06-02 09-36-55,469,20.1569,37.1687
2019-06-02 09-36-57,468,20.1752,37.1687
2019-06-02 09-36-59,468,20.1965,37.182
2019-06-02 09-37-01,468,20.2301,37.1687
2019-06-02 09-37-03,468,20.1782,37.1954
2019-06-02 09-37-05,468,20.1233,37.1527
2019-06-02 09-37-07,469,20.1416,37.1687
2019-06-02 09-37-09,469,20.1981,37.1954
2019-06-02 09-37-13,468,20.1599,37.1954
2019-06-02 09-37-15,468,20.1569,37.1687
2019-06-02 09-37-17,468,20.1233,37.1687
2019-06-02 09-37-19,468,20.1599,37.182
2019-06-02 09-37-21,468,20.1935,37.1393
2019-06-02 09-37-23,468,20.2301,37.1527
2019-06-02 09-37-25,468,20.1752,37.1687
2019-06-02 09-37-27,467,20.2118,37.1393
2019-06-02 09-37-31,467,20.1965,37.182
2019-06-02 09-37-33,468,20.1416,37.1687
2019-06-02 09-37-35,468,20.1752,37.1687
2019-06-02 09-37-37,467,20.1981,37.1954
2019-06-02 09-37-39,467,20.1965,37.182
2019-06-02 09-37-41,468,20.1614,37.2087
2019-06-02 09-37-43,468,20.1416,37.182
2019-06-02 09-37-47,468,20.1981,37.2087
2019-06-02 09-37-49,468,20.1096,37.2381
2019-06-02 09-37-51,469,20.1614,37.2381
2019-06-02 09-37-53,469,20.0592,37.2381
2019-06-02 09-37-55,469,20.0928,37.2515
2019-06-02 09-37-57,469,20.0775,37.2648
2019-06-02 09-37-59,469,20.0958,37.2942
2019-06-02 09-38-01,469,20.0409,37.2942
2019-06-02 09-38-05,470,20.0058,37.2808
2019-06-02 09-38-07,470,20.0607,37.2808
2019-06-02 09-38-09,470,20.0607,37.2942
2019-06-02 09-38-11,470,20.0058,37.3075
2019-06-02 09-38-13,470,20.1004,37.3369
2019-06-02 09-38-15,470,20.0424,37.3236
2019-06-02 09-38-17,470,20.0424,37.3236
2019-06-02 09-38-19,469,20.0424,37.3075
2019-06-02 09-38-23,469,20.079,37.2942
2019-06-02 09-38-25,469,20.0958,37.2808
2019-06-02 09-38-27,469,20.0958,37.2808
2019-06-02 09-38-29,469,20.0958,37.2648
2019-06-02 09-38-31,470,20.0958,37.2648
2019-06-02 09-38-33,470,20.0745,37.2381
2019-06-02 09-38-35,470,20.0409,37.2808
2019-06-02 09-38-39,470,20.079,37.2942
2019-06-02 09-38-41,470,20.0409,37.2942
2019-06-02 09-38-43,470,20.0424,37.3236
2019-06-02 09-38-45,469,20.0638,37.3236
2019-06-02 09-38-47,470,20.0638,37.3369
2019-06-02 09-38-49,470,19.9921,37.3503
2019-06-02 09-38-51,470,19.9921,37.3503
2019-06-02 09-38-53,470,20.0104,37.3796
2019-06-02 09-38-57,471,19.96,37.393
2019-06-02 09-38-59,470,19.9265,37.4063
2019-06-02 09-39-01,471,19.96,37.4063
2019-06-02 09-39-03,471,19.9448,37.4063
2019-06-02 09-39-05,471,19.9448,37.4063
2019-06-02 09-39-07,471,19.9265,37.4063
2019-06-02 09-39-09,471,19.8898,37.4197
2019-06-02 09-39-11,472,19.9448,37.4197
2019-06-02 09-39-15,472,19.9265,37.393
2019-06-02 09-39-17,472,19.9097,37.4357
2019-06-02 09-39-19,471,19.9097,37.4197
2019-06-02 09-39-21,471,19.9265,37.4197
2019-06-02 09-39-23,472,19.9127,37.4624
2019-06-02 09-39-25,472,19.9631,37.4357
2019-06-02 09-39-27,472,19.9631,37.4357
2019-06-02 09-39-31,473,19.9265,37.4197
2019-06-02 09-39-33,473,19.9448,37.4063
2019-06-02 09-39-35,473,20.0134,37.393
2019-06-02 09-39-37,473,19.9081,37.4063
2019-06-02 09-39-39,474,19.9631,37.4357
2019-06-02 09-39-41,474,19.9448,37.4063
2019-06-02 09-39-43,473,19.9265,37.4063
2019-06-02 09-39-45,474,19.9402,37.3636
2019-06-02 09-39-49,474,19.9036,37.3369
2019-06-02 09-39-51,474,20.0089,37.3236
2019-06-02 09-39-53,473,19.9539,37.2808
2019-06-02 09-39-55,473,20.0775,37.2648
2019-06-02 09-39-57,471,20.0958,37.2648
2019-06-02 09-39-59,472,20.0043,37.2648
2019-06-02 09-40-01,471,20.1462,37.2648
2019-06-02 09-40-03,473,20.1111,37.2515
2019-06-02 09-40-07,474,20.0775,37.2515
2019-06-02 09-40-09,473,20.1279,37.2515
2019-06-02 09-40-11,472,20.0775,37.2515
2019-06-02 09-40-13,472,20.1141,37.2942
2019-06-02 09-40-15,473,20.0607,37.3075
2019-06-02 09-40-17,472,20.0424,37.3075
2019-06-02 09-40-19,472,19.9875,37.2942
2019-06-02 09-40-23,473,20.0958,37.2942
2019-06-02 09-40-25,472,20.0241,37.2942
2019-06-02 09-40-27,473,20.0775,37.2515
2019-06-02 09-40-29,473,20.0928,37.2381
2019-06-02 09-40-31,472,20.1096,37.2248
2019-06-02 09-40-33,472,20.0928,37.2515
2019-06-02 09-40-35,473,20.0928,37.2248
2019-06-02 09-40-37,473,20.0729,37.2087
2019-06-02 09-40-41,472,20.0729,37.2087
2019-06-02 09-40-43,470,20.1614,37.2248
2019-06-02 09-40-45,469,20.1279,37.2248
2019-06-02 09-40-47,469,20.1279,37.2381
2019-06-02 09-40-49,469,20.1141,37.2808
2019-06-02 09-40-51,469,20.0958,37.2942
2019-06-02 09-40-53,470,20.1477,37.2808
2019-06-02 09-40-55,470,20.079,37.2942
2019-06-02 09-40-59,470,20.0775,37.2648
2019-06-02 09-41-01,471,19.9875,37.2648
2019-06-02 09-41-03,470,20.0775,37.2808
2019-06-02 09-41-05,470,20.0974,37.3075
2019-06-02 09-41-07,470,20.079,37.2942
2019-06-02 09-41-09,470,20.0775,37.2648
2019-06-02 09-41-11,470,20.0592,37.2381
2019-06-02 09-41-15,471,20.0928,37.2381
2019-06-02 09-41-17,470,20.1279,37.2381
2019-06-02 09-41-19,469,20.1614,37.2381
2019-06-02 09-41-21,469,20.1279,37.2515
2019-06-02 09-41-23,468,20.2011,37.2248
2019-06-02 09-41-25,468,20.1294,37.2648
2019-06-02 09-41-28,467,20.0775,37.2808
2019-06-02 09-41-30,468,20.0958,37.2942
2019-06-02 09-41-34,468,20.0409,37.2808
2019-06-02 09-41-36,467,20.0409,37.2942
2019-06-02 09-41-38,467,20.0409,37.2808
2019-06-02 09-41-40,467,20.0409,37.2942
2019-06-02 09-41-42,467,20.0424,37.3075
2019-06-02 09-41-44,466,20.079,37.3075
2019-06-02 09-41-46,467,20.0241,37.2942
2019-06-02 09-41-50,467,20.0607,37.2942
2019-06-02 09-41-52,467,20.0058,37.3075
2019-06-02 09-41-54,468,20.0089,37.3236
2019-06-02 09-41-56,468,20.0424,37.3075
2019-06-02 09-41-58,468,19.9905,37.3236
2019-06-02 09-42-00,468,20.0272,37.3369
2019-06-02 09-42-02,468,20.0272,37.3369
2019-06-02 09-42-04,469,20.0821,37.3369
2019-06-02 09-42-08,468,19.9921,37.3503
2019-06-02 09-42-10,469,20.0104,37.3503
2019-06-02 09-42-12,469,20.0241,37.3236
2019-06-02 09-42-14,468,19.9921,37.3369
2019-06-02 09-42-16,468,20.0089,37.3236
2019-06-02 09-42-18,468,20.0104,37.3636
2019-06-02 09-42-20,468,20.0272,37.3369
2019-06-02 09-42-22,468,19.9768,37.3636
2019-06-02 09-42-26,468,19.9738,37.3503
2019-06-02 09-42-28,469,19.9554,37.3369
2019-06-02 09-42-30,469,19.9738,37.3369
2019-06-02 09-42-32,468,19.9905,37.3075
2019-06-02 09-42-34,469,20.0089,37.3369
2019-06-02 09-42-36,469,20.0653,37.3503
2019-06-02 09-42-38,469,19.9738,37.3236
2019-06-02 09-42-42,469,20.0272,37.3369
2019-06-02 09-42-44,469,20.0455,37.3503
2019-06-02 09-42-46,470,19.9738,37.3369
2019-06-02 09-42-48,470,20.0241,37.3236
2019-06-02 09-42-50,470,20.0424,37.3369
2019-06-02 09-42-52,469,19.9738,37.3369
2019-06-02 09-42-54,469,20.0424,37.3369
2019-06-02 09-42-56,469,19.9768,37.3796
2019-06-02 09-43-00,469,20.0424,37.3369
2019-06-02 09-43-02,469,19.9921,37.3369
2019-06-02 09-43-04,470,20.0272,37.3503
2019-06-02 09-43-06,470,19.9768,37.3636
2019-06-02 09-43-08,470,20.0272,37.3636
2019-06-02 09-43-10,470,20.0287,37.3796
2019-06-02 09-43-12,469,19.9951,37.3796
2019-06-02 09-43-14,469,19.9417,37.3796
2019-06-02 09-43-18,469,20.0134,37.4063
2019-06-02 09-43-20,469,19.9768,37.3796
2019-06-02 09-43-22,469,19.9921,37.3636
2019-06-02 09-43-24,469,20.0104,37.3636
2019-06-02 09-43-26,468,19.9738,37.3503
2019-06-02 09-43-28,468,19.9768,37.3636
2019-06-02 09-43-30,468,20.0272,37.3503
2019-06-02 09-43-34,468,19.9951,37.393
2019-06-02 09-43-36,467,19.9417,37.393
2019-06-02 09-43-38,467,19.96,37.393
2019-06-02 09-43-40,467,19.9951,37.4063
2019-06-02 09-43-42,467,19.928,37.4357
2019-06-02 09-43-44,467,19.9783,37.4063
2019-06-02 09-43-46,467,19.9631,37.4197
2019-06-02 09-43-48,466,20.0134,37.4063
2019-06-02 09-43-52,467,19.9448,37.4063
2019-06-02 09-43-54,466,19.9768,37.3796
2019-06-02 09-43-56,467,19.9951,37.393
2019-06-02 09-43-58,467,20.0104,37.3796
2019-06-02 09-44-00,467,19.9951,37.3796
2019-06-02 09-44-02,467,19.96,37.393
2019-06-02 09-44-04,467,19.9951,37.393
2019-06-02 09-44-06,467,20.0104,37.3796
2019-06-02 09-44-10,467,20.0104,37.3636
2019-06-02 09-44-12,466,20.0684,37.393
2019-06-02 09-44-14,466,19.96,37.4063
2019-06-02 09-44-16,467,20.0104,37.3796
2019-06-02 09-44-18,468,19.9768,37.393
2019-06-02 09-44-20,467,20.0089,37.3369
2019-06-02 09-44-22,468,20.0424,37.3369
2019-06-02 09-44-24,467,20.0607,37.3075
2019-06-02 09-44-28,467,20.079,37.3075
2019-06-02 09-44-30,467,20.0424,37.3075
2019-06-02 09-44-32,467,20.0272,37.3369
2019-06-02 09-44-34,468,20.0424,37.3369
2019-06-02 09-44-36,467,20.0241,37.3236
2019-06-02 09-44-38,467,20.0089,37.3369
2019-06-02 09-44-40,467,20.0455,37.3636
2019-06-02 09-44-44,467,20.0653,37.3503
2019-06-02 09-44-46,467,19.9921,37.3636
2019-06-02 09-44-48,466,20.047,37.393
2019-06-02 09-44-50,467,19.9951,37.393
2019-06-02 09-44-52,467,20.0317,37.4063
2019-06-02 09-44-54,467,20.0104,37.3636
2019-06-02 09-44-56,467,19.96,37.393
2019-06-02 09-44-58,467,20.0104,37.3796
2019-06-02 09-45-02,467,20.0836,37.3796
2019-06-02 09-45-04,467,20.0653,37.3796
2019-06-02 09-45-06,467,20.0287,37.3796
2019-06-02 09-45-08,467,19.9921,37.3503
2019-06-02 09-45-10,467,20.0455,37.3636
2019-06-02 09-45-12,467,19.9768,37.3636
2019-06-02 09-45-14,468,19.9585,37.3636
2019-06-02 09-45-16,468,20.047,37.393
2019-06-02 09-45-20,468,19.9951,37.3796
2019-06-02 09-45-22,468,19.9951,37.3796
2019-06-02 09-45-24,468,20.0287,37.393
2019-06-02 09-45-26,468,20.0104,37.3636
2019-06-02 09-45-28,467,20.0455,37.3503
2019-06-02 09-45-30,467,20.0104,37.3636
2019-06-02 09-45-32,467,20.0424,37.3369
2019-06-02 09-45-36,466,20.0821,37.3236
2019-06-02 09-45-38,466,19.9905,37.3075
2019-06-02 09-45-40,466,20.0638,37.3236
2019-06-02 09-45-42,466,20.0089,37.3236
2019-06-02 09-45-44,466,20.1004,37.3369
2019-06-02 09-45-46,467,20.0241,37.3236
2019-06-02 09-45-48,467,20.0821,37.3369
2019-06-02 09-45-50,466,20.0638,37.3236
2019-06-02 09-45-54,466,20.0638,37.3236
2019-06-02 09-45-56,466,20.0821,37.3369
2019-06-02 09-45-58,466,20.0272,37.3369
2019-06-02 09-46-00,465,20.0272,37.3503
2019-06-02 09-46-02,465,20.0836,37.3636
2019-06-02 09-46-04,465,19.9951,37.3796
2019-06-02 09-46-06,465,20.0455,37.3636
2019-06-02 09-46-08,465,20.0455,37.3636
2019-06-02 09-46-12,466,20.0272,37.3503
2019-06-02 09-46-14,466,19.9921,37.3636
2019-06-02 09-46-16,466,19.9417,37.3796
2019-06-02 09-46-18,466,19.9951,37.3796
2019-06-02 09-46-20,467,19.9585,37.3636
2019-06-02 09-46-22,468,20.0653,37.3636
2019-06-02 09-46-24,468,20.0287,37.393
2019-06-02 09-46-26,468,20.0287,37.393
2019-06-02 09-46-30,468,20.1019,37.3796
2019-06-02 09-46-32,468,20.0134,37.393
2019-06-02 09-46-34,468,20.0104,37.3636
2019-06-02 09-46-36,468,19.9768,37.3636
2019-06-02 09-46-38,468,20.0104,37.3503
2019-06-02 09-46-40,467,20.0653,37.3636
2019-06-02 09-46-42,467,20.0287,37.3796
2019-06-02 09-46-46,466,20.047,37.3796
2019-06-02 09-46-48,465,20.0455,37.3636
2019-06-02 09-46-50,465,20.0104,37.3796
2019-06-02 09-46-52,466,20.0104,37.3796
2019-06-02 09-46-54,466,20.0104,37.3636
2019-06-02 09-46-56,466,19.9768,37.393
2019-06-02 09-46-58,467,19.9783,37.4063
2019-06-02 09-47-00,467,19.96,37.4063
2019-06-02 09-47-04,466,19.9783,37.4063
2019-06-02 09-47-06,467,20.0104,37.3796
2019-06-02 09-47-09,466,19.9265,37.393
2019-06-02 09-47-11,466,19.9448,37.4197
2019-06-02 09-47-13,466,19.9631,37.4197
2019-06-02 09-47-15,466,19.9966,37.4197
2019-06-02 09-47-17,467,19.9768,37.3796
2019-06-02 09-47-19,466,19.96,37.393
2019-06-02 09-47-23,466,19.9951,37.393
2019-06-02 09-47-25,466,19.9783,37.4197
2019-06-02 09-47-27,466,19.9966,37.4197
2019-06-02 09-47-29,466,19.9646,37.4624
2019-06-02 09-47-31,466,19.9463,37.4624
2019-06-02 09-47-33,467,19.928,37.4491
2019-06-02 09-47-35,467,19.9646,37.4624
2019-06-02 09-47-39,467,19.9646,37.4624
2019-06-02 09-47-41,466,19.928,37.4624
2019-06-02 09-47-43,467,19.8944,37.4918
2019-06-02 09-47-45,468,19.8074,37.5051
2019-06-02 09-47-47,467,19.8593,37.5212
2019-06-02 09-47-49,468,19.8593,37.5051
2019-06-02 09-47-51,467,19.8944,37.4918
2019-06-02 09-47-53,467,19.8227,37.4918
2019-06-02 09-47-57,468,19.8914,37.4624
2019-06-02 09-47-59,468,19.9127,37.4624
2019-06-02 09-48-01,467,19.8578,37.4918
2019-06-02 09-48-03,468,19.9097,37.4357
2019-06-02 09-48-05,468,19.9463,37.4491
2019-06-02 09-48-07,467,19.928,37.4357
2019-06-02 09-48-09,467,19.873,37.4491
2019-06-02 09-48-11,466,19.9081,37.4063
2019-06-02 09-48-15,466,19.9783,37.4197
2019-06-02 09-48-17,466,19.9097,37.4197
2019-06-02 09-48-19,466,20.0134,37.393
2019-06-02 09-48-21,466,19.9997,37.4491
2019-06-02 09-48-23,466,19.928,37.4357
2019-06-02 09-48-25,466,19.8898,37.4357
2019-06-02 09-48-27,466,19.9463,37.4491
2019-06-02 09-48-31,466,19.9097,37.4357
2019-06-02 09-48-33,467,19.9097,37.4197
2019-06-02 09-48-35,467,19.96,37.393
2019-06-02 09-48-37,467,19.9768,37.3636
2019-06-02 09-48-39,467,19.9951,37.3796
2019-06-02 09-48-41,467,20.0104,37.3503
2019-06-02 09-48-43,467,20.0272,37.3636
2019-06-02 09-48-45,466,19.9921,37.3636
2019-06-02 09-48-49,466,19.9768,37.393
2019-06-02 09-48-51,466,19.9768,37.393
2019-06-02 09-48-53,466,19.9783,37.4063
2019-06-02 09-48-55,466,19.9783,37.4063
2019-06-02 09-48-57,466,19.9783,37.4197
2019-06-02 09-48-59,467,19.9097,37.4491
2019-06-02 09-49-01,466,19.9631,37.4197
2019-06-02 09-49-03,466,19.9448,37.4357
2019-06-02 09-49-07,466,19.8914,37.4491
2019-06-02 09-49-09,466,19.9631,37.4491
2019-06-02 09-49-11,466,19.8898,37.4357
2019-06-02 09-49-13,466,19.873,37.4491
2019-06-02 09-49-15,466,19.9097,37.4491
2019-06-02 09-49-17,466,19.9463,37.4624
2019-06-02 09-49-19,465,19.873,37.4491
2019-06-02 09-49-23,465,19.9127,37.4624
2019-06-02 09-49-25,466,19.9493,37.4918
2019-06-02 09-49-27,467,19.8944,37.4918
2019-06-02 09-49-29,467,19.8578,37.4758
2019-06-02 09-49-31,467,19.8944,37.5051
2019-06-02 09-49-33,468,19.8761,37.5051
2019-06-02 09-49-35,468,19.8944,37.4918
2019-06-02 09-49-37,468,19.8578,37.4918
2019-06-02 09-49-41,468,19.8761,37.4918
2019-06-02 09-49-43,468,19.8578,37.4758
2019-06-02 09-49-45,468,19.8944,37.4918
2019-06-02 09-49-47,467,19.8944,37.5051
2019-06-02 09-49-49,467,19.8944,37.5051
2019-06-02 09-49-51,468,19.8257,37.5051
2019-06-02 09-49-53,467,19.8944,37.4918
2019-06-02 09-49-55,467,19.8944,37.4918
2019-06-02 09-49-59,467,19.8578,37.4918
2019-06-02 09-50-01,467,19.931,37.4918
2019-06-02 09-50-03,467,19.8944,37.4918
2019-06-02 09-50-05,467,19.931,37.4918
2019-06-02 09-50-07,467,19.9142,37.4918
2019-06-02 09-50-09,467,19.8914,37.4491
2019-06-02 09-50-11,467,19.9646,37.4624
2019-06-02 09-50-15,467,19.928,37.4624
2019-06-02 09-50-17,467,19.9463,37.4758
2019-06-02 09-50-19,467,19.9646,37.4758
2019-06-02 09-50-21,466,19.928,37.4624
2019-06-02 09-50-23,467,19.9127,37.4624
2019-06-02 09-50-25,467,19.9829,37.4918
2019-06-02 09-50-27,467,19.8761,37.4758
2019-06-02 09-50-29,466,19.8761,37.4918
2019-06-02 09-50-33,466,19.931,37.4918
2019-06-02 09-50-35,466,19.9829,37.4918
2019-06-02 09-50-37,466,19.928,37.4491
2019-06-02 09-50-39,466,19.931,37.4758
2019-06-02 09-50-41,466,19.9463,37.4758
2019-06-02 09-50-43,466,19.931,37.4758
2019-06-02 09-50-45,466,19.8914,37.4758
2019-06-02 09-50-47,466,19.9646,37.4624
2019-06-02 09-50-51,466,19.9127,37.4624
2019-06-02 09-50-53,466,19.9646,37.4758
2019-06-02 09-50-55,466,19.9463,37.4624
2019-06-02 09-50-57,466,19.9463,37.4491
2019-06-02 09-50-59,466,19.9463,37.4624
2019-06-02 09-51-01,466,19.8944,37.4918
2019-06-02 09-51-03,466,19.9326,37.5051
2019-06-02 09-51-07,467,19.9142,37.4918
2019-06-02 09-51-09,467,19.8761,37.5051
2019-06-02 09-51-11,467,19.9493,37.4918
2019-06-02 09-51-13,467,19.8761,37.4758
2019-06-02 09-51-15,467,19.931,37.4918
2019-06-02 09-51-17,466,19.8944,37.5051
2019-06-02 09-51-19,466,19.928,37.4624
2019-06-02 09-51-21,466,19.931,37.4758
2019-06-02 09-51-25,466,19.928,37.4624
2019-06-02 09-51-27,466,19.9127,37.4624
2019-06-02 09-51-29,466,19.9631,37.4491
2019-06-02 09-51-31,466,19.9463,37.4491
2019-06-02 09-51-33,466,19.9646,37.4758
2019-06-02 09-51-35,466,19.928,37.4357
2019-06-02 09-51-37,465,19.9448,37.4357
2019-06-02 09-51-41,466,20.018,37.4624
2019-06-02 09-51-43,465,19.9814,37.4491
2019-06-02 09-51-45,465,19.9646,37.4624
2019-06-02 09-51-47,465,19.9463,37.4491
2019-06-02 09-51-49,465,19.9646,37.4758
2019-06-02 09-51-51,465,19.9463,37.4624
2019-06-02 09-51-53,466,19.9463,37.4624
2019-06-02 09-51-55,466,19.9127,37.4624
2019-06-02 09-51-59,466,19.9997,37.4491
2019-06-02 09-52-01,467,20.0317,37.4063
2019-06-02 09-52-03,467,19.9768,37.393
2019-06-02 09-52-05,466,20.0104,37.3636
2019-06-02 09-52-07,466,19.9921,37.3636
2019-06-02 09-52-09,467,20.0638,37.3236
2019-06-02 09-52-11,466,20.0638,37.3236
2019-06-02 09-52-13,466,20.1157,37.3369
2019-06-02 09-52-17,466,20.1691,37.3236
2019-06-02 09-52-19,465,20.0974,37.3075
2019-06-02 09-52-21,465,20.1141,37.3075
2019-06-02 09-52-23,465,20.1141,37.2808
2019-06-02 09-52-25,466,20.1324,37.2942
2019-06-02 09-52-27,466,20.0958,37.2808
2019-06-02 09-52-29,466,20.1477,37.2942
2019-06-02 09-52-33,466,20.1477,37.2942
2019-06-02 09-52-35,466,20.1645,37.2648
2019-06-02 09-52-37,466,20.1614,37.2381
2019-06-02 09-52-39,465,20.2347,37.2381
2019-06-02 09-52-41,465,20.2011,37.2248
2019-06-02 09-52-43,464,20.2515,37.2248
2019-06-02 09-52-45,463,20.2164,37.2087
2019-06-02 09-52-48,464,20.2515,37.2087
2019-06-02 09-52-52,463,20.2713,37.2515
2019-06-02 09-52-54,461,20.2164,37.2248
2019-06-02 09-52-56,459,20.2347,37.2515
2019-06-02 09-52-58,461,20.2194,37.2648
2019-06-02 09-53-00,463,20.2393,37.3075
2019-06-02 09-53-02,465,20.1843,37.3075
2019-06-02 09-53-04,465,20.2026,37.2942
2019-06-02 09-53-06,466,20.1843,37.3236
2019-06-02 09-53-10,467,20.166,37.2942
2019-06-02 09-53-12,468,20.1508,37.3236
2019-06-02 09-53-14,469,20.1477,37.2808
2019-06-02 09-53-16,469,20.166,37.2942
2019-06-02 09-53-18,468,20.2194,37.2648
2019-06-02 09-53-20,469,20.2011,37.2515
2019-06-02 09-53-22,469,20.2713,37.2515
2019-06-02 09-53-26,469,20.2026,37.2942
2019-06-02 09-53-28,469,20.1828,37.2648
2019-06-02 09-53-30,469,20.166,37.2942
2019-06-02 09-53-32,468,20.166,37.2942
2019-06-02 09-53-34,468,20.1477,37.2808
2019-06-02 09-53-36,466,20.2057,37.3075
2019-06-02 09-53-38,464,20.166,37.3075
2019-06-02 09-53-40,464,20.1141,37.3075
2019-06-02 09-53-44,465,20.0974,37.3075
2019-06-02 09-53-46,467,20.1508,37.3075
2019-06-02 09-53-48,467,20.1324,37.2942
2019-06-02 09-53-50,467,20.0958,37.2808
2019-06-02 09-53-52,468,20.166,37.2942
2019-06-02 09-53-54,468,20.1645,37.2515
2019-06-02 09-53-56,468,20.1645,37.2648
2019-06-02 09-53-58,468,20.1797,37.2515
2019-06-02 09-54-02,467,20.2026,37.2808
2019-06-02 09-54-04,466,20.1828,37.2942
2019-06-02 09-54-06,466,20.1324,37.3075
2019-06-02 09-54-08,465,20.1141,37.2808
2019-06-02 09-54-10,465,20.1843,37.3075
2019-06-02 09-54-12,466,20.1462,37.2648
2019-06-02 09-54-14,467,20.2011,37.2515
2019-06-02 09-54-18,467,20.1797,37.2515
2019-06-02 09-54-20,466,20.2209,37.2808
2019-06-02 09-54-22,465,20.2011,37.2515
2019-06-02 09-54-24,464,20.1614,37.2381
2019-06-02 09-54-26,464,20.2515,37.2087
2019-06-02 09-54-28,464,20.2332,37.182
2019-06-02 09-54-30,464,20.2332,37.1954
2019-06-02 09-54-32,463,20.2515,37.1954
2019-06-02 09-54-36,463,20.2164,37.2248
2019-06-02 09-54-38,462,20.1981,37.2087
2019-06-02 09-54-40,463,20.1614,37.2381
2019-06-02 09-54-42,463,20.2377,37.2648
2019-06-02 09-54-44,463,20.1828,37.2648
2019-06-02 09-54-46,462,20.1462,37.2648
2019-06-02 09-54-48,463,20.1294,37.2808
2019-06-02 09-54-50,464,20.1141,37.2808
2019-06-02 09-54-54,465,20.1477,37.2808
2019-06-02 09-54-56,463,20.1645,37.2648
2019-06-02 09-54-58,463,20.1294,37.2808
2019-06-02 09-55-00,463,20.1477,37.2942
2019-06-02 09-55-02,462,20.1477,37.2808
2019-06-02 09-55-04,463,20.1477,37.2942
2019-06-02 09-55-06,463,20.1324,37.3075
2019-06-02 09-55-10,463,20.0821,37.3236
2019-06-02 09-55-12,463,20.1645,37.2808
2019-06-02 09-55-14,463,20.1004,37.3503
2019-06-02 09-55-16,465,20.0821,37.3503
2019-06-02 09-55-18,465,20.0424,37.3369
2019-06-02 09-55-20,467,20.0638,37.3236
2019-06-02 09-55-22,466,20.0607,37.3075
2019-06-02 09-55-24,466,20.0974,37.3075
2019-06-02 09-55-28,466,20.0272,37.3369
2019-06-02 09-55-30,467,20.1324,37.3236
2019-06-02 09-55-32,468,20.0089,37.3369
2019-06-02 09-55-34,469,20.0974,37.3236
2019-06-02 09-55-36,469,20.0638,37.3236
2019-06-02 09-55-38,469,20.0958,37.2942
2019-06-02 09-55-40,469,20.1294,37.2808
2019-06-02 09-55-42,470,20.1294,37.2648
2019-06-02 09-55-46,470,20.1462,37.2515
2019-06-02 09-55-48,470,20.1614,37.2381
2019-06-02 09-55-50,471,20.1462,37.2381
2019-06-02 09-55-52,471,20.1614,37.2381
2019-06-02 09-55-54,472,20.2011,37.2248
2019-06-02 09-55-56,472,20.1431,37.2248
2019-06-02 09-55-58,473,20.1797,37.2248
2019-06-02 09-56-02,471,20.1294,37.2648
2019-06-02 09-56-04,470,20.2057,37.3075
2019-06-02 09-56-06,471,20.1157,37.3236
2019-06-02 09-56-08,470,20.1004,37.3369
2019-06-02 09-56-10,470,20.0653,37.3636
2019-06-02 09-56-12,471,20.0684,37.4063
2019-06-02 09-56-14,471,20.0287,37.3796
2019-06-02 09-56-16,472,20.0699,37.4197
2019-06-02 09-56-20,472,20.0317,37.4197
2019-06-02 09-56-22,473,19.9448,37.4063
2019-06-02 09-56-24,474,20.0317,37.4063
2019-06-02 09-56-26,474,19.9951,37.4063
2019-06-02 09-56-28,474,20.0134,37.4197
2019-06-02 09-56-30,475,19.9966,37.4357
2019-06-02 09-56-32,475,20.0333,37.4491
2019-06-02 09-56-34,474,19.9783,37.4197
2019-06-02 09-56-38,475,20.0134,37.4197
2019-06-02 09-56-40,475,19.9966,37.4197
2019-06-02 09-56-42,475,20.015,37.4491
2019-06-02 09-56-44,476,19.9814,37.4357
2019-06-02 09-56-46,476,19.9966,37.4357
2019-06-02 09-56-48,476,20.0134,37.4197
2019-06-02 09-56-50,476,19.9768,37.393
2019-06-02 09-56-54,476,19.9768,37.393
2019-06-02 09-56-56,475,20.0134,37.4197
2019-06-02 09-56-58,475,20.0317,37.4357
2019-06-02 09-57-00,475,20.05,37.4491
2019-06-02 09-57-02,476,19.9966,37.4357
2019-06-02 09-57-04,475,20.0333,37.4624
2019-06-02 09-57-06,476,19.9966,37.4357
2019-06-02 09-57-08,476,19.9783,37.4063
2019-06-02 09-57-12,475,19.9951,37.3796
2019-06-02 09-57-14,475,20.0653,37.3636
2019-06-02 09-57-16,475,20.0272,37.3636
2019-06-02 09-57-18,474,20.0821,37.3369
2019-06-02 09-57-20,475,20.1157,37.3236
2019-06-02 09-57-22,475,20.079,37.3075
2019-06-02 09-57-24,475,20.079,37.2942
2019-06-02 09-57-26,474,20.1324,37.3236
2019-06-02 09-57-30,475,20.0607,37.3075
2019-06-02 09-57-32,475,20.1294,37.2808
2019-06-02 09-57-34,475,20.1462,37.2648
2019-06-02 09-57-36,475,20.1294,37.2808
2019-06-02 09-57-38,475,20.2209,37.2808
2019-06-02 09-57-40,475,20.1294,37.2648
2019-06-02 09-57-42,475,20.2194,37.2515
2019-06-02 09-57-46,475,20.1797,37.2248
2019-06-02 09-57-48,474,20.2011,37.2248
2019-06-02 09-57-50,474,20.1645,37.2515
2019-06-02 09-57-52,474,20.2026,37.2942
2019-06-02 09-57-54,472,20.1645,37.2808
2019-06-02 09-57-56,472,20.1324,37.3236
2019-06-02 09-57-58,472,20.1508,37.3369
2019-06-02 09-58-00,472,20.1004,37.3369
2019-06-02 09-58-04,472,20.1004,37.3503
2019-06-02 09-58-06,472,20.1004,37.3369
2019-06-02 09-58-08,472,20.0104,37.3636
2019-06-02 09-58-10,472,20.047,37.3796
2019-06-02 09-58-12,472,20.0836,37.3796
2019-06-02 09-58-14,473,20.047,37.4063
2019-06-02 09-58-16,472,20.0836,37.3796
2019-06-02 09-58-18,472,20.0867,37.4063
2019-06-02 09-58-22,472,20.0317,37.4063
2019-06-02 09-58-24,472,20.0882,37.4357
2019-06-02 09-58-26,473,20.0882,37.4357
2019-06-02 09-58-28,473,20.0317,37.4197
2019-06-02 09-58-30,474,20.0684,37.393
2019-06-02 09-58-33,474,20.0134,37.4197
2019-06-02 09-58-35,475,20.05,37.4197
2019-06-02 09-58-39,475,20.0699,37.4197
2019-06-02 09-58-41,475,20.047,37.4063
2019-06-02 09-58-43,474,20.047,37.393
2019-06-02 09-58-45,474,20.1019,37.3796
2019-06-02 09-58-47,474,20.0134,37.393
2019-06-02 09-58-49,474,19.9951,37.4063
2019-06-02 09-58-51,474,20.0134,37.4063
2019-06-02 09-58-53,474,20.0653,37.3796
2019-06-02 09-58-57,474,20.0867,37.4197
2019-06-02 09-58-59,474,20.0317,37.4063
2019-06-02 09-59-01,474,20.0699,37.4197
2019-06-02 09-59-03,474,19.9814,37.4357
2019-06-02 09-59-05,474,20.047,37.4063
2019-06-02 09-59-07,474,20.0287,37.3796
2019-06-02 09-59-09,474,20.0684,37.4063
2019-06-02 09-59-11,475,20.0287,37.393
2019-06-02 09-59-15,475,20.0684,37.4063
2019-06-02 09-59-17,475,20.0104,37.3636
2019-06-02 09-59-19,475,20.0653,37.3503
2019-06-02 09-59-21,475,20.1324,37.3236
2019-06-02 09-59-23,475,20.0821,37.3369
2019-06-02 09-59-25,475,20.0821,37.3503
2019-06-02 09-59-27,476,20.0653,37.3503
2019-06-02 09-59-31,475,20.134,37.3369
2019-06-02 09-59-33,475,20.1157,37.3236
2019-06-02 09-59-35,475,20.1141,37.3075
2019-06-02 09-59-37,475,20.1508,37.3236
2019-06-02 09-59-39,475,20.0974,37.3075
2019-06-02 09-59-41,475,20.1645,37.2808
2019-06-02 09-59-43,474,20.1477,37.2808
2019-06-02 09-59-45,474,20.2927,37.3075
2019-06-02 09-59-49,474,20.1645,37.2648
2019-06-02 09-59-51,474,20.1462,37.2381
2019-06-02 09-59-53,474,20.253,37.2381
2019-06-02 09-59-55,474,20.3033,37.2087
2019-06-02 09-59-57,473,20.3033,37.2248
2019-06-02 09-59-59,473,20.2515,37.2248
2019-06-02 10-00-01,472,20.2332,37.2087
2019-06-02 10-00-03,472,20.2515,37.2248
2019-06-02 10-00-07,471,20.2713,37.2648
2019-06-02 10-00-09,471,20.2026,37.2942
2019-06-02 10-00-11,471,20.134,37.3369
2019-06-02 10-00-13,471,20.134,37.3636
2019-06-02 10-00-15,471,20.0821,37.3503
2019-06-02 10-00-17,471,20.1187,37.3636
2019-06-02 10-00-19,471,20.1187,37.3636
2019-06-02 10-00-23,471,20.1523,37.3636
2019-06-02 10-00-25,471,20.1523,37.3636
2019-06-02 10-00-27,470,20.137,37.3796
2019-06-02 10-00-29,470,20.0653,37.3503
2019-06-02 10-00-31,469,20.134,37.3503
2019-06-02 10-00-33,470,20.1187,37.3636
2019-06-02 10-00-35,470,20.0836,37.3636
2019-06-02 10-00-37,470,20.1019,37.3796
2019-06-02 10-00-41,470,20.1019,37.3796
2019-06-02 10-00-43,470,20.0821,37.3503
2019-06-02 10-00-45,470,20.1004,37.3636
2019-06-02 10-00-47,471,20.1004,37.3636
2019-06-02 10-00-49,470,20.0653,37.3503
2019-06-02 10-00-51,470,20.0653,37.3636
2019-06-02 10-00-53,470,20.0836,37.3796
2019-06-02 10-00-55,469,20.0684,37.393
2019-06-02 10-00-59,469,20.1019,37.393
2019-06-02 10-01-01,469,20.0684,37.393
2019-06-02 10-01-03,469,20.1019,37.3796
2019-06-02 10-01-05,469,20.0653,37.3503
2019-06-02 10-01-07,469,20.0821,37.3236
2019-06-02 10-01-09,469,20.079,37.2942
2019-06-02 10-01-11,470,20.1645,37.2648
2019-06-02 10-01-15,469,20.1797,37.2515
2019-06-02 10-01-17,469,20.2026,37.2808
2019-06-02 10-01-19,468,20.2393,37.2942
2019-06-02 10-01-21,468,20.1843,37.3075
2019-06-02 10-01-23,468,20.1508,37.3075
2019-06-02 10-01-25,468,20.1843,37.3075
2019-06-02 10-01-27,468,20.2057,37.3236
2019-06-02 10-01-29,468,20.1187,37.3636
2019-06-02 10-01-33,468,20.1508,37.3369
2019-06-02 10-01-35,468,20.0821,37.3369
2019-06-02 10-01-37,469,20.1828,37.2648
2019-06-02 10-01-39,470,20.2347,37.2381
2019-06-02 10-01-41,469,20.2667,37.1954
2019-06-02 10-01-43,470,20.2988,37.1393
2019-06-02 10-01-45,470,20.2652,37.1393
2019-06-02 10-01-47,469,20.4025,37.0539
2019-06-02 10-01-51,469,20.3812,36.9978
2019-06-02 10-01-53,469,20.4849,36.9818
2019-06-02 10-01-55,469,20.5185,36.939
2019-06-02 10-01-57,468,20.5719,36.9257
2019-06-02 10-01-59,468,20.5872,36.9123
2019-06-02 10-02-01,468,20.5826,36.8563
2019-06-02 10-02-03,468,20.6039,36.883
2019-06-02 10-02-07,467,20.6055,36.9123
2019-06-02 10-02-09,467,20.6238,36.9551
2019-06-02 10-02-11,467,20.5002,36.9257
2019-06-02 10-02-13,467,20.5734,36.9818
2019-06-02 10-02-15,466,20.5215,36.9818
2019-06-02 10-02-17,466,20.4498,36.9818
2019-06-02 10-02-19,466,20.5048,36.9818
2019-06-02 10-02-21,466,20.5032,36.9551
2019-06-02 10-02-25,466,20.5399,36.9684
2019-06-02 10-02-27,465,20.5536,36.9123
2019-06-02 10-02-29,466,20.5368,36.939
2019-06-02 10-02-31,466,20.5856,36.883
2019-06-02 10-02-33,465,20.5536,36.9257
2019-06-02 10-02-35,465,20.5872,36.9257
2019-06-02 10-02-37,464,20.5734,36.9818
2019-06-02 10-02-41,463,20.5215,36.9684
2019-06-02 10-02-43,463,20.5582,36.9978
2019-06-02 10-02-45,464,20.4666,36.9684
2019-06-02 10-02-47,464,20.5399,36.9818
2019-06-02 10-02-49,464,20.5215,36.9551
2019-06-02 10-02-51,465,20.5002,36.939
2019-06-02 10-02-53,464,20.5368,36.939
2019-06-02 10-02-55,464,20.5399,36.9818
2019-06-02 10-02-59,464,20.4849,36.9978
2019-06-02 10-03-01,463,20.5399,36.9978
2019-06-02 10-03-03,463,20.5551,36.9684
2019-06-02 10-03-05,463,20.5368,36.9551
2019-06-02 10-03-07,463,20.5002,36.939
2019-06-02 10-03-09,463,20.6085,36.9551
2019-06-02 10-03-11,463,20.5399,36.9684
2019-06-02 10-03-13,463,20.4819,36.9684
2019-06-02 10-03-17,463,20.5399,36.9978
2019-06-02 10-03-19,463,20.5399,36.9818
2019-06-02 10-03-21,463,20.4865,37.0378
2019-06-02 10-03-23,463,20.4346,37.0245
2019-06-02 10-03-25,463,20.4361,37.0539
2019-06-02 10-03-27,463,20.4681,37.0111
2019-06-02 10-03-29,464,20.4681,37.0245
2019-06-02 10-03-33,464,20.5231,37.0111
2019-06-02 10-03-35,463,20.4865,37.0111
2019-06-02 10-03-37,464,20.5048,37.0111
2019-06-02 10-03-39,464,20.4865,37.0111
2019-06-02 10-03-41,463,20.4681,37.0111
2019-06-02 10-03-43,464,20.4346,37.0378
2019-06-02 10-03-45,464,20.4712,37.0378
2019-06-02 10-03-47,465,20.4712,37.0378
2019-06-02 10-03-51,464,20.4681,37.0245
2019-06-02 10-03-53,464,20.4895,37.0539
2019-06-02 10-03-55,465,20.4681,37.0245
2019-06-02 10-03-57,465,20.4346,37.0111
2019-06-02 10-03-59,465,20.4346,37.0378
2019-06-02 10-04-01,465,20.4681,37.0111
2019-06-02 10-04-03,465,20.4849,36.9818
2019-06-02 10-04-05,465,20.4849,36.9978
2019-06-02 10-04-09,465,20.4666,36.9684
2019-06-02 10-04-11,466,20.5215,36.9684
2019-06-02 10-04-13,466,20.5368,36.939
2019-06-02 10-04-15,465,20.6055,36.9123
2019-06-02 10-04-18,466,20.5673,36.8696
2019-06-02 10-04-20,466,20.6177,36.8429
2019-06-02 10-04-22,466,20.6177,36.8269
2019-06-02 10-04-26,465,20.636,36.8429
2019-06-02 10-04-28,465,20.723,36.8135
2019-06-02 10-04-30,465,20.6558,36.8429
2019-06-02 10-04-32,465,20.636,36.8563
2019-06-02 10-04-34,464,20.6375,36.8696
2019-06-02 10-04-36,464,20.6192,36.8696
2019-06-02 10-04-38,464,20.6375,36.883
2019-06-02 10-04-40,464,20.6039,36.899
2019-06-02 10-04-44,463,20.5719,36.939
2019-06-02 10-04-46,463,20.5399,36.9684
2019-06-02 10-04-48,463,20.5948,37.0378
2019-06-02 10-04-50,463,20.5261,37.0378
2019-06-02 10-04-52,464,20.3842,37.0699
2019-06-02 10-04-54,464,20.4025,37.0699
2019-06-02 10-04-56,464,20.4727,37.0699
2019-06-02 10-05-00,464,20.4025,37.0832
2019-06-02 10-05-02,464,20.4361,37.0699
2019-06-02 10-05-04,464,20.3857,37.0832
2019-06-02 10-05-06,464,20.4025,37.0832
2019-06-02 10-05-08,465,20.4025,37.0699
2019-06-02 10-05-10,465,20.4178,37.0539
2019-06-02 10-05-12,465,20.4178,37.0539
2019-06-02 10-05-14,465,20.4712,37.0378
2019-06-02 10-05-18,465,20.4895,37.0539
2019-06-02 10-05-20,465,20.4865,37.0378
2019-06-02 10-05-22,464,20.4865,37.0111
2019-06-02 10-05-24,464,20.4346,37.0111
2019-06-02 10-05-26,464,20.4681,37.0111
2019-06-02 10-05-28,464,20.4498,36.9978
2019-06-02 10-05-30,464,20.4681,37.0245
2019-06-02 10-05-32,464,20.4529,37.0378
2019-06-02 10-05-36,465,20.4346,37.0245
2019-06-02 10-05-38,465,20.4315,36.9978
2019-06-02 10-05-40,465,20.4865,37.0378
2019-06-02 10-05-42,464,20.4681,37.0111
2019-06-02 10-05-44,464,20.4865,37.0245
2019-06-02 10-05-46,464,20.4346,37.0245
2019-06-02 10-05-48,464,20.4178,37.0378
2019-06-02 10-05-52,464,20.4498,37.0111
2019-06-02 10-05-54,464,20.4163,37.0111
2019-06-02 10-05-56,463,20.4849,36.9978
2019-06-02 10-05-58,463,20.4529,37.0245
2019-06-02 10-06-00,464,20.5048,37.0111
2019-06-02 10-06-02,464,20.4681,37.0111
2019-06-02 10-06-04,464,20.5231,36.9978
2019-06-02 10-06-06,464,20.4849,36.9978
2019-06-02 10-06-10,464,20.4498,36.9818
2019-06-02 10-06-12,464,20.4819,36.9551
2019-06-02 10-06-14,464,20.4803,36.9257
2019-06-02 10-06-16,464,20.5719,36.9257
2019-06-02 10-06-18,464,20.6055,36.9257
2019-06-02 10-06-20,464,20.6192,36.883
2019-06-02 10-06-22,464,20.6909,36.8563
2019-06-02 10-06-24,463,20.6604,36.9123
2019-06-02 10-06-28,463,20.6192,36.8696
2019-06-02 10-06-30,462,20.5872,36.9123
2019-06-02 10-06-32,462,20.5872,36.9257
2019-06-02 10-06-34,462,20.5902,36.9551
2019-06-02 10-06-36,462,20.5399,36.9818
2019-06-02 10-06-38,462,20.5582,36.9818
2019-06-02 10-06-40,462,20.4666,36.9818
2019-06-02 10-06-44,463,20.5231,36.9978
2019-06-02 10-06-46,463,20.4849,36.9978
2019-06-02 10-06-48,463,20.5048,37.0111
2019-06-02 10-06-50,464,20.5048,37.0111
2019-06-02 10-06-52,464,20.5048,37.0111
2019-06-02 10-06-54,464,20.5048,37.0111
2019-06-02 10-06-56,465,20.4681,37.0111
2019-06-02 10-06-58,465,20.4865,37.0111
2019-06-02 10-07-02,466,20.5734,36.9684
2019-06-02 10-07-04,466,20.5048,36.9978
2019-06-02 10-07-06,465,20.5765,36.9978
2019-06-02 10-07-08,465,20.5414,37.0111
2019-06-02 10-07-10,466,20.5948,37.0111
2019-06-02 10-07-12,465,20.4681,37.0245
2019-06-02 10-07-14,466,20.4529,37.0378
2019-06-02 10-07-16,465,20.4712,37.0378
2019-06-02 10-07-20,464,20.4391,37.0832
2019-06-02 10-07-22,465,20.4391,37.1126
2019-06-02 10-07-24,464,20.4041,37.0966
2019-06-02 10-07-26,465,20.4391,37.0966
2019-06-02 10-07-28,465,20.4407,37.126
2019-06-02 10-07-30,465,20.4224,37.1126
2019-06-02 10-07-32,465,20.4544,37.0699
2019-06-02 10-07-36,465,20.4041,37.0966
2019-06-02 10-07-38,466,20.4208,37.0699
2019-06-02 10-07-40,465,20.4208,37.0699
2019-06-02 10-07-42,464,20.4361,37.0539
2019-06-02 10-07-44,464,20.4361,37.0539
2019-06-02 10-07-46,464,20.4391,37.1126
2019-06-02 10-07-48,464,20.4391,37.0966
2019-06-02 10-07-50,464,20.4407,37.1393
2019-06-02 10-07-54,464,20.4224,37.1126
2019-06-02 10-07-56,464,20.3705,37.1126
2019-06-02 10-07-58,464,20.3857,37.0966
2019-06-02 10-08-00,463,20.4208,37.0699
2019-06-02 10-08-02,463,20.4025,37.0832
2019-06-02 10-08-04,464,20.4025,37.0699
2019-06-02 10-08-06,464,20.4025,37.0539
2019-06-02 10-08-10,464,20.4361,37.0699
2019-06-02 10-08-12,465,20.4025,37.0539
2019-06-02 10-08-14,466,20.4361,37.0539
2019-06-02 10-08-16,466,20.4544,37.0539
2019-06-02 10-08-18,465,20.3857,37.0832
2019-06-02 10-08-20,464,20.4575,37.1126
2019-06-02 10-08-22,464,20.4025,37.0832
2019-06-02 10-08-24,463,20.3857,37.0832
2019-06-02 10-08-28,464,20.4025,37.0832
2019-06-02 10-08-30,465,20.4208,37.0832
2019-06-02 10-08-32,464,20.4163,37.0245
2019-06-02 10-08-34,464,20.4544,37.0699
2019-06-02 10-08-36,464,20.4208,37.0699
2019-06-02 10-08-38,463,20.4391,37.0832
2019-06-02 10-08-40,463,20.4391,37.0832
2019-06-02 10-08-42,464,20.4208,37.0832
2019-06-02 10-08-46,463,20.4712,37.0539
2019-06-02 10-08-48,463,20.5231,37.0245
2019-06-02 10-08-50,463,20.4712,37.0539
2019-06-02 10-08-52,463,20.4865,37.0378
2019-06-02 10-08-54,462,20.4895,37.0699
2019-06-02 10-08-56,462,20.4544,37.0832
2019-06-02 10-08-58,463,20.4224,37.1126
2019-06-02 10-09-02,463,20.4391,37.0966
2019-06-02 10-09-04,463,20.4544,37.0832
2019-06-02 10-09-06,463,20.4391,37.1126
2019-06-02 10-09-08,464,20.4544,37.0832
2019-06-02 10-09-10,463,20.4758,37.1126
2019-06-02 10-09-12,463,20.4224,37.126
2019-06-02 10-09-14,463,20.3888,37.1393
2019-06-02 10-09-16,464,20.4254,37.1393
2019-06-02 10-09-20,464,20.3888,37.1393
2019-06-02 10-09-22,464,20.3903,37.1527
2019-06-02 10-09-24,464,20.3537,37.1527
2019-06-02 10-09-26,464,20.3903,37.1687
2019-06-02 10-09-28,464,20.3537,37.1527
2019-06-02 10-09-30,464,20.3583,37.2087
2019-06-02 10-09-32,464,20.34,37.2248
2019-06-02 10-09-34,464,20.3583,37.2087
2019-06-02 10-09-38,464,20.3033,37.2248
2019-06-02 10-09-40,464,20.3217,37.2248
2019-06-02 10-09-42,465,20.3583,37.2087
2019-06-02 10-09-44,465,20.2881,37.2248
2019-06-02 10-09-46,465,20.3033,37.2087
2019-06-02 10-09-48,465,20.3217,37.2381
2019-06-02 10-09-50,466,20.2515,37.1954
2019-06-02 10-09-54,466,20.3354,37.182
2019-06-02 10-09-56,465,20.3537,37.1527
2019-06-02 10-09-58,465,20.3201,37.182
2019-06-02 10-10-00,465,20.3201,37.2087
2019-06-02 10-10-02,465,20.3064,37.2381
2019-06-02 10-10-04,465,20.2698,37.2381
2019-06-02 10-10-07,465,20.3064,37.2381
2019-06-02 10-10-09,465,20.3064,37.2648
2019-06-02 10-10-13,466,20.253,37.2515
2019-06-02 10-10-15,467,20.2713,37.2648
2019-06-02 10-10-17,467,20.2698,37.2381
2019-06-02 10-10-19,467,20.3033,37.2248
2019-06-02 10-10-21,467,20.3033,37.2248
2019-06-02 10-10-23,467,20.2332,37.1954
2019-06-02 10-10-25,468,20.2484,37.182
2019-06-02 10-10-27,469,20.2835,37.1687
2019-06-02 10-10-31,468,20.3537,37.126
2019-06-02 10-10-33,469,20.4071,37.126
2019-06-02 10-10-35,469,20.4575,37.126
2019-06-02 10-10-37,468,20.3354,37.1527
2019-06-02 10-10-39,468,20.372,37.1393
2019-06-02 10-10-41,468,20.4071,37.126
2019-06-02 10-10-43,467,20.3903,37.1527
2019-06-02 10-10-47,467,20.3568,37.1687
2019-06-02 10-10-49,468,20.3201,37.2087
2019-06-02 10-10-51,468,20.3583,37.1954
2019-06-02 10-10-53,468,20.3018,37.1954
2019-06-02 10-10-55,468,20.2881,37.2248
2019-06-02 10-10-57,467,20.2881,37.2248
2019-06-02 10-10-59,468,20.2713,37.2648
2019-06-02 10-11-01,468,20.2713,37.2648
2019-06-02 10-11-05,468,20.3247,37.2515
2019-06-02 10-11-07,468,20.2896,37.2648
2019-06-02 10-11-09,467,20.2881,37.2381
2019-06-02 10-11-11,467,20.2347,37.2381
2019-06-02 10-11-13,467,20.253,37.2381
2019-06-02 10-11-15,467,20.3064,37.2648
2019-06-02 10-11-17,467,20.3064,37.2515
2019-06-02 10-11-21,467,20.3064,37.2515
2019-06-02 10-11-23,467,20.2881,37.2248
2019-06-02 10-11-25,467,20.2515,37.2087
2019-06-02 10-11-27,467,20.3033,37.2087
2019-06-02 10-11-29,467,20.3201,37.1954
2019-06-02 10-11-31,467,20.3018,37.1954
2019-06-02 10-11-33,467,20.3171,37.1687
2019-06-02 10-11-35,467,20.3354,37.1527
2019-06-02 10-11-39,467,20.3903,37.1527
2019-06-02 10-11-41,466,20.4254,37.1393
2019-06-02 10-11-43,466,20.462,37.1687
2019-06-02 10-11-45,465,20.4071,37.1393
2019-06-02 10-11-47,465,20.3903,37.1687
2019-06-02 10-11-49,465,20.4086,37.182
2019-06-02 10-11-51,465,20.3568,37.182
2019-06-02 10-11-53,464,20.3568,37.182
2019-06-02 10-11-57,464,20.3934,37.1954
2019-06-02 10-11-59,463,20.3751,37.1954
2019-06-02 10-12-01,463,20.3201,37.182
2019-06-02 10-12-03,463,20.3201,37.2087
2019-06-02 10-12-05,463,20.2347,37.2248
2019-06-02 10-12-07,464,20.3217,37.2381
2019-06-02 10-12-09,463,20.3064,37.2381
2019-06-02 10-12-13,464,20.3217,37.2381
2019-06-02 10-12-15,464,20.2713,37.2648
2019-06-02 10-12-17,464,20.2881,37.2381
2019-06-02 10-12-19,464,20.2011,37.2381
2019-06-02 10-12-21,465,20.253,37.2648
2019-06-02 10-12-23,465,20.2393,37.3075
2019-06-02 10-12-25,465,20.166,37.2942
2019-06-02 10-12-27,466,20.2347,37.2515
2019-06-02 10-12-31,466,20.2377,37.2808
2019-06-02 10-12-33,466,20.256,37.2808
2019-06-02 10-12-35,466,20.2209,37.2808
2019-06-02 10-12-37,467,20.2209,37.2808
2019-06-02 10-12-39,466,20.2377,37.2808
2019-06-02 10-12-41,467,20.2377,37.2648
2019-06-02 10-12-43,467,20.2194,37.2648
2019-06-02 10-12-45,467,20.1797,37.2515
2019-06-02 10-12-49,467,20.2377,37.2648
2019-06-02 10-12-51,467,20.253,37.2381
2019-06-02 10-12-53,467,20.3018,37.182
2019-06-02 10-12-55,467,20.3583,37.2087
2019-06-02 10-12-57,467,20.3384,37.1954
2019-06-02 10-12-59,466,20.3064,37.2381
2019-06-02 10-13-01,466,20.2515,37.2248
2019-06-02 10-13-05,466,20.253,37.2648
2019-06-02 10-13-07,466,20.2713,37.2808
2019-06-02 10-13-09,466,20.2393,37.2942
2019-06-02 10-13-11,466,20.2057,37.3075
2019-06-02 10-13-13,466,20.2255,37.3503
2019-06-02 10-13-15,466,20.2576,37.3236
2019-06-02 10-13-17,466,20.2759,37.3236
2019-06-02 10-13-19,466,20.2744,37.3075
2019-06-02 10-13-23,466,20.2057,37.3075
2019-06-02 10-13-25,465,20.1691,37.3236
2019-06-02 10-13-27,465,20.2255,37.3503
2019-06-02 10-13-29,465,20.2209,37.3075
2019-06-02 10-13-31,465,20.2057,37.3236
2019-06-02 10-13-33,465,20.224,37.3236
2019-06-02 10-13-35,465,20.1691,37.3369
2019-06-02 10-13-39,465,20.1843,37.3236
2019-06-02 10-13-41,465,20.2423,37.3369
2019-06-02 10-13-43,465,20.224,37.3369
2019-06-02 10-13-45,465,20.1187,37.3796
2019-06-02 10-13-47,465,20.1553,37.3796
2019-06-02 10-13-49,464,20.137,37.3796
2019-06-02 10-13-51,465,20.1553,37.393
2019-06-02 10-13-53,465,20.1553,37.4063
2019-06-02 10-13-57,465,20.1553,37.393
2019-06-02 10-13-59,465,20.1569,37.4197
2019-06-02 10-14-01,465,20.1202,37.4197
2019-06-02 10-14-03,465,20.1019,37.4063
2019-06-02 10-14-05,465,20.1569,37.4357
2019-06-02 10-14-07,464,20.137,37.393
2019-06-02 10-14-09,464,20.1019,37.4063
2019-06-02 10-14-11,464,20.105,37.4357
2019-06-02 10-14-15,464,20.105,37.4357
2019-06-02 10-14-17,464,20.0882,37.4357
2019-06-02 10-14-19,464,20.0699,37.4491
2019-06-02 10-14-21,464,20.1416,37.4491
2019-06-02 10-14-23,464,20.047,37.4063
2019-06-02 10-14-25,464,20.2103,37.4063
2019-06-02 10-14-27,464,20.1019,37.393
2019-06-02 10-14-31,464,20.1385,37.4063
2019-06-02 10-14-33,464,20.1019,37.4063
2019-06-02 10-14-35,464,20.137,37.393
2019-06-02 10-14-37,464,20.1553,37.393
2019-06-02 10-14-39,463,20.1874,37.3636
2019-06-02 10-14-41,463,20.1889,37.3796
2019-06-02 10-14-43,463,20.1889,37.3796
2019-06-02 10-14-45,463,20.1553,37.3796
2019-06-02 10-14-49,463,20.1736,37.4063
2019-06-02 10-14-51,462,20.2286,37.4197
2019-06-02 10-14-53,462,20.1752,37.4491
2019-06-02 10-14-55,463,20.1752,37.4491
2019-06-02 10-14-57,462,20.1431,37.4758
2019-06-02 10-14-59,463,20.1569,37.4491
2019-06-02 10-15-01,463,20.1065,37.4624
2019-06-02 10-15-03,463,20.0912,37.4918
2019-06-02 10-15-07,463,20.1065,37.4758
2019-06-02 10-15-09,462,20.1096,37.5212
2019-06-02 10-15-11,462,20.0912,37.4918
2019-06-02 10-15-13,462,20.1416,37.4624
2019-06-02 10-15-15,462,20.1385,37.4357
2019-06-02 10-15-17,463,20.1752,37.4357
2019-06-02 10-15-19,462,20.1553,37.4063
2019-06-02 10-15-23,462,20.1752,37.4357
2019-06-02 10-15-25,461,20.2118,37.4357
2019-06-02 10-15-27,461,20.192,37.4197
2019-06-02 10-15-29,461,20.1202,37.4197
2019-06-02 10-15-31,461,20.1736,37.393
2019-06-02 10-15-33,461,20.1889,37.3796
2019-06-02 10-15-35,461,20.2255,37.3636
2019-06-02 10-15-37,461,20.2621,37.3796
2019-06-02 10-15-41,461,20.2072,37.3503
2019-06-02 10-15-43,461,20.2423,37.3369
2019-06-02 10-15-45,461,20.2606,37.3503
2019-06-02 10-15-47,461,20.2759,37.3503
2019-06-02 10-15-49,460,20.2759,37.3503
2019-06-02 10-15-51,460,20.2942,37.3636
2019-06-02 10-15-53,460,20.2103,37.3796
2019-06-02 10-15-57,460,20.2103,37.3796
2019-06-02 10-15-59,459,20.2805,37.393
2019-06-02 10-16-01,458,20.2621,37.3796
2019-06-02 10-16-03,458,20.1889,37.393
2019-06-02 10-16-05,459,20.2255,37.3796
2019-06-02 10-16-08,460,20.2103,37.393
2019-06-02 10-16-10,460,20.192,37.4197
2019-06-02 10-16-12,460,20.2621,37.393
2019-06-02 10-16-16,460,20.2103,37.4063
2019-06-02 10-16-18,459,20.1736,37.4063
2019-06-02 10-16-20,459,20.192,37.4063
2019-06-02 10-16-22,459,20.192,37.4197
2019-06-02 10-16-24,458,20.1736,37.393
2019-06-02 10-16-26,459,20.1706,37.3796
2019-06-02 10-16-28,459,20.2438,37.3796
2019-06-02 10-16-30,460,20.2606,37.3636
2019-06-02 10-16-34,459,20.1889,37.3796
2019-06-02 10-16-36,458,20.1706,37.3636
2019-06-02 10-16-38,458,20.2072,37.3636
2019-06-02 10-16-40,458,20.2469,37.4063
2019-06-02 10-16-42,458,20.1736,37.4197
2019-06-02 10-16-44,458,20.1706,37.3636
2019-06-02 10-16-46,459,20.1706,37.3636
2019-06-02 10-16-50,459,20.1874,37.3369
2019-06-02 10-16-52,458,20.2103,37.3796
2019-06-02 10-16-54,457,20.2103,37.393
2019-06-02 10-16-56,457,20.2103,37.4063
2019-06-02 10-16-58,458,20.1385,37.4197
2019-06-02 10-17-00,458,20.1202,37.4063
2019-06-02 10-17-02,459,20.1019,37.393
2019-06-02 10-17-04,461,20.0836,37.3796
2019-06-02 10-17-08,460,20.1157,37.3369
2019-06-02 10-17-10,461,20.224,37.3369
2019-06-02 10-17-12,461,20.2209,37.2942
2019-06-02 10-17-14,461,20.2209,37.2808
2019-06-02 10-17-16,460,20.2393,37.3075
2019-06-02 10-17-18,459,20.2713,37.2808
2019-06-02 10-17-20,459,20.2377,37.2808
2019-06-02 10-17-22,459,20.2713,37.2808
2019-06-02 10-17-26,459,20.2393,37.3236
2019-06-02 10-17-28,459,20.2393,37.3075
2019-06-02 10-17-30,458,20.2026,37.2942
2019-06-02 10-17-32,458,20.2759,37.3236
2019-06-02 10-17-34,458,20.2744,37.3075
2019-06-02 10-17-36,458,20.2423,37.3369
2019-06-02 10-17-38,459,20.2255,37.3636
2019-06-02 10-17-42,459,20.2057,37.3236
2019-06-02 10-17-44,458,20.2576,37.3369
2019-06-02 10-17-46,458,20.2744,37.3075
2019-06-02 10-17-48,458,20.2255,37.3636
2019-06-02 10-17-50,458,20.1874,37.3503
2019-06-02 10-17-52,459,20.1523,37.3503
2019-06-02 10-17-54,459,20.1553,37.3796
2019-06-02 10-17-56,460,20.2072,37.3636
2019-06-02 10-18-00,460,20.1706,37.3796
2019-06-02 10-18-02,460,20.1691,37.3503
2019-06-02 10-18-04,460,20.1202,37.4197
2019-06-02 10-18-06,461,20.1385,37.4063
2019-06-02 10-18-08,461,20.2103,37.3796
2019-06-02 10-18-10,460,20.2606,37.3503
2019-06-02 10-18-12,461,20.2576,37.3369
2019-06-02 10-18-14,460,20.2438,37.3636
2019-06-02 10-18-18,461,20.2744,37.3075
2019-06-02 10-18-20,461,20.2759,37.3236
2019-06-02 10-18-22,461,20.3293,37.3236
2019-06-02 10-18-24,462,20.3079,37.3075
2019-06-02 10-18-26,461,20.3262,37.2942
2019-06-02 10-18-28,461,20.2713,37.2808
2019-06-02 10-18-30,461,20.343,37.2648
2019-06-02 10-18-34,460,20.3629,37.2808
2019-06-02 10-18-36,461,20.3247,37.2648
2019-06-02 10-18-38,460,20.3796,37.2515
2019-06-02 10-18-40,460,20.3979,37.2648
2019-06-02 10-18-42,459,20.4132,37.2648
2019-06-02 10-18-44,458,20.3629,37.2808
2019-06-02 10-18-46,459,20.3979,37.2808
2019-06-02 10-18-48,459,20.3293,37.3236
2019-06-02 10-18-52,459,20.3476,37.3636
2019-06-02 10-18-54,461,20.3293,37.3369
2019-06-02 10-18-56,461,20.3293,37.3503
2019-06-02 10-18-58,461,20.3293,37.3369
2019-06-02 10-19-00,460,20.2972,37.3796
2019-06-02 10-19-02,460,20.3705,37.3796
2019-06-02 10-19-04,460,20.2988,37.4063
2019-06-02 10-19-06,461,20.2438,37.393
2019-06-02 10-19-10,461,20.2789,37.3796
2019-06-02 10-19-12,462,20.2805,37.4063
2019-06-02 10-19-14,463,20.2255,37.3636
2019-06-02 10-19-16,464,20.3293,37.3503
2019-06-02 10-19-18,464,20.2759,37.3369
2019-06-02 10-19-20,464,20.3262,37.2942
2019-06-02 10-19-22,465,20.2744,37.3075
2019-06-02 10-19-26,464,20.3629,37.2942
2019-06-02 10-19-28,464,20.3812,37.3075
2019-06-02 10-19-30,464,20.2896,37.2942
2019-06-02 10-19-32,464,20.3629,37.2808
2019-06-02 10-19-34,463,20.3659,37.3075
2019-06-02 10-19-36,463,20.3659,37.3075
2019-06-02 10-19-38,463,20.2744,37.3075
2019-06-02 10-19-40,462,20.3079,37.2942
2019-06-02 10-19-44,462,20.2744,37.2942
2019-06-02 10-19-46,463,20.3125,37.3503
2019-06-02 10-19-48,463,20.2576,37.3075
2019-06-02 10-19-50,463,20.2759,37.3236
2019-06-02 10-19-52,464,20.2942,37.3369
2019-06-02 10-19-54,464,20.311,37.3369
2019-06-02 10-19-56,464,20.2744,37.3075
2019-06-02 10-20-00,463,20.2927,37.3236
2019-06-02 10-20-02,464,20.2576,37.3236
2019-06-02 10-20-04,464,20.2927,37.3236
2019-06-02 10-20-06,465,20.3293,37.3236
2019-06-02 10-20-08,465,20.3629,37.2942
2019-06-02 10-20-10,465,20.3247,37.2515
2019-06-02 10-20-12,465,20.3766,37.2248
2019-06-02 10-20-14,465,20.3934,37.2087
2019-06-02 10-20-18,465,20.4803,37.182
2019-06-02 10-20-20,466,20.4254,37.1687
2019-06-02 10-20-22,465,20.4758,37.1393
2019-06-02 10-20-24,464,20.459,37.1393
2019-06-02 10-20-26,464,20.4941,37.1527
2019-06-02 10-20-28,463,20.517,37.1687
2019-06-02 10-20-30,462,20.4773,37.1527
2019-06-02 10-20-32,461,20.459,37.1393
2019-06-02 10-20-36,460,20.5139,37.126
2019-06-02 10-20-38,460,20.546,37.1126
2019-06-02 10-20-40,458,20.5322,37.1527
2019-06-02 10-20-42,457,20.4803,37.1954
2019-06-02 10-20-44,456,20.4269,37.1954
2019-06-02 10-20-46,457,20.4086,37.1954
2019-06-02 10-20-48,458,20.43,37.2381
2019-06-02 10-20-52,459,20.4483,37.2381
2019-06-02 10-20-54,458,20.3766,37.2381
2019-06-02 10-20-56,457,20.3979,37.2648
2019-06-02 10-20-58,457,20.43,37.2381
2019-06-02 10-21-00,457,20.4666,37.2648
2019-06-02 10-21-02,457,20.3812,37.2808
2019-06-02 10-21-04,458,20.3812,37.2942
2019-06-02 10-21-06,458,20.3079,37.2808
2019-06-02 10-21-10,458,20.3262,37.2942
2019-06-02 10-21-12,457,20.3659,37.3369
2019-06-02 10-21-14,457,20.2896,37.2942
2019-06-02 10-21-16,458,20.3979,37.2808
2019-06-02 10-21-18,458,20.4163,37.2942
2019-06-02 10-21-20,458,20.3812,37.3075
2019-06-02 10-21-22,458,20.3995,37.3236
2019-06-02 10-21-24,458,20.3125,37.3503
2019-06-02 10-21-28,458,20.3445,37.3236
2019-06-02 10-21-30,459,20.2789,37.3636
2019-06-02 10-21-32,460,20.3659,37.3236
2019-06-02 10-21-34,461,20.2927,37.3075
2019-06-02 10-21-37,461,20.343,37.2942
2019-06-02 10-21-39,461,20.3247,37.2808
2019-06-02 10-21-41,461,20.3796,37.2648
2019-06-02 10-21-45,461,20.3613,37.2648
2019-06-02 10-21-47,461,20.3613,37.2648
2019-06-02 10-21-49,461,20.3613,37.2381
2019-06-02 10-21-51,461,20.3949,37.2515
2019-06-02 10-21-53,461,20.3949,37.2515
2019-06-02 10-21-55,462,20.4498,37.2942
2019-06-02 10-21-57,462,20.4849,37.2808
2019-06-02 10-21-59,462,20.4483,37.2515
2019-06-02 10-22-03,462,20.5002,37.2381
2019-06-02 10-22-05,460,20.4453,37.2087
2019-06-02 10-22-07,461,20.462,37.1954
2019-06-02 10-22-09,461,20.4987,37.2087
2019-06-02 10-22-11,461,20.4483,37.2248
2019-06-02 10-22-13,460,20.4453,37.2087
2019-06-02 10-22-15,460,20.4636,37.2087
2019-06-02 10-22-17,460,20.4819,37.2248
2019-06-02 10-22-21,459,20.34,37.2515
2019-06-02 10-22-23,458,20.4163,37.2942
2019-06-02 10-22-25,458,20.4132,37.2648
2019-06-02 10-22-27,459,20.4849,37.2648
2019-06-02 10-22-29,458,20.4666,37.2648
2019-06-02 10-22-31,457,20.5032,37.2808
2019-06-02 10-22-33,457,20.4681,37.2808
2019-06-02 10-22-35,457,20.4681,37.2942
2019-06-02 10-22-39,456,20.4178,37.3075
2019-06-02 10-22-41,457,20.4529,37.3075
2019-06-02 10-22-43,458,20.3812,37.3075
2019-06-02 10-22-45,458,20.4361,37.3369
2019-06-02 10-22-47,458,20.4498,37.2942
2019-06-02 10-22-49,458,20.4346,37.2942
2019-06-02 10-22-51,459,20.4666,37.2381
2019-06-02 10-22-55,459,20.4666,37.2381
2019-06-02 10-22-57,459,20.4636,37.2087
2019-06-02 10-22-59,460,20.5215,37.2381
2019-06-02 10-23-01,459,20.517,37.1954
2019-06-02 10-23-03,459,20.4849,37.2515
2019-06-02 10-23-05,459,20.4803,37.2087
2019-06-02 10-23-07,458,20.4987,37.2087
2019-06-02 10-23-09,458,20.4483,37.2248
2019-06-02 10-23-13,457,20.4483,37.2381
2019-06-02 10-23-15,457,20.4498,37.2648
2019-06-02 10-23-17,456,20.3949,37.2515
2019-06-02 10-23-19,456,20.4132,37.2648
2019-06-02 10-23-21,456,20.4315,37.2648
2019-06-02 10-23-23,456,20.3796,37.2648
2019-06-02 10-23-25,457,20.3796,37.2648
2019-06-02 10-23-27,458,20.43,37.2381
2019-06-02 10-23-31,458,20.4453,37.1954
2019-06-02 10-23-33,458,20.4803,37.1954
2019-06-02 10-23-35,458,20.4803,37.182
2019-06-02 10-23-37,457,20.5322,37.1687
2019-06-02 10-23-39,457,20.5322,37.1687
2019-06-02 10-23-41,458,20.517,37.182
2019-06-02 10-23-43,458,20.5719,37.2087
2019-06-02 10-23-47,457,20.4803,37.1954
2019-06-02 10-23-49,457,20.5353,37.1954
2019-06-02 10-23-51,457,20.5185,37.2248
2019-06-02 10-23-53,457,20.4483,37.2248
2019-06-02 10-23-55,457,20.4269,37.2087
2019-06-02 10-23-57,458,20.4987,37.2248
2019-06-02 10-23-59,458,20.517,37.1954
2019-06-02 10-24-01,458,20.4987,37.2248
2019-06-02 10-24-05,458,20.5215,37.2381
2019-06-02 10-24-07,458,20.5185,37.2248
2019-06-02 10-24-09,459,20.4483,37.2248
2019-06-02 10-24-11,459,20.5353,37.2087
2019-06-02 10-24-13,459,20.5688,37.182
2019-06-02 10-24-15,460,20.4803,37.1954
2019-06-02 10-24-17,459,20.5139,37.1527
2019-06-02 10-24-19,459,20.5688,37.1954
2019-06-02 10-24-23,459,20.5322,37.1687
2019-06-02 10-24-25,459,20.5673,37.1527
2019-06-02 10-24-27,459,20.5643,37.1126
2019-06-02 10-24-29,459,20.6177,37.126
2019-06-02 10-24-31,459,20.6329,37.0832
2019-06-02 10-24-33,460,20.6146,37.0832
2019-06-02 10-24-35,459,20.6726,37.1126
2019-06-02 10-24-39,459,20.7092,37.1393
2019-06-02 10-24-41,458,20.6177,37.126
2019-06-02 10-24-43,458,20.6009,37.1393
2019-06-02 10-24-45,458,20.6009,37.126
2019-06-02 10-24-47,458,20.5826,37.1126
2019-06-02 10-24-49,458,20.5856,37.1527
2019-06-02 10-24-51,457,20.5826,37.1393
2019-06-02 10-24-53,457,20.5688,37.182
2019-06-02 10-24-57,457,20.5353,37.1954
2019-06-02 10-24-59,457,20.5688,37.182
2019-06-02 10-25-01,457,20.5353,37.2087
2019-06-02 10-25-03,458,20.4803,37.2087
2019-06-02 10-25-05,458,20.5536,37.1954
2019-06-02 10-25-07,458,20.5353,37.1954
2019-06-02 10-25-09,459,20.5185,37.2087
2019-06-02 10-25-11,459,20.5688,37.1954
2019-06-02 10-25-15,459,20.5856,37.1527
2019-06-02 10-25-17,459,20.6375,37.1527
2019-06-02 10-25-19,459,20.6543,37.126
2019-06-02 10-25-21,459,20.6009,37.1393
2019-06-02 10-25-23,459,20.5673,37.1527
2019-06-02 10-25-25,460,20.6512,37.1126
2019-06-02 10-25-27,460,20.6009,37.126
2019-06-02 10-25-31,460,20.636,37.126
2019-06-02 10-25-33,460,20.5994,37.1126
2019-06-02 10-25-35,460,20.7062,37.1126
2019-06-02 10-25-37,460,20.6879,37.0699
2019-06-02 10-25-39,461,20.6863,37.0539
2019-06-02 10-25-41,461,20.6467,37.0245
2019-06-02 10-25-43,460,20.7886,37.0378
2019-06-02 10-25-45,459,20.7886,37.0245
2019-06-02 10-25-49,459,20.668,37.0245
2019-06-02 10-25-51,458,20.7016,37.0378
2019-06-02 10-25-53,457,20.7062,37.0832
2019-06-02 10-25-55,456,20.7382,37.0699
2019-06-02 10-25-57,456,20.723,37.0966
2019-06-02 10-25-59,456,20.6726,37.126
2019-06-02 10-26-01,456,20.6741,37.1527
2019-06-02 10-26-03,456,20.6009,37.1393
2019-06-02 10-26-07,458,20.5826,37.1393
2019-06-02 10-26-09,459,20.5826,37.1126
2019-06-02 10-26-11,461,20.6879,37.0832
2019-06-02 10-26-13,462,20.6467,37.0378
2019-06-02 10-26-15,461,20.7336,36.9978
2019-06-02 10-26-17,461,20.7184,37.0111
2019-06-02 10-26-19,460,20.752,36.9818
2019-06-02 10-26-23,458,20.7321,36.939
2019-06-02 10-26-25,457,20.8572,36.9551
2019-06-02 10-26-27,458,20.842,36.9684
2019-06-02 10-26-29,457,20.8572,36.9551
2019-06-02 10-26-31,456,20.8237,36.9551
2019-06-02 10-26-33,455,20.8237,36.9684
2019-06-02 10-26-35,454,20.8603,36.9818
2019-06-02 10-26-37,454,20.842,36.9978
2019-06-02 10-26-41,453,20.7886,37.0378
2019-06-02 10-26-43,454,20.7748,37.0832
2019-06-02 10-26-45,454,20.7596,37.0966
2019-06-02 10-26-47,454,20.723,37.0966
2019-06-02 10-26-49,454,20.7062,37.0832
2019-06-02 10-26-51,454,20.7245,37.126
2019-06-02 10-26-53,455,20.6696,37.0832
2019-06-02 10-26-55,455,20.6909,37.1126
2019-06-02 10-26-59,456,20.6879,37.0832
2019-06-02 10-27-01,455,20.6879,37.0699
2019-06-02 10-27-03,456,20.723,37.0832
2019-06-02 10-27-05,456,20.6879,37.0699
2019-06-02 10-27-07,456,20.7382,37.0539
2019-06-02 10-27-09,456,20.7382,37.0539
2019-06-02 10-27-11,457,20.7382,37.0378
2019-06-02 10-27-15,457,20.7886,37.0378
2019-06-02 10-27-17,457,20.7886,37.0245
2019-06-02 10-27-19,457,20.8099,37.0245
2019-06-02 10-27-21,457,20.7886,37.0245
2019-06-02 10-27-23,457,20.7382,37.0378
2019-06-02 10-27-25,457,20.6863,37.0378
2019-06-02 10-27-27,458,20.7199,37.0539
2019-06-02 10-27-30,458,20.7886,37.0245
2019-06-02 10-27-34,458,20.7367,37.0245
2019-06-02 10-27-36,457,20.7886,37.0111
2019-06-02 10-27-38,456,20.7367,37.0111
2019-06-02 10-27-40,456,20.755,37.0245
2019-06-02 10-27-42,456,20.755,37.0245
2019-06-02 10-27-44,456,20.7687,36.9818
2019-06-02 10-27-46,456,20.8069,36.9978
2019-06-02 10-27-48,456,20.8099,37.0245
2019-06-02 10-27-52,456,20.7886,37.0378
2019-06-02 10-27-54,456,20.8466,37.0378
2019-06-02 10-27-56,456,20.6879,37.0699
2019-06-02 10-27-58,455,20.7413,37.0832
2019-06-02 10-28-00,455,20.7565,37.0832
2019-06-02 10-28-02,455,20.6863,37.0539
2019-06-02 10-28-04,456,20.7199,37.0378
2019-06-02 10-28-08,456,20.755,37.0378
2019-06-02 10-28-10,456,20.7886,37.0245
2019-06-02 10-28-12,456,20.7703,37.0245
2019-06-02 10-28-14,455,20.842,36.9684
2019-06-02 10-28-16,456,20.8054,36.9551
2019-06-02 10-28-18,455,20.8054,36.9684
2019-06-02 10-28-20,454,20.8389,36.9551
2019-06-02 10-28-22,454,20.8755,36.9818
2019-06-02 10-28-26,453,20.8618,37.0378
2019-06-02 10-28-28,453,20.8099,37.0378
2019-06-02 10-28-30,452,20.7596,37.0966
2019-06-02 10-28-32,452,20.723,37.0832
2019-06-02 10-28-34,452,20.6909,37.1126
2019-06-02 10-28-36,451,20.6909,37.1126
2019-06-02 10-28-38,451,20.6909,37.1393
2019-06-02 10-28-40,451,20.7092,37.1393
2019-06-02 10-28-44,451,20.7245,37.1126
2019-06-02 10-28-46,452,20.7062,37.1126
2019-06-02 10-28-48,452,20.723,37.0966
2019-06-02 10-28-50,453,20.7916,37.0539
2019-06-02 10-28-52,453,20.7047,37.0539
2019-06-02 10-28-54,453,20.7748,37.0699
2019-06-02 10-28-56,453,20.6696,37.0832
2019-06-02 10-28-58,453,20.723,37.0832
2019-06-02 10-29-02,453,20.6879,37.0966
2019-06-02 10-29-04,453,20.723,37.0832
2019-06-02 10-29-06,454,20.7062,37.0832
2019-06-02 10-29-08,453,20.7733,37.0378
2019-06-02 10-29-10,453,20.7184,37.0111
2019-06-02 10-29-12,454,20.8389,36.9551
2019-06-02 10-29-14,454,20.842,36.9684
2019-06-02 10-29-18,454,20.8572,36.9551
2019-06-02 10-29-20,454,20.874,36.9257
2019-06-02 10-29-22,454,20.871,36.899
2019-06-02 10-29-24,454,20.874,36.9257
2019-06-02 10-29-26,454,20.8755,36.9684
2019-06-02 10-29-28,453,20.8572,36.9551
2019-06-02 10-29-30,453,20.842,36.9684
2019-06-02 10-29-32,453,20.8786,36.9978
2019-06-02 10-29-36,453,20.8786,37.0111
2019-06-02 10-29-38,453,20.8603,37.0111
2019-06-02 10-29-40,454,20.8435,37.0111
2019-06-02 10-29-42,454,20.8099,37.0245
2019-06-02 10-29-44,454,20.8435,37.0111
2019-06-02 10-29-46,455,20.8252,36.9978
2019-06-02 10-29-48,454,20.8282,37.0539
2019-06-02 10-29-50,454,20.8649,37.0699
2019-06-02 10-29-54,454,20.7932,37.1126
2019-06-02 10-29-56,454,20.7962,37.126
2019-06-02 10-29-58,454,20.7962,37.1393
2019-06-02 10-30-00,453,20.7428,37.1393
2019-06-02 10-30-02,454,20.7977,37.1687
2019-06-02 10-30-04,454,20.7794,37.1393
2019-06-02 10-30-06,455,20.6741,37.1527
2019-06-02 10-30-08,454,20.7275,37.1393
2019-06-02 10-30-12,454,20.7275,37.1527
2019-06-02 10-30-14,454,20.7275,37.1527
2019-06-02 10-30-16,454,20.7275,37.1527
2019-06-02 10-30-18,454,20.7458,37.1687
2019-06-02 10-30-20,454,20.7092,37.1393
2019-06-02 10-30-22,454,20.6924,37.1527
2019-06-02 10-30-24,454,20.7428,37.1393
2019-06-02 10-30-28,455,20.7611,37.1393
2019-06-02 10-30-30,455,20.7779,37.126
2019-06-02 10-30-32,455,20.7596,37.0966
2019-06-02 10-30-34,455,20.7062,37.0966
2019-06-02 10-30-36,455,20.6879,37.0966
2019-06-02 10-30-38,455,20.8145,37.0832
2019-06-02 10-30-40,454,20.8511,37.1126
2019-06-02 10-30-42,454,20.8298,37.0832
2019-06-02 10-30-46,454,20.8145,37.0966
2019-06-02 10-30-48,455,20.7413,37.0966
2019-06-02 10-30-50,455,20.8298,37.0832
2019-06-02 10-30-52,455,20.7382,37.0699
2019-06-02 10-30-54,455,20.8328,37.0966
2019-06-02 10-30-56,454,20.8145,37.0832
2019-06-02 10-30-58,454,20.7596,37.1126
2019-06-02 10-31-00,454,20.7428,37.126
2019-06-02 10-31-04,454,20.7275,37.1393
2019-06-02 10-31-06,454,20.7092,37.1393
2019-06-02 10-31-08,454,20.7611,37.126
2019-06-02 10-31-10,454,20.7458,37.1527
2019-06-02 10-31-12,454,20.7092,37.1527
2019-06-02 10-31-14,454,20.6924,37.1527
2019-06-02 10-31-16,454,20.6955,37.2087
2019-06-02 10-31-20,454,20.6955,37.2087
2019-06-02 10-31-22,454,20.6772,37.182
2019-06-02 10-31-24,454,20.6558,37.1954
2019-06-02 10-31-26,455,20.6589,37.2087
2019-06-02 10-31-28,455,20.6772,37.182
2019-06-02 10-31-30,455,20.6558,37.1687
2019-06-02 10-31-32,455,20.6543,37.1527
2019-06-02 10-31-34,455,20.6543,37.126
2019-06-02 10-31-38,455,20.6772,37.1687
2019-06-02 10-31-40,456,20.7275,37.1527
2019-06-02 10-31-42,456,20.7245,37.126
2019-06-02 10-31-44,456,20.7062,37.0966
2019-06-02 10-31-46,456,20.7413,37.0966
2019-06-02 10-31-48,455,20.723,37.0966
2019-06-02 10-31-50,455,20.7382,37.0699
2019-06-02 10-31-54,455,20.8145,37.0832
2019-06-02 10-31-56,456,20.8466,37.0699
2019-06-02 10-31-58,456,20.8466,37.0699
2019-06-02 10-32-00,455,20.8115,37.0699
2019-06-02 10-32-02,454,20.8328,37.0966
2019-06-02 10-32-04,454,20.7932,37.0966
2019-06-02 10-32-06,453,20.816,37.126
2019-06-02 10-32-08,453,20.7779,37.126
2019-06-02 10-32-12,453,20.8344,37.1527
2019-06-02 10-32-14,453,20.8374,37.1687
2019-06-02 10-32-16,452,20.7642,37.1687
2019-06-02 10-32-18,452,20.8389,37.2087
2019-06-02 10-32-20,452,20.7474,37.2087
2019-06-02 10-32-22,452,20.7321,37.2248
2019-06-02 10-32-24,452,20.7321,37.2248
2019-06-02 10-32-26,452,20.7504,37.2248
2019-06-02 10-32-30,453,20.7321,37.2381
2019-06-02 10-32-32,453,20.8237,37.2381
2019-06-02 10-32-34,452,20.7504,37.2515
2019-06-02 10-32-36,453,20.7336,37.2515
2019-06-02 10-32-38,453,20.7321,37.2381
2019-06-02 10-32-40,454,20.7321,37.2248
2019-06-02 10-32-42,454,20.8008,37.1954
2019-06-02 10-32-46,452,20.7825,37.182
2019-06-02 10-32-48,452,20.8206,37.2087
2019-06-02 10-32-50,453,20.8557,37.2087
2019-06-02 10-32-52,452,20.8374,37.1954
2019-06-02 10-32-54,453,20.7825,37.1954
2019-06-02 10-32-57,453,20.7977,37.1527
2019-06-02 10-32-59,453,20.8374,37.182
2019-06-02 10-33-01,453,20.8557,37.182
2019-06-02 10-33-05,453,20.8206,37.1954
2019-06-02 10-33-07,453,20.8557,37.2087
2019-06-02 10-33-09,453,20.7794,37.1687
2019-06-02 10-33-11,453,20.7977,37.1687
2019-06-02 10-33-13,452,20.8694,37.1393
2019-06-02 10-33-15,453,20.8527,37.1687
2019-06-02 10-33-17,452,20.7977,37.1687
2019-06-02 10-33-19,452,20.7642,37.1687
2019-06-02 10-33-23,452,20.8374,37.1687
2019-06-02 10-33-25,451,20.7825,37.1954
2019-06-02 10-33-27,451,20.7321,37.2087
2019-06-02 10-33-29,451,20.7657,37.2248
2019-06-02 10-33-31,450,20.7474,37.2087
2019-06-02 10-33-33,450,20.7138,37.2087
2019-06-02 10-33-35,450,20.697,37.2248
2019-06-02 10-33-39,451,20.7687,37.2515
2019-06-02 10-33-41,452,20.7138,37.2248
2019-06-02 10-33-43,453,20.7657,37.2087
2019-06-02 10-33-45,454,20.8374,37.1954
2019-06-02 10-33-47,452,20.7825,37.182
2019-06-02 10-33-49,451,20.7321,37.2087
2019-06-02 10-33-51,452,20.7458,37.1687
2019-06-02 10-33-53,453,20.8527,37.1527
2019-06-02 10-33-57,454,20.8511,37.126
2019-06-02 10-33-59,456,20.7596,37.0966
2019-06-02 10-34-01,457,20.8435,37.0245
2019-06-02 10-34-03,456,20.929,36.9818
2019-06-02 10-34-05,455,20.9991,36.9551
2019-06-02 10-34-07,454,21.0159,36.9257
2019-06-02 10-34-09,454,21.0632,36.8563
2019-06-02 10-34-11,453,21.1502,36.8269
2019-06-02 10-34-15,452,21.077,36.8002
2019-06-02 10-34-17,451,21.1502,36.8002
2019-06-02 10-34-19,450,21.1823,36.7575
2019-06-02 10-34-21,448,21.254,36.7441
2019-06-02 10-34-23,448,21.199,36.7308
2019-06-02 10-34-25,447,21.2173,36.7441
2019-06-02 10-34-27,446,21.2677,36.7014
2019-06-02 10-34-29,446,21.3196,36.6747
2019-06-02 10-34-33,445,21.3379,36.688
2019-06-02 10-34-35,444,21.3516,36.6453
2019-06-02 10-34-37,443,21.3364,36.6587
2019-06-02 10-34-39,441,21.3013,36.6747
2019-06-02 10-34-41,439,21.3699,36.6747
2019-06-02 10-34-43,439,21.3196,36.7014
2019-06-02 10-34-45,438,21.2692,36.7147
2019-06-02 10-34-49,438,21.2692,36.7147
2019-06-02 10-34-51,438,21.254,36.7575
2019-06-02 10-34-53,438,21.1807,36.7441
2019-06-02 10-34-55,439,21.3058,36.7575
2019-06-02 10-34-57,440,21.3058,36.7575
2019-06-02 10-34-59,440,21.2219,36.8135
2019-06-02 10-35-01,440,21.2357,36.7708
2019-06-02 10-35-03,439,21.2219,36.8269
2019-06-02 10-35-07,439,21.1685,36.8429
2019-06-02 10-35-09,439,21.1914,36.899
2019-06-02 10-35-11,439,21.1716,36.8696
2019-06-02 10-35-13,440,21.1716,36.8696
2019-06-02 10-35-15,441,21.1395,36.899
2019-06-02 10-35-17,441,21.0846,36.9123
2019-06-02 10-35-19,442,21.1029,36.939
2019-06-02 10-35-21,443,21.0342,36.939
2019-06-02 10-35-25,443,21.0709,36.9818
2019-06-02 10-35-27,444,21.0709,36.9551
2019-06-02 10-35-29,445,21.0709,36.9684
2019-06-02 10-35-31,446,21.0175,36.9684
2019-06-02 10-35-33,446,21.0358,36.9684
2019-06-02 10-35-35,447,21.0205,36.9978
2019-06-02 10-35-37,447,20.9473,36.9978
2019-06-02 10-35-41,446,20.9488,37.0111
2019-06-02 10-35-43,446,20.9671,37.0111
2019-06-02 10-35-45,446,20.9702,37.0245
2019-06-02 10-35-47,447,20.9122,36.9978
2019-06-02 10-35-49,447,20.9671,36.9818
2019-06-02 10-35-51,446,20.9839,36.9818
2019-06-02 10-35-53,447,21.0709,36.9551
2019-06-02 10-35-55,447,21.0312,36.9123
2019-06-02 10-35-59,446,20.9976,36.899
2019-06-02 10-36-01,446,21.0815,36.883
2019-06-02 10-36-03,447,21.0815,36.883
2019-06-02 10-36-05,447,21.1212,36.899
2019-06-02 10-36-07,447,21.0999,36.899
2019-06-02 10-36-09,446,21.048,36.899
2019-06-02 10-36-11,446,21.0999,36.899
2019-06-02 10-36-13,445,21.0999,36.883
2019-06-02 10-36-17,446,21.0999,36.883
2019-06-02 10-36-19,445,21.0846,36.899
2019-06-02 10-36-21,446,21.1029,36.9123
2019-06-02 10-36-23,446,21.1395,36.899
2019-06-02 10-36-25,446,21.0495,36.9257
2019-06-02 10-36-27,446,21.0815,36.883
2019-06-02 10-36-29,445,21.0526,36.939
2019-06-02 10-36-33,445,21.0846,36.9257
2019-06-02 10-36-35,445,21.1029,36.9257
2019-06-02 10-36-37,444,21.0663,36.9123
2019-06-02 10-36-39,444,21.1227,36.9257
2019-06-02 10-36-41,445,21.0846,36.9257
2019-06-02 10-36-43,446,21.1029,36.939
2019-06-02 10-36-45,447,21.1411,36.939
2019-06-02 10-36-47,447,21.1777,36.9551
2019-06-02 10-36-51,446,21.1594,36.9684
2019-06-02 10-36-53,447,21.0724,37.0111
2019-06-02 10-36-55,447,21.0205,36.9978
2019-06-02 10-36-57,448,21.022,37.0245
2019-06-02 10-36-59,449,21.0571,37.0245
2019-06-02 10-37-01,451,21.0907,37.0111
2019-06-02 10-37-03,453,21.0388,37.0111
2019-06-02 10-37-05,459,21.1273,37.0111
2019-06-02 10-37-09,461,21.0022,36.9818
2019-06-02 10-37-11,460,21.0205,37.0111
2019-06-02 10-37-13,462,21.0571,37.0111
2019-06-02 10-37-15,462,21.1044,36.9684
2019-06-02 10-37-17,458,21.0541,36.9818
2019-06-02 10-37-19,459,21.0388,37.0111
2019-06-02 10-37-21,456,21.0571,37.0111
2019-06-02 10-37-25,458,20.9717,37.0539
2019-06-02 10-37-27,460,21.0388,37.0245
2019-06-02 10-37-29,464,21.0571,37.0378
2019-06-02 10-37-31,465,21.022,37.0378
2019-06-02 10-37-33,465,21.0571,37.0378
2019-06-02 10-37-35,464,21.0938,37.0378
2019-06-02 10-37-37,463,21.0388,37.0245
2019-06-02 10-37-39,463,21.0388,37.0245
2019-06-02 10-37-43,463,20.9854,37.0245
2019-06-02 10-37-45,462,21.0388,36.9978
2019-06-02 10-37-47,462,21.0403,37.0539
2019-06-02 10-37-49,460,20.9518,37.0699
2019-06-02 10-37-51,459,20.993,37.1126
2019-06-02 10-37-53,459,20.903,37.126
2019-06-02 10-37-55,459,20.9198,37.1126
2019-06-02 10-37-59,460,20.9335,37.0699
2019-06-02 10-38-01,460,20.9885,37.0378
2019-06-02 10-38-03,460,20.9518,37.0539
2019-06-02 10-38-05,460,20.9167,37.0539
2019-06-02 10-38-07,460,20.9518,37.0539
2019-06-02 10-38-09,461,21.0068,37.0539
2019-06-02 10-38-11,461,20.9702,37.0245
2019-06-02 10-38-13,461,20.9854,37.0111
2019-06-02 10-38-17,462,21.0388,36.9978
2019-06-02 10-38-19,462,21.0526,36.939
2019-06-02 10-38-21,461,21.0342,36.9551
2019-06-02 10-38-23,460,21.0526,36.939
2019-06-02 10-38-25,459,21.0709,36.9684
2019-06-02 10-38-27,459,21.0358,36.9818
2019-06-02 10-38-30,458,21.0388,36.9978
2019-06-02 10-38-34,457,21.0205,36.9978
2019-06-02 10-38-36,457,20.9473,36.9978
2019-06-02 10-38-38,457,21.0022,36.9978
2019-06-02 10-38-40,456,21.0175,36.9818
2019-06-02 10-38-42,456,20.9854,37.0111
2019-06-02 10-38-44,456,20.9885,37.0378
2019-06-02 10-38-46,456,20.9488,37.0245
2019-06-02 10-38-48,455,20.9305,37.0245
2019-06-02 10-38-52,456,20.9854,37.0245
2019-06-02 10-38-54,456,20.9518,37.0539
2019-06-02 10-38-56,455,20.9335,37.0699
2019-06-02 10-38-58,456,20.9885,37.0539
2019-06-02 10-39-00,456,20.9335,37.0378
2019-06-02 10-39-02,456,21.0068,37.0699
2019-06-02 10-39-04,457,20.99,37.0832
2019-06-02 10-39-06,456,21.0251,37.0699
2019-06-02 10-39-10,455,20.99,37.0966
2019-06-02 10-39-12,455,20.9381,37.1126
2019-06-02 10-39-14,456,20.993,37.1126
2019-06-02 10-39-16,457,20.993,37.1126
2019-06-02 10-39-18,457,20.9198,37.126
2019-06-02 10-39-20,457,20.903,37.126
2019-06-02 10-39-22,457,20.9244,37.1687
2019-06-02 10-39-26,456,20.9763,37.126
2019-06-02 10-39-28,456,20.9579,37.1687
2019-06-02 10-39-30,456,20.874,37.1954
2019-06-02 10-39-32,456,20.8572,37.2248
2019-06-02 10-39-34,457,20.7825,37.2087
2019-06-02 10-39-36,457,20.8206,37.2087
2019-06-02 10-39-38,457,20.7825,37.2087
2019-06-02 10-39-40,457,20.8023,37.2515
2019-06-02 10-39-44,457,20.7825,37.2087
2019-06-02 10-39-46,458,20.784,37.2248
2019-06-02 10-39-48,458,20.8206,37.2248
2019-06-02 10-39-50,458,20.871,37.1687
2019-06-02 10-39-52,458,20.8557,37.182
2019-06-02 10-39-54,457,20.8893,37.1954
2019-06-02 10-39-56,457,20.8374,37.1954
2019-06-02 10-39-58,456,20.8374,37.182
2019-06-02 10-40-02,457,20.8557,37.2087
2019-06-02 10-40-04,457,20.8572,37.2248
2019-06-02 10-40-06,457,20.8923,37.2248
2019-06-02 10-40-08,458,20.871,37.182
2019-06-02 10-40-10,458,20.8557,37.2087
2019-06-02 10-40-12,457,20.8206,37.2248
2019-06-02 10-40-14,457,20.8572,37.2248
2019-06-02 10-40-18,456,20.8237,37.2381
2019-06-02 10-40-20,456,20.8237,37.2381
2019-06-02 10-40-22,457,20.8023,37.2248
2019-06-02 10-40-24,457,20.842,37.2515
2019-06-02 10-40-26,457,20.842,37.2515
2019-06-02 10-40-28,456,20.8572,37.2381
2019-06-02 10-40-30,457,20.842,37.2515
2019-06-02 10-40-32,457,20.8252,37.2648
2019-06-02 10-40-36,456,20.8572,37.2515
2019-06-02 10-40-38,456,20.8939,37.2648
2019-06-02 10-40-40,457,20.8054,37.2808
2019-06-02 10-40-42,457,20.8435,37.2808
2019-06-02 10-40-44,457,20.8603,37.2808
2019-06-02 10-40-46,457,20.8435,37.2808
2019-06-02 10-40-48,458,20.842,37.2648
2019-06-02 10-40-50,458,20.8435,37.2808
2019-06-02 10-40-54,457,20.8755,37.2381
2019-06-02 10-40-56,457,20.842,37.2648
2019-06-02 10-40-58,457,20.8023,37.2515
2019-06-02 10-41-00,457,20.8389,37.2381
2019-06-02 10-41-02,457,20.842,37.2648
2019-06-02 10-41-04,457,20.842,37.2515
2019-06-02 10-41-06,458,20.8237,37.2381
2019-06-02 10-41-10,458,20.8389,37.2087
2019-06-02 10-41-12,458,20.8374,37.1954
2019-06-02 10-41-14,459,20.8557,37.182
2019-06-02 10-41-16,458,20.9061,37.182
2019-06-02 10-41-18,457,20.8878,37.1687
2019-06-02 10-41-20,457,20.8878,37.1527
2019-06-02 10-41-22,457,20.8878,37.1687
2019-06-02 10-41-24,457,20.8527,37.1687
2019-06-02 10-41-28,457,20.871,37.1687
2019-06-02 10-41-30,457,20.9198,37.1126
2019-06-02 10-41-32,457,21.0083,37.0966
2019-06-02 10-41-34,457,21.0068,37.0539
2019-06-02 10-41-36,456,21.0037,37.0378
2019-06-02 10-41-38,456,21.0388,37.0245
2019-06-02 10-41-40,455,21.0571,37.0378
2019-06-02 10-41-42,455,21.0938,37.0539
2019-06-02 10-41-46,455,21.0754,37.0245
2019-06-02 10-41-48,455,21.0907,37.0245
2019-06-02 10-41-50,455,21.0892,36.9818
2019-06-02 10-41-52,455,21.0861,36.9551
2019-06-02 10-41-54,455,21.1441,36.9684
2019-06-02 10-41-56,455,21.1258,36.9684
2019-06-02 10-41-58,454,21.1075,36.9978
2019-06-02 10-42-02,453,21.1075,37.0111
2019-06-02 10-42-04,453,21.0907,37.0245
2019-06-02 10-42-06,453,21.0938,37.0539
2019-06-02 10-42-08,454,21.1136,37.0966
2019-06-02 10-42-10,453,21.077,37.0699
2019-06-02 10-42-12,453,21.0083,37.1126
2019-06-02 10-42-14,453,21.0297,37.1393
2019-06-02 10-42-16,453,20.9946,37.1527
2019-06-02 10-42-20,454,21.0999,37.1527
2019-06-02 10-42-22,455,21.1365,37.1393
2019-06-02 10-42-24,455,21.1365,37.1393
2019-06-02 10-42-26,455,21.0983,37.1393
2019-06-02 10-42-28,455,21.1166,37.126
2019-06-02 10-42-30,455,21.0999,37.1687
2019-06-02 10-42-32,456,21.1578,37.1954
2019-06-02 10-42-36,457,21.0129,37.182
2019-06-02 10-42-38,457,21.0495,37.182
2019-06-02 10-42-40,457,21.0159,37.1954
2019-06-02 10-42-42,458,21.0495,37.1954
2019-06-02 10-42-44,457,21.0663,37.1687
2019-06-02 10-42-46,457,21.048,37.1527
2019-06-02 10-42-48,456,21.0846,37.1687
2019-06-02 10-42-50,456,21.048,37.1527
2019-06-02 10-42-54,456,21.0129,37.1687
2019-06-02 10-42-56,456,20.9946,37.1687
2019-06-02 10-42-58,457,21.0129,37.1687
2019-06-02 10-43-00,458,21.0449,37.1126
2019-06-02 10-43-02,458,21.048,37.1527
2019-06-02 10-43-04,458,21.0632,37.1527
2019-06-02 10-43-06,457,21.0129,37.1527
2019-06-02 10-43-08,457,21.0632,37.1527
2019-06-02 10-43-12,457,20.9763,37.1527
2019-06-02 10-43-14,457,21.0114,37.1393
2019-06-02 10-43-16,457,21.08,37.1126
2019-06-02 10-43-18,457,21.0297,37.1393
2019-06-02 10-43-20,457,20.9534,37.1126
2019-06-02 10-43-22,456,21.0617,37.0832
2019-06-02 10-43-24,457,21.1121,37.0539
2019-06-02 10-43-28,458,21.109,37.0378
2019-06-02 10-43-30,458,21.1823,37.0539
2019-06-02 10-43-32,457,21.2006,37.0378
2019-06-02 10-43-34,457,21.1319,37.0832
2019-06-02 10-43-36,456,21.1456,37.0245
2019-06-02 10-43-38,456,21.0754,37.0245
2019-06-02 10-43-40,456,21.1639,37.0111
2019-06-02 10-43-42,457,21.199,37.0111
2019-06-02 10-43-46,456,21.1639,37.0378
2019-06-02 10-43-48,456,21.167,37.0539
2019-06-02 10-43-50,456,21.1319,37.0539
2019-06-02 10-43-52,455,21.1136,37.1126
2019-06-02 10-43-54,455,21.0434,37.0832
2019-06-02 10-43-56,454,21.1685,37.0832
2019-06-02 10-43-58,453,21.0266,37.0966
2019-06-02 10-44-00,452,21.0266,37.1126
2019-06-02 10-44-04,453,21.0297,37.1393
2019-06-02 10-44-06,453,21.0266,37.126
2019-06-02 10-44-08,453,21.0312,37.1687
2019-06-02 10-44-10,453,20.9946,37.1687
2019-06-02 10-44-12,453,21.0297,37.1527
2019-06-02 10-44-14,453,21.0129,37.1687
2019-06-02 10-44-16,453,21.0312,37.1687
2019-06-02 10-44-20,453,21.0312,37.1687
2019-06-02 10-44-23,454,20.9763,37.1393
2019-06-02 10-44-25,453,21.0266,37.126
2019-06-02 10-44-27,453,21.0449,37.1393
2019-06-02 10-44-29,453,20.993,37.126
2019-06-02 10-44-31,453,21.0434,37.0966
2019-06-02 10-44-33,453,21.077,37.0832
2019-06-02 10-44-35,454,21.0083,37.0832
2019-06-02 10-44-39,455,21.077,37.0966
2019-06-02 10-44-41,455,21.077,37.0699
2019-06-02 10-44-43,455,21.0617,37.0966
2019-06-02 10-44-45,454,21.077,37.0966
2019-06-02 10-44-47,454,21.0617,37.0966
2019-06-02 10-44-49,454,21.0587,37.0699
2019-06-02 10-44-51,455,21.167,37.0699
2019-06-02 10-44-53,455,21.0617,37.0832
2019-06-02 10-44-57,455,21.1319,37.0539
2019-06-02 10-44-59,455,21.0938,37.0539
2019-06-02 10-45-01,454,21.1304,37.0245
2019-06-02 10-45-03,455,21.109,37.0378
2019-06-02 10-45-05,455,21.109,37.0378
2019-06-02 10-45-07,454,21.1624,36.9978
2019-06-02 10-45-09,454,21.1304,37.0378
2019-06-02 10-45-13,454,21.1456,37.0111
2019-06-02 10-45-15,454,21.1456,37.0245
2019-06-02 10-45-17,454,21.1456,37.0245
2019-06-02 10-45-19,454,21.1304,37.0245
2019-06-02 10-45-21,454,21.1304,37.0378
2019-06-02 10-45-23,454,21.1456,36.9978
2019-06-02 10-45-25,454,21.199,37.0245
2019-06-02 10-45-27,454,21.1639,37.0245
2019-06-02 10-45-31,454,21.1456,37.0111
2019-06-02 10-45-33,454,21.1273,36.9978
2019-06-02 10-45-35,455,21.1639,37.0111
2019-06-02 10-45-37,454,21.1777,36.9818
2019-06-02 10-45-39,455,21.1624,36.9978
2019-06-02 10-45-41,455,21.1441,36.9684
2019-06-02 10-45-43,454,21.1807,36.9978
2019-06-02 10-45-45,454,21.1777,36.9551
2019-06-02 10-45-49,455,21.1411,36.939
2019-06-02 10-45-51,455,21.1761,36.9257
2019-06-02 10-45-53,454,21.2448,36.9257
2019-06-02 10-45-55,454,21.228,36.939
2019-06-02 10-45-57,454,21.2677,36.939
2019-06-02 10-45-59,454,21.228,36.9551
2019-06-02 10-46-01,453,21.2311,36.9684
2019-06-02 10-46-05,454,21.2128,36.9551
2019-06-02 10-46-07,454,21.1441,36.9818
2019-06-02 10-46-09,454,21.1594,36.9551
2019-06-02 10-46-11,454,21.2097,36.9257
2019-06-02 10-46-13,454,21.1578,36.9257
2019-06-02 10-46-15,455,21.2311,36.9684
2019-06-02 10-46-17,454,21.286,36.9818
2019-06-02 10-46-19,454,21.1639,37.0245
2019-06-02 10-46-23,454,21.1487,37.0378
2019-06-02 10-46-25,454,21.1487,37.0539
2019-06-02 10-46-27,453,21.1685,37.0832
2019-06-02 10-46-29,453,21.1136,37.1126
2019-06-02 10-46-31,453,21.048,37.1527
2019-06-02 10-46-33,454,21.0999,37.1527
2019-06-02 10-46-35,454,21.0297,37.1527
2019-06-02 10-46-37,454,21.0632,37.1527
2019-06-02 10-46-41,454,21.0297,37.1393
2019-06-02 10-46-43,454,21.0632,37.1527
2019-06-02 10-46-45,454,20.9946,37.1527
2019-06-02 10-46-47,454,21.0129,37.1687
2019-06-02 10-46-49,454,20.9991,37.2087
2019-06-02 10-46-51,454,20.9244,37.1954
2019-06-02 10-46-53,454,20.9427,37.1954
2019-06-02 10-46-57,454,20.9427,37.2087
2019-06-02 10-46-59,455,20.9991,37.2087
2019-06-02 10-47-01,455,21.0312,37.1954
2019-06-02 10-47-03,454,21.0678,37.2087
2019-06-02 10-47-05,454,21.0678,37.2248
2019-06-02 10-47-07,455,21.0861,37.2381
2019-06-02 10-47-09,455,20.9839,37.2648
2019-06-02 10-47-11,455,21.0205,37.2808
2019-06-02 10-47-15,456,20.9839,37.2381
2019-06-02 10-47-17,457,20.9991,37.2381
2019-06-02 10-47-19,457,20.9625,37.2381
2019-06-02 10-47-21,457,21.0175,37.2248
2019-06-02 10-47-23,457,21.0342,37.2248
2019-06-02 10-47-25,457,21.0495,37.1954
2019-06-02 10-47-27,457,21.0861,37.2087
2019-06-02 10-47-31,457,21.0495,37.1954
2019-06-02 10-47-33,456,21.0678,37.2248
2019-06-02 10-47-35,456,21.0175,37.2248
2019-06-02 10-47-37,455,21.0022,37.2515
2019-06-02 10-47-39,454,20.9656,37.2808
2019-06-02 10-47-41,455,20.8969,37.2808
2019-06-02 10-47-43,455,20.9335,37.3075
2019-06-02 10-47-45,456,20.8832,37.3503
2019-06-02 10-47-49,456,20.8298,37.3369
2019-06-02 10-47-51,457,20.8618,37.3236
2019-06-02 10-47-53,457,20.8099,37.3369
2019-06-02 10-47-55,458,20.8298,37.3369
2019-06-02 10-47-57,459,20.8252,37.2942
2019-06-02 10-47-59,458,20.8435,37.2942
2019-06-02 10-48-01,458,20.8969,37.2808
2019-06-02 10-48-03,458,20.929,37.2648
2019-06-02 10-48-07,458,20.8969,37.2942
2019-06-02 10-48-09,458,20.929,37.2648
2019-06-02 10-48-11,457,20.9305,37.2942
2019-06-02 10-48-13,457,20.8786,37.2942
2019-06-02 10-48-15,457,20.8939,37.2648
2019-06-02 10-48-17,457,20.9335,37.3075
2019-06-02 10-48-19,457,20.8969,37.3075
2019-06-02 10-48-23,457,20.8969,37.2808
2019-06-02 10-48-25,457,20.8801,37.3075
2019-06-02 10-48-27,457,20.8252,37.2648
2019-06-02 10-48-29,457,20.9122,37.2808
2019-06-02 10-48-31,458,20.9488,37.2942
2019-06-02 10-48-33,458,20.8755,37.2648
2019-06-02 10-48-35,458,20.8939,37.2648
2019-06-02 10-48-37,458,20.929,37.2648
2019-06-02 10-48-41,457,20.8618,37.2942
2019-06-02 10-48-43,457,20.8969,37.3075
2019-06-02 10-48-45,456,20.8649,37.3503
2019-06-02 10-48-47,457,20.8969,37.3075
2019-06-02 10-48-49,457,20.9152,37.3236
2019-06-02 10-48-51,458,20.9305,37.2808
2019-06-02 10-48-53,457,20.929,37.2648
2019-06-02 10-48-57,456,20.9473,37.2648
2019-06-02 10-48-59,457,20.9106,37.2515
2019-06-02 10-49-01,457,20.9625,37.2381
2019-06-02 10-49-03,456,20.9625,37.2381
2019-06-02 10-49-05,457,20.9106,37.2515
2019-06-02 10-49-07,457,20.929,37.2515
2019-06-02 10-49-09,457,21.0022,37.2515
2019-06-02 10-49-11,457,20.9839,37.2381
2019-06-02 10-49-15,456,21.0022,37.2515
2019-06-02 10-49-17,456,20.929,37.2515
2019-06-02 10-49-19,455,20.961,37.2248
2019-06-02 10-49-21,455,20.9473,37.2648
2019-06-02 10-49-23,455,21.0037,37.2808
2019-06-02 10-49-25,455,20.9656,37.2942
2019-06-02 10-49-27,454,20.9671,37.3075
2019-06-02 10-49-29,454,20.9488,37.3075
2019-06-02 10-49-33,455,20.9152,37.3075
2019-06-02 10-49-35,454,20.9335,37.3369
2019-06-02 10-49-37,454,20.8481,37.3503
2019-06-02 10-49-39,454,20.8984,37.3236
2019-06-02 10-49-41,455,20.8649,37.3369
2019-06-02 10-49-43,455,20.8832,37.3503
2019-06-02 10-49-45,456,20.8099,37.3636
2019-06-02 10-49-49,455,20.8664,37.3636
2019-06-02 10-49-51,454,20.8481,37.3503
2019-06-02 10-49-53,454,20.8481,37.3636
2019-06-02 10-49-55,455,20.8328,37.3796
2019-06-02 10-49-57,455,20.8664,37.3796
2019-06-02 10-49-59,455,20.8328,37.3796
2019-06-02 10-50-01,455,20.8115,37.3796
2019-06-02 10-50-03,455,20.7962,37.4063
2019-06-02 10-50-07,455,20.8527,37.4197
2019-06-02 10-50-09,454,20.8145,37.4063
2019-06-02 10-50-11,455,20.8344,37.4357
2019-06-02 10-50-13,456,20.7092,37.4197
2019-06-02 10-50-16,455,20.7428,37.4063
2019-06-02 10-50-18,455,20.6726,37.4197
2019-06-02 10-50-20,455,20.7428,37.4063
2019-06-02 10-50-22,455,20.7611,37.4063
2019-06-02 10-50-26,455,20.7428,37.393
2019-06-02 10-50-28,455,20.7413,37.3796
2019-06-02 10-50-30,455,20.723,37.3503
2019-06-02 10-50-32,455,20.7779,37.3796
2019-06-02 10-50-34,455,20.8099,37.3636
2019-06-02 10-50-36,455,20.7916,37.3503
2019-06-02 10-50-38,455,20.7748,37.3636
2019-06-02 10-50-42,455,20.7596,37.3636
2019-06-02 10-50-44,454,20.7245,37.3796
2019-06-02 10-50-46,455,20.7596,37.393
2019-06-02 10-50-48,454,20.7245,37.4063
2019-06-02 10-50-50,454,20.7108,37.4624
2019-06-02 10-50-52,454,20.7291,37.4491
2019-06-02 10-50-54,454,20.7474,37.4758
2019-06-02 10-50-56,454,20.6955,37.4624
2019-06-02 10-51-00,454,20.7657,37.4918
2019-06-02 10-51-02,455,20.7321,37.4918
2019-06-02 10-51-04,455,20.7687,37.5212
2019-06-02 10-51-06,455,20.7504,37.5212
2019-06-02 10-51-08,455,20.784,37.5051
2019-06-02 10-51-10,455,20.7504,37.5051
2019-06-02 10-51-12,455,20.784,37.5051
2019-06-02 10-51-14,455,20.787,37.5345
2019-06-02 10-51-18,456,20.8572,37.5212
2019-06-02 10-51-20,456,20.8572,37.4918
2019-06-02 10-51-22,456,20.8191,37.4758
2019-06-02 10-51-24,456,20.8008,37.4624
2019-06-02 10-51-26,456,20.8344,37.4357
2019-06-02 10-51-28,456,20.8511,37.4063
2019-06-02 10-51-30,455,20.8847,37.4063
2019-06-02 10-51-34,455,20.9198,37.393
2019-06-02 10-51-36,454,20.7962,37.393
2019-06-02 10-51-38,453,20.8511,37.4063
2019-06-02 10-51-40,453,20.7962,37.4197
2019-06-02 10-51-42,453,20.8344,37.4197
2019-06-02 10-51-44,454,20.8344,37.4357
2019-06-02 10-51-46,454,20.7779,37.4063
2019-06-02 10-51-48,454,20.7642,37.4357
2019-06-02 10-51-52,453,20.7794,37.4357
2019-06-02 10-51-54,453,20.816,37.4491
2019-06-02 10-51-56,453,20.7977,37.4357
2019-06-02 10-51-58,453,20.8374,37.4624
2019-06-02 10-52-00,454,20.7825,37.4491
2019-06-02 10-52-02,454,20.8145,37.4197
2019-06-02 10-52-04,454,20.8344,37.4197
2019-06-02 10-52-06,454,20.8527,37.4357
2019-06-02 10-52-10,453,20.903,37.4063
2019-06-02 10-52-12,453,20.8694,37.4197
2019-06-02 10-52-14,453,20.9381,37.4063
2019-06-02 10-52-16,453,20.9702,37.3636
2019-06-02 10-52-18,452,20.9351,37.3636
2019-06-02 10-52-20,452,20.993,37.3796
2019-06-02 10-52-22,452,20.9351,37.3636
2019-06-02 10-52-26,452,20.9167,37.3503
2019-06-02 10-52-28,452,20.9534,37.3636
2019-06-02 10-52-30,451,20.9381,37.393
2019-06-02 10-52-32,451,20.993,37.393
2019-06-02 10-52-34,451,20.9534,37.3636
2019-06-02 10-52-36,451,20.9702,37.3503
2019-06-02 10-52-38,452,20.9351,37.3503
2019-06-02 10-52-40,452,20.9702,37.3369
2019-06-02 10-52-44,452,20.9671,37.3236
2019-06-02 10-52-46,452,20.9702,37.3369
2019-06-02 10-52-48,453,21.0068,37.3236
2019-06-02 10-52-50,453,20.9152,37.3236
2019-06-02 10-52-52,452,20.9885,37.3236
2019-06-02 10-52-54,452,20.9671,37.3236
2019-06-02 10-52-56,452,20.9671,37.3236
2019-06-02 10-52-58,453,20.9671,37.3075
2019-06-02 10-53-02,453,21.022,37.2942
2019-06-02 10-53-04,453,21.0037,37.2942
2019-06-02 10-53-06,453,21.0037,37.2808
2019-06-02 10-53-08,453,20.9656,37.2808
2019-06-02 10-53-10,453,21.0205,37.2808
2019-06-02 10-53-12,453,20.9854,37.2942
2019-06-02 10-53-14,453,20.9656,37.2808
2019-06-02 10-53-18,453,21.022,37.2942
2019-06-02 10-53-20,453,20.9122,37.2648
2019-06-02 10-53-22,452,21.0358,37.2515
2019-06-02 10-53-24,452,21.0175,37.2381
2019-06-02 10-53-26,451,21.0678,37.2248
2019-06-02 10-53-28,451,21.0495,37.2087
2019-06-02 10-53-30,450,21.0495,37.1954
2019-06-02 10-53-32,450,21.0495,37.1954
2019-06-02 10-53-36,451,21.0129,37.182
2019-06-02 10-53-38,450,21.1395,37.182
2019-06-02 10-53-40,450,21.0999,37.1687
2019-06-02 10-53-42,450,21.1182,37.1687
2019-06-02 10-53-44,450,21.1411,37.2087
2019-06-02 10-53-46,449,21.0846,37.1954
2019-06-02 10-53-48,449,21.1212,37.2087
2019-06-02 10-53-50,450,21.0342,37.2248
2019-06-02 10-53-54,451,21.0663,37.182
2019-06-02 10-53-56,451,21.1029,37.182
2019-06-02 10-53-58,451,21.0846,37.1954
2019-06-02 10-54-00,451,21.1411,37.2087
2019-06-02 10-54-02,451,21.1182,37.182
2019-06-02 10-54-04,451,21.1578,37.1954
2019-06-02 10-54-06,450,21.1029,37.1954
2019-06-02 10-54-10,450,21.1395,37.182
2019-06-02 10-54-12,450,21.0861,37.2087
2019-06-02 10-54-14,450,21.1029,37.2087
2019-06-02 10-54-16,450,21.0495,37.2087
2019-06-02 10-54-18,450,21.1212,37.1954
2019-06-02 10-54-20,450,21.0999,37.1687
2019-06-02 10-54-22,450,21.1716,37.126
2019-06-02 10-54-24,450,21.1716,37.1393
2019-06-02 10-54-28,449,21.1685,37.0966
2019-06-02 10-54-30,449,21.2036,37.0966
2019-06-02 10-54-32,449,21.1685,37.0832
2019-06-02 10-54-34,448,21.2372,37.0832
2019-06-02 10-54-36,448,21.2555,37.0832
2019-06-02 10-54-38,448,21.2585,37.126
2019-06-02 10-54-40,448,21.2952,37.0966
2019-06-02 10-54-42,449,21.1899,37.1527
2019-06-02 10-54-46,449,21.2769,37.1126
2019-06-02 10-54-48,450,21.1685,37.0966
2019-06-02 10-54-50,451,21.2234,37.126
2019-06-02 10-54-52,452,21.1685,37.0966
2019-06-02 10-54-54,453,21.2219,37.1126
2019-06-02 10-54-56,453,21.2769,37.0966
2019-06-02 10-54-58,454,21.2234,37.126
2019-06-02 10-55-02,454,21.2051,37.126
2019-06-02 10-55-04,451,21.2402,37.1126
2019-06-02 10-55-06,451,21.1685,37.1126
2019-06-02 10-55-08,451,21.1899,37.1393
2019-06-02 10-55-10,450,21.1548,37.1527
2019-06-02 10-55-12,450,21.1899,37.1527
2019-06-02 10-55-14,450,21.1731,37.1687
2019-06-02 10-55-16,451,21.1578,37.182
2019-06-02 10-55-20,454,21.2234,37.1393
2019-06-02 10-55-22,455,21.1716,37.1393
2019-06-02 10-55-24,455,21.254,37.0699
2019-06-02 10-55-26,455,21.3409,37.0245
2019-06-02 10-55-28,455,21.3226,36.9818
2019-06-02 10-55-30,456,21.4417,36.9123
2019-06-02 10-55-32,455,21.4386,36.883
2019-06-02 10-55-34,455,21.5103,36.8696
2019-06-02 10-55-38,455,21.4737,36.8696
2019-06-02 10-55-40,454,21.5607,36.8563
2019-06-02 10-55-42,452,21.489,36.8429
2019-06-02 10-55-44,451,21.4554,36.8563
2019-06-02 10-55-46,451,21.4752,36.883
2019-06-02 10-55-48,449,21.4935,36.9123
2019-06-02 10-55-50,449,21.46,36.9257
2019-06-02 10-55-52,447,21.4981,36.9684
2019-06-02 10-55-56,448,21.4294,37.0111
2019-06-02 10-55-59,448,21.3959,37.0539
2019-06-02 10-56-01,450,21.3776,37.0378
2019-06-02 10-56-03,451,21.3593,37.0245
2019-06-02 10-56-05,452,21.3425,37.0378
2019-06-02 10-56-07,452,21.434,37.0539
2019-06-02 10-56-09,453,21.3959,37.0378
2019-06-02 10-56-13,453,21.3791,37.0539
2019-06-02 10-56-15,452,21.3425,37.0539
2019-06-02 10-56-17,453,21.3272,37.0832
2019-06-02 10-56-19,453,21.3104,37.0832
2019-06-02 10-56-21,453,21.254,37.0699
2019-06-02 10-56-23,454,21.2372,37.0832
2019-06-02 10-56-25,454,21.2952,37.1126
2019-06-02 10-56-27,454,21.2372,37.0966
2019-06-02 10-56-31,454,21.2372,37.0966
2019-06-02 10-56-33,454,21.2372,37.0966
2019-06-02 10-56-35,455,21.2769,37.0966
2019-06-02 10-56-37,455,21.2555,37.0832
2019-06-02 10-56-39,455,21.2738,37.0699
2019-06-02 10-56-41,455,21.254,37.0699
2019-06-02 10-56-43,455,21.2906,37.0539
2019-06-02 10-56-45,454,21.2906,37.0539
2019-06-02 10-56-49,454,21.2921,37.0832
2019-06-02 10-56-51,454,21.2555,37.1126
2019-06-02 10-56-53,454,21.2555,37.0966
2019-06-02 10-56-55,454,21.2036,37.0966
2019-06-02 10-56-57,454,21.2784,37.126
2019-06-02 10-56-59,455,21.1899,37.1393
2019-06-02 10-57-01,454,21.2051,37.1393
2019-06-02 10-57-03,455,21.1731,37.1687
2019-06-02 10-57-07,455,21.2082,37.1687
2019-06-02 10-57-09,456,21.2234,37.1527
2019-06-02 10-57-11,457,21.1716,37.126
2019-06-02 10-57-13,457,21.2555,37.1126
2019-06-02 10-57-15,458,21.2555,37.0966
2019-06-02 10-57-17,457,21.2219,37.1126
2019-06-02 10-57-19,457,21.2402,37.1126
2019-06-02 10-57-23,458,21.1899,37.1393
2019-06-02 10-57-25,458,21.2051,37.1393
2019-06-02 10-57-27,457,21.1716,37.1527
2019-06-02 10-57-29,457,21.1716,37.126
2019-06-02 10-57-31,457,21.2265,37.1687
2019-06-02 10-57-33,457,21.2082,37.1687
2019-06-02 10-57-35,457,21.2051,37.126
2019-06-02 10-57-37,457,21.2234,37.1393
2019-06-02 10-57-41,456,21.1899,37.1527
2019-06-02 10-57-43,456,21.2418,37.1393
2019-06-02 10-57-45,456,21.2051,37.126
2019-06-02 10-57-47,456,21.2402,37.126
2019-06-02 10-57-49,456,21.2234,37.126
2019-06-02 10-57-51,457,21.2219,37.1126
2019-06-02 10-57-53,457,21.3425,37.0539
2019-06-02 10-57-55,457,21.3776,37.0245
2019-06-02 10-57-59,456,21.3562,36.9818
2019-06-02 10-58-01,456,21.3547,36.9684
2019-06-02 10-58-03,456,21.4066,36.9551
2019-06-02 10-58-05,456,21.405,36.9257
2019-06-02 10-58-07,456,21.4935,36.9257
2019-06-02 10-58-09,456,21.5469,36.9123
2019-06-02 10-58-11,456,21.5469,36.9123
2019-06-02 10-58-13,457,21.4432,36.939
2019-06-02 10-58-17,456,21.4417,36.9123
2019-06-02 10-58-19,456,21.4783,36.939
2019-06-02 10-58-21,455,21.4615,36.9551
2019-06-02 10-58-23,454,21.4478,36.9978
2019-06-02 10-58-25,454,21.3959,37.0539
2019-06-02 10-58-27,454,21.3974,37.0966
2019-06-02 10-58-29,456,21.3455,37.0966
2019-06-02 10-58-33,456,21.3455,37.0832
2019-06-02 10-58-35,456,21.3974,37.0832
2019-06-02 10-58-37,457,21.3837,37.1393
2019-06-02 10-58-39,457,21.2952,37.1126
2019-06-02 10-58-41,457,21.3654,37.126
2019-06-02 10-58-43,458,21.3318,37.126
2019-06-02 10-58-45,457,21.347,37.1126
2019-06-02 10-58-47,457,21.3318,37.126
2019-06-02 10-58-51,456,21.3501,37.1527
2019-06-02 10-58-53,457,21.3013,37.2087
2019-06-02 10-58-55,456,21.2631,37.1954
2019-06-02 10-58-57,457,21.2463,37.2248
2019-06-02 10-58-59,456,21.2311,37.2381
2019-06-02 10-59-01,456,21.2677,37.2648
2019-06-02 10-59-03,456,21.2494,37.2648
2019-06-02 10-59-05,456,21.2463,37.2381
2019-06-02 10-59-09,456,21.2646,37.2381
2019-06-02 10-59-11,456,21.2646,37.2248
2019-06-02 10-59-13,456,21.2128,37.2515
2019-06-02 10-59-15,456,21.2463,37.2381
2019-06-02 10-59-17,456,21.2494,37.2515
2019-06-02 10-59-19,455,21.2143,37.2648
2019-06-02 10-59-21,455,21.2463,37.2381
2019-06-02 10-59-25,455,21.2311,37.2515
2019-06-02 10-59-27,455,21.3547,37.2248
2019-06-02 10-59-29,456,21.2646,37.2381
2019-06-02 10-59-31,456,21.2997,37.1954
2019-06-02 10-59-33,456,21.2814,37.1687
2019-06-02 10-59-35,455,21.2631,37.1954
2019-06-02 10-59-37,455,21.315,37.1687
2019-06-02 10-59-39,455,21.315,37.1687
2019-06-02 10-59-43,454,21.315,37.1687
2019-06-02 10-59-45,455,21.2631,37.1954
2019-06-02 10-59-47,454,21.2631,37.1954
2019-06-02 10-59-49,454,21.2448,37.182
2019-06-02 10-59-51,455,21.2997,37.1954
2019-06-02 10-59-53,454,21.2814,37.182
2019-06-02 10-59-55,454,21.228,37.2248
2019-06-02 10-59-57,454,21.2463,37.2248
2019-06-02 11-00-01,455,21.2128,37.2248
2019-06-02 11-00-03,455,21.196,37.2648
2019-06-02 11-00-05,455,21.1807,37.2648
2019-06-02 11-00-07,455,21.1624,37.2808
2019-06-02 11-00-09,454,21.2173,37.2942
2019-06-02 11-00-11,455,21.0724,37.2942
2019-06-02 11-00-13,454,21.1258,37.2942
2019-06-02 11-00-15,454,21.1639,37.2942
2019-06-02 11-00-19,454,21.1487,37.3075
2019-06-02 11-00-21,455,21.1487,37.3075
2019-06-02 11-00-23,455,21.1807,37.2942
2019-06-02 11-00-25,455,21.1258,37.2942
2019-06-02 11-00-27,455,21.2677,37.2648
2019-06-02 11-00-29,455,21.1807,37.2648
2019-06-02 11-00-31,454,21.1777,37.2515
2019-06-02 11-00-35,454,21.2128,37.2515
2019-06-02 11-00-37,454,21.1441,37.2648
2019-06-02 11-00-39,454,21.1441,37.2648
2019-06-02 11-00-41,454,21.1639,37.3075
2019-06-02 11-00-43,455,21.1807,37.2942
2019-06-02 11-00-45,455,21.109,37.2942
2019-06-02 11-00-47,454,21.2143,37.2808
2019-06-02 11-00-49,454,21.199,37.2942
2019-06-02 11-00-53,454,21.196,37.2515
2019-06-02 11-00-55,455,21.1807,37.2648
2019-06-02 11-00-57,455,21.2143,37.2648
2019-06-02 11-00-59,455,21.1227,37.2648
2019-06-02 11-01-01,455,21.1227,37.2648
2019-06-02 11-01-03,454,21.1227,37.2381
2019-06-02 11-01-05,454,21.1441,37.2648
2019-06-02 11-01-07,455,21.2128,37.2381
2019-06-02 11-01-11,455,21.2128,37.2381
2019-06-02 11-01-13,455,21.1441,37.2648
2019-06-02 11-01-15,455,21.196,37.2648
2019-06-02 11-01-17,455,21.2311,37.2515
2019-06-02 11-01-19,454,21.196,37.2515
2019-06-02 11-01-21,453,21.2173,37.3075
2019-06-02 11-01-23,453,21.2509,37.2808
2019-06-02 11-01-25,453,21.1807,37.2808
2019-06-02 11-01-29,453,21.1639,37.2942
2019-06-02 11-01-31,453,21.1273,37.3236
2019-06-02 11-01-33,453,21.167,37.3236
2019-06-02 11-01-35,453,21.2173,37.3075
2019-06-02 11-01-37,453,21.1487,37.3075
2019-06-02 11-01-39,453,21.1273,37.3236
2019-06-02 11-01-41,453,21.1823,37.3236
2019-06-02 11-01-43,453,21.1487,37.3369
2019-06-02 11-01-47,453,21.1823,37.3236
2019-06-02 11-01-50,454,21.1624,37.2808
2019-06-02 11-01-52,455,21.2494,37.2648
2019-06-02 11-01-54,455,21.2646,37.2248
2019-06-02 11-01-56,454,21.2997,37.182
2019-06-02 11-01-58,455,21.2967,37.1527
2019-06-02 11-02-00,455,21.3638,37.0966
2019-06-02 11-02-04,455,21.4844,37.0539
2019-06-02 11-02-06,455,21.4661,37.0378
2019-06-02 11-02-08,454,21.4645,36.9978
2019-06-02 11-02-10,454,21.5698,36.9818
2019-06-02 11-02-12,453,21.6248,36.9978
2019-06-02 11-02-14,453,21.5332,36.9684
2019-06-02 11-02-16,452,21.5347,37.0111
2019-06-02 11-02-18,452,21.5698,36.9978
2019-06-02 11-02-22,452,21.5698,36.9818
2019-06-02 11-02-24,452,21.6064,36.9818
2019-06-02 11-02-26,451,21.5836,36.9123
2019-06-02 11-02-28,451,21.5469,36.9123
2019-06-02 11-02-30,451,21.5836,36.883
2019-06-02 11-02-32,450,21.6019,36.9257
2019-06-02 11-02-34,450,21.6019,36.9257
2019-06-02 11-02-36,450,21.64,36.9551
2019-06-02 11-02-40,449,21.64,36.9551
2019-06-02 11-02-42,449,21.6064,36.9818
2019-06-02 11-02-44,449,21.5347,37.0111
2019-06-02 11-02-46,449,21.5012,37.0245
2019-06-02 11-02-48,448,21.4844,37.0539
2019-06-02 11-02-50,448,21.4691,37.0699
2019-06-02 11-02-52,447,21.4706,37.0966
2019-06-02 11-02-54,448,21.4188,37.1527
2019-06-02 11-02-58,447,21.402,37.1527
2019-06-02 11-03-00,447,21.3684,37.182
2019-06-02 11-03-02,448,21.3882,37.2248
2019-06-02 11-03-04,449,21.3013,37.2248
2019-06-02 11-03-06,450,21.2463,37.2381
2019-06-02 11-03-08,451,21.2097,37.2087
2019-06-02 11-03-10,451,21.2494,37.2515
2019-06-02 11-03-14,452,21.3013,37.2248
2019-06-02 11-03-16,452,21.2463,37.2248
2019-06-02 11-03-18,451,21.228,37.2248
2019-06-02 11-03-20,452,21.2463,37.2087
2019-06-02 11-03-22,453,21.2967,37.1527
2019-06-02 11-03-24,454,21.3181,37.182
2019-06-02 11-03-26,453,21.2967,37.1527
2019-06-02 11-03-28,452,21.2814,37.182
2019-06-02 11-03-32,450,21.3013,37.2087
2019-06-02 11-03-34,449,21.228,37.2087
2019-06-02 11-03-36,449,21.2463,37.2248
2019-06-02 11-03-38,449,21.1761,37.2087
2019-06-02 11-03-40,449,21.2646,37.2248
2019-06-02 11-03-42,450,21.2463,37.2248
2019-06-02 11-03-44,450,21.2097,37.2087
2019-06-02 11-03-46,451,21.2494,37.2515
2019-06-02 11-03-50,451,21.2128,37.2515
2019-06-02 11-03-52,451,21.2311,37.2515
2019-06-02 11-03-54,452,21.1624,37.2648
2019-06-02 11-03-56,452,21.2463,37.2248
2019-06-02 11-03-58,451,21.1441,37.2515
2019-06-02 11-04-00,451,21.1807,37.2648
2019-06-02 11-04-02,450,21.2326,37.2808
2019-06-02 11-04-04,450,21.1441,37.2515
2019-06-02 11-04-08,449,21.1777,37.2515
2019-06-02 11-04-10,450,21.2128,37.2515
2019-06-02 11-04-12,449,21.2128,37.2515
2019-06-02 11-04-14,449,21.1761,37.2248
2019-06-02 11-04-16,449,21.1777,37.2515
2019-06-02 11-04-18,449,21.2463,37.2248
2019-06-02 11-04-20,450,21.2311,37.2381
2019-06-02 11-04-24,450,21.2311,37.2515
2019-06-02 11-04-26,449,21.196,37.2648
2019-06-02 11-04-28,450,21.2097,37.2087
2019-06-02 11-04-30,451,21.2601,37.182
2019-06-02 11-04-32,450,21.283,37.1954
2019-06-02 11-04-34,450,21.283,37.2087
2019-06-02 11-04-36,449,21.228,37.2087
2019-06-02 11-04-38,449,21.228,37.2248
2019-06-02 11-04-42,450,21.1945,37.2248
2019-06-02 11-04-44,450,21.2463,37.2087
2019-06-02 11-04-46,450,21.2128,37.2248
2019-06-02 11-04-48,450,21.228,37.1954
2019-06-02 11-04-50,450,21.2128,37.2248
2019-06-02 11-04-52,451,21.2448,37.1954
2019-06-02 11-04-54,451,21.1761,37.1954
2019-06-02 11-04-56,451,21.2418,37.1687
2019-06-02 11-05-00,452,21.2265,37.1687
2019-06-02 11-05-02,452,21.2585,37.126
2019-06-02 11-05-04,453,21.2769,37.0966
2019-06-02 11-05-06,453,21.3821,37.1126
2019-06-02 11-05-08,453,21.3455,37.0966
2019-06-02 11-05-10,453,21.3455,37.0966
2019-06-02 11-05-12,452,21.347,37.1126
2019-06-02 11-05-14,452,21.3455,37.0966
2019-06-02 11-05-18,453,21.434,37.0832
2019-06-02 11-05-20,453,21.4508,37.0539
2019-06-02 11-05-22,453,21.4661,37.0245
2019-06-02 11-05-24,453,21.4661,37.0245
2019-06-02 11-05-26,453,21.4661,37.0245
2019-06-02 11-05-28,453,21.5195,37.0378
2019-06-02 11-05-30,453,21.5378,37.0539
2019-06-02 11-05-34,453,21.5027,37.0699
2019-06-02 11-05-36,452,21.4157,37.1126
2019-06-02 11-05-38,452,21.4371,37.0966
2019-06-02 11-05-40,452,21.4523,37.0832
2019-06-02 11-05-42,452,21.347,37.126
2019-06-02 11-05-44,452,21.3821,37.1126
2019-06-02 11-05-46,452,21.3638,37.1126
2019-06-02 11-05-48,452,21.3821,37.126
2019-06-02 11-05-52,451,21.3974,37.0966
2019-06-02 11-05-54,451,21.3684,37.1527
2019-06-02 11-05-56,451,21.3837,37.1527
2019-06-02 11-05-58,451,21.3516,37.182
2019-06-02 11-06-00,452,21.4203,37.182
2019-06-02 11-06-02,453,21.405,37.182
2019-06-02 11-06-04,453,21.3867,37.1687
2019-06-02 11-06-06,453,21.3684,37.1687
2019-06-02 11-06-10,453,21.3501,37.1527
2019-06-02 11-06-12,453,21.405,37.182
2019-06-02 11-06-14,453,21.3837,37.1527
2019-06-02 11-06-16,452,21.4157,37.1126
2019-06-02 11-06-18,452,21.3974,37.0966
2019-06-02 11-06-20,452,21.4706,37.0832
2019-06-02 11-06-22,452,21.4371,37.0966
2019-06-02 11-06-24,452,21.434,37.0699
2019-06-02 11-06-28,452,21.4142,37.0539
2019-06-02 11-06-30,451,21.4691,37.0699
2019-06-02 11-06-32,452,21.5195,37.0245
2019-06-02 11-06-34,452,21.5698,37.0111
2019-06-02 11-06-36,451,21.4798,36.9818
2019-06-02 11-06-38,451,21.5881,36.9684
2019-06-02 11-06-40,452,21.64,36.9684
2019-06-02 11-06-44,452,21.6202,36.939
2019-06-02 11-06-46,451,21.6217,36.9684
2019-06-02 11-06-48,451,21.64,36.9684
2019-06-02 11-06-50,450,21.6904,36.9551
2019-06-02 11-06-52,450,21.5668,36.9684
2019-06-02 11-06-54,449,21.608,37.0111
2019-06-02 11-06-56,449,21.5927,37.0539
2019-06-02 11-06-58,449,21.5027,37.0699
2019-06-02 11-07-02,449,21.5393,37.0966
2019-06-02 11-07-04,450,21.524,37.0966
2019-06-02 11-07-06,450,21.5424,37.1126
2019-06-02 11-07-08,450,21.489,37.0966
2019-06-02 11-07-10,450,21.5057,37.0832
2019-06-02 11-07-12,450,21.4691,37.0699
2019-06-02 11-07-14,451,21.5027,37.0699
2019-06-02 11-07-16,451,21.5927,37.0378
2019-06-02 11-07-20,451,21.5897,36.9978
2019-06-02 11-07-22,451,21.6263,37.0111
2019-06-02 11-07-24,451,21.608,37.0245
2019-06-02 11-07-26,450,21.6431,36.9978
2019-06-02 11-07-28,450,21.6263,37.0111
2019-06-02 11-07-30,451,21.608,37.0245
2019-06-02 11-07-32,451,21.6614,37.0111
2019-06-02 11-07-36,451,21.6431,36.9978
2019-06-02 11-07-38,451,21.7117,36.9818
2019-06-02 11-07-41,450,21.7484,36.9684
2019-06-02 11-07-43,450,21.7453,36.9257
2019-06-02 11-07-45,449,21.7087,36.939
2019-06-02 11-07-47,449,21.6904,36.939
2019-06-02 11-07-49,450,21.6888,36.9123
2019-06-02 11-07-51,450,21.6537,36.9123
2019-06-02 11-07-55,451,21.7041,36.883
2019-06-02 11-07-57,451,21.7041,36.8696
2019-06-02 11-07-59,451,21.7407,36.8563
2019-06-02 11-08-01,450,21.7911,36.8429
2019-06-02 11-08-03,450,21.7392,36.8429
2019-06-02 11-08-05,450,21.8079,36.8269
2019-06-02 11-08-07,450,21.8079,36.8269
2019-06-02 11-08-09,449,21.8277,36.8696
2019-06-02 11-08-13,449,21.7224,36.883
2019-06-02 11-08-15,449,21.7224,36.899
2019-06-02 11-08-17,449,21.7453,36.9257
2019-06-02 11-08-19,448,21.727,36.9551
2019-06-02 11-08-21,448,21.7117,36.9978
2019-06-02 11-08-23,449,21.6614,37.0111
2019-06-02 11-08-25,449,21.6766,36.9818
2019-06-02 11-08-29,450,21.6766,37.0111
2019-06-02 11-08-31,450,21.6766,36.9818
2019-06-02 11-08-33,451,21.6934,36.9684
2019-06-02 11-08-35,451,21.6385,36.939
2019-06-02 11-08-37,451,21.7224,36.899
2019-06-02 11-08-39,451,21.7072,36.9257
2019-06-02 11-08-41,451,21.7453,36.939
2019-06-02 11-08-43,451,21.6904,36.939
2019-06-02 11-08-47,450,21.64,36.9684
2019-06-02 11-08-49,450,21.6064,36.9684
2019-06-02 11-08-51,451,21.6583,36.9818
2019-06-02 11-08-53,452,21.608,36.9978
2019-06-02 11-08-55,452,21.6263,37.0245
2019-06-02 11-08-57,452,21.5897,36.9978
2019-06-02 11-08-59,452,21.6217,36.9684
2019-06-02 11-09-01,452,21.6583,36.9818
2019-06-02 11-09-05,452,21.64,36.9684
2019-06-02 11-09-07,453,21.6751,36.9551
2019-06-02 11-09-09,453,21.6248,36.9978
2019-06-02 11-09-11,453,21.608,36.9978
2019-06-02 11-09-13,453,21.5698,37.0111
2019-06-02 11-09-15,453,21.608,36.9978
2019-06-02 11-09-17,453,21.6431,37.0111
2019-06-02 11-09-19,453,21.5714,37.0245
2019-06-02 11-09-23,452,21.5714,37.0245
2019-06-02 11-09-25,453,21.524,37.0966
2019-06-02 11-09-27,453,21.4737,37.126
2019-06-02 11-09-29,453,21.4386,37.126
2019-06-02 11-09-31,453,21.4569,37.1687
2019-06-02 11-09-33,454,21.4569,37.1687
2019-06-02 11-09-35,455,21.4386,37.1393
2019-06-02 11-09-39,455,21.4188,37.1527
2019-06-02 11-09-41,456,21.4203,37.1687
2019-06-02 11-09-43,455,21.4417,37.182
2019-06-02 11-09-45,454,21.3867,37.1687
2019-06-02 11-09-47,454,21.3867,37.1687
2019-06-02 11-09-49,456,21.402,37.1687
2019-06-02 11-09-51,456,21.3867,37.1687
2019-06-02 11-09-53,456,21.4005,37.1393
2019-06-02 11-09-57,456,21.4157,37.1126
2019-06-02 11-09-59,456,21.4157,37.1126
2019-06-02 11-10-01,456,21.4386,37.1393
2019-06-02 11-10-03,456,21.3501,37.1393
2019-06-02 11-10-05,455,21.4188,37.126
2019-06-02 11-10-07,456,21.3821,37.0966
2019-06-02 11-10-09,455,21.4706,37.0966
2019-06-02 11-10-11,456,21.5057,37.0832
2019-06-02 11-10-15,456,21.5378,37.0378
2019-06-02 11-10-17,456,21.5378,37.0378
2019-06-02 11-10-19,456,21.5378,37.0378
2019-06-02 11-10-21,456,21.5012,37.0245
2019-06-02 11-10-23,455,21.5744,37.0539
2019-06-02 11-10-25,455,21.5393,37.0699
2019-06-02 11-10-27,455,21.5744,37.0699
2019-06-02 11-10-29,455,21.5744,37.0539
2019-06-02 11-10-33,455,21.5393,37.0966
2019-06-02 11-10-35,455,21.5393,37.0832
2019-06-02 11-10-37,455,21.5393,37.0699
2019-06-02 11-10-39,455,21.521,37.0539
2019-06-02 11-10-41,454,21.6125,37.0699
2019-06-02 11-10-43,454,21.5393,37.0966
2019-06-02 11-10-45,454,21.524,37.0966
2019-06-02 11-10-49,453,21.524,37.1126
2019-06-02 11-10-51,453,21.5073,37.1393
2019-06-02 11-10-53,454,21.5073,37.126
2019-06-02 11-10-55,454,21.5073,37.1393
2019-06-02 11-10-57,454,21.4569,37.1687
2019-06-02 11-10-59,454,21.4203,37.1687
2019-06-02 11-11-01,454,21.4569,37.1527
2019-06-02 11-11-03,454,21.3867,37.1687
2019-06-02 11-11-07,455,21.4005,37.126
2019-06-02 11-11-09,455,21.4157,37.1126
2019-06-02 11-11-11,456,21.4386,37.126
2019-06-02 11-11-13,456,21.489,37.1126
2019-06-02 11-11-15,456,21.5073,37.1393
2019-06-02 11-11-17,455,21.489,37.1126
2019-06-02 11-11-19,455,21.4569,37.1393
2019-06-02 11-11-23,454,21.4569,37.1527
2019-06-02 11-11-25,454,21.4371,37.0966
2019-06-02 11-11-27,454,21.524,37.0966
2019-06-02 11-11-29,454,21.5073,37.1126
2019-06-02 11-11-31,454,21.521,37.0699
2019-06-02 11-11-33,454,21.5942,37.0699
2019-06-02 11-11-35,453,21.5714,37.0378
2019-06-02 11-11-37,453,21.5378,37.0245
2019-06-02 11-11-41,452,21.608,37.0245
2019-06-02 11-11-43,452,21.611,37.0539
2019-06-02 11-11-45,451,21.5942,37.0699
2019-06-02 11-11-47,451,21.524,37.0966
2019-06-02 11-11-49,451,21.5424,37.126
2019-06-02 11-11-51,451,21.5424,37.1126
2019-06-02 11-11-53,451,21.4874,37.0832
2019-06-02 11-11-55,452,21.524,37.0832
2019-06-02 11-11-59,451,21.5942,37.0832
2019-06-02 11-12-01,451,21.5393,37.0966
2019-06-02 11-12-03,451,21.5576,37.0966
2019-06-02 11-12-05,450,21.489,37.126
2019-06-02 11-12-07,451,21.4371,37.1126
2019-06-02 11-12-09,451,21.524,37.1126
2019-06-02 11-12-11,450,21.4554,37.1126
2019-06-02 11-12-15,449,21.5073,37.126
2019-06-02 11-12-17,449,21.5759,37.1126
2019-06-02 11-12-19,450,21.4523,37.0966
2019-06-02 11-12-21,450,21.4523,37.0966
2019-06-02 11-12-23,450,21.611,37.0539
2019-06-02 11-12-25,451,21.5897,36.9978
2019-06-02 11-12-27,451,21.6431,37.0111
2019-06-02 11-12-29,450,21.6248,36.9818
2019-06-02 11-12-33,450,21.6751,36.9551
2019-06-02 11-12-35,450,21.6934,36.9684
2019-06-02 11-12-37,450,21.6934,36.9684
2019-06-02 11-12-39,450,21.64,36.9551
2019-06-02 11-12-41,450,21.64,36.9551
2019-06-02 11-12-43,450,21.727,36.9818
2019-06-02 11-12-45,449,21.6583,36.9818
2019-06-02 11-12-47,449,21.6263,37.0245
2019-06-02 11-12-51,449,21.6949,37.0111
2019-06-02 11-12-53,449,21.6797,37.0378
2019-06-02 11-12-55,450,21.6293,37.0539
2019-06-02 11-12-57,450,21.6293,37.0699
2019-06-02 11-12-59,450,21.6446,37.0539
2019-06-02 11-13-02,451,21.6446,37.0539
2019-06-02 11-13-04,451,21.6125,37.0832
2019-06-02 11-13-08,450,21.6293,37.0539
2019-06-02 11-13-10,449,21.6125,37.0966
2019-06-02 11-13-12,450,21.5393,37.0832
2019-06-02 11-13-14,449,21.5973,37.0966
2019-06-02 11-13-16,449,21.5576,37.0832
2019-06-02 11-13-18,449,21.5942,37.0832
2019-06-02 11-13-20,449,21.6125,37.0966
2019-06-02 11-13-22,450,21.5607,37.1126
2019-06-02 11-13-26,450,21.5973,37.1126
2019-06-02 11-13-28,450,21.5607,37.1126
2019-06-02 11-13-30,450,21.5424,37.126
2019-06-02 11-13-32,450,21.5073,37.1126
2019-06-02 11-13-34,450,21.5607,37.1126
2019-06-02 11-13-36,450,21.4874,37.0832
2019-06-02 11-13-38,450,21.524,37.1126
2019-06-02 11-13-40,450,21.5759,37.1126
2019-06-02 11-13-44,450,21.5469,37.1687
2019-06-02 11-13-46,451,21.492,37.1393
2019-06-02 11-13-48,450,21.5103,37.1527
2019-06-02 11-13-50,451,21.5286,37.1527
2019-06-02 11-13-52,451,21.5607,37.126
2019-06-02 11-13-54,450,21.5973,37.1126
2019-06-02 11-13-56,450,21.5576,37.0966
2019-06-02 11-14-00,450,21.5256,37.126
2019-06-02 11-14-02,450,21.5607,37.1126
2019-06-02 11-14-04,450,21.5607,37.126
2019-06-02 11-14-06,450,21.5607,37.126
2019-06-02 11-14-08,450,21.5973,37.1126
2019-06-02 11-14-10,450,21.524,37.0832
2019-06-02 11-14-12,450,21.5073,37.1126
2019-06-02 11-14-14,451,21.5744,37.0832
2019-06-02 11-14-18,451,21.5973,37.0966
2019-06-02 11-14-20,450,21.5576,37.0832
2019-06-02 11-14-22,450,21.5393,37.0966
2019-06-02 11-14-24,450,21.5744,37.0832
2019-06-02 11-14-26,451,21.5073,37.1393
2019-06-02 11-14-28,451,21.5973,37.0966
2019-06-02 11-14-30,451,21.5286,37.1527
2019-06-02 11-14-32,450,21.5607,37.1126
2019-06-02 11-14-36,450,21.579,37.1393
2019-06-02 11-14-38,450,21.6156,37.126
2019-06-02 11-14-40,450,21.5988,37.1527
2019-06-02 11-14-42,450,21.5286,37.1687
2019-06-02 11-14-44,450,21.4783,37.2087
2019-06-02 11-14-46,451,21.5118,37.2087
2019-06-02 11-14-48,451,21.5302,37.2087
2019-06-02 11-14-52,451,21.5286,37.182
2019-06-02 11-14-54,451,21.5622,37.1687
2019-06-02 11-14-56,451,21.6156,37.1126
2019-06-02 11-14-58,451,21.5744,37.0832
2019-06-02 11-15-00,451,21.5744,37.0539
2019-06-02 11-15-02,450,21.6797,37.0245
2019-06-02 11-15-04,450,21.6949,36.9978
2019-06-02 11-15-06,450,21.6904,36.9551
2019-06-02 11-15-10,450,21.7117,36.9978
2019-06-02 11-15-12,450,21.7133,37.0245
2019-06-02 11-15-14,450,21.6446,37.0245
2019-06-02 11-15-16,450,21.6446,37.0245
2019-06-02 11-15-18,450,21.7133,37.0111
2019-06-02 11-15-20,450,21.7117,36.9978
2019-06-02 11-15-22,450,21.6949,36.9978
2019-06-02 11-15-24,450,21.7117,36.9818
2019-06-02 11-15-28,450,21.7484,36.9684
2019-06-02 11-15-30,451,21.7636,36.939
2019-06-02 11-15-32,450,21.7987,36.939
2019-06-02 11-15-34,450,21.7987,36.9257
2019-06-02 11-15-36,450,21.8323,36.9257
2019-06-02 11-15-38,450,21.7804,36.9257
2019-06-02 11-15-40,450,21.817,36.939
2019-06-02 11-15-42,450,21.7667,36.9684
2019-06-02 11-15-46,449,21.7087,36.9684
2019-06-02 11-15-48,449,21.7484,36.9818
2019-06-02 11-15-50,449,21.785,36.9978
2019-06-02 11-15-52,448,21.6766,36.9978
2019-06-02 11-15-54,448,21.6629,37.0539
2019-06-02 11-15-56,448,21.6125,37.0832
2019-06-02 11-15-58,448,21.5393,37.0966
2019-06-02 11-16-02,448,21.5393,37.0966
2019-06-02 11-16-04,448,21.5576,37.0966
2019-06-02 11-16-06,448,21.5393,37.0832
2019-06-02 11-16-08,449,21.5744,37.0832
2019-06-02 11-16-10,448,21.5942,37.0699
2019-06-02 11-16-12,449,21.6293,37.0699
2019-06-02 11-16-14,449,21.5744,37.0539
2019-06-02 11-16-16,449,21.6476,37.0699
2019-06-02 11-16-20,450,21.666,37.0832
2019-06-02 11-16-22,450,21.6293,37.0539
2019-06-02 11-16-24,450,21.6446,37.0378
2019-06-02 11-16-26,450,21.6797,37.0245
2019-06-02 11-16-28,450,21.7133,37.0378
2019-06-02 11-16-30,450,21.698,37.0378
2019-06-02 11-16-32,451,21.7117,36.9978
2019-06-02 11-16-34,451,21.6934,36.9818
2019-06-02 11-16-38,451,21.7255,36.939
2019-06-02 11-16-40,451,21.7453,36.939
2019-06-02 11-16-42,451,21.7621,36.9123
2019-06-02 11-16-44,451,21.7621,36.9123
2019-06-02 11-16-46,450,21.7957,36.9123
2019-06-02 11-16-48,450,21.7621,36.9257
2019-06-02 11-16-50,450,21.7804,36.9257
2019-06-02 11-16-54,450,21.814,36.9123
2019-06-02 11-16-56,450,21.7621,36.9257
2019-06-02 11-16-58,450,21.814,36.9257
2019-06-02 11-17-00,449,21.7804,36.939
2019-06-02 11-17-02,449,21.7087,36.939
2019-06-02 11-17-04,448,21.8353,36.9551
2019-06-02 11-17-06,447,21.7667,36.9684
2019-06-02 11-17-08,448,21.7133,37.0111
2019-06-02 11-17-12,450,21.6949,37.0111
2019-06-02 11-17-14,450,21.6614,37.0111
2019-06-02 11-17-16,450,21.7316,37.0245
2019-06-02 11-17-18,451,21.6263,37.0378
2019-06-02 11-17-20,451,21.7316,37.0539
2019-06-02 11-17-22,451,21.6446,37.0378
2019-06-02 11-17-24,451,21.6293,37.0539
2019-06-02 11-17-26,452,21.6476,37.0699
2019-06-02 11-17-30,452,21.6125,37.0832
2019-06-02 11-17-32,452,21.6125,37.0699
2019-06-02 11-17-34,453,21.5942,37.0832
2019-06-02 11-17-36,452,21.579,37.1393
2019-06-02 11-17-38,453,21.5973,37.126
2019-06-02 11-17-40,453,21.5393,37.0966
2019-06-02 11-17-42,453,21.6125,37.0832
2019-06-02 11-17-46,453,21.6797,37.0378
2019-06-02 11-17-48,454,21.6629,37.0539
2019-06-02 11-17-50,453,21.6797,37.0378
2019-06-02 11-17-52,453,21.6125,37.0832
2019-06-02 11-17-54,453,21.6339,37.126
2019-06-02 11-17-56,454,21.5805,37.1687
2019-06-02 11-17-58,454,21.579,37.1527
2019-06-02 11-18-00,454,21.6019,37.182
2019-06-02 11-18-04,454,21.5805,37.1687
2019-06-02 11-18-06,454,21.5805,37.182
2019-06-02 11-18-08,454,21.6019,37.1687
2019-06-02 11-18-10,454,21.6171,37.1527
2019-06-02 11-18-12,454,21.6522,37.1393
2019-06-02 11-18-14,455,21.6858,37.126
2019-06-02 11-18-16,455,21.6675,37.126
2019-06-02 11-18-20,455,21.6156,37.1393
2019-06-02 11-18-22,455,21.5973,37.126
2019-06-02 11-18-24,455,21.6339,37.126
2019-06-02 11-18-26,455,21.6476,37.0699
2019-06-02 11-18-28,455,21.6125,37.0832
2019-06-02 11-18-31,454,21.6995,37.0699
2019-06-02 11-18-33,455,21.6629,37.0699
2019-06-02 11-18-35,455,21.6629,37.0539
2019-06-02 11-18-39,455,21.5927,37.0539
2019-06-02 11-18-41,455,21.6629,37.0699
2019-06-02 11-18-43,455,21.6812,37.0699
2019-06-02 11-18-45,455,21.7163,37.0699
2019-06-02 11-18-47,454,21.698,37.0539
2019-06-02 11-18-49,454,21.6309,37.0966
2019-06-02 11-18-51,453,21.6309,37.1126
2019-06-02 11-18-53,453,21.6858,37.126
2019-06-02 11-18-57,453,21.5607,37.1126
2019-06-02 11-18-59,453,21.6858,37.1393
2019-06-02 11-19-01,454,21.6309,37.1126
2019-06-02 11-19-03,454,21.6492,37.1126
2019-06-02 11-19-05,454,21.7209,37.126
2019-06-02 11-19-07,454,21.7026,37.1126
2019-06-02 11-19-09,455,21.6843,37.1126
2019-06-02 11-19-13,455,21.7728,37.0832
2019-06-02 11-19-15,455,21.7529,37.0539
2019-06-02 11-19-17,455,21.7499,36.9978
2019-06-02 11-19-19,456,21.8552,37.0111
2019-06-02 11-19-21,456,21.8689,36.9551
2019-06-02 11-19-23,456,21.9055,36.9551
2019-06-02 11-19-25,456,21.8903,36.9551
2019-06-02 11-19-27,455,21.8903,36.9551
2019-06-02 11-19-31,455,21.9238,36.9684
2019-06-02 11-19-33,454,21.9101,37.0245
2019-06-02 11-19-35,453,21.7865,37.0245
2019-06-02 11-19-37,453,21.8399,37.0245
2019-06-02 11-19-39,454,21.7728,37.0832
2019-06-02 11-19-41,455,21.8079,37.0699
2019-06-02 11-19-43,454,21.8079,37.0832
2019-06-02 11-19-45,454,21.7712,37.0699
2019-06-02 11-19-49,454,21.8094,37.1126
2019-06-02 11-19-51,454,21.7163,37.0699
2019-06-02 11-19-53,454,21.7896,37.0832
2019-06-02 11-19-55,454,21.6995,37.0699
2019-06-02 11-19-57,454,21.7712,37.0378
2019-06-02 11-19-59,454,21.8399,37.0378
2019-06-02 11-20-01,453,21.8369,36.9978
2019-06-02 11-20-03,452,21.8719,36.9818
2019-06-02 11-20-07,452,21.8735,37.0245
2019-06-02 11-20-09,451,21.8033,37.0111
2019-06-02 11-20-11,451,21.8582,37.0378
2019-06-02 11-20-13,451,21.7529,37.0539
2019-06-02 11-20-15,451,21.7712,37.0699
2019-06-02 11-20-17,451,21.7178,37.0832
2019-06-02 11-20-19,451,21.6995,37.0699
2019-06-02 11-20-23,451,21.7361,37.126
2019-06-02 11-20-25,451,21.6812,37.0832
2019-06-02 11-20-27,451,21.6492,37.1126
2019-06-02 11-20-29,451,21.666,37.0832
2019-06-02 11-20-31,451,21.7712,37.0699
2019-06-02 11-20-33,452,21.7529,37.0378
2019-06-02 11-20-35,452,21.7529,37.0539
2019-06-02 11-20-37,452,21.8216,37.0245
2019-06-02 11-20-41,452,21.7529,37.0539
2019-06-02 11-20-43,451,21.7545,37.0699
2019-06-02 11-20-45,451,21.7728,37.0832
2019-06-02 11-20-47,451,21.698,37.0539
2019-06-02 11-20-49,450,21.7896,37.0832
2019-06-02 11-20-51,450,21.7545,37.0832
2019-06-02 11-20-53,449,21.7346,37.0832
2019-06-02 11-20-55,449,21.7545,37.0832
2019-06-02 11-20-59,449,21.7361,37.0966
2019-06-02 11-21-01,448,21.7209,37.126
2019-06-02 11-21-03,448,21.6858,37.1393
2019-06-02 11-21-05,448,21.6675,37.1393
2019-06-02 11-21-07,448,21.6522,37.1527
2019-06-02 11-21-09,449,21.6675,37.126
2019-06-02 11-21-11,449,21.7361,37.0966
2019-06-02 11-21-15,449,21.6492,37.1126
2019-06-02 11-21-17,449,21.6522,37.1393
2019-06-02 11-21-19,449,21.6858,37.1393
2019-06-02 11-21-21,448,21.6171,37.1687
2019-06-02 11-21-23,448,21.6354,37.1687
2019-06-02 11-21-25,449,21.6522,37.1393
2019-06-02 11-21-27,448,21.7026,37.1126
2019-06-02 11-21-29,449,21.7209,37.126
2019-06-02 11-21-33,449,21.6675,37.126
2019-06-02 11-21-35,449,21.6675,37.1126
2019-06-02 11-21-37,449,21.6309,37.1126
2019-06-02 11-21-39,449,21.7041,37.1393
2019-06-02 11-21-41,448,21.6492,37.1126
2019-06-02 11-21-43,448,21.7026,37.1126
2019-06-02 11-21-45,448,21.666,37.0966
2019-06-02 11-21-47,448,21.7026,37.1126
2019-06-02 11-21-51,448,21.6812,37.0832
2019-06-02 11-21-53,448,21.7346,37.0699
2019-06-02 11-21-55,448,21.698,37.0539
2019-06-02 11-21-57,447,21.7346,37.0699
2019-06-02 11-21-59,447,21.7346,37.0699
2019-06-02 11-22-01,447,21.7529,37.0378
2019-06-02 11-22-03,447,21.7316,37.0378
2019-06-02 11-22-07,447,21.7316,37.0539
2019-06-02 11-22-09,447,21.7529,37.0539
2019-06-02 11-22-11,447,21.7133,37.0378
2019-06-02 11-22-13,447,21.7529,37.0378
2019-06-02 11-22-15,447,21.7316,37.0539
2019-06-02 11-22-17,446,21.7163,37.0699
2019-06-02 11-22-19,447,21.6995,37.0699
2019-06-02 11-22-21,447,21.7163,37.0699
2019-06-02 11-22-25,447,21.7529,37.0539
2019-06-02 11-22-27,448,21.7529,37.0378
2019-06-02 11-22-29,447,21.7529,37.0378
2019-06-02 11-22-31,448,21.7682,37.0111
2019-06-02 11-22-33,447,21.7667,36.9978
2019-06-02 11-22-35,448,21.7682,37.0111
2019-06-02 11-22-37,448,21.8735,37.0245
2019-06-02 11-22-39,448,21.8719,36.9978
2019-06-02 11-22-43,448,21.8948,37.0245
2019-06-02 11-22-45,448,21.8948,37.0245
2019-06-02 11-22-47,448,21.8399,37.0539
2019-06-02 11-22-49,448,21.8735,37.0245
2019-06-02 11-22-51,448,21.8735,37.0245
2019-06-02 11-22-53,448,21.8719,37.0111
2019-06-02 11-22-55,449,21.8185,36.9818
2019-06-02 11-22-59,448,21.8353,36.9818
2019-06-02 11-23-01,448,21.8506,36.9551
2019-06-02 11-23-03,448,21.8689,36.9684
2019-06-02 11-23-05,448,21.8353,36.9818
2019-06-02 11-23-07,448,21.785,36.9978
2019-06-02 11-23-09,448,21.8216,37.0111
2019-06-02 11-23-11,447,21.7865,37.0245
2019-06-02 11-23-13,447,21.785,36.9978
2019-06-02 11-23-17,447,21.8048,37.0378
2019-06-02 11-23-19,447,21.8033,37.0245
2019-06-02 11-23-21,447,21.8231,37.0539
2019-06-02 11-23-23,447,21.7163,37.0539
2019-06-02 11-23-25,447,21.7163,37.0539
2019-06-02 11-23-27,447,21.8048,37.0539
2019-06-02 11-23-29,448,21.7896,37.0539
2019-06-02 11-23-31,447,21.7865,37.0378
2019-06-02 11-23-35,448,21.8399,37.0378
2019-06-02 11-23-37,448,21.8552,37.0111
2019-06-02 11-23-39,448,21.8216,37.0111
2019-06-02 11-23-41,448,21.8033,37.0245
2019-06-02 11-23-43,448,21.8033,36.9978
2019-06-02 11-23-46,449,21.8033,36.9978
2019-06-02 11-23-48,449,21.73,37.0111
2019-06-02 11-23-52,449,21.8033,36.9978
2019-06-02 11-23-54,448,21.8185,36.9978
2019-06-02 11-23-56,447,21.7712,37.0539
2019-06-02 11-23-58,447,21.8048,37.0378
2019-06-02 11-24-00,447,21.7529,37.0245
2019-06-02 11-24-02,447,21.6949,37.0245
2019-06-02 11-24-04,447,21.7316,37.0539
2019-06-02 11-24-06,447,21.7712,37.0699
2019-06-02 11-24-10,447,21.7712,37.0378
2019-06-02 11-24-12,446,21.8582,37.0378
2019-06-02 11-24-14,446,21.8399,37.0245
2019-06-02 11-24-16,446,21.8552,37.0111
2019-06-02 11-24-18,446,21.7667,36.9978
2019-06-02 11-24-20,446,21.7865,37.0245
2019-06-02 11-24-22,446,21.7865,37.0245
2019-06-02 11-24-24,445,21.8033,37.0245
2019-06-02 11-24-28,446,21.8033,37.0111
2019-06-02 11-24-30,445,21.7896,37.0699
2019-06-02 11-24-32,444,21.8079,37.0699
2019-06-02 11-24-34,444,21.7178,37.0966
2019-06-02 11-24-36,443,21.8262,37.0966
2019-06-02 11-24-38,444,21.8277,37.1393
2019-06-02 11-24-40,443,21.6705,37.1527
2019-06-02 11-24-44,444,21.7224,37.1527
2019-06-02 11-24-46,444,21.7407,37.1687
2019-06-02 11-24-48,444,21.7255,37.2087
2019-06-02 11-24-50,444,21.7255,37.2087
2019-06-02 11-24-52,444,21.6537,37.1954
2019-06-02 11-24-54,445,21.6537,37.1954
2019-06-02 11-24-56,445,21.6354,37.182
2019-06-02 11-24-58,445,21.6705,37.1687
2019-06-02 11-25-02,446,21.5805,37.1687
2019-06-02 11-25-04,445,21.6339,37.126
2019-06-02 11-25-06,446,21.6858,37.1393
2019-06-02 11-25-08,445,21.6492,37.126
2019-06-02 11-25-10,445,21.6995,37.0966
2019-06-02 11-25-12,445,21.666,37.0966
2019-06-02 11-25-14,445,21.7545,37.0832
2019-06-02 11-25-16,445,21.6995,37.0699
2019-06-02 11-25-20,445,21.7178,37.0832
2019-06-02 11-25-22,444,21.7178,37.0832
2019-06-02 11-25-24,445,21.7545,37.0699
2019-06-02 11-25-26,444,21.8048,37.0539
2019-06-02 11-25-28,444,21.8216,37.0111
2019-06-02 11-25-30,444,21.8216,37.0245
2019-06-02 11-25-32,445,21.8369,36.9978
2019-06-02 11-25-36,445,21.8216,37.0245
2019-06-02 11-25-38,445,21.8216,37.0378
2019-06-02 11-25-40,445,21.7896,37.0539
2019-06-02 11-25-42,444,21.8262,37.0966
2019-06-02 11-25-44,445,21.7896,37.0832
2019-06-02 11-25-46,444,21.8231,37.0539
2019-06-02 11-25-48,444,21.7545,37.0832
2019-06-02 11-25-50,444,21.8079,37.0699
2019-06-02 11-25-54,444,21.8216,37.0245
2019-06-02 11-25-56,444,21.8033,37.0245
2019-06-02 11-25-58,444,21.8552,36.9978
2019-06-02 11-26-00,444,21.9421,36.9684
2019-06-02 11-26-02,444,21.9589,36.9551
2019-06-02 11-26-04,443,21.9238,36.9551
2019-06-02 11-26-06,443,21.9223,36.9257
2019-06-02 11-26-08,443,21.8872,36.939
2019-06-02 11-26-12,443,21.8674,36.939
2019-06-02 11-26-14,443,21.8552,36.9978
2019-06-02 11-26-16,443,21.8369,37.0111
2019-06-02 11-26-18,443,21.8216,37.0245
2019-06-02 11-26-20,443,21.8216,37.0378
2019-06-02 11-26-22,443,21.8079,37.0699
2019-06-02 11-26-24,443,21.8582,37.0378
2019-06-02 11-26-28,444,21.8216,37.0378
2019-06-02 11-26-30,443,21.9315,37.0699
2019-06-02 11-26-32,443,21.9147,37.0832
2019-06-02 11-26-34,444,21.8262,37.0832
2019-06-02 11-26-36,444,21.8399,37.0539
2019-06-02 11-26-38,444,21.8582,37.0699
2019-06-02 11-26-40,445,21.8765,37.0539
2019-06-02 11-26-42,445,21.8536,36.9818
2019-06-02 11-26-46,445,21.9269,36.9978
2019-06-02 11-26-48,445,21.9269,36.9818
2019-06-02 11-26-50,445,21.9238,36.939
2019-06-02 11-26-52,445,22.0276,36.939
2019-06-02 11-26-54,445,21.9421,36.9551
2019-06-02 11-26-56,444,21.9238,36.9551
2019-06-02 11-26-58,445,22.0108,36.9551
2019-06-02 11-27-02,445,21.9421,36.9818
2019-06-02 11-27-04,445,21.9955,36.9684
2019-06-02 11-27-06,445,21.9955,36.9684
2019-06-02 11-27-08,446,21.9421,36.9818
2019-06-02 11-27-10,446,21.9788,36.9818
2019-06-02 11-27-12,446,21.9955,36.9684
2019-06-02 11-27-14,445,21.9772,36.9684
2019-06-02 11-27-16,445,21.9421,36.9818
2019-06-02 11-27-20,446,21.9788,36.9978
2019-06-02 11-27-22,446,21.9467,37.0245
2019-06-02 11-27-24,446,21.9315,37.0699
2019-06-02 11-27-26,445,21.9147,37.0832
2019-06-02 11-27-28,445,21.8811,37.126
2019-06-02 11-27-30,445,21.8643,37.1527
2019-06-02 11-27-32,445,21.8811,37.1393
2019-06-02 11-27-34,445,21.8826,37.1687
2019-06-02 11-27-38,445,21.8323,37.2087
2019-06-02 11-27-40,445,21.8674,37.2087
2019-06-02 11-27-42,445,21.8536,37.2381
2019-06-02 11-27-44,445,21.8719,37.2515
2019-06-02 11-27-46,446,21.7667,37.2381
2019-06-02 11-27-48,446,21.8185,37.2515
2019-06-02 11-27-50,446,21.7621,37.1954
2019-06-02 11-27-54,446,21.817,37.2087
2019-06-02 11-27-56,446,21.7804,37.1954
2019-06-02 11-27-58,446,21.8124,37.1687
2019-06-02 11-28-00,446,21.8323,37.1954
2019-06-02 11-28-02,446,21.814,37.182
2019-06-02 11-28-04,446,21.8491,37.1687
2019-06-02 11-28-06,446,21.8323,37.2087
2019-06-02 11-28-08,446,21.7819,37.2248
2019-06-02 11-28-12,446,21.7987,37.1954
2019-06-02 11-28-14,445,21.7407,37.1954
2019-06-02 11-28-16,445,21.8323,37.1954
2019-06-02 11-28-18,445,21.7804,37.1954
2019-06-02 11-28-20,445,21.817,37.2248
2019-06-02 11-28-22,445,21.8323,37.1954
2019-06-02 11-28-24,445,21.7255,37.2087
2019-06-02 11-28-26,445,21.7667,37.2381
2019-06-02 11-28-30,445,21.727,37.2381
2019-06-02 11-28-32,445,21.7453,37.2515
2019-06-02 11-28-34,445,21.7667,37.2515
2019-06-02 11-28-36,445,21.7087,37.2087
2019-06-02 11-28-38,445,21.6904,37.2087
2019-06-02 11-28-40,445,21.6904,37.2248
2019-06-02 11-28-42,445,21.6751,37.2381
2019-06-02 11-28-46,444,21.6766,37.2648
2019-06-02 11-28-48,444,21.6583,37.2648
2019-06-02 11-28-50,445,21.6949,37.2648
2019-06-02 11-28-52,446,21.7117,37.2515
2019-06-02 11-28-54,447,21.7682,37.2808
2019-06-02 11-28-56,447,21.7117,37.2648
2019-06-02 11-28-58,444,21.7087,37.2381
2019-06-02 11-29-00,445,21.6385,37.2087
2019-06-02 11-29-04,443,21.7438,37.2248
2019-06-02 11-29-06,444,21.7621,37.182
2019-06-02 11-29-08,445,21.8094,37.126
2019-06-02 11-29-10,444,21.8262,37.1126
2019-06-02 11-29-12,444,21.9147,37.0832
2019-06-02 11-29-14,443,21.965,37.0378
2019-06-02 11-29-16,443,21.8948,37.0245
2019-06-02 11-29-18,444,21.9635,37.0111
2019-06-02 11-29-23,442,21.9269,36.9818
2019-06-02 11-29-25,441,21.9452,36.9978
2019-06-02 11-29-27,439,21.9788,36.9818
2019-06-02 11-29-29,438,21.9955,36.9818
2019-06-02 11-29-31,438,21.9604,36.9818
2019-06-02 11-29-33,438,22.0139,36.9684
2019-06-02 11-29-35,436,21.9818,37.0111
2019-06-02 11-29-39,436,22.0001,37.0539
2019-06-02 11-29-41,435,21.9498,37.0699
2019-06-02 11-29-43,436,21.8597,37.0966
2019-06-02 11-29-45,436,21.8994,37.1126
2019-06-02 11-29-47,437,21.8628,37.1126
2019-06-02 11-29-49,437,21.8643,37.1527
2019-06-02 11-29-51,437,21.7773,37.1687
2019-06-02 11-29-53,437,21.8491,37.182
2019-06-02 11-29-57,437,21.814,37.1954
2019-06-02 11-29-59,438,21.8674,37.2087
2019-06-02 11-30-01,438,21.8872,37.2515
2019-06-02 11-30-03,438,21.8369,37.2648
2019-06-02 11-30-05,438,21.73,37.2808
2019-06-02 11-30-07,440,21.7163,37.3236
2019-06-02 11-30-09,441,21.7499,37.3075
2019-06-02 11-30-11,441,21.6812,37.3236
2019-06-02 11-30-15,442,21.7163,37.3236
2019-06-02 11-30-17,442,21.7346,37.3236
2019-06-02 11-30-19,442,21.7163,37.3369
2019-06-02 11-30-21,442,21.6125,37.3636
2019-06-02 11-30-23,444,21.6675,37.393
2019-06-02 11-30-25,445,21.6476,37.3636
2019-06-02 11-30-27,445,21.6339,37.4063
2019-06-02 11-30-29,445,21.5256,37.393
2019-06-02 11-30-33,446,21.6171,37.4197
2019-06-02 11-30-35,447,21.5805,37.4357
2019-06-02 11-30-37,447,21.6339,37.4197
2019-06-02 11-30-39,447,21.5286,37.4357
2019-06-02 11-30-41,447,21.5469,37.4357
2019-06-02 11-30-43,447,21.5286,37.4491
2019-06-02 11-30-45,447,21.5469,37.4491
2019-06-02 11-30-49,447,21.5973,37.4357
2019-06-02 11-30-51,446,21.5836,37.4758
2019-06-02 11-30-53,446,21.5469,37.4624
2019-06-02 11-30-55,446,21.5469,37.4491
2019-06-02 11-30-57,447,21.4935,37.4624
2019-06-02 11-30-59,447,21.5302,37.4624
2019-06-02 11-31-01,448,21.4386,37.4624
2019-06-02 11-31-03,448,21.5988,37.4624
2019-06-02 11-31-07,448,21.4935,37.4624
2019-06-02 11-31-09,449,21.5469,37.4624
2019-06-02 11-31-11,448,21.5668,37.4918
2019-06-02 11-31-13,448,21.6217,37.4918
2019-06-02 11-31-15,448,21.5332,37.5051
2019-06-02 11-31-17,447,21.6019,37.4758
2019-06-02 11-31-19,447,21.5469,37.4624
2019-06-02 11-31-21,447,21.5652,37.4758
2019-06-02 11-31-25,447,21.5302,37.4758
2019-06-02 11-31-27,448,21.5836,37.4758
2019-06-02 11-31-29,448,21.5652,37.4624
2019-06-02 11-31-31,447,21.5622,37.4491
2019-06-02 11-31-33,447,21.5469,37.4491
2019-06-02 11-31-35,447,21.5302,37.4758
2019-06-02 11-31-37,447,21.6019,37.4758
2019-06-02 11-31-39,447,21.5485,37.4918
2019-06-02 11-31-43,448,21.5469,37.4491
2019-06-02 11-31-45,447,21.5652,37.4624
2019-06-02 11-31-47,447,21.5118,37.4491
2019-06-02 11-31-49,446,21.5118,37.4624
2019-06-02 11-31-51,446,21.5256,37.4197
2019-06-02 11-31-53,447,21.5439,37.4063
2019-06-02 11-31-55,447,21.5256,37.4063
2019-06-02 11-31-59,447,21.5439,37.4063
2019-06-02 11-32-01,447,21.5073,37.3796
2019-06-02 11-32-03,446,21.5942,37.3796
2019-06-02 11-32-05,446,21.5027,37.3369
2019-06-02 11-32-07,446,21.5744,37.3236
2019-06-02 11-32-09,445,21.5927,37.3369
2019-06-02 11-32-11,445,21.666,37.3503
2019-06-02 11-32-13,444,21.5897,37.3075
2019-06-02 11-32-17,444,21.6476,37.3636
2019-06-02 11-32-19,444,21.6476,37.3369
2019-06-02 11-32-21,443,21.6812,37.3503
2019-06-02 11-32-23,443,21.6492,37.393
2019-06-02 11-32-25,443,21.6476,37.3636
2019-06-02 11-32-27,443,21.6705,37.4197
2019-06-02 11-32-29,442,21.5973,37.4197
2019-06-02 11-32-31,442,21.579,37.4063
2019-06-02 11-32-35,442,21.5973,37.4197
2019-06-02 11-32-37,442,21.5805,37.4357
2019-06-02 11-32-39,442,21.5805,37.4491
2019-06-02 11-32-41,442,21.5805,37.4491
2019-06-02 11-32-43,442,21.6705,37.4357
2019-06-02 11-32-45,442,21.6705,37.4357
2019-06-02 11-32-47,441,21.6858,37.4063
2019-06-02 11-32-49,441,21.6522,37.4063
2019-06-02 11-32-53,440,21.6171,37.4197
2019-06-02 11-32-55,440,21.6385,37.4758
2019-06-02 11-32-57,441,21.6202,37.4758
2019-06-02 11-32-59,441,21.6019,37.4918
2019-06-02 11-33-01,441,21.6568,37.4758
2019-06-02 11-33-03,442,21.5988,37.4491
2019-06-02 11-33-05,441,21.6385,37.4624
2019-06-02 11-33-09,440,21.5988,37.4624
2019-06-02 11-33-11,440,21.5622,37.4491
2019-06-02 11-33-13,440,21.5286,37.4491
2019-06-02 11-33-15,440,21.5652,37.4758
2019-06-02 11-33-17,440,21.6019,37.4758
2019-06-02 11-33-19,440,21.5652,37.4624
2019-06-02 11-33-21,441,21.5652,37.4758
2019-06-02 11-33-23,440,21.4966,37.4758
2019-06-02 11-33-27,441,21.4615,37.4918
2019-06-02 11-33-29,441,21.4783,37.4758
2019-06-02 11-33-31,441,21.5118,37.4758
2019-06-02 11-33-33,441,21.4386,37.4491
2019-06-02 11-33-35,441,21.4615,37.4918
2019-06-02 11-33-37,441,21.4981,37.5051
2019-06-02 11-33-39,440,21.4417,37.5051
2019-06-02 11-33-41,440,21.5164,37.5345
2019-06-02 11-33-45,441,21.4249,37.5051
2019-06-02 11-33-47,441,21.4798,37.4918
2019-06-02 11-33-49,441,21.4066,37.5051
2019-06-02 11-33-51,441,21.4417,37.5051
2019-06-02 11-33-53,441,21.4783,37.4624
2019-06-02 11-33-55,441,21.4417,37.4918
2019-06-02 11-33-57,441,21.4966,37.4758
2019-06-02 11-33-59,441,21.5118,37.4624
2019-06-02 11-34-03,441,21.4935,37.4491
2019-06-02 11-34-05,440,21.5302,37.4624
2019-06-02 11-34-07,440,21.5485,37.4758
2019-06-02 11-34-09,440,21.5485,37.4758
2019-06-02 11-34-11,440,21.4417,37.4918
2019-06-02 11-34-13,440,21.5851,37.5051
2019-06-02 11-34-15,440,21.5118,37.4491
2019-06-02 11-34-19,440,21.5302,37.4918
2019-06-02 11-34-21,439,21.5118,37.4624
2019-06-02 11-34-23,439,21.5469,37.4357
2019-06-02 11-34-25,439,21.5622,37.4491
2019-06-02 11-34-27,438,21.5286,37.4357
2019-06-02 11-34-29,438,21.5073,37.4063
2019-06-02 11-34-31,438,21.5286,37.4357
2019-06-02 11-34-33,437,21.579,37.4197
2019-06-02 11-34-37,437,21.579,37.4063
2019-06-02 11-34-39,437,21.5607,37.4063
2019-06-02 11-34-41,437,21.5286,37.4491
2019-06-02 11-34-43,436,21.4935,37.4491
2019-06-02 11-34-45,436,21.4615,37.4918
2019-06-02 11-34-47,436,21.4966,37.4758
2019-06-02 11-34-49,436,21.4386,37.4624
2019-06-02 11-34-52,436,21.4783,37.4758
2019-06-02 11-34-56,437,21.5332,37.5051
2019-06-02 11-34-58,437,21.373,37.5212
2019-06-02 11-35-00,437,21.3745,37.5345
2019-06-02 11-35-02,438,21.4096,37.5345
2019-06-02 11-35-04,438,21.3928,37.5505
2019-06-02 11-35-06,438,21.3913,37.5345
2019-06-02 11-35-08,437,21.4432,37.5212
2019-06-02 11-35-12,438,21.3913,37.5051
2019-06-02 11-35-14,438,21.3913,37.5212
2019-06-02 11-35-16,438,21.4066,37.5051
2019-06-02 11-35-18,438,21.4432,37.5212
2019-06-02 11-35-20,439,21.3882,37.4918
2019-06-02 11-35-22,439,21.4417,37.4758
2019-06-02 11-35-24,439,21.4386,37.4491
2019-06-02 11-35-26,439,21.4569,37.4197
2019-06-02 11-35-30,439,21.492,37.4197
2019-06-02 11-35-32,439,21.5103,37.4357
2019-06-02 11-35-34,438,21.4935,37.4491
2019-06-02 11-35-36,438,21.4752,37.4491
2019-06-02 11-35-38,438,21.5286,37.4491
2019-06-02 11-35-40,438,21.4783,37.4624
2019-06-02 11-35-42,438,21.4752,37.4491
2019-06-02 11-35-44,438,21.4783,37.4624
2019-06-02 11-35-48,438,21.5149,37.5051
2019-06-02 11-35-50,438,21.4798,37.4918
2019-06-02 11-35-52,439,21.4233,37.4624
2019-06-02 11-35-54,438,21.4386,37.4624
2019-06-02 11-35-56,438,21.4615,37.4918
2019-06-02 11-35-58,438,21.4798,37.4918
2019-06-02 11-36-00,438,21.4966,37.4758
2019-06-02 11-36-04,437,21.4935,37.4491
2019-06-02 11-36-06,438,21.4935,37.4491
2019-06-02 11-36-08,438,21.5118,37.4624
2019-06-02 11-36-10,438,21.5256,37.393
2019-06-02 11-36-12,438,21.5256,37.4197
2019-06-02 11-36-14,438,21.5073,37.393
2019-06-02 11-36-16,438,21.5256,37.393
2019-06-02 11-36-18,439,21.5057,37.3636
2019-06-02 11-36-22,439,21.5897,37.3236
2019-06-02 11-36-24,439,21.6446,37.3236
2019-06-02 11-36-26,439,21.6446,37.2942
2019-06-02 11-36-28,439,21.6431,37.2648
2019-06-02 11-36-30,438,21.6446,37.2942
2019-06-02 11-36-32,439,21.6949,37.2808
2019-06-02 11-36-34,438,21.6446,37.3075
2019-06-02 11-36-36,438,21.5714,37.2942
2019-06-02 11-36-40,437,21.611,37.3075
2019-06-02 11-36-42,437,21.6629,37.3236
2019-06-02 11-36-44,437,21.5744,37.3236
2019-06-02 11-36-46,437,21.5881,37.2648
2019-06-02 11-36-48,437,21.6583,37.2648
2019-06-02 11-36-50,437,21.7667,37.2648
2019-06-02 11-36-52,437,21.7453,37.2381
2019-06-02 11-36-54,437,21.7667,37.2515
2019-06-02 11-36-58,438,21.8002,37.2515
2019-06-02 11-37-00,438,21.7819,37.2248
2019-06-02 11-37-02,438,21.7804,37.1954
2019-06-02 11-37-04,438,21.7758,37.1393
2019-06-02 11-37-06,438,21.7941,37.126
2019-06-02 11-37-08,437,21.8628,37.126
2019-06-02 11-37-10,437,21.8445,37.0966
2019-06-02 11-37-12,437,21.8765,37.0832
2019-06-02 11-37-16,437,21.9635,36.9978
2019-06-02 11-37-18,438,21.9955,36.9818
2019-06-02 11-37-20,437,22.0276,36.939
2019-06-02 11-37-22,438,22.0642,36.899
2019-06-02 11-37-24,438,22.0612,36.8696
2019-06-02 11-37-26,438,22.0932,36.8269
2019-06-02 11-37-28,437,22.1298,36.8429
2019-06-02 11-37-30,437,22.1481,36.8563
2019-06-02 11-37-34,436,22.0779,36.8429
2019-06-02 11-37-36,436,22.11,36.8269
2019-06-02 11-37-38,437,22.1786,36.8002
2019-06-02 11-37-40,436,22.1985,36.7868
2019-06-02 11-37-42,436,22.2305,36.7708
2019-06-02 11-37-44,436,22.2488,36.7708
2019-06-02 11-37-46,437,22.2153,36.7708
2019-06-02 11-37-50,436,22.2839,36.7575
2019-06-02 11-37-52,436,22.3724,36.7441
2019-06-02 11-37-54,436,22.4228,36.7147
2019-06-02 11-37-56,436,22.3526,36.688
2019-06-02 11-37-58,436,22.4045,36.7147
2019-06-02 11-38-00,436,22.4045,36.7147
2019-06-02 11-38-02,436,22.3892,36.7147
2019-06-02 11-38-04,436,22.4258,36.7441
2019-06-02 11-38-08,436,22.3907,36.7708
2019-06-02 11-38-10,436,22.3755,36.7708
2019-06-02 11-38-12,436,22.3251,36.8429
2019-06-02 11-38-14,436,22.2885,36.8269
2019-06-02 11-38-16,435,22.1832,36.8563
2019-06-02 11-38-18,436,22.2244,36.899
2019-06-02 11-38-20,436,22.1512,36.899
2019-06-02 11-38-22,436,22.1512,36.9123
2019-06-02 11-38-26,436,22.1848,36.9123
2019-06-02 11-38-28,437,22.1893,36.9551
2019-06-02 11-38-30,437,22.1329,36.899
2019-06-02 11-38-32,437,22.2061,36.899
2019-06-02 11-38-34,437,22.2061,36.9123
2019-06-02 11-38-36,437,22.2397,36.899
2019-06-02 11-38-38,438,22.2214,36.8696
2019-06-02 11-38-42,438,22.2015,36.8429
2019-06-02 11-38-44,439,22.29,36.8563
2019-06-02 11-38-46,439,22.2214,36.8696
2019-06-02 11-38-48,439,22.2717,36.8429
2019-06-02 11-38-50,439,22.2519,36.8135
2019-06-02 11-38-52,439,22.2885,36.8135
2019-06-02 11-38-54,440,22.2855,36.8002
2019-06-02 11-38-56,440,22.3434,36.8135
2019-06-02 11-39-00,439,22.3221,36.8135
2019-06-02 11-39-02,439,22.3068,36.8563
2019-06-02 11-39-04,439,22.2717,36.8429
2019-06-02 11-39-06,439,22.2717,36.8429
2019-06-02 11-39-08,439,22.3221,36.8135
2019-06-02 11-39-10,439,22.2702,36.8135
2019-06-02 11-39-12,439,22.3953,36.8135
2019-06-02 11-39-14,439,22.3206,36.8002
2019-06-02 11-39-18,439,22.377,36.8135
2019-06-02 11-39-20,440,22.377,36.8135
2019-06-02 11-39-22,440,22.3434,36.8135
2019-06-02 11-39-24,440,22.3221,36.8269
2019-06-02 11-39-26,440,22.3434,36.8429
2019-06-02 11-39-28,440,22.3068,36.8429
2019-06-02 11-39-30,440,22.3251,36.8429
2019-06-02 11-39-32,440,22.3801,36.8429
2019-06-02 11-39-36,440,22.2885,36.8429
2019-06-02 11-39-39,439,22.3434,36.8429
2019-06-02 11-39-41,439,22.29,36.8696
2019-06-02 11-39-43,438,22.226,36.9551
2019-06-02 11-39-45,438,22.2107,36.9684
2019-06-02 11-39-47,438,22.1893,36.9684
2019-06-02 11-39-49,439,22.1573,36.9978
2019-06-02 11-39-51,438,22.2107,36.9818
2019-06-02 11-39-55,438,22.2107,36.9818
2019-06-02 11-39-57,439,22.1237,37.0111
2019-06-02 11-39-59,439,22.139,37.0111
2019-06-02 11-40-01,439,22.1069,37.0378
2019-06-02 11-40-03,439,22.139,37.0111
2019-06-02 11-40-05,440,22.1603,37.0378
2019-06-02 11-40-07,440,22.142,37.0378
2019-06-02 11-40-11,440,22.1786,37.0699
2019-06-02 11-40-13,441,22.11,37.0699
2019-06-02 11-40-15,442,22.1436,37.0699
2019-06-02 11-40-17,443,22.0749,37.0966
2019-06-02 11-40-19,443,22.11,37.0832
2019-06-02 11-40-21,444,22.1069,37.0539
2019-06-02 11-40-23,444,22.0871,37.0111
2019-06-02 11-40-25,445,22.139,36.9818
2019-06-02 11-40-29,444,22.1878,36.9257
2019-06-02 11-40-31,444,22.171,36.939
2019-06-02 11-40-33,443,22.2244,36.9257
2019-06-02 11-40-35,442,22.2427,36.9257
2019-06-02 11-40-37,442,22.1878,36.939
2019-06-02 11-40-39,441,22.171,36.9551
2019-06-02 11-40-41,442,22.2931,36.9123
2019-06-02 11-40-43,442,22.258,36.899
2019-06-02 11-40-47,441,22.1329,36.899
2019-06-02 11-40-49,441,22.2931,36.883
2019-06-02 11-40-51,440,22.3297,36.9257
2019-06-02 11-40-53,440,22.3114,36.899
2019-06-02 11-40-55,440,22.2931,36.9123
2019-06-02 11-40-57,439,22.2427,36.9257
2019-06-02 11-40-59,439,22.261,36.9257
2019-06-02 11-41-03,439,22.2107,36.9551
2019-06-02 11-41-05,439,22.1893,36.9684
2019-06-02 11-41-07,438,22.139,37.0111
2019-06-02 11-41-09,439,22.1756,37.0111
2019-06-02 11-41-11,439,22.1252,37.0699
2019-06-02 11-41-13,440,22.1436,37.0832
2019-06-02 11-41-15,441,22.11,37.0966
2019-06-02 11-41-17,441,22.0932,37.0966
2019-06-02 11-41-21,441,22.023,37.1126
2019-06-02 11-41-23,442,22.023,37.126
2019-06-02 11-41-25,442,21.991,37.1527
2019-06-02 11-41-27,442,21.9879,37.1393
2019-06-02 11-41-29,442,22.0413,37.1527
2019-06-02 11-41-31,442,22.0093,37.1954
2019-06-02 11-41-33,442,22.0093,37.1954
2019-06-02 11-41-35,442,21.9376,37.182
2019-06-02 11-41-39,442,21.8826,37.1687
2019-06-02 11-41-41,442,21.9376,37.182
2019-06-02 11-41-43,442,21.9193,37.1687
2019-06-02 11-41-45,441,21.9376,37.1687
2019-06-02 11-41-47,441,21.936,37.1393
2019-06-02 11-41-49,442,21.9559,37.182
2019-06-02 11-41-51,442,21.9223,37.182
2019-06-02 11-41-55,442,21.9376,37.1687
2019-06-02 11-41-57,441,21.9193,37.1687
2019-06-02 11-41-59,441,21.9742,37.1954
2019-06-02 11-42-01,442,21.9406,37.1954
2019-06-02 11-42-03,442,21.8674,37.1954
2019-06-02 11-42-05,443,21.8826,37.182
2019-06-02 11-42-07,444,21.8491,37.182
2019-06-02 11-42-09,444,21.9238,37.2087
2019-06-02 11-42-13,444,21.8857,37.2087
2019-06-02 11-42-15,444,21.9055,37.2087
2019-06-02 11-42-17,443,21.8872,37.2381
2019-06-02 11-42-19,443,21.8033,37.2648
2019-06-02 11-42-21,444,21.8369,37.2648
2019-06-02 11-42-23,444,21.8353,37.2515
2019-06-02 11-42-25,444,21.8002,37.2515
2019-06-02 11-42-27,444,21.785,37.2515
2019-06-02 11-42-31,444,21.8216,37.2808
2019-06-02 11-42-33,444,21.8216,37.2808
2019-06-02 11-42-35,443,21.785,37.2648
2019-06-02 11-42-37,444,21.7667,37.2381
2019-06-02 11-42-39,444,21.785,37.2648
2019-06-02 11-42-41,444,21.817,37.2248
2019-06-02 11-42-43,444,21.8506,37.2248
2019-06-02 11-42-45,444,21.8674,37.2087
2019-06-02 11-42-49,444,21.8506,37.2248
2019-06-02 11-42-51,444,21.8002,37.2381
2019-06-02 11-42-53,444,21.8002,37.2381
2019-06-02 11-42-55,443,21.8903,37.2648
2019-06-02 11-42-57,444,21.8323,37.2087
2019-06-02 11-42-59,444,21.7819,37.2248
2019-06-02 11-43-01,444,21.7667,37.2381
2019-06-02 11-43-05,444,21.817,37.2248
2019-06-02 11-43-07,444,21.8002,37.2515
2019-06-02 11-43-09,444,21.8002,37.2515
2019-06-02 11-43-11,445,21.817,37.2248
2019-06-02 11-43-13,445,21.8674,37.2087
2019-06-02 11-43-15,445,21.8826,37.182
2019-06-02 11-43-17,444,21.9193,37.1527
2019-06-02 11-43-19,444,21.904,37.1687
2019-06-02 11-43-23,444,21.9376,37.1687
2019-06-02 11-43-25,444,21.9376,37.182
2019-06-02 11-43-27,444,21.8857,37.2087
2019-06-02 11-43-29,444,21.8323,37.1954
2019-06-02 11-43-31,445,21.8674,37.1954
2019-06-02 11-43-33,445,21.9223,37.1954
2019-06-02 11-43-35,444,21.8826,37.1687
2019-06-02 11-43-37,445,21.9376,37.182
2019-06-02 11-43-41,446,21.9406,37.1954
2019-06-02 11-43-43,447,22.0062,37.1527
2019-06-02 11-43-45,446,22.0062,37.1393
2019-06-02 11-43-47,445,22.023,37.126
2019-06-02 11-43-49,445,22.0779,37.126
2019-06-02 11-43-51,444,22.0749,37.0966
2019-06-02 11-43-53,445,22.1436,37.0699
2019-06-02 11-43-57,444,22.1069,37.0378
2019-06-02 11-43-59,443,22.1619,37.0699
2019-06-02 11-44-01,443,22.1939,37.0539
2019-06-02 11-44-03,442,22.1619,37.0832
2019-06-02 11-44-05,442,22.1619,37.0832
2019-06-02 11-44-07,441,22.0779,37.126
2019-06-02 11-44-09,441,22.0612,37.1393
2019-06-02 11-44-11,443,22.0749,37.0832
2019-06-02 11-44-15,443,22.1252,37.0378
2019-06-02 11-44-17,443,22.142,37.0245
2019-06-02 11-44-19,442,22.261,36.9551
2019-06-02 11-44-21,442,22.2946,36.939
2019-06-02 11-44-23,442,22.3297,36.9257
2019-06-02 11-44-25,442,22.3816,36.899
2019-06-02 11-44-27,441,22.403,36.939
2019-06-02 11-44-31,441,22.3709,36.9684
2019-06-02 11-44-33,440,22.2992,37.0111
2019-06-02 11-44-35,440,22.3038,37.0832
2019-06-02 11-44-37,440,22.2519,37.0699
2019-06-02 11-44-39,440,22.2672,37.0378
2019-06-02 11-44-41,441,22.1436,37.0539
2019-06-02 11-44-43,442,22.1786,37.0699
2019-06-02 11-44-45,441,22.1939,37.0245
2019-06-02 11-44-49,441,22.2122,37.0111
2019-06-02 11-44-51,442,22.2305,37.0111
2019-06-02 11-44-53,442,22.261,36.9551
2019-06-02 11-44-55,443,22.2763,36.9123
2019-06-02 11-44-57,442,22.2763,36.9257
2019-06-02 11-44-59,442,22.2931,36.9123
2019-06-02 11-45-01,442,22.2748,36.883
2019-06-02 11-45-03,441,22.348,36.899
2019-06-02 11-45-07,441,22.3267,36.883
2019-06-02 11-45-09,440,22.2748,36.899
2019-06-02 11-45-11,440,22.3495,36.9123
2019-06-02 11-45-13,440,22.3495,36.9123
2019-06-02 11-45-15,440,22.348,36.899
2019-06-02 11-45-17,440,22.345,36.8696
2019-06-02 11-45-19,439,22.3801,36.8563
2019-06-02 11-45-23,439,22.467,36.8429
2019-06-02 11-45-25,439,22.4304,36.8269
2019-06-02 11-45-27,439,22.4136,36.8429
2019-06-02 11-45-29,439,22.4686,36.8696
2019-06-02 11-45-31,438,22.3816,36.883
2019-06-02 11-45-33,438,22.3999,36.899
2019-06-02 11-45-35,438,22.3679,36.9257
2019-06-02 11-45-38,438,22.3679,36.939
2019-06-02 11-45-42,438,22.3297,36.939
2019-06-02 11-45-44,438,22.3526,36.9551
2019-06-02 11-45-46,438,22.3526,36.9684
2019-06-02 11-45-48,438,22.3999,36.899
2019-06-02 11-45-50,439,22.4533,36.9123
2019-06-02 11-45-52,439,22.3999,36.883
2019-06-02 11-45-54,440,22.4365,36.9123
2019-06-02 11-45-56,440,22.3679,36.939
2019-06-02 11-46-00,440,22.3862,36.939
2019-06-02 11-46-02,440,22.3495,36.939
2019-06-02 11-46-04,440,22.3709,36.9684
2019-06-02 11-46-06,440,22.3343,36.9818
2019-06-02 11-46-08,440,22.2656,37.0111
2019-06-02 11-46-10,440,22.2488,37.0245
2019-06-02 11-46-12,441,22.1573,37.0111
2019-06-02 11-46-14,441,22.1375,36.9684
2019-06-02 11-46-18,441,22.226,36.939
2019-06-02 11-46-20,441,22.2931,36.9123
2019-06-02 11-46-22,441,22.2748,36.899
2019-06-02 11-46-24,441,22.2244,36.899
2019-06-02 11-46-26,441,22.2748,36.883
2019-06-02 11-46-28,441,22.3267,36.899
2019-06-02 11-46-30,441,22.3083,36.8696
2019-06-02 11-46-34,441,22.2763,36.9123
2019-06-02 11-46-36,441,22.3114,36.9257
2019-06-02 11-46-38,441,22.261,36.9257
2019-06-02 11-46-40,441,22.3114,36.9257
2019-06-02 11-46-42,441,22.3846,36.9123
2019-06-02 11-46-44,442,22.3297,36.9123
2019-06-02 11-46-46,442,22.3495,36.9123
2019-06-02 11-46-48,442,22.3267,36.883
2019-06-02 11-46-52,442,22.2763,36.9257
2019-06-02 11-46-54,442,22.3267,36.899
2019-06-02 11-46-56,441,22.345,36.8696
2019-06-02 11-46-58,441,22.3251,36.8696
2019-06-02 11-47-00,441,22.348,36.883
2019-06-02 11-47-02,441,22.3068,36.8563
2019-06-02 11-47-04,441,22.3801,36.8696
2019-06-02 11-47-06,441,22.3801,36.8563
2019-06-02 11-47-10,441,22.3618,36.8429
2019-06-02 11-47-12,441,22.3801,36.8429
2019-06-02 11-47-14,441,22.4091,36.7708
2019-06-02 11-47-16,441,22.3938,36.7868
2019-06-02 11-47-18,441,22.4091,36.7868
2019-06-02 11-47-20,441,22.4625,36.7708
2019-06-02 11-47-22,442,22.3404,36.7868
2019-06-02 11-47-26,442,22.3938,36.8002
2019-06-02 11-47-28,442,22.4625,36.7868
2019-06-02 11-47-30,442,22.4777,36.7708
2019-06-02 11-47-32,441,22.4991,36.7575
2019-06-02 11-47-34,441,22.5357,36.8002
2019-06-02 11-47-36,440,22.4823,36.8429
2019-06-02 11-47-38,440,22.4686,36.8696
2019-06-02 11-47-40,439,22.4365,36.9123
2019-06-02 11-47-44,439,22.4548,36.939
2019-06-02 11-47-46,440,22.3862,36.939
2019-06-02 11-47-48,440,22.2977,36.9818
2019-06-02 11-47-50,440,22.3541,36.9978
2019-06-02 11-47-52,440,22.2473,36.9978
2019-06-02 11-47-54,440,22.3312,36.9684
2019-06-02 11-47-56,440,22.3846,36.9257
2019-06-02 11-48-00,440,22.403,36.9257
2019-06-02 11-48-02,440,22.3862,36.939
2019-06-02 11-48-04,441,22.3709,36.9684
2019-06-02 11-48-06,441,22.3541,36.9978
2019-06-02 11-48-08,442,22.3343,37.0111
2019-06-02 11-48-10,442,22.3358,37.0378
2019-06-02 11-48-12,442,22.3175,37.0245
2019-06-02 11-48-14,442,22.2992,37.0111
2019-06-02 11-48-18,442,22.2839,37.0245
2019-06-02 11-48-20,442,22.3022,37.0539
2019-06-02 11-48-22,442,22.2672,37.0378
2019-06-02 11-48-24,442,22.2153,37.0245
2019-06-02 11-48-26,442,22.2519,37.0539
2019-06-02 11-48-28,443,22.1802,37.0832
2019-06-02 11-48-30,443,22.2702,37.0966
2019-06-02 11-48-32,443,22.1436,37.0699
2019-06-02 11-48-36,443,22.2702,37.0966
2019-06-02 11-48-38,443,22.2519,37.0832
2019-06-02 11-48-40,444,22.1802,37.0832
2019-06-02 11-48-42,444,22.2702,37.0699
2019-06-02 11-48-44,445,22.2336,37.0378
2019-06-02 11-48-46,445,22.2153,37.0378
2019-06-02 11-48-48,445,22.2473,37.0111
2019-06-02 11-48-52,445,22.2809,36.9818
2019-06-02 11-48-54,446,22.2626,36.9684
2019-06-02 11-48-56,445,22.3297,36.939
2019-06-02 11-48-58,445,22.3679,36.9551
2019-06-02 11-49-00,445,22.3679,36.9551
2019-06-02 11-49-02,445,22.3312,36.9551
2019-06-02 11-49-04,444,22.3862,36.9684
2019-06-02 11-49-06,445,22.3724,36.9978
2019-06-02 11-49-10,445,22.3297,36.939
2019-06-02 11-49-12,445,22.3862,36.9551
2019-06-02 11-49-14,445,22.403,36.9257
2019-06-02 11-49-16,445,22.4182,36.9257
2019-06-02 11-49-18,444,22.3862,36.939
2019-06-02 11-49-20,444,22.4213,36.939
2019-06-02 11-49-22,445,22.4213,36.939
2019-06-02 11-49-24,445,22.3679,36.9257
2019-06-02 11-49-28,444,22.4716,36.9123
2019-06-02 11-49-30,444,22.3999,36.899
2019-06-02 11-49-32,445,22.4854,36.8696
2019-06-02 11-49-34,445,22.5189,36.8135
2019-06-02 11-49-36,444,22.554,36.8002
2019-06-02 11-49-38,444,22.6227,36.7868
2019-06-02 11-49-40,444,22.6044,36.7575
2019-06-02 11-49-42,444,22.6746,36.7441
2019-06-02 11-49-46,444,22.6913,36.7441
2019-06-02 11-49-48,444,22.673,36.7308
2019-06-02 11-49-50,444,22.6364,36.7308
2019-06-02 11-49-52,444,22.673,36.7308
2019-06-02 11-49-54,444,22.6883,36.688
2019-06-02 11-49-56,444,22.7234,36.688
2019-06-02 11-49-58,444,22.6883,36.688
2019-06-02 11-50-02,443,22.7249,36.7147
2019-06-02 11-50-04,443,22.6929,36.7708
2019-06-02 11-50-06,443,22.6044,36.7575
2019-06-02 11-50-08,443,22.6089,36.8269
2019-06-02 11-50-10,443,22.4487,36.8429
2019-06-02 11-50-12,443,22.5235,36.883
2019-06-02 11-50-14,444,22.4686,36.899
2019-06-02 11-50-16,444,22.4686,36.899
2019-06-02 11-50-20,444,22.4182,36.9257
2019-06-02 11-50-22,444,22.4045,36.9551
2019-06-02 11-50-24,444,22.4213,36.939
2019-06-02 11-50-26,445,22.4213,36.939
2019-06-02 11-50-28,444,22.4365,36.939
2019-06-02 11-50-30,444,22.3724,36.9978
2019-06-02 11-50-32,445,22.3343,37.0111
2019-06-02 11-50-34,445,22.3907,37.0245
2019-06-02 11-50-38,445,22.3206,37.0378
2019-06-02 11-50-40,445,22.2488,37.0245
2019-06-02 11-50-42,445,22.2672,37.0378
2019-06-02 11-50-44,445,22.2672,37.0378
2019-06-02 11-50-46,445,22.2839,37.0111
2019-06-02 11-50-48,445,22.3022,37.0245
2019-06-02 11-50-50,445,22.3892,36.9818
2019-06-02 11-50-54,445,22.4213,36.9551
2019-06-02 11-50-56,446,22.4045,36.9818
2019-06-02 11-50-58,446,22.3709,36.9818
2019-06-02 11-51-00,445,22.3724,36.9978
2019-06-02 11-51-02,445,22.3892,36.9978
2019-06-02 11-51-04,444,22.3724,37.0111
2019-06-02 11-51-06,444,22.3175,37.0111
2019-06-02 11-51-08,444,22.3206,37.0378
2019-06-02 11-51-12,444,22.3907,37.0245
2019-06-02 11-51-14,445,22.316,36.9978
2019-06-02 11-51-16,445,22.3572,37.0378
2019-06-02 11-51-18,445,22.3572,37.0378
2019-06-02 11-51-20,444,22.3572,37.0378
2019-06-02 11-51-23,444,22.3541,37.0111
2019-06-02 11-51-25,444,22.3022,37.0378
2019-06-02 11-51-27,445,22.3038,37.0699
2019-06-02 11-51-31,445,22.3038,37.0832
2019-06-02 11-51-33,444,22.3068,37.0966
2019-06-02 11-51-35,444,22.2534,37.0966
2019-06-02 11-51-37,444,22.2198,37.126
2019-06-02 11-51-39,444,22.2748,37.1527
2019-06-02 11-51-41,444,22.2198,37.126
2019-06-02 11-51-43,445,22.1329,37.1687
2019-06-02 11-51-47,445,22.2031,37.1954
2019-06-02 11-51-49,445,22.1161,37.1954
2019-06-02 11-51-51,445,22.1527,37.1954
2019-06-02 11-51-53,446,22.1527,37.2087
2019-06-02 11-51-55,447,22.1024,37.2248
2019-06-02 11-51-57,447,22.1024,37.2381
2019-06-02 11-51-59,447,22.0703,37.2808
2019-06-02 11-52-01,447,22.1054,37.2648
2019-06-02 11-52-05,447,22.0505,37.2808
2019-06-02 11-52-07,447,22.1069,37.3075
2019-06-02 11-52-09,447,22.0886,37.2942
2019-06-02 11-52-11,447,22.0337,37.2942
2019-06-02 11-52-13,448,22.0184,37.3075
2019-06-02 11-52-15,447,22.0001,37.3236
2019-06-02 11-52-17,447,22.0001,37.3236
2019-06-02 11-52-19,447,21.9681,37.3636
2019-06-02 11-52-23,447,21.933,37.3636
2019-06-02 11-52-25,447,21.9681,37.3503
2019-06-02 11-52-27,448,21.9818,37.3075
2019-06-02 11-52-29,448,22.0139,37.2648
2019-06-02 11-52-31,448,22.0139,37.2381
2019-06-02 11-52-33,448,22.0688,37.2381
2019-06-02 11-52-35,448,22.084,37.2381
2019-06-02 11-52-39,448,22.1191,37.2248
2019-06-02 11-52-41,448,22.1191,37.2087
2019-06-02 11-52-43,449,22.1161,37.1687
2019-06-02 11-52-45,449,22.2015,37.1393
2019-06-02 11-52-47,449,22.1466,37.0966
2019-06-02 11-52-49,449,22.2351,37.0832
2019-06-02 11-52-51,449,22.3068,37.0966
2019-06-02 11-52-53,448,22.2534,37.1126
2019-06-02 11-52-57,448,22.2702,37.0699
2019-06-02 11-52-59,448,22.3038,37.0832
2019-06-02 11-53-01,447,22.2672,37.0539
2019-06-02 11-53-03,447,22.3206,37.0378
2019-06-02 11-53-05,447,22.3022,37.0245
2019-06-02 11-53-07,447,22.2992,37.0111
2019-06-02 11-53-09,447,22.316,36.9978
2019-06-02 11-53-11,447,22.3175,37.0111
2019-06-02 11-53-15,447,22.3175,37.0111
2019-06-02 11-53-17,446,22.3343,36.9818
2019-06-02 11-53-19,446,22.3907,37.0378
2019-06-02 11-53-21,446,22.3206,37.0378
2019-06-02 11-53-23,445,22.3206,37.0699
2019-06-02 11-53-25,445,22.2702,37.0699
2019-06-02 11-53-27,445,22.3038,37.0832
2019-06-02 11-53-31,445,22.2198,37.1126
2019-06-02 11-53-33,445,22.2748,37.1527
2019-06-02 11-53-35,446,22.1848,37.1527
2019-06-02 11-53-37,446,22.2015,37.1527
2019-06-02 11-53-39,446,22.1664,37.1393
2019-06-02 11-53-41,446,22.2015,37.1393
2019-06-02 11-53-43,445,22.1985,37.1126
2019-06-02 11-53-45,445,22.2168,37.0699
2019-06-02 11-53-49,445,22.2168,37.0699
2019-06-02 11-53-51,445,22.2702,37.0832
2019-06-02 11-53-53,445,22.1985,37.0966
2019-06-02 11-53-55,445,22.1603,37.0539
2019-06-02 11-53-57,445,22.2168,37.0832
2019-06-02 11-53-59,444,22.2519,37.0539
2019-06-02 11-54-01,444,22.3206,37.0699
2019-06-02 11-54-05,444,22.2336,37.0699
2019-06-02 11-54-07,444,22.3038,37.0699
2019-06-02 11-54-09,443,22.3038,37.0832
2019-06-02 11-54-11,443,22.2885,37.0966
2019-06-02 11-54-13,442,22.2351,37.0966
2019-06-02 11-54-15,443,22.2717,37.1126
2019-06-02 11-54-17,443,22.2885,37.0966
2019-06-02 11-54-19,443,22.2534,37.0966
2019-06-02 11-54-23,443,22.2519,37.0832
2019-06-02 11-54-25,443,22.3389,37.0539
2019-06-02 11-54-27,444,22.2839,37.0245
2019-06-02 11-54-29,443,22.3709,36.9818
2019-06-02 11-54-31,443,22.4228,36.9978
2019-06-02 11-54-33,443,22.4075,37.0111
2019-06-02 11-54-35,442,22.3343,36.9978
2019-06-02 11-54-37,442,22.3541,37.0111
2019-06-02 11-54-41,441,22.3724,37.0111
2019-06-02 11-54-43,441,22.3907,37.0111
2019-06-02 11-54-45,440,22.4091,37.0245
2019-06-02 11-54-47,440,22.4075,37.0111
2019-06-02 11-54-49,440,22.3862,36.9684
2019-06-02 11-54-51,441,22.3541,36.9978
2019-06-02 11-54-53,440,22.4228,36.9818
2019-06-02 11-54-57,440,22.3907,37.0111
2019-06-02 11-54-59,440,22.3541,36.9978
2019-06-02 11-55-01,439,22.3541,36.9978
2019-06-02 11-55-03,439,22.3343,37.0111
2019-06-02 11-55-05,439,22.3343,36.9818
2019-06-02 11-55-07,439,22.3343,36.9978
2019-06-02 11-55-09,440,22.3907,37.0111
2019-06-02 11-55-11,440,22.3709,36.9818
2019-06-02 11-55-15,440,22.4045,36.9551
2019-06-02 11-55-17,440,22.4396,36.9551
2019-06-02 11-55-19,440,22.4228,36.9684
2019-06-02 11-55-21,439,22.4594,36.9978
2019-06-02 11-55-23,439,22.4411,36.9978
2019-06-02 11-55-25,439,22.3907,37.0378
2019-06-02 11-55-27,439,22.4091,37.0539
2019-06-02 11-55-29,439,22.377,37.0699
2019-06-02 11-55-33,440,22.3938,37.0539
2019-06-02 11-55-35,440,22.377,37.0832
2019-06-02 11-55-37,440,22.3953,37.0832
2019-06-02 11-55-39,441,22.4304,37.0832
2019-06-02 11-55-41,441,22.3984,37.126
2019-06-02 11-55-43,441,22.3633,37.1393
2019-06-02 11-55-45,441,22.3251,37.126
2019-06-02 11-55-49,442,22.345,37.182
2019-06-02 11-55-51,442,22.261,37.1954
2019-06-02 11-55-53,442,22.2931,37.1687
2019-06-02 11-55-55,442,22.2748,37.1393
2019-06-02 11-55-57,443,22.2702,37.0966
2019-06-02 11-55-59,443,22.3206,37.0699
2019-06-02 11-56-01,444,22.3358,37.0245
2019-06-02 11-56-03,444,22.3892,36.9978
2019-06-02 11-56-07,444,22.4731,36.9551
2019-06-02 11-56-09,444,22.4731,36.939
2019-06-02 11-56-11,444,22.5632,36.939
2019-06-02 11-56-13,444,22.5815,36.9551
2019-06-02 11-56-15,445,22.5266,36.9123
2019-06-02 11-56-17,445,22.5769,36.883
2019-06-02 11-56-19,445,22.6776,36.7868
2019-06-02 11-56-21,445,22.7112,36.7708
2019-06-02 11-56-25,445,22.7097,36.7308
2019-06-02 11-56-27,445,22.7753,36.688
2019-06-02 11-56-29,445,22.757,36.6747
2019-06-02 11-56-31,445,22.7737,36.6587
2019-06-02 11-56-33,445,22.8073,36.6186
2019-06-02 11-56-35,444,22.8104,36.6453
2019-06-02 11-56-37,444,22.8119,36.6587
2019-06-02 11-56-41,444,22.8302,36.688
2019-06-02 11-56-43,443,22.76,36.7014
2019-06-02 11-56-45,443,22.8165,36.7441
2019-06-02 11-56-47,442,22.6227,36.7868
2019-06-02 11-56-49,442,22.641,36.8135
2019-06-02 11-56-51,442,22.5922,36.8696
2019-06-02 11-56-53,442,22.5601,36.899
2019-06-02 11-56-55,442,22.5266,36.899
2019-06-02 11-56-59,442,22.5266,36.9123
2019-06-02 11-57-02,442,22.5098,36.939
2019-06-02 11-57-04,442,22.5128,36.9818
2019-06-02 11-57-06,443,22.4808,37.0378
2019-06-02 11-57-08,443,22.4777,37.0245
2019-06-02 11-57-10,443,22.3907,37.0111
2019-06-02 11-57-12,444,22.496,37.0378
2019-06-02 11-57-14,444,22.3755,37.0378
2019-06-02 11-57-18,445,22.4274,37.0699
2019-06-02 11-57-20,445,22.4121,37.0699
2019-06-02 11-57-22,444,22.4274,37.0378
2019-06-02 11-57-24,444,22.377,37.0966
2019-06-02 11-57-26,444,22.4136,37.1126
2019-06-02 11-57-28,445,22.3801,37.1126
2019-06-02 11-57-30,445,22.377,37.0966
2019-06-02 11-57-34,444,22.3938,37.0539
2019-06-02 11-57-36,444,22.3587,37.0832
2019-06-02 11-57-38,445,22.3938,37.0699
2019-06-02 11-57-40,445,22.3938,37.0539
2019-06-02 11-57-42,444,22.4258,37.0245
2019-06-02 11-57-44,444,22.4945,36.9978
2019-06-02 11-57-46,444,22.4777,37.0111
2019-06-02 11-57-48,444,22.4945,37.0111
2019-06-02 11-57-52,443,22.4945,37.0111
2019-06-02 11-57-54,443,22.5128,36.9818
2019-06-02 11-57-56,443,22.4915,36.9684
2019-06-02 11-57-58,443,22.5784,36.9257
2019-06-02 11-58-00,443,22.5769,36.883
2019-06-02 11-58-02,444,22.5723,36.8269
2019-06-02 11-58-04,444,22.5876,36.7868
2019-06-02 11-58-06,445,22.6929,36.7575
2019-06-02 11-58-10,445,22.7112,36.7575
2019-06-02 11-58-12,444,22.7432,36.7308
2019-06-02 11-58-14,444,22.728,36.7441
2019-06-02 11-58-16,443,22.8165,36.7575
2019-06-02 11-58-18,443,22.8516,36.7308
2019-06-02 11-58-20,443,22.7966,36.7308
2019-06-02 11-58-22,442,22.7615,36.7441
2019-06-02 11-58-24,442,22.7798,36.7708
2019-06-02 11-58-28,441,22.7875,36.8429
2019-06-02 11-58-30,440,22.7341,36.8696
2019-06-02 11-58-32,440,22.7524,36.8563
2019-06-02 11-58-34,440,22.6105,36.8696
2019-06-02 11-58-36,440,22.6456,36.8563
2019-06-02 11-58-38,441,22.5906,36.8429
2019-06-02 11-58-40,440,22.5739,36.8563
2019-06-02 11-58-44,441,22.6105,36.8696
2019-06-02 11-58-46,441,22.6456,36.8696
2019-06-02 11-58-48,441,22.6135,36.899
2019-06-02 11-58-50,441,22.5952,36.883
2019-06-02 11-58-52,441,22.6654,36.8696
2019-06-02 11-58-54,442,22.6425,36.8269
2019-06-02 11-58-56,442,22.6608,36.8002
2019-06-02 11-58-58,442,22.641,36.7868
2019-06-02 11-59-02,442,22.6608,36.8002
2019-06-02 11-59-04,442,22.7478,36.7868
2019-06-02 11-59-06,442,22.7478,36.8002
2019-06-02 11-59-08,441,22.7829,36.8002
2019-06-02 11-59-10,442,22.7325,36.8269
2019-06-02 11-59-12,442,22.7341,36.8696
2019-06-02 11-59-14,442,22.6471,36.899
2019-06-02 11-59-16,441,22.5952,36.899
2019-06-02 11-59-20,442,22.5784,36.9123
2019-06-02 11-59-22,442,22.6135,36.899
2019-06-02 11-59-24,443,22.6288,36.883
2019-06-02 11-59-26,444,22.6791,36.8135
2019-06-02 11-59-28,444,22.7325,36.8135
2019-06-02 11-59-30,444,22.7478,36.8135
2019-06-02 11-59-32,445,22.7661,36.8135
2019-06-02 11-59-36,445,22.7158,36.8269
2019-06-02 11-59-38,445,22.7478,36.7868
2019-06-02 11-59-40,445,22.7325,36.8269
2019-06-02 11-59-42,446,22.8241,36.8269
2019-06-02 11-59-44,446,22.7478,36.8135
2019-06-02 11-59-46,446,22.7509,36.8429
2019-06-02 11-59-48,445,22.7371,36.899
2019-06-02 11-59-50,446,22.7203,36.9257
2019-06-02 11-59-54,446,22.6837,36.899
2019-06-02 11-59-56,446,22.6318,36.9257
2019-06-02 11-59-58,446,22.6868,36.9257
2019-06-02 12-00-00,446,22.67,36.9257
2019-06-02 12-00-02,446,22.6517,36.9684
2019-06-02 12-00-04,446,22.6318,36.939
2019-06-02 12-00-06,446,22.5998,36.9551
2019-06-02 12-00-08,447,22.6196,36.9978
2019-06-02 12-00-12,447,22.5464,36.9684
2019-06-02 12-00-14,447,22.6334,36.9551
2019-06-02 12-00-16,447,22.5632,36.939
2019-06-02 12-00-18,447,22.6517,36.9551
2019-06-02 12-00-20,447,22.5815,36.9551
2019-06-02 12-00-22,447,22.5815,36.9551
2019-06-02 12-00-24,447,22.6151,36.9551
2019-06-02 12-00-28,448,22.5998,36.9551
2019-06-02 12-00-30,448,22.6151,36.939
2019-06-02 12-00-32,448,22.6135,36.9257
2019-06-02 12-00-34,447,22.6151,36.939
2019-06-02 12-00-36,447,22.5311,36.9684
2019-06-02 12-00-38,447,22.5143,37.0111
2019-06-02 12-00-40,448,22.4625,37.0539
2019-06-02 12-00-42,447,22.5357,37.0539
2019-06-02 12-00-46,448,22.4823,37.0966
2019-06-02 12-00-48,448,22.4823,37.0966
2019-06-02 12-00-50,448,22.5403,37.1126
2019-06-02 12-00-52,447,22.5037,37.126
2019-06-02 12-00-54,447,22.435,37.1393
2019-06-02 12-00-56,447,22.403,37.1954
2019-06-02 12-00-58,447,22.3663,37.1687
2019-06-02 12-01-00,447,22.403,37.1954
2019-06-02 12-01-04,446,22.3297,37.1954
2019-06-02 12-01-06,447,22.3495,37.2381
2019-06-02 12-01-08,448,22.3343,37.2515
2019-06-02 12-01-10,448,22.3022,37.2942
2019-06-02 12-01-12,450,22.3358,37.2942
2019-06-02 12-01-14,450,22.2488,37.3075
2019-06-02 12-01-16,451,22.2488,37.3075
2019-06-02 12-01-20,452,22.2488,37.3075
2019-06-02 12-01-22,453,22.2122,37.3075
2019-06-02 12-01-24,453,22.2305,37.2942
2019-06-02 12-01-26,454,22.2839,37.2942
2019-06-02 12-01-28,454,22.2473,37.2648
2019-06-02 12-01-30,453,22.2473,37.2515
2019-06-02 12-01-32,452,22.316,37.2515
2019-06-02 12-01-34,452,22.2443,37.2248
2019-06-02 12-01-38,452,22.229,37.2381
2019-06-02 12-01-40,452,22.2992,37.2515
2019-06-02 12-01-42,451,22.2656,37.2808
2019-06-02 12-01-44,450,22.2656,37.2942
2019-06-02 12-01-46,451,22.1603,37.3236
2019-06-02 12-01-48,452,22.2122,37.3236
2019-06-02 12-01-50,452,22.197,37.3369
2019-06-02 12-01-52,452,22.1939,37.2942
2019-06-02 12-01-56,451,22.1924,37.2808
2019-06-02 12-01-58,451,22.1924,37.2648
2019-06-02 12-02-00,451,22.2473,37.2515
2019-06-02 12-02-02,452,22.3297,37.1954
2019-06-02 12-02-04,453,22.3114,37.1954
2019-06-02 12-02-06,452,22.3434,37.1393
2019-06-02 12-02-08,453,22.3953,37.0966
2019-06-02 12-02-12,452,22.4487,37.0966
2019-06-02 12-02-14,451,22.4823,37.0966
2019-06-02 12-02-16,451,22.4167,37.126
2019-06-02 12-02-18,450,22.4503,37.1393
2019-06-02 12-02-20,450,22.3816,37.1527
2019-06-02 12-02-22,449,22.3999,37.1527
2019-06-02 12-02-24,449,22.3679,37.2087
2019-06-02 12-02-26,449,22.3114,37.1954
2019-06-02 12-02-30,449,22.348,37.1954
2019-06-02 12-02-32,448,22.3679,37.1954
2019-06-02 12-02-34,448,22.348,37.2087
2019-06-02 12-02-36,448,22.261,37.1954
2019-06-02 12-02-38,447,22.2794,37.2087
2019-06-02 12-02-40,447,22.2977,37.2248
2019-06-02 12-02-42,447,22.3679,37.2087
2019-06-02 12-02-44,447,22.4365,37.182
2019-06-02 12-02-49,446,22.4182,37.1687
2019-06-02 12-02-51,446,22.4533,37.182
2019-06-02 12-02-53,446,22.3999,37.1527
2019-06-02 12-02-55,446,22.3267,37.1527
2019-06-02 12-02-57,447,22.4182,37.182
2019-06-02 12-02-59,447,22.3999,37.1687
2019-06-02 12-03-01,447,22.435,37.1687
2019-06-02 12-03-05,447,22.4533,37.182
2019-06-02 12-03-07,447,22.4365,37.182
2019-06-02 12-03-09,447,22.4182,37.182
2019-06-02 12-03-11,447,22.3999,37.182
2019-06-02 12-03-13,447,22.4533,37.182
2019-06-02 12-03-15,447,22.345,37.1687
2019-06-02 12-03-17,447,22.435,37.1527
2019-06-02 12-03-19,447,22.4167,37.1527
2019-06-02 12-03-23,447,22.3663,37.1687
2019-06-02 12-03-25,446,22.4319,37.126
2019-06-02 12-03-27,446,22.467,37.126
2019-06-02 12-03-29,446,22.4487,37.0966
2019-06-02 12-03-31,446,22.522,37.1126
2019-06-02 12-03-33,446,22.4991,37.0539
2019-06-02 12-03-35,445,22.5723,37.0699
2019-06-02 12-03-37,445,22.4991,37.0699
2019-06-02 12-03-41,445,22.4991,37.0699
2019-06-02 12-03-43,444,22.5906,37.0832
2019-06-02 12-03-45,444,22.4808,37.0699
2019-06-02 12-03-47,444,22.4808,37.0699
2019-06-02 12-03-49,443,22.4808,37.0699
2019-06-02 12-03-51,443,22.5189,37.0699
2019-06-02 12-03-53,443,22.4777,37.0111
2019-06-02 12-03-57,443,22.4991,37.0539
2019-06-02 12-03-59,443,22.5357,37.0699
2019-06-02 12-04-01,443,22.4991,37.0699
2019-06-02 12-04-03,444,22.4808,37.0699
2019-06-02 12-04-05,443,22.496,37.0378
2019-06-02 12-04-07,444,22.4945,37.0111
2019-06-02 12-04-09,443,22.5327,37.0245
2019-06-02 12-04-11,443,22.496,37.0245
2019-06-02 12-04-15,443,22.4991,37.0539
2019-06-02 12-04-17,443,22.554,37.0699
2019-06-02 12-04-19,442,22.4823,37.0832
2019-06-02 12-04-21,443,22.4823,37.0832
2019-06-02 12-04-23,442,22.464,37.0832
2019-06-02 12-04-25,443,22.467,37.1126
2019-06-02 12-04-27,442,22.4319,37.126
2019-06-02 12-04-31,442,22.467,37.126
2019-06-02 12-04-33,442,22.467,37.1126
2019-06-02 12-04-35,442,22.4503,37.1393
2019-06-02 12-04-37,442,22.435,37.1393
2019-06-02 12-04-39,443,22.4167,37.126
2019-06-02 12-04-41,443,22.5189,37.0832
2019-06-02 12-04-43,443,22.5723,37.0699
2019-06-02 12-04-45,444,22.554,37.0539
2019-06-02 12-04-49,444,22.6044,37.0245
2019-06-02 12-04-51,444,22.583,36.9978
2019-06-02 12-04-53,443,22.5143,37.0111
2019-06-02 12-04-55,443,22.583,36.9978
2019-06-02 12-04-57,443,22.6883,36.939
2019-06-02 12-04-59,442,22.6868,36.9123
2019-06-02 12-05-01,442,22.67,36.9257
2019-06-02 12-05-03,442,22.7066,36.9551
2019-06-02 12-05-07,441,22.6746,37.0245
2019-06-02 12-05-09,441,22.6517,36.9818
2019-06-02 12-05-11,442,22.6181,36.9684
2019-06-02 12-05-13,442,22.67,36.9257
2019-06-02 12-05-15,442,22.6288,36.899
2019-06-02 12-05-17,442,22.7158,36.8429
2019-06-02 12-05-19,442,22.7325,36.8135
2019-06-02 12-05-23,443,22.7966,36.7441
2019-06-02 12-05-25,442,22.8882,36.7575
2019-06-02 12-05-27,443,22.9034,36.7308
2019-06-02 12-05-29,442,22.9019,36.7014
2019-06-02 12-05-31,442,22.8836,36.7014
2019-06-02 12-05-33,443,22.9172,36.688
2019-06-02 12-05-35,442,22.9019,36.7014
2019-06-02 12-05-37,442,22.9904,36.688
2019-06-02 12-05-41,442,22.9752,36.7014
2019-06-02 12-05-43,442,23.0072,36.688
2019-06-02 12-05-45,441,22.9721,36.688
2019-06-02 12-05-47,441,22.9385,36.7308
2019-06-02 12-05-49,440,22.9065,36.7575
2019-06-02 12-05-51,440,22.8897,36.8002
2019-06-02 12-05-53,440,22.8561,36.8135
2019-06-02 12-05-55,440,22.876,36.8563
2019-06-02 12-05-59,441,22.8073,36.899
2019-06-02 12-06-01,440,22.8073,36.9123
2019-06-02 12-06-03,440,22.7936,36.9684
2019-06-02 12-06-05,440,22.6334,36.9684
2019-06-02 12-06-07,441,22.6746,37.0111
2019-06-02 12-06-09,441,22.6379,37.0245
2019-06-02 12-06-11,441,22.5861,37.0111
2019-06-02 12-06-15,442,22.6379,37.0111
2019-06-02 12-06-17,443,22.551,37.0245
2019-06-02 12-06-19,443,22.6013,37.0111
2019-06-02 12-06-21,443,22.6044,37.0245
2019-06-02 12-06-23,444,22.5677,37.0245
2019-06-02 12-06-25,445,22.5693,37.0378
2019-06-02 12-06-27,445,22.5861,37.0111
2019-06-02 12-06-29,445,22.6181,36.9684
2019-06-02 12-06-33,445,22.6364,36.9978
2019-06-02 12-06-35,445,22.6151,36.939
2019-06-02 12-06-37,445,22.6318,36.9257
2019-06-02 12-06-39,445,22.67,36.9257
2019-06-02 12-06-41,445,22.702,36.9123
2019-06-02 12-06-43,444,22.6456,36.8696
2019-06-02 12-06-45,443,22.7341,36.8696
2019-06-02 12-06-47,443,22.7875,36.8429
2019-06-02 12-06-51,442,22.7524,36.8563
2019-06-02 12-06-53,442,22.7554,36.899
2019-06-02 12-06-55,442,22.6501,36.939
2019-06-02 12-06-57,442,22.5815,36.939
2019-06-02 12-06-59,442,22.6334,36.9551
2019-06-02 12-07-01,441,22.5494,36.9818
2019-06-02 12-07-03,441,22.6334,36.9684
2019-06-02 12-07-07,441,22.5861,37.0245
2019-06-02 12-07-09,441,22.551,37.0378
2019-06-02 12-07-11,441,22.554,37.0699
2019-06-02 12-07-13,441,22.5037,37.126
2019-06-02 12-07-15,441,22.5006,37.1126
2019-06-02 12-07-17,441,22.5006,37.1126
2019-06-02 12-07-19,441,22.467,37.1126
2019-06-02 12-07-21,442,22.3816,37.1393
2019-06-02 12-07-25,443,22.4136,37.1126
2019-06-02 12-07-27,443,22.4167,37.1393
2019-06-02 12-07-29,443,22.4167,37.1393
2019-06-02 12-07-31,442,22.4182,37.182
2019-06-02 12-07-33,442,22.403,37.1954
2019-06-02 12-07-35,441,22.4182,37.182
2019-06-02 12-07-37,442,22.2763,37.1954
2019-06-02 12-07-39,442,22.345,37.182
2019-06-02 12-07-43,442,22.348,37.1954
2019-06-02 12-07-45,442,22.3663,37.182
2019-06-02 12-07-47,442,22.3679,37.2087
2019-06-02 12-07-49,442,22.3297,37.2087
2019-06-02 12-07-51,442,22.3114,37.182
2019-06-02 12-07-53,443,22.3297,37.182
2019-06-02 12-07-55,443,22.2748,37.1393
2019-06-02 12-07-59,443,22.3267,37.1687
2019-06-02 12-08-01,442,22.3663,37.182
2019-06-02 12-08-03,442,22.3679,37.1954
2019-06-02 12-08-05,443,22.3862,37.2248
2019-06-02 12-08-07,443,22.3297,37.1954
2019-06-02 12-08-09,443,22.3297,37.182
2019-06-02 12-08-11,443,22.4716,37.1687
2019-06-02 12-08-13,443,22.3846,37.182
2019-06-02 12-08-17,443,22.3663,37.1687
2019-06-02 12-08-19,443,22.3846,37.182
2019-06-02 12-08-21,443,22.3114,37.1954
2019-06-02 12-08-23,443,22.348,37.2087
2019-06-02 12-08-25,443,22.3679,37.2087
2019-06-02 12-08-27,444,22.3679,37.1954
2019-06-02 12-08-30,443,22.435,37.1687
2019-06-02 12-08-32,443,22.3663,37.1687
2019-06-02 12-08-36,443,22.3846,37.182
2019-06-02 12-08-38,443,22.3816,37.1393
2019-06-02 12-08-40,443,22.3984,37.126
2019-06-02 12-08-42,443,22.3953,37.0966
2019-06-02 12-08-44,443,22.4625,37.0539
2019-06-02 12-08-46,443,22.4594,37.0111
2019-06-02 12-08-48,443,22.5128,36.9818
2019-06-02 12-08-52,443,22.5998,36.9551
2019-06-02 12-08-54,442,22.5998,36.9551
2019-06-02 12-08-56,442,22.6318,36.939
2019-06-02 12-08-58,442,22.67,36.9257
2019-06-02 12-09-00,442,22.67,36.939
2019-06-02 12-09-02,442,22.6318,36.939
2019-06-02 12-09-04,442,22.7051,36.939
2019-06-02 12-09-06,442,22.6685,36.9123
2019-06-02 12-09-10,441,22.7188,36.883
2019-06-02 12-09-12,441,22.7737,36.899
2019-06-02 12-09-14,441,22.8058,36.8696
2019-06-02 12-09-16,441,22.7692,36.8563
2019-06-02 12-09-18,441,22.7661,36.8269
2019-06-02 12-09-20,441,22.821,36.8135
2019-06-02 12-09-22,441,22.821,36.8135
2019-06-02 12-09-24,441,22.8745,36.8002
2019-06-02 12-09-28,441,22.9248,36.7708
2019-06-02 12-09-30,441,22.9431,36.8002
2019-06-02 12-09-32,441,22.908,36.8135
2019-06-02 12-09-34,441,22.876,36.8563
2019-06-02 12-09-36,441,22.879,36.883
2019-06-02 12-09-38,441,22.847,36.9123
2019-06-02 12-09-40,441,22.8622,36.9123
2019-06-02 12-09-44,441,22.7783,36.9684
2019-06-02 12-09-46,442,22.7066,36.9818
2019-06-02 12-09-48,442,22.728,36.9978
2019-06-02 12-09-50,442,22.7097,36.9978
2019-06-02 12-09-52,442,22.6913,36.9818
2019-06-02 12-09-54,443,22.728,37.0111
2019-06-02 12-09-56,443,22.6746,37.0111
2019-06-02 12-09-58,443,22.7112,37.0378
2019-06-02 12-10-02,444,22.641,37.0699
2019-06-02 12-10-04,444,22.6959,37.0699
2019-06-02 12-10-06,444,22.6593,37.0832
2019-06-02 12-10-08,445,22.5906,37.0966
2019-06-02 12-10-10,444,22.5906,37.0966
2019-06-02 12-10-12,445,22.6089,37.1126
2019-06-02 12-10-14,444,22.5769,37.1393
2019-06-02 12-10-16,444,22.5266,37.182
2019-06-02 12-10-20,444,22.5266,37.182
2019-06-02 12-10-22,445,22.4548,37.2087
2019-06-02 12-10-24,445,22.4731,37.2248
2019-06-02 12-10-26,445,22.4045,37.2381
2019-06-02 12-10-28,445,22.4091,37.2942
2019-06-02 12-10-30,445,22.4075,37.2808
2019-06-02 12-10-32,445,22.3541,37.2942
2019-06-02 12-10-36,445,22.3221,37.3503
2019-06-02 12-10-38,444,22.3022,37.3075
2019-06-02 12-10-40,445,22.2855,37.3236
2019-06-02 12-10-42,445,22.2672,37.3236
2019-06-02 12-10-44,445,22.3038,37.3369
2019-06-02 12-10-46,445,22.2519,37.3236
2019-06-02 12-10-48,446,22.2672,37.3075
2019-06-02 12-10-50,446,22.2488,37.3075
2019-06-02 12-10-54,447,22.3206,37.3075
2019-06-02 12-10-56,447,22.3206,37.3236
2019-06-02 12-10-58,448,22.3206,37.3075
2019-06-02 12-11-00,448,22.2839,37.2942
2019-06-02 12-11-02,448,22.2809,37.2648
2019-06-02 12-11-04,449,22.3343,37.2648
2019-06-02 12-11-06,449,22.3892,37.2381
2019-06-02 12-11-08,450,22.4045,37.2248
2019-06-02 12-11-12,450,22.3312,37.2381
2019-06-02 12-11-14,449,22.3709,37.2381
2019-06-02 12-11-18,449,22.3892,37.2515
2019-06-02 12-11-20,450,22.3495,37.2381
2019-06-02 12-11-22,450,22.3495,37.2381
2019-06-02 12-11-24,450,22.4228,37.2381
2019-06-02 12-11-26,450,22.2809,37.2515
2019-06-02 12-11-30,449,22.316,37.2381
2019-06-02 12-11-32,450,22.3526,37.2648
2019-06-02 12-11-34,449,22.3175,37.2648
2019-06-02 12-11-36,449,22.2977,37.2248
2019-06-02 12-11-38,449,22.3297,37.2087
2019-06-02 12-11-40,449,22.3297,37.1954
2019-06-02 12-11-42,449,22.3846,37.1954
2019-06-02 12-11-46,450,22.3816,37.1393
2019-06-02 12-11-48,451,22.4503,37.1393
2019-06-02 12-11-50,452,22.4823,37.0966
2019-06-02 12-11-52,451,22.5876,37.0699
2019-06-02 12-11-54,451,22.4991,37.0539
2019-06-02 12-11-56,450,22.5372,37.0832
2019-06-02 12-11-58,450,22.5586,37.126
2019-06-02 12-12-00,450,22.5037,37.1393
2019-06-02 12-12-04,449,22.5922,37.126
2019-06-02 12-12-06,449,22.5555,37.1126
2019-06-02 12-12-08,449,22.5006,37.0966
2019-06-02 12-12-10,448,22.5403,37.1126
2019-06-02 12-12-12,448,22.4854,37.126
2019-06-02 12-12-14,449,22.4854,37.1393
2019-06-02 12-12-16,450,22.4869,37.1687
2019-06-02 12-12-20,450,22.4899,37.182
2019-06-02 12-12-22,451,22.4731,37.2087
2019-06-02 12-12-24,451,22.4396,37.2087
2019-06-02 12-12-26,451,22.3862,37.2087
2019-06-02 12-12-28,451,22.4045,37.2381
2019-06-02 12-12-30,452,22.3709,37.2248
2019-06-02 12-12-32,452,22.316,37.2515
2019-06-02 12-12-34,453,22.3907,37.2942
2019-06-02 12-12-38,453,22.3907,37.2942
2019-06-02 12-12-40,452,22.3221,37.3369
2019-06-02 12-12-42,453,22.3358,37.3075
2019-06-02 12-12-44,453,22.3206,37.3075
2019-06-02 12-12-46,454,22.3358,37.3075
2019-06-02 12-12-48,454,22.3724,37.2808
2019-06-02 12-12-50,454,22.3907,37.2808
2019-06-02 12-12-52,455,22.4411,37.2515
2019-06-02 12-12-56,455,22.4258,37.2648
2019-06-02 12-12-58,455,22.4731,37.2248
2019-06-02 12-13-00,455,22.5082,37.2087
2019-06-02 12-13-02,455,22.4899,37.2087
2019-06-02 12-13-04,456,22.5601,37.182
2019-06-02 12-13-06,455,22.5235,37.1393
2019-06-02 12-13-08,455,22.5739,37.126
2019-06-02 12-13-12,455,22.5586,37.1393
2019-06-02 12-13-14,455,22.5906,37.0966
2019-06-02 12-13-16,456,22.6608,37.1126
2019-06-02 12-13-18,456,22.5555,37.0832
2019-06-02 12-13-20,456,22.5876,37.0539
2019-06-02 12-13-22,455,22.5876,37.0378
2019-06-02 12-13-24,454,22.6227,37.0378
2019-06-02 12-13-26,454,22.6196,36.9978
2019-06-02 12-13-30,453,22.6746,36.9978
2019-06-02 12-13-32,453,22.6913,36.9818
2019-06-02 12-13-34,452,22.7463,37.0111
2019-06-02 12-13-36,451,22.6929,37.0111
2019-06-02 12-13-38,451,22.7646,37.0245
2019-06-02 12-13-40,451,22.6379,37.0245
2019-06-02 12-13-42,451,22.6196,37.0245
2019-06-02 12-13-44,451,22.6959,37.0378
2019-06-02 12-13-48,451,22.641,37.0539
2019-06-02 12-13-50,452,22.6242,37.0832
2019-06-02 12-13-52,452,22.6242,37.0699
2019-06-02 12-13-54,452,22.6791,37.0699
2019-06-02 12-13-56,452,22.641,37.0699
2019-06-02 12-13-58,452,22.5555,37.0966
2019-06-02 12-14-01,452,22.5922,37.126
2019-06-02 12-14-03,451,22.4823,37.0832
2019-06-02 12-14-07,451,22.522,37.1126
2019-06-02 12-14-09,451,22.5739,37.126
2019-06-02 12-14-11,451,22.5418,37.1527
2019-06-02 12-14-13,451,22.4899,37.182
2019-06-02 12-14-15,451,22.5281,37.2087
2019-06-02 12-14-17,450,22.4731,37.2248
2019-06-02 12-14-19,451,22.4762,37.2381
2019-06-02 12-14-23,451,22.4915,37.2381
2019-06-02 12-14-25,452,22.5098,37.2381
2019-06-02 12-14-27,453,22.4762,37.2515
2019-06-02 12-14-29,453,22.4915,37.2381
2019-06-02 12-14-31,453,22.5494,37.2515
2019-06-02 12-14-33,454,22.5647,37.2248
2019-06-02 12-14-35,454,22.5281,37.2087
2019-06-02 12-14-37,454,22.5998,37.2248
2019-06-02 12-14-41,454,22.5967,37.2087
2019-06-02 12-14-43,453,22.5967,37.1954
2019-06-02 12-14-45,453,22.5418,37.1687
2019-06-02 12-14-47,453,22.6501,37.1954
2019-06-02 12-14-49,453,22.6288,37.1527
2019-06-02 12-14-51,453,22.5784,37.182
2019-06-02 12-14-53,452,22.5449,37.1954
2019-06-02 12-14-55,453,22.5815,37.2087
2019-06-02 12-14-59,453,22.5784,37.1954
2019-06-02 12-15-01,453,22.5784,37.1954
2019-06-02 12-15-03,453,22.5815,37.2087
2019-06-02 12-15-05,453,22.5601,37.182
2019-06-02 12-15-07,453,22.5967,37.182
2019-06-02 12-15-09,452,22.5647,37.2248
2019-06-02 12-15-11,452,22.5281,37.1954
2019-06-02 12-15-15,452,22.5082,37.2248
2019-06-02 12-15-17,452,22.5281,37.1954
2019-06-02 12-15-19,452,22.5281,37.2087
2019-06-02 12-15-21,453,22.5632,37.1954
2019-06-02 12-15-23,453,22.5952,37.1527
2019-06-02 12-15-25,454,22.5922,37.1126
2019-06-02 12-15-27,454,22.5769,37.1393
2019-06-02 12-15-29,453,22.5922,37.1126
2019-06-02 12-15-33,453,22.6105,37.1527
2019-06-02 12-15-35,453,22.5922,37.1393
2019-06-02 12-15-37,452,22.6135,37.1687
2019-06-02 12-15-39,452,22.5601,37.1687
2019-06-02 12-15-41,451,22.4731,37.2248
2019-06-02 12-15-43,451,22.4762,37.2515
2019-06-02 12-15-45,451,22.3892,37.2381
2019-06-02 12-15-47,452,22.4228,37.2381
2019-06-02 12-15-51,452,22.4228,37.2381
2019-06-02 12-15-53,452,22.4258,37.2648
2019-06-02 12-15-55,452,22.4075,37.2515
2019-06-02 12-15-57,452,22.4258,37.2808
2019-06-02 12-15-59,452,22.4411,37.2648
2019-06-02 12-16-01,453,22.3358,37.3075
2019-06-02 12-16-03,453,22.3541,37.2942
2019-06-02 12-16-07,453,22.3541,37.2942
2019-06-02 12-16-09,452,22.4442,37.2942
2019-06-02 12-16-11,452,22.4258,37.2808
2019-06-02 12-16-13,452,22.3907,37.2942
2019-06-02 12-16-15,452,22.3541,37.3075
2019-06-02 12-16-17,452,22.3541,37.2942
2019-06-02 12-16-19,453,22.3907,37.2808
2019-06-02 12-16-21,453,22.3755,37.3075
2019-06-02 12-16-25,452,22.3755,37.3075
2019-06-02 12-16-27,453,22.3541,37.3075
2019-06-02 12-16-29,453,22.3022,37.3075
2019-06-02 12-16-31,452,22.3541,37.3075
2019-06-02 12-16-33,452,22.4091,37.2942
2019-06-02 12-16-35,452,22.3892,37.2515
2019-06-02 12-16-37,453,22.4075,37.2808
2019-06-02 12-16-39,453,22.4091,37.2942
2019-06-02 12-16-43,452,22.3541,37.3075
2019-06-02 12-16-45,452,22.3389,37.3236
2019-06-02 12-16-47,452,22.3572,37.3369
2019-06-02 12-16-49,452,22.3221,37.3503
2019-06-02 12-16-51,452,22.3389,37.3369
2019-06-02 12-16-53,452,22.3389,37.3369
2019-06-02 12-16-55,452,22.3541,37.3075
2019-06-02 12-16-59,452,22.3526,37.2808
2019-06-02 12-17-01,452,22.4594,37.2648
2019-06-02 12-17-03,452,22.3892,37.2381
2019-06-02 12-17-05,452,22.4548,37.2087
2019-06-02 12-17-07,451,22.4731,37.2087
2019-06-02 12-17-09,451,22.4396,37.2248
2019-06-02 12-17-11,450,22.4579,37.2515
2019-06-02 12-17-13,450,22.4258,37.2648
2019-06-02 12-17-17,450,22.3358,37.2808
2019-06-02 12-17-19,449,22.3755,37.2942
2019-06-02 12-17-21,449,22.3358,37.2942
2019-06-02 12-17-23,449,22.3938,37.3075
2019-06-02 12-17-25,449,22.4075,37.2808
2019-06-02 12-17-27,449,22.2809,37.2381
2019-06-02 12-17-29,448,22.3495,37.2248
2019-06-02 12-17-31,448,22.403,37.2087
2019-06-02 12-17-35,448,22.3892,37.2381
2019-06-02 12-17-37,448,22.403,37.2087
2019-06-02 12-17-39,447,22.3862,37.2248
2019-06-02 12-17-41,447,22.4213,37.1954
2019-06-02 12-17-43,446,22.4213,37.2087
2019-06-02 12-17-45,446,22.4548,37.2087
2019-06-02 12-17-47,446,22.4548,37.1954
2019-06-02 12-17-51,447,22.4716,37.1954
2019-06-02 12-17-53,446,22.4899,37.1954
2019-06-02 12-17-55,446,22.4503,37.1393
2019-06-02 12-17-57,446,22.5052,37.1687
2019-06-02 12-17-59,446,22.4869,37.1527
2019-06-02 12-18-01,446,22.4533,37.1687
2019-06-02 12-18-03,446,22.5235,37.1527
2019-06-02 12-18-05,447,22.5769,37.1393
2019-06-02 12-18-09,447,22.5922,37.126
2019-06-02 12-18-11,446,22.5555,37.0966
2019-06-02 12-18-13,446,22.6425,37.0832
2019-06-02 12-18-15,447,22.6242,37.0832
2019-06-02 12-18-17,446,22.5876,37.0699
2019-06-02 12-18-19,446,22.6791,37.0699
2019-06-02 12-18-21,446,22.6822,37.0966
2019-06-02 12-18-23,446,22.5906,37.0966
2019-06-02 12-18-27,446,22.6105,37.1393
2019-06-02 12-18-29,445,22.5601,37.1527
2019-06-02 12-18-31,445,22.5052,37.182
2019-06-02 12-18-33,445,22.5082,37.2087
2019-06-02 12-18-35,445,22.4731,37.2248
2019-06-02 12-18-37,446,22.3862,37.2087
2019-06-02 12-18-39,446,22.4045,37.2381
2019-06-02 12-18-43,446,22.4579,37.2515
2019-06-02 12-18-45,446,22.4579,37.2381
2019-06-02 12-18-47,446,22.5098,37.2515
2019-06-02 12-18-49,446,22.4945,37.2515
2019-06-02 12-18-51,446,22.5464,37.2381
2019-06-02 12-18-53,447,22.5464,37.2248
2019-06-02 12-18-55,448,22.5418,37.1687
2019-06-02 12-18-57,448,22.5235,37.1393
2019-06-02 12-19-01,448,22.5006,37.1126
2019-06-02 12-19-03,448,22.5739,37.126
2019-06-02 12-19-05,448,22.5922,37.126
2019-06-02 12-19-07,448,22.6608,37.1126
2019-06-02 12-19-09,447,22.6822,37.1126
2019-06-02 12-19-11,447,22.5922,37.126
2019-06-02 12-19-13,447,22.6105,37.1527
2019-06-02 12-19-15,447,22.5952,37.1687
2019-06-02 12-19-19,447,22.5601,37.1687
2019-06-02 12-19-21,447,22.5952,37.1687
2019-06-02 12-19-23,447,22.5922,37.1393
2019-06-02 12-19-25,447,22.6425,37.1126
2019-06-02 12-19-27,447,22.6089,37.0966
2019-06-02 12-19-29,447,22.6608,37.0966
2019-06-02 12-19-31,447,22.6425,37.0966
2019-06-02 12-19-33,447,22.6273,37.1126
2019-06-02 12-19-37,447,22.6242,37.0966
2019-06-02 12-19-39,447,22.6242,37.0966
2019-06-02 12-19-41,447,22.5876,37.0699
2019-06-02 12-19-43,447,22.6242,37.0832
2019-06-02 12-19-45,447,22.6562,37.0245
2019-06-02 12-19-47,446,22.7295,37.0378
2019-06-02 12-19-49,446,22.7097,37.0111
2019-06-02 12-19-54,446,22.7112,37.0245
2019-06-02 12-19-56,446,22.7463,37.0378
2019-06-02 12-19-58,446,22.6791,37.0699
2019-06-02 12-20-00,446,22.641,37.0539
2019-06-02 12-20-02,446,22.6379,37.0378
2019-06-02 12-20-04,447,22.6196,36.9978
2019-06-02 12-20-06,447,22.6883,36.9551
2019-06-02 12-20-08,447,22.8653,36.9257
2019-06-02 12-20-12,447,22.8973,36.883
2019-06-02 12-20-14,447,22.9126,36.8563
2019-06-02 12-20-16,447,23.0042,36.883
2019-06-02 12-20-18,447,22.9446,36.8269
2019-06-02 12-20-20,447,22.9996,36.8269
2019-06-02 12-20-22,446,23.0362,36.8429
2019-06-02 12-20-24,445,23.0179,36.8563
2019-06-02 12-20-26,445,22.9477,36.8696
2019-06-02 12-20-30,444,22.9996,36.8429
2019-06-02 12-20-32,445,22.9294,36.8429
2019-06-02 12-20-34,444,22.9126,36.883
2019-06-02 12-20-36,443,22.8622,36.9123
2019-06-02 12-20-38,442,22.8104,36.939
2019-06-02 12-20-40,441,22.8348,36.9978
2019-06-02 12-20-42,440,22.7646,37.0245
2019-06-02 12-20-44,440,22.7829,37.0539
2019-06-02 12-20-48,439,22.7295,37.0539
2019-06-02 12-20-50,441,22.7646,37.0378
2019-06-02 12-20-52,441,22.7478,37.0539
2019-06-02 12-20-54,442,22.6746,37.0111
2019-06-02 12-20-56,443,22.7097,36.9978
2019-06-02 12-20-58,444,22.7386,36.9257
2019-06-02 12-21-00,445,22.7554,36.899
2019-06-02 12-21-02,446,22.8256,36.8696
2019-06-02 12-21-06,446,22.876,36.8563
2019-06-02 12-21-08,447,22.9248,36.7708
2019-06-02 12-21-10,447,23.0301,36.7441
2019-06-02 12-21-12,447,23.0988,36.7308
2019-06-02 12-21-14,447,23.0621,36.7014
2019-06-02 12-21-16,447,23.1323,36.7014
2019-06-02 12-21-18,448,23.1491,36.6747
2019-06-02 12-21-22,447,23.0942,36.6747
2019-06-02 12-21-24,447,23.1461,36.6453
2019-06-02 12-21-26,446,23.1628,36.6186
2019-06-02 12-21-28,446,23.1094,36.6186
2019-06-02 12-21-30,445,23.1461,36.6453
2019-06-02 12-21-32,444,23.1491,36.6587
2019-06-02 12-21-34,443,23.1323,36.688
2019-06-02 12-21-36,443,23.1003,36.7575
2019-06-02 12-21-40,443,23.0667,36.7868
2019-06-02 12-21-42,443,23.053,36.8269
2019-06-02 12-21-44,442,23.0896,36.8696
2019-06-02 12-21-46,442,23.0362,36.8696
2019-06-02 12-21-48,442,22.9523,36.939
2019-06-02 12-21-50,442,22.8653,36.939
2019-06-02 12-21-52,442,22.9355,36.9551
2019-06-02 12-21-54,442,22.8653,36.939
2019-06-02 12-21-58,443,22.9202,36.9818
2019-06-02 12-22-00,443,22.8836,36.9551
2019-06-02 12-22-02,443,22.9034,36.9978
2019-06-02 12-22-04,443,22.8348,37.0245
2019-06-02 12-22-06,444,22.7829,37.0378
2019-06-02 12-22-08,444,22.7615,37.0111
2019-06-02 12-22-10,444,22.7982,37.0245
2019-06-02 12-22-12,444,22.7295,37.0378
2019-06-02 12-22-16,444,22.7325,37.0699
2019-06-02 12-22-18,444,22.8012,37.0699
2019-06-02 12-22-20,444,22.8027,37.0832
2019-06-02 12-22-22,445,22.7478,37.0539
2019-06-02 12-22-24,445,22.7509,37.0832
2019-06-02 12-22-26,445,22.7829,37.0699
2019-06-02 12-22-28,445,22.7142,37.0539
2019-06-02 12-22-32,446,22.7142,37.0539
2019-06-02 12-22-34,446,22.8165,37.0378
2019-06-02 12-22-36,446,22.8485,36.9684
2019-06-02 12-22-38,446,22.8806,36.9257
2019-06-02 12-22-40,447,22.9156,36.9123
2019-06-02 12-22-42,447,22.9889,36.9123
2019-06-02 12-22-44,447,22.934,36.9123
2019-06-02 12-22-46,447,22.9996,36.8429
2019-06-02 12-22-50,447,23.0347,36.8269
2019-06-02 12-22-52,447,23.085,36.8002
2019-06-02 12-22-54,446,23.085,36.8002
2019-06-02 12-22-56,445,23.0179,36.8429
2019-06-02 12-22-58,444,22.9843,36.8563
2019-06-02 12-23-00,444,22.9126,36.8696
2019-06-02 12-23-02,443,22.9492,36.883
2019-06-02 12-23-04,442,22.9172,36.9257
2019-06-02 12-23-08,442,22.9019,36.9684
2019-06-02 12-23-10,442,22.8531,37.0378
2019-06-02 12-23-12,443,22.7295,37.0539
2019-06-02 12-23-14,444,22.7463,37.0378
2019-06-02 12-23-16,444,22.7982,37.0245
2019-06-02 12-23-18,444,22.7463,37.0378
2019-06-02 12-23-20,444,22.7478,37.0699
2019-06-02 12-23-24,443,22.7325,37.0966
2019-06-02 12-23-26,443,22.7188,37.126
2019-06-02 12-23-28,442,22.6639,37.1393
2019-06-02 12-23-30,443,22.6273,37.126
2019-06-02 12-23-32,444,22.6288,37.1527
2019-06-02 12-23-34,444,22.6288,37.1393
2019-06-02 12-23-36,445,22.5922,37.126
2019-06-02 12-23-38,445,22.5739,37.126
2019-06-02 12-23-42,446,22.6654,37.182
2019-06-02 12-23-44,446,22.6288,37.1527
2019-06-02 12-23-46,446,22.6501,37.182
2019-06-02 12-23-48,445,22.6288,37.1393
2019-06-02 12-23-50,445,22.6822,37.1126
2019-06-02 12-23-52,444,22.7158,37.1126
2019-06-02 12-23-54,444,22.7325,37.0966
2019-06-02 12-23-56,444,22.7158,37.1126
2019-06-02 12-24-00,443,22.7188,37.126
2019-06-02 12-24-02,443,22.7158,37.1126
2019-06-02 12-24-04,443,22.7692,37.0966
2019-06-02 12-24-06,442,22.7509,37.0832
2019-06-02 12-24-08,442,22.7142,37.0832
2019-06-02 12-24-10,442,22.7478,37.0539
2019-06-02 12-24-12,442,22.7844,37.0832
2019-06-02 12-24-16,441,22.8058,37.126
2019-06-02 12-24-18,440,22.7875,37.1393
2019-06-02 12-24-20,440,22.7051,37.1954
2019-06-02 12-24-22,441,22.6501,37.1954
2019-06-02 12-24-24,442,22.6151,37.1954
2019-06-02 12-24-26,442,22.5601,37.182
2019-06-02 12-24-28,442,22.5632,37.1954
2019-06-02 12-24-30,443,22.5967,37.182
2019-06-02 12-24-34,444,22.6501,37.182
2019-06-02 12-24-36,443,22.6639,37.1527
2019-06-02 12-24-38,442,22.6151,37.1954
2019-06-02 12-24-40,441,22.6151,37.1954
2019-06-02 12-24-42,440,22.5647,37.2248
2019-06-02 12-24-44,440,22.5647,37.2248
2019-06-02 12-24-46,439,22.6364,37.2515
2019-06-02 12-24-48,440,22.5311,37.2381
2019-06-02 12-24-52,440,22.496,37.2808
2019-06-02 12-24-54,440,22.5327,37.2808
2019-06-02 12-24-56,440,22.496,37.3075
2019-06-02 12-24-58,441,22.4777,37.2942
2019-06-02 12-25-00,442,22.4411,37.2648
2019-06-02 12-25-02,443,22.4075,37.2808
2019-06-02 12-25-04,445,22.4442,37.2808
2019-06-02 12-25-09,445,22.4625,37.2942
2019-06-02 12-25-11,446,22.4442,37.3075
2019-06-02 12-25-13,446,22.4823,37.3369
2019-06-02 12-25-15,445,22.4304,37.3503
2019-06-02 12-25-17,445,22.4319,37.3796
2019-06-02 12-25-19,445,22.3984,37.3796
2019-06-02 12-25-21,445,22.3618,37.4063
2019-06-02 12-25-23,446,22.3251,37.393
2019-06-02 12-25-27,446,22.2565,37.4197
2019-06-02 12-25-29,447,22.2565,37.4063
2019-06-02 12-25-31,446,22.2931,37.4357
2019-06-02 12-25-33,446,22.2931,37.4197
2019-06-02 12-25-35,445,22.2763,37.4491
2019-06-02 12-25-37,445,22.1848,37.4357
2019-06-02 12-25-39,446,22.1848,37.4357
2019-06-02 12-25-41,446,22.1878,37.4624
2019-06-02 12-25-45,446,22.258,37.4491
2019-06-02 12-25-47,446,22.1893,37.4918
2019-06-02 12-25-49,447,22.1924,37.5212
2019-06-02 12-25-51,448,22.2443,37.4918
2019-06-02 12-25-53,448,22.1741,37.5212
2019-06-02 12-25-55,448,22.1924,37.5212
2019-06-02 12-25-57,447,22.1893,37.5051
2019-06-02 12-26-01,448,22.1893,37.5051
2019-06-02 12-26-03,447,22.2443,37.4758
2019-06-02 12-26-05,447,22.2794,37.4758
2019-06-02 12-26-07,447,22.3083,37.4197
2019-06-02 12-26-09,447,22.3984,37.393
2019-06-02 12-26-11,447,22.3587,37.393
2019-06-02 12-26-13,447,22.3221,37.3636
2019-06-02 12-26-15,447,22.3953,37.3503
2019-06-02 12-26-19,446,22.4121,37.3236
2019-06-02 12-26-21,446,22.4442,37.3075
2019-06-02 12-26-23,446,22.4442,37.2808
2019-06-02 12-26-25,446,22.4625,37.2942
2019-06-02 12-26-27,446,22.4411,37.2648
2019-06-02 12-26-29,446,22.4762,37.2515
2019-06-02 12-26-31,445,22.4915,37.2248
2019-06-02 12-26-33,445,22.5464,37.2381
2019-06-02 12-26-37,444,22.5647,37.2248
2019-06-02 12-26-39,444,22.5281,37.2248
2019-06-02 12-26-41,443,22.5281,37.2087
2019-06-02 12-26-43,443,22.5464,37.2087
2019-06-02 12-26-45,442,22.5601,37.182
2019-06-02 12-26-47,443,22.6288,37.1527
2019-06-02 12-26-49,443,22.6639,37.1393
2019-06-02 12-26-53,443,22.6974,37.0966
2019-06-02 12-26-55,443,22.7509,37.0966
2019-06-02 12-26-57,443,22.6791,37.0699
2019-06-02 12-26-59,442,22.7829,37.0378
2019-06-02 12-27-01,442,22.76,36.9818
2019-06-02 12-27-03,442,22.8516,36.9818
2019-06-02 12-27-05,442,22.9355,36.939
2019-06-02 12-27-07,442,22.9202,36.9684
2019-06-02 12-27-11,441,23.0072,36.939
2019-06-02 12-27-13,440,23.0225,36.9123
2019-06-02 12-27-15,440,22.9858,36.899
2019-06-02 12-27-17,440,23.0209,36.8696
2019-06-02 12-27-19,440,23.0713,36.8429
2019-06-02 12-27-21,441,23.1216,36.7868
2019-06-02 12-27-23,441,23.1537,36.7441
2019-06-02 12-27-25,441,23.1506,36.7147
2019-06-02 12-27-29,441,23.1857,36.688
2019-06-02 12-27-31,441,23.1827,36.6453
2019-06-02 12-27-33,441,23.2178,36.6587
2019-06-02 12-27-35,441,23.201,36.6587
2019-06-02 12-27-37,440,23.2178,36.6453
2019-06-02 12-27-39,439,23.2178,36.6453
2019-06-02 12-27-41,439,23.2727,36.632
2019-06-02 12-27-45,438,23.1995,36.632
2019-06-02 12-27-47,438,23.2193,36.6747
2019-06-02 12-27-49,438,23.2193,36.6747
2019-06-02 12-27-51,437,23.2193,36.6747
2019-06-02 12-27-53,437,23.2544,36.6747
2019-06-02 12-27-55,437,23.3246,36.6587
2019-06-02 12-27-57,438,23.3429,36.6747
2019-06-02 12-27-59,438,23.3093,36.688
2019-06-02 12-28-03,437,23.2971,36.7441
2019-06-02 12-28-05,437,23.2468,36.8135
2019-06-02 12-28-07,437,23.2147,36.8696
2019-06-02 12-28-09,436,23.1094,36.899
2019-06-02 12-28-11,436,23.0591,36.9257
2019-06-02 12-28-13,436,22.9935,36.9818
2019-06-02 12-28-15,436,22.9584,37.0245
2019-06-02 12-28-17,436,22.8897,37.0699
2019-06-02 12-28-21,437,22.8577,37.0832
2019-06-02 12-28-23,437,22.8577,37.0966
2019-06-02 12-28-25,437,22.8241,37.1393
2019-06-02 12-28-27,437,22.7707,37.1527
2019-06-02 12-28-29,438,22.8073,37.1527
2019-06-02 12-28-31,438,22.6868,37.1954
2019-06-02 12-28-33,439,22.7051,37.1954
2019-06-02 12-28-35,439,22.7234,37.1954
2019-06-02 12-28-39,440,22.702,37.1687
2019-06-02 12-28-41,440,22.7234,37.1954
2019-06-02 12-28-43,441,22.7249,37.2248
2019-06-02 12-28-45,442,22.6501,37.1954
2019-06-02 12-28-47,442,22.6913,37.2381
2019-06-02 12-28-49,442,22.6685,37.2248
2019-06-02 12-28-51,442,22.6181,37.2381
2019-06-02 12-28-55,443,22.673,37.2808
2019-06-02 12-28-57,443,22.67,37.2515
2019-06-02 12-28-59,443,22.6517,37.2248
2019-06-02 12-29-01,444,22.6685,37.1954
2019-06-02 12-29-03,444,22.6868,37.182
2019-06-02 12-29-05,444,22.7554,37.1527
2019-06-02 12-29-07,444,22.7005,37.1393
2019-06-02 12-29-09,445,22.702,37.1687
2019-06-02 12-29-13,445,22.6883,37.2087
2019-06-02 12-29-15,444,22.7051,37.2087
2019-06-02 12-29-17,443,22.7066,37.2381
2019-06-02 12-29-19,443,22.6883,37.2248
2019-06-02 12-29-21,443,22.6883,37.2087
2019-06-02 12-29-23,443,22.6868,37.1954
2019-06-02 12-29-25,443,22.7371,37.1527
2019-06-02 12-29-27,442,22.7554,37.1527
2019-06-02 12-29-31,442,22.7188,37.1527
2019-06-02 12-29-33,442,22.7188,37.1393
2019-06-02 12-29-35,442,22.7005,37.1393
2019-06-02 12-29-37,442,22.7005,37.126
2019-06-02 12-29-39,442,22.7509,37.1126
2019-06-02 12-29-41,442,22.7158,37.1126
2019-06-02 12-29-43,441,22.8058,37.1393
2019-06-02 12-29-47,441,22.7844,37.0966
2019-06-02 12-29-49,441,22.7188,37.126
2019-06-02 12-29-51,441,22.7509,37.1126
2019-06-02 12-29-53,442,22.789,37.1527
2019-06-02 12-29-55,441,22.7371,37.1393
2019-06-02 12-29-57,441,22.7188,37.1393
2019-06-02 12-29-59,441,22.6639,37.126
2019-06-02 12-30-01,441,22.7692,37.1126
2019-06-02 12-30-05,442,22.7325,37.0832
2019-06-02 12-30-07,442,22.7478,37.0539
2019-06-02 12-30-09,442,22.7829,37.0699
2019-06-02 12-30-11,442,22.7463,37.0245
2019-06-02 12-30-13,443,22.728,37.0111
2019-06-02 12-30-15,442,22.7783,36.9818
2019-06-02 12-30-17,442,22.8302,36.9551
2019-06-02 12-30-19,442,22.8668,36.9551
2019-06-02 12-30-23,442,22.9172,36.939
2019-06-02 12-30-25,442,22.9172,36.939
2019-06-02 12-30-27,441,22.8989,36.939
2019-06-02 12-30-29,441,22.9019,36.9551
2019-06-02 12-30-31,440,22.9538,36.9818
2019-06-02 12-30-33,440,22.9065,37.0245
2019-06-02 12-30-35,439,22.8378,37.0539
2019-06-02 12-30-39,439,22.8027,37.1126
2019-06-02 12-30-41,439,22.8073,37.1527
2019-06-02 12-30-43,440,22.7203,37.182
2019-06-02 12-30-45,440,22.6883,37.2087
2019-06-02 12-30-47,440,22.6318,37.1687
2019-06-02 12-30-49,440,22.6868,37.182
2019-06-02 12-30-51,440,22.7371,37.1527
2019-06-02 12-30-53,440,22.7203,37.1687
2019-06-02 12-30-57,440,22.7203,37.182
2019-06-02 12-30-59,440,22.6883,37.2248
2019-06-02 12-31-02,440,22.6517,37.2248
2019-06-02 12-31-04,441,22.6364,37.2515
2019-06-02 12-31-06,441,22.6181,37.2515
2019-06-02 12-31-08,441,22.6547,37.2515
2019-06-02 12-31-10,441,22.6547,37.2515
2019-06-02 12-31-12,441,22.6364,37.2515
2019-06-02 12-31-16,441,22.6913,37.2648
2019-06-02 12-31-18,441,22.6181,37.2381
2019-06-02 12-31-20,442,22.7753,37.2087
2019-06-02 12-31-22,443,22.7554,37.1687
2019-06-02 12-31-24,443,22.8058,37.1393
2019-06-02 12-31-26,442,22.7707,37.1393
2019-06-02 12-31-28,442,22.789,37.1687
2019-06-02 12-31-32,442,22.702,37.1527
2019-06-02 12-31-34,442,22.7737,37.1687
2019-06-02 12-31-36,442,22.757,37.182
2019-06-02 12-31-38,442,22.6868,37.1954
2019-06-02 12-31-40,442,22.757,37.182
2019-06-02 12-31-42,442,22.757,37.182
2019-06-02 12-31-44,442,22.7188,37.1527
2019-06-02 12-31-46,442,22.7554,37.1527
2019-06-02 12-31-50,442,22.7737,37.1687
2019-06-02 12-31-52,443,22.8073,37.1527
2019-06-02 12-31-54,443,22.8439,37.1527
2019-06-02 12-31-56,443,22.821,37.126
2019-06-02 12-31-58,443,22.7844,37.0966
2019-06-02 12-32-00,442,22.8394,37.0699
2019-06-02 12-32-02,442,22.8714,37.0539
2019-06-02 12-32-04,442,22.8897,37.0699
2019-06-02 12-32-08,442,22.8165,37.0539
2019-06-02 12-32-10,442,22.8745,37.0699
2019-06-02 12-32-12,442,22.8714,37.0539
2019-06-02 12-32-14,442,22.8577,37.0832
2019-06-02 12-32-16,442,22.876,37.0966
2019-06-02 12-32-18,441,22.8394,37.0966
2019-06-02 12-32-20,441,22.8027,37.0966
2019-06-02 12-32-24,441,22.8607,37.1393
2019-06-02 12-32-26,442,22.8394,37.0966
2019-06-02 12-32-28,441,22.7692,37.1126
2019-06-02 12-32-30,441,22.7325,37.0966
2019-06-02 12-32-32,441,22.7524,37.126
2019-06-02 12-32-34,440,22.7844,37.0966
2019-06-02 12-32-36,440,22.8027,37.1126
2019-06-02 12-32-38,439,22.876,37.0966
2019-06-02 12-32-42,439,22.8439,37.1393
2019-06-02 12-32-44,439,22.7524,37.1393
2019-06-02 12-32-46,439,22.7707,37.1527
2019-06-02 12-32-48,439,22.8424,37.126
2019-06-02 12-32-50,439,22.8439,37.1393
2019-06-02 12-32-52,438,22.8073,37.1527
2019-06-02 12-32-54,438,22.7707,37.1527
2019-06-02 12-32-56,438,22.7737,37.182
2019-06-02 12-33-00,438,22.7753,37.1954
2019-06-02 12-33-02,438,22.7921,37.182
2019-06-02 12-33-04,438,22.757,37.182
2019-06-02 12-33-06,438,22.7875,37.1393
2019-06-02 12-33-08,438,22.7524,37.1393
2019-06-02 12-33-10,438,22.8058,37.126
2019-06-02 12-33-12,438,22.8058,37.126
2019-06-02 12-33-16,438,22.7707,37.1527
2019-06-02 12-33-18,438,22.7707,37.1393
2019-06-02 12-33-20,437,22.7524,37.126
2019-06-02 12-33-22,437,22.7524,37.1393
2019-06-02 12-33-24,437,22.7371,37.1393
2019-06-02 12-33-26,437,22.7188,37.1393
2019-06-02 12-33-28,438,22.7875,37.126
2019-06-02 12-33-30,438,22.7524,37.126
2019-06-02 12-33-34,438,22.7371,37.1393
2019-06-02 12-33-36,438,22.7875,37.126
2019-06-02 12-33-38,438,22.8027,37.1126
2019-06-02 12-33-40,438,22.7875,37.126
2019-06-02 12-33-42,438,22.7692,37.1126
2019-06-02 12-33-44,438,22.7875,37.1393
2019-06-02 12-33-46,439,22.7692,37.1126
2019-06-02 12-33-48,439,22.7188,37.126
2019-06-02 12-33-52,439,22.7509,37.1126
2019-06-02 12-33-54,439,22.7692,37.1126
2019-06-02 12-33-56,439,22.6837,37.1527
2019-06-02 12-33-58,439,22.7386,37.182
2019-06-02 12-34-00,439,22.7524,37.1393
2019-06-02 12-34-02,439,22.7524,37.1393
2019-06-02 12-34-04,439,22.7875,37.1393
2019-06-02 12-34-08,439,22.8027,37.1126
2019-06-02 12-34-10,439,22.8394,37.0699
2019-06-02 12-34-12,439,22.9065,37.0245
2019-06-02 12-34-14,440,22.8531,37.0111
2019-06-02 12-34-16,439,22.9385,36.9818
2019-06-02 12-34-18,439,22.9492,36.899
2019-06-02 12-34-20,440,23.0179,36.8563
2019-06-02 12-34-22,440,23.1262,36.8429
2019-06-02 12-34-26,440,23.0499,36.8135
2019-06-02 12-34-28,441,23.1216,36.7708
2019-06-02 12-34-30,440,23.172,36.7575
2019-06-02 12-34-32,440,23.172,36.7441
2019-06-02 12-34-34,439,23.2224,36.7014
2019-06-02 12-34-36,438,23.2193,36.6747
2019-06-02 12-34-38,438,23.2727,36.6453
2019-06-02 12-34-40,439,23.2727,36.6453
2019-06-02 12-34-44,438,23.3231,36.6186
2019-06-02 12-34-46,437,23.3597,36.632
2019-06-02 12-34-48,437,23.378,36.6587
2019-06-02 12-34-50,437,23.3276,36.6747
2019-06-02 12-34-52,436,23.4161,36.7308
2019-06-02 12-34-54,435,23.3658,36.7308
2019-06-02 12-34-56,434,23.4009,36.7441
2019-06-02 12-35-00,433,23.3154,36.7868
2019-06-02 12-35-02,433,23.3017,36.8269
2019-06-02 12-35-04,433,23.1461,36.883
2019-06-02 12-35-06,433,23.1491,36.9257
2019-06-02 12-35-08,432,23.114,36.9684
2019-06-02 12-35-10,432,22.995,37.0245
2019-06-02 12-35-12,432,22.9813,37.0699
2019-06-02 12-35-14,433,22.9111,37.0832
2019-06-02 12-35-18,433,22.8027,37.0832
2019-06-02 12-35-20,433,22.8195,37.0966
2019-06-02 12-35-22,433,22.8607,37.126
2019-06-02 12-35-24,433,22.8424,37.126
2019-06-02 12-35-26,434,22.7875,37.126
2019-06-02 12-35-28,434,22.7737,37.1687
2019-06-02 12-35-30,435,22.7554,37.1687
2019-06-02 12-35-32,436,22.7386,37.182
2019-06-02 12-35-36,437,22.7371,37.1527
2019-06-02 12-35-38,437,22.7707,37.1393
2019-06-02 12-35-40,437,22.7188,37.1527
2019-06-02 12-35-42,437,22.7524,37.1393
2019-06-02 12-35-44,438,22.7875,37.1393
2019-06-02 12-35-46,438,22.8241,37.1393
2019-06-02 12-35-48,438,22.8073,37.1527
2019-06-02 12-35-52,438,22.7386,37.182
2019-06-02 12-35-54,437,22.847,37.1954
2019-06-02 12-35-56,437,22.76,37.2248
2019-06-02 12-35-58,437,22.7234,37.2087
2019-06-02 12-36-00,437,22.7921,37.1954
2019-06-02 12-36-02,437,22.7249,37.2248
2019-06-02 12-36-04,437,22.7249,37.2515
2019-06-02 12-36-06,436,22.6913,37.2648
2019-06-02 12-36-10,436,22.673,37.2808
2019-06-02 12-36-12,436,22.641,37.3236
2019-06-02 12-36-14,437,22.6059,37.3236
2019-06-02 12-36-16,437,22.6059,37.3369
2019-06-02 12-36-18,438,22.5143,37.3075
2019-06-02 12-36-20,439,22.5357,37.3236
2019-06-02 12-36-22,439,22.6379,37.2942
2019-06-02 12-36-24,439,22.641,37.3075
2019-06-02 12-36-28,439,22.6044,37.2942
2019-06-02 12-36-30,439,22.6242,37.3369
2019-06-02 12-36-32,439,22.554,37.3369
2019-06-02 12-36-34,439,22.5555,37.3636
2019-06-02 12-36-36,439,22.4686,37.4197
2019-06-02 12-36-38,439,22.4869,37.4357
2019-06-02 12-36-40,439,22.4869,37.4197
2019-06-02 12-36-44,439,22.4365,37.4357
2019-06-02 12-36-46,439,22.4579,37.4918
2019-06-02 12-36-49,439,22.4411,37.5051
2019-06-02 12-36-51,439,22.4411,37.5212
2019-06-02 12-36-53,439,22.3343,37.5212
2019-06-02 12-36-55,440,22.3541,37.5639
2019-06-02 12-36-57,441,22.2992,37.5212
2019-06-02 12-36-59,441,22.3679,37.5212
2019-06-02 12-37-03,442,22.3709,37.5505
2019-06-02 12-37-05,442,22.3709,37.5345
2019-06-02 12-37-07,442,22.3358,37.5505
2019-06-02 12-37-09,442,22.3495,37.5212
2019-06-02 12-37-11,441,22.3175,37.5345
2019-06-02 12-37-13,441,22.3495,37.4918
2019-06-02 12-37-15,441,22.3175,37.5345
2019-06-02 12-37-17,441,22.3495,37.5212
2019-06-02 12-37-21,442,22.3175,37.5345
2019-06-02 12-37-23,442,22.316,37.5051
2019-06-02 12-37-25,443,22.3175,37.5345
2019-06-02 12-37-27,443,22.3862,37.4758
2019-06-02 12-37-29,443,22.3663,37.4624
2019-06-02 12-37-31,442,22.3846,37.4357
2019-06-02 12-37-33,443,22.3862,37.4918
2019-06-02 12-37-37,443,22.4213,37.4758
2019-06-02 12-37-39,443,22.403,37.4624
2019-06-02 12-37-41,443,22.3862,37.4758
2019-06-02 12-37-43,443,22.3663,37.4758
2019-06-02 12-37-45,442,22.3129,37.4918
2019-06-02 12-37-47,443,22.3129,37.4918
2019-06-02 12-37-49,443,22.3495,37.4918
2019-06-02 12-37-51,443,22.345,37.4491
2019-06-02 12-37-55,443,22.3663,37.4758
2019-06-02 12-37-57,442,22.348,37.4624
2019-06-02 12-37-59,442,22.3846,37.4624
2019-06-02 12-38-01,443,22.3663,37.4758
2019-06-02 12-38-03,443,22.345,37.4357
2019-06-02 12-38-05,443,22.3633,37.4491
2019-06-02 12-38-07,443,22.4365,37.4357
2019-06-02 12-38-09,443,22.3618,37.4197
2019-06-02 12-38-13,442,22.3846,37.4357
2019-06-02 12-38-15,441,22.4731,37.4624
2019-06-02 12-38-17,440,22.3495,37.4918
2019-06-02 12-38-19,440,22.4411,37.5051
2019-06-02 12-38-21,439,22.4075,37.5345
2019-06-02 12-38-23,439,22.3724,37.5772
2019-06-02 12-38-25,439,22.2855,37.5906
2019-06-02 12-38-27,438,22.3175,37.5639
2019-06-02 12-38-31,437,22.2855,37.6066
2019-06-02 12-38-33,438,22.2122,37.5906
2019-06-02 12-38-35,438,22.29,37.6467
2019-06-02 12-38-37,438,22.2336,37.6333
2019-06-02 12-38-39,439,22.2702,37.62
2019-06-02 12-38-41,439,22.2168,37.6467
2019-06-02 12-38-43,439,22.2885,37.62
2019-06-02 12-38-45,439,22.2702,37.62
2019-06-02 12-38-49,439,22.3724,37.5772
2019-06-02 12-38-51,440,22.3709,37.5345
2019-06-02 12-38-53,440,22.3892,37.5212
2019-06-02 12-38-55,440,22.4396,37.4918
2019-06-02 12-38-57,439,22.4228,37.4918
2019-06-02 12-38-59,439,22.4045,37.5051
2019-06-02 12-39-01,438,22.3495,37.5212
2019-06-02 12-39-05,438,22.3862,37.4918
2019-06-02 12-39-07,438,22.4045,37.4918
2019-06-02 12-39-09,437,22.3862,37.4918
2019-06-02 12-39-11,437,22.3846,37.4491
2019-06-02 12-39-13,438,22.3999,37.4197
2019-06-02 12-39-15,438,22.4869,37.4063
2019-06-02 12-39-17,437,22.4686,37.4197
2019-06-02 12-39-19,437,22.5189,37.393
2019-06-02 12-39-23,436,22.4319,37.3796
2019-06-02 12-39-25,436,22.5403,37.3796
2019-06-02 12-39-27,436,22.5906,37.3503
2019-06-02 12-39-29,436,22.5906,37.3636
2019-06-02 12-39-31,435,22.5723,37.3503
2019-06-02 12-39-33,435,22.5189,37.393
2019-06-02 12-39-35,436,22.5586,37.3796
2019-06-02 12-39-37,436,22.5586,37.3796
2019-06-02 12-39-41,436,22.5372,37.3503
2019-06-02 12-39-43,437,22.5861,37.2808
2019-06-02 12-39-45,437,22.6364,37.2515
2019-06-02 12-39-47,437,22.6883,37.2248
2019-06-02 12-39-49,437,22.7386,37.1954
2019-06-02 12-39-51,437,22.7341,37.126
2019-06-02 12-39-53,437,22.7844,37.0966
2019-06-02 12-39-55,437,22.8577,37.0966
2019-06-02 12-39-59,436,22.8561,37.0699
2019-06-02 12-40-01,436,22.8394,37.0699
2019-06-02 12-40-03,435,22.9263,37.0832
2019-06-02 12-40-05,435,22.908,37.0699
2019-06-02 12-40-07,435,22.8577,37.1126
2019-06-02 12-40-09,433,22.876,37.1126
2019-06-02 12-40-11,434,22.9126,37.1393
2019-06-02 12-40-13,434,22.8806,37.182
2019-06-02 12-40-17,433,22.8287,37.2248
2019-06-02 12-40-19,433,22.7432,37.2515
2019-06-02 12-40-21,434,22.728,37.2648
2019-06-02 12-40-23,434,22.7112,37.2942
2019-06-02 12-40-25,433,22.7142,37.3236
2019-06-02 12-40-27,434,22.6059,37.3369
2019-06-02 12-40-29,434,22.5189,37.3636
2019-06-02 12-40-33,434,22.5586,37.3796
2019-06-02 12-40-35,435,22.5037,37.4063
2019-06-02 12-40-37,435,22.5006,37.3796
2019-06-02 12-40-39,436,22.4869,37.4197
2019-06-02 12-40-41,436,22.5403,37.393
2019-06-02 12-40-43,436,22.522,37.4197
2019-06-02 12-40-45,436,22.5052,37.4357
2019-06-02 12-40-47,436,22.4716,37.4357
2019-06-02 12-40-51,435,22.522,37.4197
2019-06-02 12-40-53,436,22.5235,37.4491
2019-06-02 12-40-55,436,22.4869,37.4197
2019-06-02 12-40-57,436,22.5235,37.4357
2019-06-02 12-40-59,436,22.4869,37.4197
2019-06-02 12-41-01,435,22.4716,37.4491
2019-06-02 12-41-03,434,22.403,37.4758
2019-06-02 12-41-05,435,22.4548,37.4758
2019-06-02 12-41-09,435,22.3892,37.5051
2019-06-02 12-41-11,435,22.4258,37.5345
2019-06-02 12-41-13,435,22.3709,37.5345
2019-06-02 12-41-15,435,22.3709,37.5345
2019-06-02 12-41-17,436,22.3679,37.5212
2019-06-02 12-41-19,436,22.3892,37.5051
2019-06-02 12-41-21,437,22.3862,37.4918
2019-06-02 12-41-23,437,22.4731,37.4758
2019-06-02 12-41-27,437,22.4899,37.4491
2019-06-02 12-41-29,436,22.522,37.4197
2019-06-02 12-41-31,436,22.4869,37.4357
2019-06-02 12-41-33,436,22.5189,37.3796
2019-06-02 12-41-35,437,22.5769,37.4063
2019-06-02 12-41-37,437,22.5739,37.3796
2019-06-02 12-41-39,437,22.5723,37.3369
2019-06-02 12-41-43,437,22.6059,37.3236
2019-06-02 12-41-45,437,22.6227,37.3236
2019-06-02 12-41-47,436,22.5555,37.3503
2019-06-02 12-41-49,436,22.6089,37.3636
2019-06-02 12-41-51,436,22.5372,37.3503
2019-06-02 12-41-53,437,22.5723,37.3503
2019-06-02 12-41-55,437,22.554,37.3369
2019-06-02 12-41-57,437,22.6227,37.3236
2019-06-02 12-42-01,437,22.5372,37.3636
2019-06-02 12-42-03,437,22.5174,37.3369
2019-06-02 12-42-05,437,22.5006,37.3796
2019-06-02 12-42-07,438,22.5555,37.3636
2019-06-02 12-42-09,438,22.5723,37.3236
2019-06-02 12-42-11,438,22.6044,37.2942
2019-06-02 12-42-13,437,22.5876,37.3236
2019-06-02 12-42-15,437,22.554,37.3236
2019-06-02 12-42-19,437,22.5739,37.3796
2019-06-02 12-42-21,437,22.5922,37.3796
2019-06-02 12-42-23,436,22.5372,37.3503
2019-06-02 12-42-25,437,22.5006,37.3636
2019-06-02 12-42-27,436,22.554,37.3369
2019-06-02 12-42-29,436,22.5174,37.3503
2019-06-02 12-42-31,436,22.4991,37.3236
2019-06-02 12-42-34,436,22.5723,37.3236
2019-06-02 12-42-38,437,22.5723,37.3369
2019-06-02 12-42-40,437,22.641,37.3075
2019-06-02 12-42-42,437,22.5861,37.2808
2019-06-02 12-42-44,437,22.6044,37.2942
2019-06-02 12-42-46,438,22.6593,37.3236
2019-06-02 12-42-48,438,22.6547,37.2808
2019-06-02 12-42-50,438,22.7097,37.2515
2019-06-02 12-42-54,438,22.7432,37.2381
2019-06-02 12-42-56,438,22.67,37.2515
2019-06-02 12-42-58,438,22.7432,37.2381
2019-06-02 12-43-00,438,22.7112,37.2808
2019-06-02 12-43-02,438,22.6059,37.3236
2019-06-02 12-43-04,438,22.6227,37.3236
2019-06-02 12-43-06,437,22.554,37.3236
2019-06-02 12-43-08,437,22.5555,37.3636
2019-06-02 12-43-12,438,22.5372,37.3636
2019-06-02 12-43-14,438,22.5403,37.3796
2019-06-02 12-43-16,438,22.5189,37.393
2019-06-02 12-43-18,438,22.5189,37.393
2019-06-02 12-43-20,438,22.5403,37.393
2019-06-02 12-43-22,438,22.5922,37.3796
2019-06-02 12-43-24,438,22.5769,37.393
2019-06-02 12-43-26,438,22.4869,37.4357
2019-06-02 12-43-30,439,22.4533,37.4357
2019-06-02 12-43-32,439,22.4396,37.4758
2019-06-02 12-43-34,440,22.4533,37.4197
2019-06-02 12-43-36,440,22.4716,37.4357
2019-06-02 12-43-38,440,22.522,37.4063
2019-06-02 12-43-40,441,22.5189,37.3796
2019-06-02 12-43-42,441,22.5189,37.3636
2019-06-02 12-43-44,441,22.5723,37.3503
2019-06-02 12-43-48,441,22.641,37.3369
2019-06-02 12-43-50,441,22.6776,37.3503
2019-06-02 12-43-52,441,22.641,37.3369
2019-06-02 12-43-54,441,22.6242,37.3369
2019-06-02 12-43-56,441,22.6273,37.3636
2019-06-02 12-43-58,441,22.7142,37.3236
2019-06-02 12-44-00,441,22.6746,37.3075
2019-06-02 12-44-02,441,22.6593,37.3236
2019-06-02 12-44-06,441,22.6562,37.3075
2019-06-02 12-44-08,441,22.6059,37.3369
2019-06-02 12-44-10,441,22.6776,37.3369
2019-06-02 12-44-12,440,22.6044,37.3075
2019-06-02 12-44-14,440,22.6776,37.3369
2019-06-02 12-44-16,440,22.6242,37.3369
2019-06-02 12-44-18,441,22.6059,37.3369
2019-06-02 12-44-22,441,22.6746,37.3236
2019-06-02 12-44-24,441,22.6746,37.3075
2019-06-02 12-44-26,441,22.673,37.2808
2019-06-02 12-44-28,441,22.7112,37.2942
2019-06-02 12-44-30,441,22.7646,37.2942
2019-06-02 12-44-32,441,22.728,37.2648
2019-06-02 12-44-34,441,22.7966,37.2515
2019-06-02 12-44-36,440,22.7097,37.2648
2019-06-02 12-44-40,440,22.7615,37.2808
2019-06-02 12-44-42,440,22.728,37.2648
2019-06-02 12-44-44,440,22.7112,37.2942
2019-06-02 12-44-46,439,22.7478,37.3236
2019-06-02 12-44-48,439,22.7295,37.3075
2019-06-02 12-44-50,439,22.7478,37.3075
2019-06-02 12-44-52,439,22.7646,37.2942
2019-06-02 12-44-54,439,22.7798,37.2808
2019-06-02 12-44-58,439,22.7478,37.3236
2019-06-02 12-45-00,439,22.6746,37.3075
2019-06-02 12-45-02,439,22.7478,37.3075
2019-06-02 12-45-04,438,22.7478,37.3075
2019-06-02 12-45-06,438,22.6974,37.3369
2019-06-02 12-45-08,438,22.7295,37.3236
2019-06-02 12-45-10,439,22.6273,37.3796
2019-06-02 12-45-14,439,22.5601,37.4197
2019-06-02 12-45-16,438,22.5037,37.4063
2019-06-02 12-45-18,439,22.5418,37.4063
2019-06-02 12-45-20,439,22.4869,37.4357
2019-06-02 12-45-22,440,22.5418,37.4063
2019-06-02 12-45-24,440,22.5784,37.4357
2019-06-02 12-45-26,440,22.4869,37.4357
2019-06-02 12-45-28,441,22.522,37.4197
2019-06-02 12-45-32,441,22.4869,37.4357
2019-06-02 12-45-34,441,22.5586,37.393
2019-06-02 12-45-36,441,22.5403,37.393
2019-06-02 12-45-38,442,22.5922,37.3796
2019-06-02 12-45-40,442,22.6105,37.4063
2019-06-02 12-45-42,442,22.6089,37.3503
2019-06-02 12-45-44,442,22.5906,37.3636
2019-06-02 12-45-46,442,22.641,37.3075
2019-06-02 12-45-50,442,22.6227,37.2942
2019-06-02 12-45-52,441,22.673,37.2648
2019-06-02 12-45-54,441,22.7097,37.2515
2019-06-02 12-45-56,441,22.76,37.2381
2019-06-02 12-45-58,441,22.76,37.2248
2019-06-02 12-46-00,441,22.7936,37.2381
2019-06-02 12-46-02,441,22.7097,37.2515
2019-06-02 12-46-04,441,22.7615,37.2648
2019-06-02 12-46-08,441,22.76,37.2248
2019-06-02 12-46-10,441,22.7234,37.1954
2019-06-02 12-46-12,441,22.7554,37.1687
2019-06-02 12-46-14,442,22.7921,37.182
2019-06-02 12-46-16,442,22.8653,37.2087
2019-06-02 12-46-18,442,22.7783,37.2381
2019-06-02 12-46-20,442,22.673,37.2648
2019-06-02 12-46-22,442,22.7142,37.3236
2019-06-02 12-46-26,441,22.6776,37.3369
2019-06-02 12-46-28,441,22.5586,37.393
2019-06-02 12-46-30,440,22.5769,37.4063
2019-06-02 12-46-32,440,22.5403,37.393
2019-06-02 12-46-34,440,22.5037,37.4063
2019-06-02 12-46-36,440,22.4686,37.393
2019-06-02 12-46-38,440,22.5418,37.4063
2019-06-02 12-46-42,440,22.4869,37.4357
2019-06-02 12-46-44,441,22.4182,37.4357
2019-06-02 12-46-46,441,22.4167,37.4197
2019-06-02 12-46-48,442,22.4716,37.4491
2019-06-02 12-46-50,442,22.4365,37.4357
2019-06-02 12-46-52,442,22.5189,37.3796
2019-06-02 12-46-54,442,22.4716,37.4491
2019-06-02 12-46-56,443,22.4533,37.4357
2019-06-02 12-47-00,443,22.4899,37.4624
2019-06-02 12-47-02,442,22.5601,37.4197
2019-06-02 12-47-04,442,22.5235,37.4491
2019-06-02 12-47-06,441,22.4548,37.4624
2019-06-02 12-47-08,442,22.403,37.4624
2019-06-02 12-47-10,442,22.4579,37.4918
2019-06-02 12-47-12,442,22.403,37.4758
2019-06-02 12-47-14,442,22.3862,37.4758
2019-06-02 12-47-18,442,22.4396,37.4918
2019-06-02 12-47-20,441,22.4396,37.4918
2019-06-02 12-47-22,441,22.4869,37.4357
2019-06-02 12-47-24,441,22.5082,37.4624
2019-06-02 12-47-26,441,22.4915,37.4918
2019-06-02 12-47-28,441,22.4548,37.4758
2019-06-02 12-47-30,441,22.4228,37.5051
2019-06-02 12-47-32,441,22.4731,37.4758
2019-06-02 12-47-36,440,22.4915,37.4758
2019-06-02 12-47-38,440,22.5632,37.4624
2019-06-02 12-47-40,440,22.4915,37.4758
2019-06-02 12-47-42,440,22.5464,37.4758
2019-06-02 12-47-44,440,22.4731,37.4918
2019-06-02 12-47-46,440,22.4579,37.4918
2019-06-02 12-47-48,440,22.3862,37.4918
2019-06-02 12-47-52,441,22.3862,37.4758
2019-06-02 12-47-54,441,22.403,37.4491
2019-06-02 12-47-57,441,22.4533,37.4357
2019-06-02 12-47-59,441,22.5052,37.4357
2019-06-02 12-48-01,441,22.4533,37.4357
2019-06-02 12-48-03,440,22.4365,37.4624
2019-06-02 12-48-05,440,22.4899,37.4491
2019-06-02 12-48-07,439,22.4716,37.4357
2019-06-02 12-48-11,439,22.4899,37.4624
2019-06-02 12-48-13,439,22.4716,37.4491
2019-06-02 12-48-15,439,22.4731,37.4624
2019-06-02 12-48-17,440,22.4228,37.5212
2019-06-02 12-48-19,439,22.4396,37.4918
2019-06-02 12-48-21,439,22.348,37.4758
2019-06-02 12-48-23,439,22.3663,37.4918
2019-06-02 12-48-25,439,22.3495,37.4918
2019-06-02 12-48-29,439,22.3663,37.4918
2019-06-02 12-48-31,439,22.3129,37.4918
2019-06-02 12-48-33,440,22.3343,37.5051
2019-06-02 12-48-35,439,22.3663,37.4758
2019-06-02 12-48-37,439,22.3862,37.4758
2019-06-02 12-48-39,438,22.3679,37.5212
2019-06-02 12-48-41,439,22.3312,37.4758
2019-06-02 12-48-43,439,22.3679,37.5051
2019-06-02 12-48-47,439,22.348,37.4624
2019-06-02 12-48-49,438,22.3312,37.4918
2019-06-02 12-48-51,438,22.3495,37.4918
2019-06-02 12-48-53,439,22.3862,37.4918
2019-06-02 12-48-55,439,22.3495,37.4918
2019-06-02 12-48-57,439,22.3679,37.5212
2019-06-02 12-48-59,439,22.3175,37.5345
2019-06-02 12-49-03,439,22.3175,37.5345
2019-06-02 12-49-05,439,22.3389,37.5772
2019-06-02 12-49-07,439,22.3175,37.5639
2019-06-02 12-49-09,439,22.2672,37.5639
2019-06-02 12-49-11,439,22.2488,37.5505
2019-06-02 12-49-13,440,22.3175,37.5345
2019-06-02 12-49-15,440,22.2443,37.4918
2019-06-02 12-49-17,440,22.2244,37.4758
2019-06-02 12-49-21,440,22.2473,37.5212
2019-06-02 12-49-23,440,22.3495,37.5051
2019-06-02 12-49-25,440,22.3175,37.5505
2019-06-02 12-49-27,440,22.316,37.5051
2019-06-02 12-49-29,440,22.3312,37.4918
2019-06-02 12-49-31,439,22.3892,37.5051
2019-06-02 12-49-33,439,22.3709,37.5639
2019-06-02 12-49-35,438,22.3541,37.5772
2019-06-02 12-49-39,438,22.3221,37.62
2019-06-02 12-49-41,437,22.2534,37.62
2019-06-02 12-49-43,437,22.2565,37.6627
2019-06-02 12-49-45,437,22.2351,37.6627
2019-06-02 12-49-47,437,22.2351,37.676
2019-06-02 12-49-49,437,22.2565,37.676
2019-06-02 12-49-51,437,22.258,37.6894
2019-06-02 12-49-53,437,22.2015,37.6894
2019-06-02 12-49-57,437,22.2061,37.7321
2019-06-02 12-49-59,438,22.2244,37.7615
2019-06-02 12-50-01,441,22.2397,37.7321
2019-06-02 12-50-03,442,22.2763,37.7321
2019-06-02 12-50-05,443,22.377,37.6467
2019-06-02 12-50-07,444,22.4274,37.5772
2019-06-02 12-50-09,446,22.5494,37.5051
2019-06-02 12-50-13,445,22.5632,37.4758
2019-06-02 12-50-15,446,22.5998,37.5051
2019-06-02 12-50-17,445,22.5998,37.4758
2019-06-02 12-50-19,444,22.5815,37.4624
2019-06-02 12-50-21,444,22.6517,37.5051
2019-06-02 12-50-23,444,22.5998,37.5051
2019-06-02 12-50-25,445,22.5967,37.4491
2019-06-02 12-50-27,444,22.6288,37.4197
2019-06-02 12-50-31,443,22.6639,37.4197
2019-06-02 12-50-33,443,22.702,37.4357
2019-06-02 12-50-35,442,22.6151,37.4758
2019-06-02 12-50-37,440,22.5861,37.5345
2019-06-02 12-50-39,439,22.5327,37.5772
2019-06-02 12-50-41,439,22.5357,37.62
2019-06-02 12-50-43,440,22.5006,37.6467
2019-06-02 12-50-45,440,22.4167,37.6627
2019-06-02 12-50-49,439,22.3999,37.676
2019-06-02 12-50-51,442,22.4716,37.7028
2019-06-02 12-50-53,443,22.403,37.7188
2019-06-02 12-50-55,443,22.4182,37.6894
2019-06-02 12-50-57,445,22.3618,37.6894
2019-06-02 12-50-59,444,22.3801,37.676
2019-06-02 12-51-01,444,22.3801,37.6894
2019-06-02 12-51-03,445,22.4167,37.676
2019-06-02 12-51-07,445,22.3801,37.7028
2019-06-02 12-51-09,444,22.3816,37.7321
2019-06-02 12-51-11,443,22.3618,37.6894
2019-06-02 12-51-13,444,22.3114,37.7028
2019-06-02 12-51-15,444,22.2946,37.7188
2019-06-02 12-51-17,444,22.3633,37.7028
2019-06-02 12-51-19,445,22.3267,37.6894
2019-06-02 12-51-23,446,22.3618,37.6894
2019-06-02 12-51-25,445,22.4503,37.676
2019-06-02 12-51-27,444,22.3434,37.676
2019-06-02 12-51-29,443,22.2931,37.6894
2019-06-02 12-51-31,442,22.3801,37.6894
2019-06-02 12-51-33,441,22.3999,37.7028
2019-06-02 12-51-35,441,22.2946,37.7321
2019-06-02 12-51-37,441,22.2244,37.7455
2019-06-02 12-51-41,441,22.2214,37.7321
2019-06-02 12-51-43,440,22.2244,37.7455
2019-06-02 12-51-45,441,22.2214,37.7321
2019-06-02 12-51-47,441,22.2061,37.7321
2019-06-02 12-51-49,441,22.1344,37.7188
2019-06-02 12-51-51,441,22.2214,37.7188
2019-06-02 12-51-53,440,22.1878,37.7188
2019-06-02 12-51-55,440,22.1878,37.7455
2019-06-02 12-51-59,441,22.1375,37.7455
2019-06-02 12-52-01,441,22.1893,37.7615
2019-06-02 12-52-03,440,22.2107,37.8016
2019-06-02 12-52-05,440,22.1924,37.7882
2019-06-02 12-52-07,440,22.226,37.7749
2019-06-02 12-52-09,440,22.1741,37.7749
2019-06-02 12-52-11,441,22.2244,37.7615
2019-06-02 12-52-13,442,22.1893,37.7615
2019-06-02 12-52-17,442,22.2397,37.7455
2019-06-02 12-52-19,443,22.348,37.7188
2019-06-02 12-52-21,442,22.2931,37.7028
2019-06-02 12-52-23,442,22.2748,37.6894
2019-06-02 12-52-25,443,22.3267,37.676
2019-06-02 12-52-27,442,22.2168,37.6627
2019-06-02 12-52-29,442,22.3267,37.6894
2019-06-02 12-52-31,441,22.2351,37.676
2019-06-02 12-52-35,440,22.29,37.676
2019-06-02 12-52-37,440,22.3251,37.6627
2019-06-02 12-52-39,440,22.2748,37.6894
2019-06-02 12-52-41,440,22.3083,37.676
2019-06-02 12-52-43,440,22.3267,37.7028
2019-06-02 12-52-45,440,22.2397,37.7188
2019-06-02 12-52-47,440,22.261,37.7321
2019-06-02 12-52-51,440,22.2031,37.7188
2019-06-02 12-52-53,440,22.2214,37.7188
2019-06-02 12-52-55,440,22.1878,37.7455
2019-06-02 12-52-57,440,22.2076,37.7615
2019-06-02 12-52-59,440,22.2015,37.6894
2019-06-02 12-53-01,440,22.2397,37.7321
2019-06-02 12-53-03,441,22.2214,37.7188
2019-06-02 12-53-05,441,22.2626,37.7615
2019-06-02 12-53-09,440,22.226,37.7749
2019-06-02 12-53-11,441,22.1939,37.8176
2019-06-02 12-53-13,440,22.1024,37.7882
2019-06-02 12-53-15,441,22.1024,37.7749
2019-06-02 12-53-17,441,22.0657,37.7749
2019-06-02 12-53-19,441,22.1375,37.7455
2019-06-02 12-53-21,441,22.1527,37.7455
2019-06-02 12-53-23,441,22.171,37.7615
2019-06-02 12-53-27,442,22.1695,37.7188
2019-06-02 12-53-29,443,22.2198,37.6894
2019-06-02 12-53-31,442,22.1985,37.6333
2019-06-02 12-53-33,442,22.2885,37.6333
2019-06-02 12-53-35,442,22.3068,37.6333
2019-06-02 12-53-37,441,22.29,37.6627
2019-06-02 12-53-39,441,22.3999,37.676
2019-06-02 12-53-41,441,22.345,37.6894
2019-06-02 12-53-45,441,22.348,37.7188
2019-06-02 12-53-47,441,22.3267,37.6894
2019-06-02 12-53-49,440,22.2763,37.7188
2019-06-02 12-53-52,440,22.3129,37.7455
2019-06-02 12-53-54,440,22.261,37.7455
2019-06-02 12-53-56,440,22.2397,37.7455
2019-06-02 12-53-58,440,22.2244,37.7455
2019-06-02 12-54-00,439,22.2244,37.7615
2019-06-02 12-54-04,439,22.2794,37.7615
2019-06-02 12-54-06,439,22.1893,37.7749
2019-06-02 12-54-08,439,22.2656,37.8016
2019-06-02 12-54-10,439,22.2107,37.8016
2019-06-02 12-54-12,439,22.1207,37.8016
2019-06-02 12-54-14,439,22.2076,37.7749
2019-06-02 12-54-16,439,22.2427,37.7615
2019-06-02 12-54-20,439,22.2763,37.7188
2019-06-02 12-54-22,439,22.171,37.7455
2019-06-02 12-54-24,439,22.2397,37.7321
2019-06-02 12-54-26,440,22.2763,37.7321
2019-06-02 12-54-28,439,22.261,37.7321
2019-06-02 12-54-30,438,22.316,37.7749
2019-06-02 12-54-32,438,22.2443,37.8176
2019-06-02 12-54-34,438,22.2656,37.8016
2019-06-02 12-54-38,438,22.2076,37.7882
2019-06-02 12-54-40,439,22.2626,37.7615
2019-06-02 12-54-42,437,22.2977,37.7749
2019-06-02 12-54-44,437,22.2626,37.7882
2019-06-02 12-54-46,436,22.2672,37.8443
2019-06-02 12-54-48,436,22.2305,37.8443
2019-06-02 12-54-50,437,22.229,37.8309
2019-06-02 12-54-52,437,22.3022,37.8443
2019-06-02 12-54-56,437,22.2473,37.8443
2019-06-02 12-54-58,437,22.2473,37.8309
2019-06-02 12-55-00,436,22.2122,37.8576
2019-06-02 12-55-02,435,22.2122,37.8576
2019-06-02 12-55-04,435,22.2305,37.8737
2019-06-02 12-55-06,435,22.2305,37.8576
2019-06-02 12-55-08,435,22.1619,37.887
2019-06-02 12-55-10,434,22.1802,37.887
2019-06-02 12-55-14,434,22.1786,37.8737
2019-06-02 12-55-16,434,22.1466,37.9137
2019-06-02 12-55-18,435,22.2168,37.9137
2019-06-02 12-55-20,435,22.11,37.887
2019-06-02 12-55-22,435,22.1466,37.887
2019-06-02 12-55-24,435,22.11,37.887
2019-06-02 12-55-26,436,22.1985,37.887
2019-06-02 12-55-28,437,22.1802,37.9004
2019-06-02 12-55-32,437,22.1466,37.9004
2019-06-02 12-55-34,436,22.1802,37.887
2019-06-02 12-55-36,437,22.1466,37.9004
2019-06-02 12-55-38,437,22.1436,37.8737
2019-06-02 12-55-40,437,22.1786,37.8443
2019-06-02 12-55-42,437,22.226,37.7882
2019-06-02 12-55-44,438,22.2977,37.7749
2019-06-02 12-55-46,437,22.2397,37.7455
2019-06-02 12-55-50,438,22.3618,37.6894
2019-06-02 12-55-52,438,22.3618,37.676
2019-06-02 12-55-54,438,22.4319,37.6333
2019-06-02 12-55-56,438,22.464,37.6066
2019-06-02 12-55-58,438,22.5143,37.5906
2019-06-02 12-56-00,438,22.496,37.5772
2019-06-02 12-56-02,438,22.4777,37.5639
2019-06-02 12-56-04,438,22.551,37.5505
2019-06-02 12-56-08,438,22.5281,37.5345
2019-06-02 12-56-10,438,22.551,37.5505
2019-06-02 12-56-12,438,22.5098,37.4918
2019-06-02 12-56-14,438,22.5235,37.4624
2019-06-02 12-56-16,438,22.5952,37.4197
2019-06-02 12-56-18,438,22.5586,37.4063
2019-06-02 12-56-20,437,22.5403,37.3796
2019-06-02 12-56-24,437,22.6089,37.3503
2019-06-02 12-56-26,437,22.7142,37.3369
2019-06-02 12-56-28,436,22.7463,37.2942
2019-06-02 12-56-30,436,22.7463,37.2942
2019-06-02 12-56-32,436,22.673,37.2648
2019-06-02 12-56-34,437,22.6685,37.2248
2019-06-02 12-56-36,437,22.6913,37.2381
2019-06-02 12-56-38,437,22.7417,37.2248
2019-06-02 12-56-42,436,22.7386,37.1954
2019-06-02 12-56-44,436,22.7707,37.1527
2019-06-02 12-56-46,436,22.8241,37.1527
2019-06-02 12-56-48,436,22.9111,37.1126
2019-06-02 12-56-50,436,22.8928,37.0966
2019-06-02 12-56-52,436,22.9614,37.0832
2019-06-02 12-56-54,436,22.998,37.0699
2019-06-02 12-56-56,435,23.0682,37.0539
2019-06-02 12-57-00,435,23.1186,37.0245
2019-06-02 12-57-02,434,23.1369,37.0111
2019-06-02 12-57-04,434,23.1552,37.0378
2019-06-02 12-57-06,434,23.1598,37.0832
2019-06-02 12-57-08,434,23.1216,37.0699
2019-06-02 12-57-10,433,23.1232,37.0966
2019-06-02 12-57-12,433,23.1079,37.126
2019-06-02 12-57-14,432,23.1232,37.1126
2019-06-02 12-57-18,432,23.0728,37.1527
2019-06-02 12-57-20,433,23.0728,37.1527
2019-06-02 12-57-22,433,23.0225,37.182
2019-06-02 12-57-24,433,23.0255,37.1954
2019-06-02 12-57-26,433,23.0759,37.182
2019-06-02 12-57-28,434,23.1125,37.182
2019-06-02 12-57-30,434,23.0225,37.182
2019-06-02 12-57-34,434,23.0225,37.182
2019-06-02 12-57-36,434,23.0255,37.1954
2019-06-02 12-57-38,434,22.934,37.1954
2019-06-02 12-57-40,435,22.9492,37.1687
2019-06-02 12-57-42,436,22.9156,37.1687
2019-06-02 12-57-44,436,22.9309,37.1527
2019-06-02 12-57-46,437,22.966,37.126
2019-06-02 12-57-48,437,22.9996,37.0966
2019-06-02 12-57-52,437,23.053,37.0966
2019-06-02 12-57-54,438,22.9996,37.0966
2019-06-02 12-57-56,438,23.0362,37.1126
2019-06-02 12-57-58,439,22.9858,37.126
2019-06-02 12-58-00,439,23.0026,37.1126
2019-06-02 12-58-02,440,23.0026,37.1126
2019-06-02 12-58-04,440,23.053,37.0966
2019-06-02 12-58-06,440,23.0682,37.0832
2019-06-02 12-58-10,440,23.0682,37.0539
2019-06-02 12-58-12,440,23.1003,37.0378
2019-06-02 12-58-14,439,23.14,37.0378
2019-06-02 12-58-16,439,23.1552,37.0245
2019-06-02 12-58-18,438,23.1735,37.0245
2019-06-02 12-58-20,438,23.1369,37.0111
2019-06-02 12-58-22,437,23.1583,37.0699
2019-06-02 12-58-26,437,23.0896,37.1126
2019-06-02 12-58-28,437,23.0576,37.1527
2019-06-02 12-58-30,436,23.0225,37.1687
2019-06-02 12-58-32,436,22.934,37.1954
2019-06-02 12-58-34,436,22.9355,37.2087
2019-06-02 12-58-36,436,22.8699,37.2515
2019-06-02 12-58-38,436,22.9065,37.2808
2019-06-02 12-58-40,436,22.9034,37.2648
2019-06-02 12-58-44,436,22.8149,37.2808
2019-06-02 12-58-46,436,22.8348,37.3075
2019-06-02 12-58-48,436,22.8012,37.3236
2019-06-02 12-58-50,437,22.7524,37.3796
2019-06-02 12-58-52,437,22.7188,37.393
2019-06-02 12-58-54,437,22.6822,37.4197
2019-06-02 12-58-56,437,22.6654,37.4357
2019-06-02 12-58-58,437,22.67,37.5051
2019-06-02 12-59-02,437,22.5998,37.5051
2019-06-02 12-59-04,437,22.5861,37.5505
2019-06-02 12-59-06,437,22.5143,37.5772
2019-06-02 12-59-08,437,22.554,37.5906
2019-06-02 12-59-10,438,22.4808,37.5906
2019-06-02 12-59-12,440,22.464,37.6066
2019-06-02 12-59-14,440,22.5174,37.62
2019-06-02 12-59-16,441,22.5357,37.62
2019-06-02 12-59-20,441,22.5006,37.6333
2019-06-02 12-59-22,441,22.5006,37.62
2019-06-02 12-59-24,441,22.5174,37.6066
2019-06-02 12-59-26,442,22.5357,37.6333
2019-06-02 12-59-29,443,22.5006,37.6333
2019-06-02 12-59-31,442,22.4823,37.6333
2019-06-02 12-59-33,442,22.377,37.6467
2019-06-02 12-59-37,442,22.3434,37.6467
2019-06-02 12-59-39,441,22.3984,37.6627
2019-06-02 12-59-41,441,22.4319,37.6627
2019-06-02 12-59-43,442,22.4167,37.6627
2019-06-02 12-59-45,442,22.3618,37.676
2019-06-02 12-59-47,443,22.3801,37.6894
2019-06-02 12-59-49,442,22.3801,37.676
2019-06-02 12-59-51,442,22.403,37.7321
2019-06-02 12-59-55,442,22.403,37.7188
2019-06-02 12-59-57,442,22.4365,37.7188
2019-06-02 12-59-59,442,22.403,37.7188
2019-06-02 13-00-01,442,22.3663,37.7321
2019-06-02 13-00-03,441,22.3663,37.7455
2019-06-02 13-00-05,441,22.3129,37.7455
2019-06-02 13-00-07,441,22.3495,37.7615
2019-06-02 13-00-09,441,22.3495,37.7615
2019-06-02 13-00-13,441,22.3343,37.7749
2019-06-02 13-00-15,441,22.3312,37.7615
2019-06-02 13-00-17,442,22.3663,37.7615
2019-06-02 13-00-19,441,22.3312,37.7615
2019-06-02 13-00-21,441,22.3312,37.7455
2019-06-02 13-00-23,441,22.3312,37.7455
2019-06-02 13-00-25,441,22.2946,37.7455
2019-06-02 13-00-29,441,22.348,37.7321
2019-06-02 13-00-31,441,22.3129,37.7321
2019-06-02 13-00-33,441,22.3297,37.7188
2019-06-02 13-00-35,441,22.348,37.7321
2019-06-02 13-00-37,440,22.3297,37.7321
2019-06-02 13-00-39,440,22.3633,37.7188
2019-06-02 13-00-41,440,22.348,37.7188
2019-06-02 13-00-43,440,22.348,37.7321
2019-06-02 13-00-47,440,22.2809,37.7882
2019-06-02 13-00-49,439,22.2794,37.7615
2019-06-02 13-00-51,440,22.2397,37.7188
2019-06-02 13-00-53,440,22.2946,37.7321
2019-06-02 13-00-55,440,22.348,37.7188
2019-06-02 13-00-57,440,22.3114,37.7028
2019-06-02 13-00-59,440,22.2946,37.7321
2019-06-02 13-01-01,439,22.3297,37.7188
2019-06-02 13-01-05,439,22.3618,37.6894
2019-06-02 13-01-07,439,22.3267,37.7028
2019-06-02 13-01-09,439,22.3267,37.6894
2019-06-02 13-01-11,439,22.2931,37.7028
2019-06-02 13-01-13,439,22.2931,37.6894
2019-06-02 13-01-15,439,22.3114,37.7028
2019-06-02 13-01-17,439,22.2946,37.7188
2019-06-02 13-01-21,439,22.2931,37.7028
2019-06-02 13-01-23,440,22.1848,37.7028
2019-06-02 13-01-25,440,22.2717,37.6627
2019-06-02 13-01-27,439,22.2534,37.6467
2019-06-02 13-01-29,440,22.4136,37.62
2019-06-02 13-01-31,440,22.4136,37.6333
2019-06-02 13-01-33,439,22.3953,37.6066
2019-06-02 13-01-35,440,22.464,37.6066
2019-06-02 13-01-39,439,22.4121,37.6066
2019-06-02 13-01-41,439,22.3755,37.6066
2019-06-02 13-01-43,439,22.4457,37.6066
2019-06-02 13-01-45,438,22.4136,37.6333
2019-06-02 13-01-47,438,22.4136,37.62
2019-06-02 13-01-49,438,22.4319,37.6333
2019-06-02 13-01-51,437,22.3755,37.6066
2019-06-02 13-01-53,437,22.3984,37.6467
2019-06-02 13-01-57,437,22.467,37.6467
2019-06-02 13-01-59,437,22.3572,37.62
2019-06-02 13-02-01,437,22.3953,37.6333
2019-06-02 13-02-03,437,22.4319,37.6333
2019-06-02 13-02-05,436,22.4487,37.6333
2019-06-02 13-02-07,436,22.3755,37.6333
2019-06-02 13-02-09,437,22.464,37.62
2019-06-02 13-02-13,437,22.4319,37.6333
2019-06-02 13-02-15,437,22.4487,37.62
2019-06-02 13-02-17,437,22.4823,37.6333
2019-06-02 13-02-19,437,22.4136,37.6467
2019-06-02 13-02-21,437,22.3953,37.6333
2019-06-02 13-02-23,436,22.4487,37.62
2019-06-02 13-02-25,436,22.467,37.6333
2019-06-02 13-02-27,436,22.4823,37.6066
2019-06-02 13-02-31,436,22.5357,37.6066
2019-06-02 13-02-33,437,22.5357,37.6066
2019-06-02 13-02-35,436,22.5327,37.5906
2019-06-02 13-02-37,436,22.5357,37.6066
2019-06-02 13-02-39,436,22.5555,37.6333
2019-06-02 13-02-41,436,22.5586,37.6467
2019-06-02 13-02-43,435,22.467,37.6333
2019-06-02 13-02-47,435,22.4686,37.6627
2019-06-02 13-02-49,435,22.4686,37.6627
2019-06-02 13-02-51,435,22.467,37.6467
2019-06-02 13-02-53,435,22.435,37.676
2019-06-02 13-02-55,435,22.4503,37.6467
2019-06-02 13-02-57,435,22.4503,37.6627
2019-06-02 13-02-59,435,22.5006,37.6467
2019-06-02 13-03-01,435,22.522,37.6894
2019-06-02 13-03-05,435,22.4686,37.6627
2019-06-02 13-03-07,435,22.5006,37.62
2019-06-02 13-03-09,435,22.5357,37.62
2019-06-02 13-03-11,435,22.5555,37.6333
2019-06-02 13-03-13,435,22.554,37.5906
2019-06-02 13-03-15,435,22.551,37.5639
2019-06-02 13-03-17,435,22.5861,37.5639
2019-06-02 13-03-19,434,22.5876,37.5906
2019-06-02 13-03-23,434,22.6044,37.5639
2019-06-02 13-03-25,434,22.5861,37.5639
2019-06-02 13-03-27,434,22.5693,37.5772
2019-06-02 13-03-29,435,22.5861,37.5639
2019-06-02 13-03-31,435,22.5861,37.5345
2019-06-02 13-03-33,435,22.6044,37.5505
2019-06-02 13-03-35,434,22.6196,37.5345
2019-06-02 13-03-39,435,22.6562,37.5505
2019-06-02 13-03-41,435,22.6196,37.5505
2019-06-02 13-03-43,435,22.6196,37.5505
2019-06-02 13-03-45,436,22.5861,37.5505
2019-06-02 13-03-47,436,22.6196,37.5345
2019-06-02 13-03-49,435,22.551,37.5505
2019-06-02 13-03-51,435,22.5128,37.5345
2019-06-02 13-03-53,436,22.5281,37.5212
2019-06-02 13-03-57,436,22.583,37.5212
2019-06-02 13-03-59,435,22.6181,37.5051
2019-06-02 13-04-01,435,22.6044,37.5505
2019-06-02 13-04-03,435,22.5861,37.5639
2019-06-02 13-04-05,435,22.4991,37.5906
2019-06-02 13-04-07,435,22.4823,37.6066
2019-06-02 13-04-09,435,22.5006,37.62
2019-06-02 13-04-11,434,22.4686,37.6627
2019-06-02 13-04-15,434,22.4167,37.676
2019-06-02 13-04-17,434,22.4503,37.6627
2019-06-02 13-04-19,433,22.435,37.676
2019-06-02 13-04-21,434,22.4182,37.7188
2019-06-02 13-04-23,434,22.348,37.7188
2019-06-02 13-04-25,434,22.3846,37.7615
2019-06-02 13-04-27,434,22.3312,37.7455
2019-06-02 13-04-31,434,22.3846,37.7455
2019-06-02 13-04-33,434,22.3495,37.7615
2019-06-02 13-04-35,435,22.3709,37.8016
2019-06-02 13-04-37,435,22.2992,37.8016
2019-06-02 13-04-39,435,22.2855,37.8576
2019-06-02 13-04-41,436,22.2305,37.8443
2019-06-02 13-04-43,436,22.2702,37.8737
2019-06-02 13-04-45,437,22.3038,37.8576
2019-06-02 13-04-49,436,22.2748,37.9297
2019-06-02 13-04-51,437,22.2168,37.9297
2019-06-02 13-04-53,436,22.2198,37.9431
2019-06-02 13-04-55,436,22.2198,37.9564
2019-06-02 13-04-57,436,22.2015,37.9431
2019-06-02 13-04-59,437,22.2015,37.9431
2019-06-02 13-05-01,437,22.2168,37.9137
2019-06-02 13-05-03,436,22.2351,37.9297
2019-06-02 13-05-07,435,22.2351,37.9297
2019-06-02 13-05-09,435,22.2748,37.9297
2019-06-02 13-05-11,436,22.2168,37.9297
2019-06-02 13-05-13,436,22.2519,37.9004
2019-06-02 13-05-16,436,22.2305,37.8737
2019-06-02 13-05-18,436,22.2839,37.8309
2019-06-02 13-05-20,436,22.2809,37.8016
2019-06-02 13-05-24,436,22.2977,37.7749
2019-06-02 13-05-26,436,22.3663,37.7455
2019-06-02 13-05-28,437,22.4213,37.7321
2019-06-02 13-05-30,437,22.4365,37.7188
2019-06-02 13-05-32,438,22.4533,37.7028
2019-06-02 13-05-34,437,22.4365,37.7028
2019-06-02 13-05-36,436,22.435,37.6894
2019-06-02 13-05-38,436,22.4716,37.7188
2019-06-02 13-05-42,436,22.5052,37.6894
2019-06-02 13-05-44,436,22.4915,37.7455
2019-06-02 13-05-46,436,22.4548,37.7455
2019-06-02 13-05-48,436,22.4045,37.7615
2019-06-02 13-05-50,435,22.4396,37.7615
2019-06-02 13-05-52,435,22.3663,37.7615
2019-06-02 13-05-54,435,22.4045,37.7749
2019-06-02 13-05-56,435,22.3679,37.7749
2019-06-02 13-06-00,435,22.3862,37.7882
2019-06-02 13-06-02,436,22.4045,37.7455
2019-06-02 13-06-04,436,22.4045,37.7615
2019-06-02 13-06-06,437,22.4045,37.7615
2019-06-02 13-06-08,437,22.3663,37.7615
2019-06-02 13-06-10,438,22.3862,37.7749
2019-06-02 13-06-12,437,22.3495,37.7615
2019-06-02 13-06-16,437,22.4548,37.7321
2019-06-02 13-06-18,437,22.3846,37.7615
2019-06-02 13-06-20,436,22.4213,37.7321
2019-06-02 13-06-22,436,22.403,37.7321
2019-06-02 13-06-24,436,22.4213,37.7321
2019-06-02 13-06-26,435,22.3999,37.7028
2019-06-02 13-06-28,435,22.3816,37.7321
2019-06-02 13-06-30,435,22.345,37.7028
2019-06-02 13-06-34,435,22.3816,37.7321
2019-06-02 13-06-36,435,22.4182,37.6894
2019-06-02 13-06-38,434,22.3999,37.6894
2019-06-02 13-06-40,434,22.3618,37.6894
2019-06-02 13-06-42,435,22.3068,37.6467
2019-06-02 13-06-44,434,22.4182,37.6894
2019-06-02 13-06-46,434,22.4167,37.676
2019-06-02 13-06-48,433,22.3999,37.676
2019-06-02 13-06-52,433,22.3434,37.6467
2019-06-02 13-06-54,433,22.4182,37.6894
2019-06-02 13-06-56,433,22.3999,37.7028
2019-06-02 13-06-58,434,22.4182,37.7028
2019-06-02 13-07-00,434,22.3999,37.6894
2019-06-02 13-07-02,434,22.3999,37.7028
2019-06-02 13-07-04,434,22.3801,37.6894
2019-06-02 13-07-06,434,22.3999,37.7028
2019-06-02 13-07-10,435,22.4319,37.6467
2019-06-02 13-07-12,435,22.3999,37.676
2019-06-02 13-07-14,434,22.4487,37.6333
2019-06-02 13-07-16,434,22.4121,37.6066
2019-06-02 13-07-18,434,22.4167,37.6627
2019-06-02 13-07-20,434,22.3724,37.5906
2019-06-02 13-07-22,434,22.4991,37.6066
2019-06-02 13-07-26,434,22.496,37.5639
2019-06-02 13-07-28,434,22.4777,37.5639
2019-06-02 13-07-30,434,22.5128,37.5505
2019-06-02 13-07-32,434,22.5128,37.5505
2019-06-02 13-07-34,434,22.551,37.5505
2019-06-02 13-07-36,435,22.5861,37.5639
2019-06-02 13-07-38,435,22.6044,37.5639
2019-06-02 13-07-40,435,22.5677,37.5505
2019-06-02 13-07-44,435,22.583,37.5051
2019-06-02 13-07-46,436,22.5647,37.5051
2019-06-02 13-07-48,436,22.5815,37.4918
2019-06-02 13-07-50,436,22.583,37.5051
2019-06-02 13-07-52,436,22.5967,37.4491
2019-06-02 13-07-54,437,22.6501,37.4758
2019-06-02 13-07-56,436,22.7051,37.4491
2019-06-02 13-07-58,436,22.6822,37.4197
2019-06-02 13-08-02,437,22.7203,37.4197
2019-06-02 13-08-04,437,22.7341,37.393
2019-06-02 13-08-06,437,22.789,37.4197
2019-06-02 13-08-08,437,22.789,37.4063
2019-06-02 13-08-10,436,22.7921,37.4357
2019-06-02 13-08-12,436,22.7737,37.4197
2019-06-02 13-08-14,436,22.7875,37.393
2019-06-02 13-08-18,436,22.7341,37.3796
2019-06-02 13-08-20,436,22.8058,37.3796
2019-06-02 13-08-22,435,22.8241,37.4063
2019-06-02 13-08-24,435,22.7371,37.4197
2019-06-02 13-08-26,435,22.7737,37.4197
2019-06-02 13-08-28,435,22.757,37.4491
2019-06-02 13-08-30,435,22.6868,37.4758
2019-06-02 13-08-32,435,22.7066,37.4918
2019-06-02 13-08-36,434,22.6685,37.4758
2019-06-02 13-08-38,434,22.67,37.5212
2019-06-02 13-08-40,433,22.6044,37.5639
2019-06-02 13-08-42,434,22.6059,37.5772
2019-06-02 13-08-44,434,22.5723,37.5906
2019-06-02 13-08-46,434,22.5357,37.6333
2019-06-02 13-08-48,435,22.5357,37.62
2019-06-02 13-08-50,436,22.5189,37.6333
2019-06-02 13-08-54,437,22.5143,37.5906
2019-06-02 13-08-56,437,22.5327,37.5906
2019-06-02 13-08-58,437,22.5143,37.5639
2019-06-02 13-09-00,437,22.6044,37.5505
2019-06-02 13-09-02,437,22.6364,37.5212
2019-06-02 13-09-04,436,22.6379,37.5345
2019-06-02 13-09-06,436,22.6364,37.5051
2019-06-02 13-09-10,436,22.5998,37.4918
2019-06-02 13-09-12,436,22.583,37.5212
2019-06-02 13-09-14,436,22.583,37.5051
2019-06-02 13-09-16,436,22.5677,37.5345
2019-06-02 13-09-18,437,22.5311,37.5505
2019-06-02 13-09-20,437,22.6883,37.5345
2019-06-02 13-09-22,437,22.6379,37.5345
2019-06-02 13-09-24,437,22.67,37.5212
2019-06-02 13-09-28,438,22.6868,37.4758
2019-06-02 13-09-30,438,22.6868,37.4758
2019-06-02 13-09-32,438,22.7615,37.5212
2019-06-02 13-09-34,438,22.67,37.4918
2019-06-02 13-09-36,438,22.6517,37.5051
2019-06-02 13-09-38,438,22.6181,37.4918
2019-06-02 13-09-40,437,22.6181,37.5051
2019-06-02 13-09-42,437,22.67,37.4918
2019-06-02 13-09-46,437,22.5815,37.4918
2019-06-02 13-09-48,436,22.6196,37.5345
2019-06-02 13-09-50,436,22.6379,37.5505
2019-06-02 13-09-52,437,22.5677,37.5345
2019-06-02 13-09-54,436,22.6196,37.5505
2019-06-02 13-09-56,437,22.6379,37.5505
2019-06-02 13-09-58,437,22.5693,37.5639
2019-06-02 13-10-00,437,22.6196,37.5212
2019-06-02 13-10-04,436,22.6196,37.5345
2019-06-02 13-10-06,436,22.6547,37.5345
2019-06-02 13-10-08,436,22.6196,37.5505
2019-06-02 13-10-10,437,22.6379,37.5505
2019-06-02 13-10-12,437,22.6013,37.5345
2019-06-02 13-10-14,437,22.6196,37.5212
2019-06-02 13-10-16,436,22.6364,37.5212
2019-06-02 13-10-20,435,22.6562,37.5505
2019-06-02 13-10-22,435,22.6379,37.5505
2019-06-02 13-10-24,435,22.5861,37.5639
2019-06-02 13-10-26,435,22.5876,37.5772
2019-06-02 13-10-28,434,22.554,37.6066
2019-06-02 13-10-30,434,22.5723,37.6066
2019-06-02 13-10-32,433,22.5357,37.62
2019-06-02 13-10-34,433,22.5357,37.62
2019-06-02 13-10-38,433,22.5006,37.6333
2019-06-02 13-10-40,432,22.5037,37.6627
2019-06-02 13-10-42,432,22.4136,37.6333
2019-06-02 13-10-44,432,22.5006,37.6467
2019-06-02 13-10-46,432,22.5006,37.6467
2019-06-02 13-10-48,432,22.464,37.62
2019-06-02 13-10-50,432,22.554,37.6066
2019-06-02 13-10-52,432,22.4274,37.5906
2019-06-02 13-10-56,432,22.4991,37.5906
2019-06-02 13-10-58,432,22.4991,37.5906
2019-06-02 13-11-00,431,22.5723,37.5906
2019-06-02 13-11-03,431,22.5357,37.6066
2019-06-02 13-11-05,431,22.4991,37.5906
2019-06-02 13-11-07,431,22.6059,37.6066
2019-06-02 13-11-09,432,22.554,37.6066
2019-06-02 13-11-13,432,22.5693,37.5639
2019-06-02 13-11-15,431,22.5906,37.62
2019-06-02 13-11-17,432,22.5555,37.62
2019-06-02 13-11-19,431,22.5143,37.5639
2019-06-02 13-11-21,432,22.554,37.5772
2019-06-02 13-11-23,432,22.5723,37.6066
2019-06-02 13-11-25,432,22.6242,37.5906
2019-06-02 13-11-27,432,22.554,37.5906
2019-06-02 13-11-31,432,22.554,37.5906
2019-06-02 13-11-33,431,22.5143,37.5772
2019-06-02 13-11-35,431,22.4777,37.5505
2019-06-02 13-11-37,432,22.496,37.5505
2019-06-02 13-11-39,432,22.5281,37.5051
2019-06-02 13-11-41,432,22.5082,37.4624
2019-06-02 13-11-43,432,22.6334,37.4758
2019-06-02 13-11-45,431,22.6135,37.4357
2019-06-02 13-11-49,431,22.6685,37.4624
2019-06-02 13-11-51,432,22.6685,37.4758
2019-06-02 13-11-53,432,22.7051,37.4624
2019-06-02 13-11-55,432,22.7051,37.4491
2019-06-02 13-11-57,431,22.6135,37.4197
2019-06-02 13-11-59,432,22.702,37.4357
2019-06-02 13-12-01,432,22.7386,37.4357
2019-06-02 13-12-03,432,22.7203,37.4197
2019-06-02 13-12-07,432,22.7707,37.393
2019-06-02 13-12-09,432,22.821,37.3796
2019-06-02 13-12-11,432,22.7875,37.3796
2019-06-02 13-12-13,432,22.8027,37.3636
2019-06-02 13-12-15,432,22.8012,37.3369
2019-06-02 13-12-17,432,22.8561,37.3236
2019-06-02 13-12-19,431,22.8531,37.2942
2019-06-02 13-12-23,431,22.8882,37.2942
2019-06-02 13-12-25,431,22.9248,37.2942
2019-06-02 13-12-27,431,22.9263,37.3236
2019-06-02 13-12-29,431,22.9065,37.2942
2019-06-02 13-12-31,430,22.8745,37.3236
2019-06-02 13-12-33,430,22.8714,37.3075
2019-06-02 13-12-35,430,22.908,37.3236
2019-06-02 13-12-37,430,22.8348,37.3075
2019-06-02 13-12-41,430,22.8012,37.3236
2019-06-02 13-12-43,430,22.8012,37.3369
2019-06-02 13-12-45,431,22.7798,37.2942
2019-06-02 13-12-47,430,22.8348,37.3236
2019-06-02 13-12-49,431,22.8561,37.3075
2019-06-02 13-12-51,431,22.8348,37.3236
2019-06-02 13-12-53,432,22.8302,37.2648
2019-06-02 13-12-55,431,22.8668,37.2381
2019-06-02 13-12-59,431,22.8516,37.2648
2019-06-02 13-13-01,431,22.8485,37.2248
2019-06-02 13-13-03,431,22.8668,37.2248
2019-06-02 13-13-05,431,22.847,37.1954
2019-06-02 13-13-07,431,22.8989,37.182
2019-06-02 13-13-09,431,22.934,37.182
2019-06-02 13-13-11,431,22.9675,37.182
2019-06-02 13-13-15,430,22.9172,37.1954
2019-06-02 13-13-17,431,22.9172,37.1954
2019-06-02 13-13-19,431,22.9019,37.2087
2019-06-02 13-13-21,431,22.9172,37.2087
2019-06-02 13-13-23,430,22.8836,37.2087
2019-06-02 13-13-25,431,22.8516,37.2381
2019-06-02 13-13-27,431,22.8668,37.2248
2019-06-02 13-13-29,431,22.8302,37.2381
2019-06-02 13-13-33,431,22.8668,37.2381
2019-06-02 13-13-35,431,22.76,37.2248
2019-06-02 13-13-37,432,22.76,37.2248
2019-06-02 13-13-39,432,22.7921,37.1954
2019-06-02 13-13-41,432,22.8104,37.2087
2019-06-02 13-13-43,432,22.8104,37.1954
2019-06-02 13-13-45,433,22.847,37.182
2019-06-02 13-13-47,433,22.8943,37.1393
2019-06-02 13-13-51,433,22.9446,37.0966
2019-06-02 13-13-53,433,22.9843,37.1126
2019-06-02 13-13-55,432,23.085,37.0378
2019-06-02 13-13-57,432,23.0453,36.9818
2019-06-02 13-13-59,433,23.0804,36.9684
2019-06-02 13-14-01,432,23.114,36.9684
2019-06-02 13-14-03,432,23.1094,36.9123
2019-06-02 13-14-07,432,23.1827,36.9257
2019-06-02 13-14-09,432,23.2498,36.8696
2019-06-02 13-14-11,432,23.3414,36.8696
2019-06-02 13-14-13,431,23.3383,36.8429
2019-06-02 13-14-15,431,23.3047,36.8563
2019-06-02 13-14-17,431,23.3017,36.8269
2019-06-02 13-14-19,431,23.4238,36.8002
2019-06-02 13-14-21,431,23.4024,36.7575
2019-06-02 13-14-25,431,23.4024,36.7575
2019-06-02 13-14-27,431,23.4558,36.7441
2019-06-02 13-14-29,431,23.4741,36.7575
2019-06-02 13-14-31,431,23.5077,36.7308
2019-06-02 13-14-33,431,23.4924,36.7441
2019-06-02 13-14-35,431,23.4924,36.7575
2019-06-02 13-14-37,430,23.4924,36.7708
2019-06-02 13-14-39,430,23.4604,36.8135
2019-06-02 13-14-43,429,23.3597,36.9123
2019-06-02 13-14-45,428,23.3109,36.9684
2019-06-02 13-14-47,427,23.2452,37.0539
2019-06-02 13-14-49,429,23.1735,37.0378
2019-06-02 13-14-51,439,23.1354,36.9684
2019-06-02 13-14-53,446,23.1827,36.9123
2019-06-02 13-14-55,431,23.1628,36.883
2019-06-02 13-14-57,428,23.1644,36.9123
2019-06-02 13-15-01,422,23.204,36.9684
2019-06-02 13-15-03,429,23.172,36.9978
2019-06-02 13-15-05,432,23.1003,37.0378
2019-06-02 13-15-07,432,23.0865,37.0699
2019-06-02 13-15-09,431,23.0347,37.0832
2019-06-02 13-15-11,424,23.0576,37.1527
2019-06-02 13-15-13,419,22.9568,37.2515
2019-06-02 13-15-17,422,22.7615,37.2808
2019-06-02 13-15-19,423,22.7509,37.3503
2019-06-02 13-15-21,427,22.6608,37.3796
2019-06-02 13-15-23,432,22.6456,37.4063
2019-06-02 13-15-25,437,22.6639,37.4063
2019-06-02 13-15-27,437,22.6318,37.4491
2019-06-02 13-15-29,436,22.6334,37.4918
2019-06-02 13-15-31,438,22.6364,37.5212
2019-06-02 13-15-35,436,22.583,37.5212
2019-06-02 13-15-37,435,22.554,37.5906
2019-06-02 13-15-39,437,22.5327,37.5906
2019-06-02 13-15-41,439,22.4457,37.6066
2019-06-02 13-15-43,439,22.5006,37.62
2019-06-02 13-15-45,440,22.4304,37.6066
2019-06-02 13-15-47,440,22.4304,37.62
2019-06-02 13-15-51,442,22.4487,37.62
2019-06-02 13-15-53,443,22.4304,37.62
2019-06-02 13-15-55,444,22.4319,37.6333
2019-06-02 13-15-57,445,22.3587,37.6333
2019-06-02 13-15-59,446,22.3587,37.6467
2019-06-02 13-16-01,445,22.4136,37.6333
2019-06-02 13-16-03,446,22.3572,37.62
2019-06-02 13-16-05,446,22.3938,37.5772
2019-06-02 13-16-09,446,22.3724,37.5906
2019-06-02 13-16-11,446,22.4625,37.5772
2019-06-02 13-16-13,445,22.4274,37.5772
2019-06-02 13-16-15,445,22.4625,37.5639
2019-06-02 13-16-17,445,22.4625,37.5639
2019-06-02 13-16-19,445,22.4091,37.5505
2019-06-02 13-16-21,445,22.4442,37.5505
2019-06-02 13-16-23,444,22.4091,37.5505
2019-06-02 13-16-27,442,22.4777,37.5639
2019-06-02 13-16-29,441,22.4457,37.5772
2019-06-02 13-16-31,441,22.4274,37.5639
2019-06-02 13-16-33,440,22.3907,37.5639
2019-06-02 13-16-35,440,22.3892,37.5212
2019-06-02 13-16-37,440,22.4258,37.5345
2019-06-02 13-16-39,439,22.4091,37.5639
2019-06-02 13-16-43,440,22.4411,37.5051
2019-06-02 13-16-45,439,22.4579,37.4918
2019-06-02 13-16-47,440,22.5098,37.4918
2019-06-02 13-16-50,440,22.5449,37.4624
2019-06-02 13-16-52,441,22.5449,37.4357
2019-06-02 13-16-54,441,22.5449,37.4357
2019-06-02 13-16-56,441,22.5418,37.4063
2019-06-02 13-16-58,440,22.5372,37.3636
2019-06-02 13-17-02,441,22.5739,37.3636
2019-06-02 13-17-04,441,22.5906,37.3369
2019-06-02 13-17-06,442,22.6227,37.3075
2019-06-02 13-17-08,441,22.6227,37.2942
2019-06-02 13-17-10,441,22.6959,37.3075
2019-06-02 13-17-12,440,22.673,37.2808
2019-06-02 13-17-14,440,22.7097,37.2648
2019-06-02 13-17-16,441,22.7249,37.2515
2019-06-02 13-17-20,441,22.7432,37.2515
2019-06-02 13-17-22,441,22.757,37.2087
2019-06-02 13-17-24,440,22.8104,37.1954
2019-06-02 13-17-26,440,22.7921,37.1954
2019-06-02 13-17-28,440,22.8973,37.1687
2019-06-02 13-17-30,440,22.847,37.1954
2019-06-02 13-17-32,439,22.9309,37.1527
2019-06-02 13-17-36,439,22.9309,37.1527
2019-06-02 13-17-38,439,22.9156,37.1687
2019-06-02 13-17-40,439,22.9523,37.182
2019-06-02 13-17-42,439,22.8653,37.2087
2019-06-02 13-17-44,439,22.8104,37.2087
2019-06-02 13-17-46,439,22.8287,37.2248
2019-06-02 13-17-48,439,22.8149,37.2648
2019-06-02 13-17-50,440,22.7936,37.2381
2019-06-02 13-17-54,440,22.8149,37.2648
2019-06-02 13-17-56,441,22.7432,37.2648
2019-06-02 13-17-58,441,22.7936,37.2381
2019-06-02 13-18-00,441,22.8119,37.2248
2019-06-02 13-18-02,441,22.7921,37.1954
2019-06-02 13-18-04,440,22.8806,37.1687
2019-06-02 13-18-06,439,22.8607,37.1393
2019-06-02 13-18-10,439,22.9126,37.126
2019-06-02 13-18-12,438,22.8943,37.1393
2019-06-02 13-18-14,438,22.8806,37.182
2019-06-02 13-18-16,437,22.8485,37.2087
2019-06-02 13-18-18,437,22.8516,37.2381
2019-06-02 13-18-20,436,22.8149,37.2648
2019-06-02 13-18-22,436,22.7295,37.2942
2019-06-02 13-18-24,435,22.7295,37.3075
2019-06-02 13-18-28,435,22.7295,37.3236
2019-06-02 13-18-30,435,22.6562,37.3075
2019-06-02 13-18-32,434,22.6242,37.3503
2019-06-02 13-18-34,434,22.5372,37.3636
2019-06-02 13-18-36,434,22.6059,37.3369
2019-06-02 13-18-38,434,22.554,37.3369
2019-06-02 13-18-40,434,22.5403,37.3796
2019-06-02 13-18-42,433,22.5739,37.3796
2019-06-02 13-18-46,433,22.6639,37.393
2019-06-02 13-18-48,434,22.5769,37.393
2019-06-02 13-18-50,436,22.5922,37.3796
2019-06-02 13-18-52,436,22.6273,37.3796
2019-06-02 13-18-54,436,22.6059,37.3369
2019-06-02 13-18-56,435,22.5906,37.3636
2019-06-02 13-18-58,436,22.5952,37.4063
2019-06-02 13-19-02,436,22.5403,37.393
2019-06-02 13-19-04,437,22.5769,37.4063
2019-06-02 13-19-06,438,22.6089,37.3796
2019-06-02 13-19-08,438,22.6089,37.3503
2019-06-02 13-19-10,438,22.5876,37.3236
2019-06-02 13-19-12,439,22.5906,37.3369
2019-06-02 13-19-14,439,22.6044,37.2808
2019-06-02 13-19-16,439,22.6196,37.2808
2019-06-02 13-19-20,439,22.67,37.2515
2019-06-02 13-19-22,438,22.7249,37.2248
2019-06-02 13-19-24,438,22.6913,37.2515
2019-06-02 13-19-26,438,22.7051,37.2087
2019-06-02 13-19-28,437,22.7066,37.2248
2019-06-02 13-19-30,437,22.7753,37.2248
2019-06-02 13-19-32,437,22.6883,37.2087
2019-06-02 13-19-34,436,22.6334,37.2087
2019-06-02 13-19-38,436,22.7249,37.2248
2019-06-02 13-19-40,436,22.6685,37.1954
2019-06-02 13-19-42,436,22.7234,37.1954
2019-06-02 13-19-44,436,22.7234,37.1954
2019-06-02 13-19-46,437,22.7417,37.2087
2019-06-02 13-19-48,437,22.7386,37.182
2019-06-02 13-19-50,437,22.7753,37.1954
2019-06-02 13-19-54,436,22.757,37.1954
2019-06-02 13-19-56,436,22.7386,37.182
2019-06-02 13-19-58,436,22.8073,37.1687
2019-06-02 13-20-00,436,22.8424,37.126
2019-06-02 13-20-02,436,22.8424,37.1126
2019-06-02 13-20-04,436,22.9126,37.126
2019-06-02 13-20-06,435,22.879,37.126
2019-06-02 13-20-08,434,22.8943,37.126
2019-06-02 13-20-12,434,22.8622,37.1527
2019-06-02 13-20-14,433,22.789,37.1687
2019-06-02 13-20-16,433,22.7554,37.1687
2019-06-02 13-20-18,434,22.8073,37.1687
2019-06-02 13-20-20,434,22.8073,37.1527
2019-06-02 13-20-22,434,22.7875,37.126
2019-06-02 13-20-24,434,22.8195,37.0966
2019-06-02 13-20-28,434,22.8195,37.0966
2019-06-02 13-20-30,434,22.8714,37.0539
2019-06-02 13-20-32,434,22.9248,37.0539
2019-06-02 13-20-34,433,22.9218,37.0111
2019-06-02 13-20-36,433,22.9935,36.9978
2019-06-02 13-20-38,433,22.9584,37.0245
2019-06-02 13-20-40,432,22.9935,36.9818
2019-06-02 13-20-42,431,23.0133,37.0245
2019-06-02 13-20-46,431,22.9401,37.0111
2019-06-02 13-20-48,431,22.9568,36.9978
2019-06-02 13-20-50,431,22.8851,36.9978
2019-06-02 13-20-52,430,22.9202,36.9818
2019-06-02 13-20-54,431,22.8851,36.9684
2019-06-02 13-20-56,431,22.9355,36.9551
2019-06-02 13-20-58,431,23.0072,36.939
2019-06-02 13-21-00,431,22.9706,36.899
2019-06-02 13-21-04,431,23.0072,36.939
2019-06-02 13-21-06,431,23.0072,36.9123
2019-06-02 13-21-08,431,23.0072,36.9123
2019-06-02 13-21-10,431,23.0072,36.9257
2019-06-02 13-21-12,431,23.0576,36.899
2019-06-02 13-21-14,430,23.0576,36.883
2019-06-02 13-21-16,430,23.1628,36.8696
2019-06-02 13-21-20,430,23.1445,36.8696
2019-06-02 13-21-22,430,23.1262,36.8563
2019-06-02 13-21-24,430,23.1964,36.8429
2019-06-02 13-21-26,430,23.2132,36.8269
2019-06-02 13-21-28,430,23.14,36.8002
2019-06-02 13-21-30,430,23.14,36.7868
2019-06-02 13-21-32,430,23.1537,36.7441
2019-06-02 13-21-34,430,23.1903,36.7441
2019-06-02 13-21-38,430,23.204,36.7147
2019-06-02 13-21-40,430,23.2224,36.7014
2019-06-02 13-21-42,430,23.2361,36.6747
2019-06-02 13-21-44,430,23.3109,36.7014
2019-06-02 13-21-46,430,23.2178,36.6587
2019-06-02 13-21-48,430,23.3063,36.6453
2019-06-02 13-21-50,430,23.3093,36.6587
2019-06-02 13-21-52,430,23.3063,36.6453
2019-06-02 13-21-56,429,23.3093,36.6747
2019-06-02 13-21-58,429,23.2727,36.6587
2019-06-02 13-22-00,429,23.3429,36.6747
2019-06-02 13-22-02,429,23.3109,36.7014
2019-06-02 13-22-04,428,23.2956,36.7147
2019-06-02 13-22-06,429,23.2407,36.7147
2019-06-02 13-22-08,428,23.204,36.7147
2019-06-02 13-22-12,428,23.3475,36.7147
2019-06-02 13-22-14,428,23.259,36.7308
2019-06-02 13-22-16,428,23.2407,36.7147
2019-06-02 13-22-18,428,23.259,36.7575
2019-06-02 13-22-20,428,23.2239,36.7441
2019-06-02 13-22-22,428,23.2239,36.7441
2019-06-02 13-22-24,428,23.259,36.7441
2019-06-02 13-22-26,428,23.2056,36.7441
2019-06-02 13-22-30,428,23.2239,36.7575
2019-06-02 13-22-32,428,23.1903,36.7575
2019-06-02 13-22-34,428,23.2788,36.7441
2019-06-02 13-22-36,428,23.2224,36.7308
2019-06-02 13-22-38,428,23.259,36.7308
2019-06-02 13-22-40,428,23.2056,36.7308
2019-06-02 13-22-43,428,23.1903,36.7708
2019-06-02 13-22-47,428,23.1918,36.7868
2019-06-02 13-22-49,429,23.1415,36.8135
2019-06-02 13-22-51,428,23.1583,36.8002
2019-06-02 13-22-53,428,23.2285,36.8135
2019-06-02 13-22-55,428,23.1583,36.8135
2019-06-02 13-22-57,428,23.1445,36.8429
2019-06-02 13-22-59,428,23.1445,36.8696
2019-06-02 13-23-01,429,23.0896,36.8696
2019-06-02 13-23-05,429,23.0942,36.9123
2019-06-02 13-23-07,429,23.0759,36.899
2019-06-02 13-23-09,430,23.0576,36.883
2019-06-02 13-23-11,430,23.1094,36.899
2019-06-02 13-23-13,430,23.1445,36.8696
2019-06-02 13-23-15,430,23.1079,36.8563
2019-06-02 13-23-17,430,23.0911,36.883
2019-06-02 13-23-19,429,23.1308,36.899
2019-06-02 13-23-23,429,23.0408,36.9123
2019-06-02 13-23-25,429,23.0438,36.9551
2019-06-02 13-23-27,430,23.0087,36.9551
2019-06-02 13-23-29,430,22.9752,36.9684
2019-06-02 13-23-31,430,23.0118,36.9818
2019-06-02 13-23-33,430,22.9767,36.9978
2019-06-02 13-23-35,430,22.998,37.0378
2019-06-02 13-23-39,431,22.9431,37.0699
2019-06-02 13-23-41,431,22.8745,37.0699
2019-06-02 13-23-43,431,22.8897,37.0539
2019-06-02 13-23-45,431,22.8745,37.0832
2019-06-02 13-23-47,431,22.8424,37.1126
2019-06-02 13-23-49,430,22.8607,37.1393
2019-06-02 13-23-51,430,22.8058,37.1393
2019-06-02 13-23-53,430,22.7707,37.1527
2019-06-02 13-23-57,431,22.7554,37.1527
2019-06-02 13-23-59,432,22.7737,37.1687
2019-06-02 13-24-01,431,22.7203,37.182
2019-06-02 13-24-03,431,22.7386,37.1954
2019-06-02 13-24-05,431,22.7417,37.2248
2019-06-02 13-24-07,431,22.7417,37.2248
2019-06-02 13-24-09,431,22.6547,37.2808
2019-06-02 13-24-11,431,22.6547,37.2515
2019-06-02 13-24-15,431,22.6044,37.2808
2019-06-02 13-24-17,431,22.6227,37.2942
2019-06-02 13-24-19,432,22.5693,37.2942
2019-06-02 13-24-21,431,22.5693,37.3075
2019-06-02 13-24-23,431,22.6059,37.3369
2019-06-02 13-24-25,432,22.5357,37.3236
2019-06-02 13-24-27,433,22.5372,37.3636
2019-06-02 13-24-29,433,22.5006,37.3636
2019-06-02 13-24-33,433,22.5189,37.393
2019-06-02 13-24-35,433,22.5052,37.4357
2019-06-02 13-24-37,433,22.4365,37.4357
2019-06-02 13-24-39,434,22.3999,37.4357
2019-06-02 13-24-41,434,22.403,37.4624
2019-06-02 13-24-43,434,22.435,37.4197
2019-06-02 13-24-45,434,22.4365,37.4357
2019-06-02 13-24-49,434,22.4899,37.4624
2019-06-02 13-24-51,434,22.4579,37.4918
2019-06-02 13-24-53,434,22.4045,37.4918
2019-06-02 13-24-55,434,22.4045,37.4918
2019-06-02 13-24-57,434,22.3663,37.4758
2019-06-02 13-24-59,434,22.3862,37.4918
2019-06-02 13-25-01,435,22.3129,37.4918
2019-06-02 13-25-03,435,22.3679,37.5051
2019-06-02 13-25-07,435,22.3862,37.4758
2019-06-02 13-25-09,434,22.4045,37.4918
2019-06-02 13-25-11,434,22.3862,37.4758
2019-06-02 13-25-13,433,22.3312,37.4918
2019-06-02 13-25-15,433,22.3312,37.4918
2019-06-02 13-25-17,433,22.3892,37.5345
2019-06-02 13-25-19,434,22.3358,37.5505
2019-06-02 13-25-21,433,22.3175,37.5639
2019-06-02 13-25-25,433,22.2305,37.5906
2019-06-02 13-25-27,433,22.2672,37.5772
2019-06-02 13-25-29,433,22.2855,37.5906
2019-06-02 13-25-31,433,22.2672,37.5772
2019-06-02 13-25-33,433,22.3022,37.5772
2019-06-02 13-25-35,433,22.229,37.5639
2019-06-02 13-25-37,434,22.229,37.5772
2019-06-02 13-25-41,434,22.3175,37.5345
2019-06-02 13-25-43,434,22.2809,37.5345
2019-06-02 13-25-45,434,22.2839,37.5505
2019-06-02 13-25-47,434,22.2809,37.5345
2019-06-02 13-25-49,434,22.316,37.5051
2019-06-02 13-25-51,434,22.2626,37.5212
2019-06-02 13-25-53,434,22.3312,37.4758
2019-06-02 13-25-55,434,22.3129,37.4758
2019-06-02 13-25-59,434,22.4213,37.4624
2019-06-02 13-26-01,434,22.3862,37.4758
2019-06-02 13-26-03,433,22.3999,37.4357
2019-06-02 13-26-05,432,22.3999,37.4357
2019-06-02 13-26-07,433,22.3846,37.4624
2019-06-02 13-26-09,432,22.403,37.4624
2019-06-02 13-26-11,432,22.4213,37.4624
2019-06-02 13-26-15,431,22.403,37.4624
2019-06-02 13-26-17,431,22.3846,37.4624
2019-06-02 13-26-19,431,22.3663,37.4758
2019-06-02 13-26-21,431,22.3679,37.5051
2019-06-02 13-26-23,431,22.3343,37.5212
2019-06-02 13-26-25,431,22.3312,37.4918
2019-06-02 13-26-27,430,22.3495,37.4918
2019-06-02 13-26-29,429,22.348,37.4758
2019-06-02 13-26-33,429,22.3343,37.5345
2019-06-02 13-26-35,430,22.3343,37.5212
2019-06-02 13-26-37,430,22.3679,37.5212
2019-06-02 13-26-39,430,22.2794,37.4918
2019-06-02 13-26-41,430,22.3846,37.4624
2019-06-02 13-26-43,430,22.3495,37.4918
2019-06-02 13-26-45,429,22.3862,37.4918
2019-06-02 13-26-47,429,22.3892,37.5051
2019-06-02 13-26-51,430,22.348,37.4624
2019-06-02 13-26-53,431,22.3618,37.4197
2019-06-02 13-26-55,431,22.435,37.4197
2019-06-02 13-26-57,431,22.4167,37.4063
2019-06-02 13-26-59,431,22.4503,37.4063
2019-06-02 13-27-01,431,22.4319,37.393
2019-06-02 13-27-03,431,22.4365,37.4357
2019-06-02 13-27-07,431,22.435,37.4063
2019-06-02 13-27-09,430,22.4686,37.4063
2019-06-02 13-27-11,430,22.467,37.3796
2019-06-02 13-27-13,430,22.4823,37.3636
2019-06-02 13-27-15,430,22.467,37.3796
2019-06-02 13-27-17,430,22.467,37.3636
2019-06-02 13-27-19,430,22.4136,37.3636
2019-06-02 13-27-21,430,22.4487,37.3503
2019-06-02 13-27-25,430,22.4503,37.3796
2019-06-02 13-27-27,430,22.4991,37.3369
2019-06-02 13-27-29,430,22.4457,37.3369
2019-06-02 13-27-31,430,22.4991,37.3369
2019-06-02 13-27-33,430,22.5006,37.3503
2019-06-02 13-27-35,431,22.464,37.3503
2019-06-02 13-27-37,431,22.467,37.3796
2019-06-02 13-27-39,431,22.4869,37.4063
2019-06-02 13-27-43,431,22.467,37.3796
2019-06-02 13-27-45,431,22.4823,37.3636
2019-06-02 13-27-47,431,22.5006,37.3636
2019-06-02 13-27-49,431,22.4136,37.3636
2019-06-02 13-27-51,431,22.467,37.3636
2019-06-02 13-27-53,431,22.4304,37.3636
2019-06-02 13-27-55,431,22.4503,37.3796
2019-06-02 13-27-59,431,22.4823,37.3503
2019-06-02 13-28-01,431,22.4136,37.3636
2019-06-02 13-28-03,431,22.4823,37.3369
2019-06-02 13-28-05,432,22.3984,37.393
2019-06-02 13-28-07,432,22.4503,37.3796
2019-06-02 13-28-09,433,22.4487,37.3503
2019-06-02 13-28-11,433,22.4823,37.3503
2019-06-02 13-28-13,433,22.4991,37.3369
2019-06-02 13-28-17,433,22.496,37.3075
2019-06-02 13-28-19,433,22.5693,37.3075
2019-06-02 13-28-21,432,22.6242,37.3369
2019-06-02 13-28-23,432,22.5372,37.3636
2019-06-02 13-28-25,432,22.6059,37.3369
2019-06-02 13-28-27,432,22.4991,37.3369
2019-06-02 13-28-29,432,22.467,37.3636
2019-06-02 13-28-31,433,22.5403,37.3796
2019-06-02 13-28-35,433,22.5006,37.3636
2019-06-02 13-28-37,433,22.5174,37.3503
2019-06-02 13-28-40,432,22.464,37.3369
2019-06-02 13-28-42,432,22.5006,37.3503
2019-06-02 13-28-44,433,22.464,37.3503
2019-06-02 13-28-46,433,22.467,37.3796
2019-06-02 13-28-48,433,22.4854,37.3796
2019-06-02 13-28-52,432,22.5006,37.3503
2019-06-02 13-28-54,433,22.4854,37.393
2019-06-02 13-28-56,432,22.4503,37.4063
2019-06-02 13-28-58,432,22.4854,37.393
2019-06-02 13-29-00,432,22.3984,37.393
2019-06-02 13-29-02,432,22.4167,37.393
2019-06-02 13-29-04,432,22.4503,37.3796
2019-06-02 13-29-06,433,22.4136,37.3636
2019-06-02 13-29-10,433,22.4808,37.3236
2019-06-02 13-29-12,433,22.4808,37.3236
2019-06-02 13-29-14,432,22.5357,37.3075
2019-06-02 13-29-16,432,22.5327,37.2942
2019-06-02 13-29-18,432,22.5128,37.2808
2019-06-02 13-29-20,433,22.496,37.2808
2019-06-02 13-29-22,433,22.5861,37.2808
2019-06-02 13-29-24,433,22.583,37.2515
2019-06-02 13-29-28,433,22.5464,37.2381
2019-06-02 13-29-30,433,22.6364,37.2515
2019-06-02 13-29-32,433,22.583,37.2648
2019-06-02 13-29-34,433,22.6013,37.2515
2019-06-02 13-29-36,433,22.6181,37.2515
2019-06-02 13-29-38,433,22.641,37.3075
2019-06-02 13-29-40,432,22.5143,37.3075
2019-06-02 13-29-42,432,22.5876,37.3075
2019-06-02 13-29-46,432,22.551,37.3075
2019-06-02 13-29-48,431,22.5494,37.2648
2019-06-02 13-29-50,431,22.6196,37.2808
2019-06-02 13-29-52,431,22.6013,37.2515
2019-06-02 13-29-54,431,22.5647,37.2515
2019-06-02 13-29-56,431,22.6364,37.2381
2019-06-02 13-29-58,431,22.6685,37.2087
2019-06-02 13-30-02,431,22.7051,37.2087
2019-06-02 13-30-04,430,22.6883,37.2087
2019-06-02 13-30-06,430,22.6837,37.1527
2019-06-02 13-30-08,430,22.6639,37.1527
2019-06-02 13-30-10,430,22.6501,37.182
2019-06-02 13-30-12,430,22.7371,37.1527
2019-06-02 13-30-14,430,22.6868,37.182
2019-06-02 13-30-16,430,22.7051,37.182
2019-06-02 13-30-20,429,22.6685,37.1954
2019-06-02 13-30-22,429,22.6685,37.1954
2019-06-02 13-30-24,429,22.6685,37.2087
2019-06-02 13-30-26,429,22.6868,37.182
2019-06-02 13-30-28,429,22.6501,37.182
2019-06-02 13-30-30,429,22.6883,37.2087
2019-06-02 13-30-32,429,22.7417,37.2087
2019-06-02 13-30-34,429,22.6501,37.2087
2019-06-02 13-30-38,428,22.6364,37.2381
2019-06-02 13-30-40,428,22.5647,37.2381
2019-06-02 13-30-42,428,22.5647,37.2381
2019-06-02 13-30-44,428,22.583,37.2648
2019-06-02 13-30-46,429,22.5647,37.2381
2019-06-02 13-30-48,429,22.6318,37.1954
2019-06-02 13-30-50,429,22.6501,37.1954
2019-06-02 13-30-54,429,22.7051,37.1954
2019-06-02 13-30-56,429,22.7203,37.182
2019-06-02 13-30-58,429,22.7386,37.182
2019-06-02 13-31-00,429,22.7386,37.182
2019-06-02 13-31-02,428,22.6501,37.1954
2019-06-02 13-31-04,428,22.6868,37.1954
2019-06-02 13-31-06,428,22.7051,37.2087
2019-06-02 13-31-08,428,22.6868,37.1687
2019-06-02 13-31-12,428,22.7203,37.182
2019-06-02 13-31-14,428,22.6868,37.1687
2019-06-02 13-31-16,428,22.6639,37.1393
2019-06-02 13-31-18,428,22.6822,37.126
2019-06-02 13-31-20,428,22.7158,37.1126
2019-06-02 13-31-22,428,22.7661,37.0699
2019-06-02 13-31-24,428,22.7982,37.0378
2019-06-02 13-31-26,428,22.8516,36.9818
2019-06-02 13-31-30,429,22.8485,36.9551
2019-06-02 13-31-32,429,22.9019,36.9551
2019-06-02 13-31-34,429,22.8806,36.9123
2019-06-02 13-31-36,429,22.9309,36.899
2019-06-02 13-31-38,428,22.9858,36.883
2019-06-02 13-31-40,428,22.9996,36.8429
2019-06-02 13-31-42,428,23.1033,36.8002
2019-06-02 13-31-46,428,23.0347,36.8135
2019-06-02 13-31-48,427,23.0347,36.8135
2019-06-02 13-31-50,426,23.1033,36.7868
2019-06-02 13-31-52,426,23.0667,36.7708
2019-06-02 13-31-54,425,23.14,36.7708
2019-06-02 13-31-56,425,23.082,36.7708
2019-06-02 13-31-58,425,23.1445,36.8429
2019-06-02 13-32-00,425,23.1049,36.8269
2019-06-02 13-32-04,424,23.0499,36.8002
2019-06-02 13-32-06,425,22.995,36.7708
2019-06-02 13-32-08,425,23.0667,36.7708
2019-06-02 13-32-10,425,23.1369,36.7441
2019-06-02 13-32-12,424,23.1003,36.7708
2019-06-02 13-32-14,424,23.0637,36.7575
2019-06-02 13-32-16,424,23.082,36.7708
2019-06-02 13-32-18,425,23.1735,36.7868
2019-06-02 13-32-22,425,23.1186,36.7441
2019-06-02 13-32-24,425,23.1186,36.7441
2019-06-02 13-32-26,425,23.1354,36.7308
2019-06-02 13-32-28,425,23.172,36.7308
2019-06-02 13-32-30,426,23.2224,36.7308
2019-06-02 13-32-32,426,23.259,36.7441
2019-06-02 13-32-34,427,23.1873,36.7308
2019-06-02 13-32-38,427,23.2224,36.7147
2019-06-02 13-32-40,427,23.2376,36.688
2019-06-02 13-32-42,427,23.2742,36.688
2019-06-02 13-32-44,427,23.2376,36.7014
2019-06-02 13-32-46,426,23.2224,36.7308
2019-06-02 13-32-48,426,23.14,36.7868
2019-06-02 13-32-50,427,23.1918,36.7868
2019-06-02 13-32-52,427,23.1583,36.8135
2019-06-02 13-32-56,426,23.0713,36.8563
2019-06-02 13-32-58,426,23.0576,36.899
2019-06-02 13-33-00,427,23.0255,36.9551
2019-06-02 13-33-02,427,22.9355,36.9684
2019-06-02 13-33-04,427,22.9355,36.9684
2019-06-02 13-33-06,427,22.8882,37.0245
2019-06-02 13-33-08,427,22.9218,37.0245
2019-06-02 13-33-12,428,22.8897,37.0378
2019-06-02 13-33-14,428,22.8714,37.0539
2019-06-02 13-33-17,428,22.8012,37.0699
2019-06-02 13-33-19,429,22.8195,37.0832
2019-06-02 13-33-21,429,22.7692,37.1126
2019-06-02 13-33-23,429,22.8027,37.0966
2019-06-02 13-33-25,429,22.8027,37.0966
2019-06-02 13-33-27,429,22.7524,37.126
2019-06-02 13-33-31,429,22.821,37.1126
2019-06-02 13-33-33,429,22.7341,37.126
2019-06-02 13-33-35,429,22.7661,37.0832
2019-06-02 13-33-37,429,22.7524,37.126
2019-06-02 13-33-39,430,22.8027,37.1126
2019-06-02 13-33-41,430,22.7707,37.1393
2019-06-02 13-33-43,431,22.7188,37.1393
2019-06-02 13-33-45,431,22.7371,37.1527
2019-06-02 13-33-49,430,22.7737,37.1687
2019-06-02 13-33-51,430,22.7203,37.182
2019-06-02 13-33-53,430,22.6868,37.1954
2019-06-02 13-33-55,431,22.6501,37.1954
2019-06-02 13-33-57,431,22.6685,37.2248
2019-06-02 13-33-59,432,22.6517,37.2248
2019-06-02 13-34-01,432,22.6151,37.2087
2019-06-02 13-34-05,432,22.6334,37.2087
2019-06-02 13-34-07,433,22.6517,37.2248
2019-06-02 13-34-09,433,22.5998,37.2381
2019-06-02 13-34-11,433,22.5998,37.2381
2019-06-02 13-34-13,433,22.5494,37.2515
2019-06-02 13-34-15,433,22.5861,37.2808
2019-06-02 13-34-17,433,22.496,37.2808
2019-06-02 13-34-19,433,22.551,37.2942
2019-06-02 13-34-23,432,22.496,37.2942
2019-06-02 13-34-25,432,22.5006,37.3503
2019-06-02 13-34-27,432,22.4487,37.3503
2019-06-02 13-34-29,432,22.4823,37.3503
2019-06-02 13-34-31,432,22.4304,37.3636
2019-06-02 13-34-33,432,22.4487,37.3636
2019-06-02 13-34-35,432,22.3984,37.393
2019-06-02 13-34-37,432,22.4319,37.3796
2019-06-02 13-34-41,431,22.4319,37.3796
2019-06-02 13-34-43,431,22.4319,37.3796
2019-06-02 13-34-45,431,22.5006,37.3636
2019-06-02 13-34-47,431,22.4319,37.3796
2019-06-02 13-34-49,431,22.4503,37.4063
2019-06-02 13-34-51,431,22.4319,37.3796
2019-06-02 13-34-53,430,22.4503,37.393
2019-06-02 13-34-57,430,22.435,37.4063
2019-06-02 13-34-59,429,22.4167,37.4063
2019-06-02 13-35-01,428,22.3801,37.393
2019-06-02 13-35-03,429,22.3618,37.4197
2019-06-02 13-35-05,429,22.3801,37.393
2019-06-02 13-35-07,429,22.4503,37.4063
2019-06-02 13-35-09,429,22.3618,37.4063
2019-06-02 13-35-11,429,22.3633,37.4357
2019-06-02 13-35-15,429,22.3816,37.4197
2019-06-02 13-35-17,429,22.4167,37.4197
2019-06-02 13-35-19,430,22.3633,37.4357
2019-06-02 13-35-21,429,22.403,37.4624
2019-06-02 13-35-23,430,22.403,37.4624
2019-06-02 13-35-25,430,22.3343,37.5051
2019-06-02 13-35-27,430,22.3312,37.4918
2019-06-02 13-35-29,429,22.3129,37.4918
2019-06-02 13-35-33,430,22.2809,37.5051
2019-06-02 13-35-35,430,22.3495,37.5051
2019-06-02 13-35-37,430,22.3343,37.5051
2019-06-02 13-35-39,431,22.3129,37.4918
2019-06-02 13-35-41,431,22.3129,37.4918
2019-06-02 13-35-43,431,22.316,37.5051
2019-06-02 13-35-45,431,22.2794,37.4918
2019-06-02 13-35-49,431,22.2244,37.4918
2019-06-02 13-35-51,431,22.2763,37.4491
2019-06-02 13-35-53,431,22.2214,37.4624
2019-06-02 13-35-55,431,22.2946,37.4491
2019-06-02 13-35-57,431,22.3129,37.4624
2019-06-02 13-35-59,431,22.3083,37.4197
2019-06-02 13-36-01,430,22.2931,37.4197
2019-06-02 13-36-03,430,22.3434,37.4063
2019-06-02 13-36-07,430,22.3267,37.4063
2019-06-02 13-36-09,429,22.3846,37.4357
2019-06-02 13-36-11,429,22.3114,37.4357
2019-06-02 13-36-13,428,22.258,37.4357
2019-06-02 13-36-15,429,22.2931,37.4197
2019-06-02 13-36-17,429,22.2931,37.4357
2019-06-02 13-36-19,429,22.3267,37.4357
2019-06-02 13-36-21,430,22.345,37.4197
2019-06-02 13-36-25,430,22.2534,37.3796
2019-06-02 13-36-27,430,22.3587,37.3796
2019-06-02 13-36-29,431,22.3404,37.3636
2019-06-02 13-36-31,431,22.3907,37.2942
2019-06-02 13-36-33,431,22.4594,37.2648
2019-06-02 13-36-35,431,22.4945,37.2515
2019-06-02 13-36-37,431,22.5098,37.2515
2019-06-02 13-36-41,431,22.5647,37.2515
2019-06-02 13-36-43,431,22.5464,37.2381
2019-06-02 13-36-45,431,22.5647,37.2381
2019-06-02 13-36-47,431,22.5784,37.1954
2019-06-02 13-36-49,431,22.5784,37.1954
2019-06-02 13-36-51,431,22.6135,37.182
2019-06-02 13-36-53,432,22.6288,37.1527
2019-06-02 13-36-55,433,22.7005,37.1393
2019-06-02 13-36-59,433,22.7005,37.1126
2019-06-02 13-37-01,432,22.7325,37.0699
2019-06-02 13-37-03,432,22.7478,37.0699
2019-06-02 13-37-05,432,22.8012,37.0699
2019-06-02 13-37-07,431,22.7966,37.0111
2019-06-02 13-37-09,431,22.7646,37.0539
2019-06-02 13-37-11,431,22.7615,37.0111
2019-06-02 13-37-13,431,22.8149,37.0245
2019-06-02 13-37-17,431,22.7798,37.0111
2019-06-02 13-37-19,430,22.7936,36.9684
2019-06-02 13-37-21,430,22.7783,36.9978
2019-06-02 13-37-23,430,22.8333,36.9684
2019-06-02 13-37-25,429,22.8119,36.9684
2019-06-02 13-37-27,429,22.8806,36.9257
2019-06-02 13-37-29,429,22.8653,36.939
2019-06-02 13-37-33,429,22.8989,36.9123
2019-06-02 13-37-35,429,22.8653,36.9257
2019-06-02 13-37-37,428,22.8485,36.9551
2019-06-02 13-37-39,428,22.8668,36.9551
2019-06-02 13-37-41,428,22.8348,37.0111
2019-06-02 13-37-43,428,22.8149,37.0245
2019-06-02 13-37-45,428,22.7615,37.0111
2019-06-02 13-37-47,428,22.8516,36.9978
2019-06-02 13-37-51,428,22.8485,36.9684
2019-06-02 13-37-53,428,22.7921,36.9257
2019-06-02 13-37-55,428,22.8256,36.883
2019-06-02 13-37-57,428,22.8745,36.8269
2019-06-02 13-37-59,427,22.9813,36.8135
2019-06-02 13-38-01,428,22.963,36.8135
2019-06-02 13-38-03,428,22.9431,36.8135
2019-06-02 13-38-05,428,23.0362,36.8429
2019-06-02 13-38-09,428,22.9111,36.8429
2019-06-02 13-38-11,427,22.9675,36.8563
2019-06-02 13-38-13,427,22.9126,36.883
2019-06-02 13-38-15,427,22.9858,36.899
2019-06-02 13-38-17,427,22.9523,36.9257
2019-06-02 13-38-19,427,22.8622,36.9123
2019-06-02 13-38-21,427,22.8485,36.9551
2019-06-02 13-38-25,427,22.8668,36.9818
2019-06-02 13-38-27,427,22.8714,37.0245
2019-06-02 13-38-29,427,22.7798,37.0245
2019-06-02 13-38-31,427,22.7478,37.0699
2019-06-02 13-38-33,427,22.6959,37.0539
2019-06-02 13-38-35,427,22.7142,37.0699
2019-06-02 13-38-37,427,22.7005,37.126
2019-06-02 13-38-39,427,22.6822,37.1126
2019-06-02 13-38-44,427,22.6425,37.1126
2019-06-02 13-38-46,428,22.6593,37.0699
2019-06-02 13-38-48,428,22.6013,37.0111
2019-06-02 13-38-50,429,22.673,36.9818
2019-06-02 13-38-52,429,22.8287,36.9123
2019-06-02 13-38-54,429,22.9294,36.8696
2019-06-02 13-38-56,428,23.0316,36.7868
2019-06-02 13-38-58,428,23.0484,36.7708
2019-06-02 13-39-02,427,22.9797,36.7868
2019-06-02 13-39-04,426,22.9126,36.8563
2019-06-02 13-39-06,426,22.8073,36.899
2019-06-02 13-39-08,423,22.8104,36.9257
2019-06-02 13-39-10,426,22.7249,36.9818
2019-06-02 13-39-12,432,22.7417,36.9684
2019-06-02 13-39-14,434,22.7936,36.9551
2019-06-02 13-39-16,434,22.7051,36.9257
2019-06-02 13-39-20,429,22.7371,36.883
2019-06-02 13-39-22,433,22.8577,36.8429
2019-06-02 13-39-24,433,22.9248,36.7868
2019-06-02 13-39-26,435,22.9752,36.7308
2019-06-02 13-39-28,436,23.0087,36.7147
2019-06-02 13-39-30,433,23.0774,36.6747
2019-06-02 13-39-32,431,23.0591,36.6747
2019-06-02 13-39-36,427,23.0942,36.6747
2019-06-02 13-39-38,425,23.0988,36.7308
2019-06-02 13-39-40,422,23.0499,36.7868
2019-06-02 13-39-42,421,22.9431,36.8135
2019-06-02 13-39-44,422,22.9431,36.8135
2019-06-02 13-39-46,426,22.9813,36.8002
2019-06-02 13-39-48,426,22.9248,36.7868
2019-06-02 13-39-50,426,22.9797,36.7868
2019-06-02 13-39-54,426,22.8928,36.8135
2019-06-02 13-39-56,427,22.8897,36.8002
2019-06-02 13-39-58,426,22.966,36.8269
2019-06-02 13-40-00,425,22.966,36.8429
2019-06-02 13-40-02,425,22.8928,36.8429
2019-06-02 13-40-04,426,22.9446,36.8429
2019-06-02 13-40-06,427,22.9263,36.8135
2019-06-02 13-40-08,427,22.9248,36.8002
2019-06-02 13-40-12,427,22.9584,36.7308
2019-06-02 13-40-14,426,23.0255,36.688
2019-06-02 13-40-16,427,23.0591,36.688
2019-06-02 13-40-18,426,23.0942,36.6747
2019-06-02 13-40-20,426,23.0759,36.6453
2019-06-02 13-40-22,426,23.1308,36.6453
2019-06-02 13-40-24,426,23.1461,36.6453
2019-06-02 13-40-26,426,23.1781,36.5866
2019-06-02 13-40-30,425,23.2285,36.5732
2019-06-02 13-40-32,425,23.2681,36.5732
2019-06-02 13-40-34,425,23.2468,36.5732
2019-06-02 13-40-36,426,23.2651,36.5438
2019-06-02 13-40-38,425,23.2651,36.5305
2019-06-02 13-40-40,426,23.2819,36.5171
2019-06-02 13-40-42,425,23.3154,36.5011
2019-06-02 13-40-46,425,23.2819,36.5171
2019-06-02 13-40-48,424,23.3002,36.5438
2019-06-02 13-40-50,424,23.3231,36.6026
2019-06-02 13-40-52,422,23.2544,36.6587
2019-06-02 13-40-54,422,23.1873,36.7308
2019-06-02 13-40-56,423,23.1369,36.7441
2019-06-02 13-40-58,423,23.0499,36.7868
2019-06-02 13-41-00,423,22.9843,36.8429
2019-06-02 13-41-04,423,22.9675,36.8696
2019-06-02 13-41-06,422,22.8806,36.899
2019-06-02 13-41-08,423,22.7921,36.939
2019-06-02 13-41-10,425,22.8104,36.9551
2019-06-02 13-41-12,426,22.7249,36.9684
2019-06-02 13-41-14,428,22.7966,36.9818
2019-06-02 13-41-16,429,22.7615,36.9978
2019-06-02 13-41-18,432,22.7829,37.0378
2019-06-02 13-41-22,432,22.728,36.9978
2019-06-02 13-41-24,434,22.728,37.0111
2019-06-02 13-41-26,435,22.7097,36.9978
2019-06-02 13-41-28,437,22.6913,36.9978
2019-06-02 13-41-30,437,22.673,36.9818
2019-06-02 13-41-32,436,22.7432,36.9978
2019-06-02 13-41-34,436,22.7417,36.9684
2019-06-02 13-41-36,435,22.7386,36.9257
2019-06-02 13-41-40,436,22.7203,36.9123
2019-06-02 13-41-42,435,22.8287,36.899
2019-06-02 13-41-44,435,22.879,36.883
2019-06-02 13-41-46,434,22.879,36.8696
2019-06-02 13-41-48,434,22.847,36.9123
2019-06-02 13-41-50,434,22.8607,36.883
2019-06-02 13-41-52,435,22.8058,36.8563
2019-06-02 13-41-56,433,22.8607,36.8563
2019-06-02 13-41-58,433,22.9294,36.8429
2019-06-02 13-42-00,433,22.9126,36.8696
2019-06-02 13-42-02,433,22.9126,36.8696
2019-06-02 13-42-04,433,22.8973,36.899
2019-06-02 13-42-06,432,22.757,36.939
2019-06-02 13-42-08,431,22.8104,36.9551
2019-06-02 13-42-10,430,22.7936,36.9551
2019-06-02 13-42-14,429,22.7249,36.9818
2019-06-02 13-42-16,429,22.7615,37.0111
2019-06-02 13-42-18,429,22.6776,37.0378
2019-06-02 13-42-20,429,22.6562,37.0245
2019-06-02 13-42-22,430,22.6791,37.0832
2019-06-02 13-42-24,430,22.6425,37.1126
2019-06-02 13-42-26,430,22.6242,37.0966
2019-06-02 13-42-28,430,22.5739,37.0966
2019-06-02 13-42-32,430,22.5906,37.0966
2019-06-02 13-42-34,430,22.5906,37.0832
2019-06-02 13-42-36,430,22.5876,37.0699
2019-06-02 13-42-38,429,22.5906,37.0966
2019-06-02 13-42-40,430,22.6242,37.0966
2019-06-02 13-42-42,430,22.5739,37.1126
2019-06-02 13-42-44,430,22.6089,37.1126
2019-06-02 13-42-48,430,22.6089,37.1126
2019-06-02 13-42-50,430,22.5555,37.0966
2019-06-02 13-42-52,429,22.5906,37.0966
2019-06-02 13-42-54,430,22.5235,37.126
2019-06-02 13-42-56,430,22.641,37.0539
2019-06-02 13-42-58,431,22.6227,37.0378
2019-06-02 13-43-00,431,22.6883,36.9551
2019-06-02 13-43-02,432,22.702,36.9123
2019-06-02 13-43-06,432,22.8256,36.8696
2019-06-02 13-43-08,432,22.8607,36.8563
2019-06-02 13-43-10,432,22.8928,36.8429
2019-06-02 13-43-12,431,22.8745,36.8269
2019-06-02 13-43-14,430,22.8577,36.8429
2019-06-02 13-43-16,429,22.8287,36.9123
2019-06-02 13-43-18,428,22.8485,36.9551
2019-06-02 13-43-20,426,22.728,36.9978
2019-06-02 13-43-24,426,22.6562,37.0245
2019-06-02 13-43-26,424,22.6776,37.0539
2019-06-02 13-43-28,425,22.6059,37.0539
2019-06-02 13-43-30,424,22.5906,37.0966
2019-06-02 13-43-32,421,22.5586,37.126
2019-06-02 13-43-34,419,22.5266,37.1687
2019-06-02 13-43-36,420,22.5082,37.2087
2019-06-02 13-43-40,422,22.4915,37.2248
2019-06-02 13-43-42,423,22.4731,37.2248
2019-06-02 13-43-44,426,22.3846,37.1954
2019-06-02 13-43-46,427,22.4533,37.1687
2019-06-02 13-43-48,430,22.435,37.1393
2019-06-02 13-43-50,429,22.5189,37.0832
2019-06-02 13-43-52,429,22.4487,37.0966
2019-06-02 13-43-54,428,22.5555,37.1126
2019-06-02 13-43-58,427,22.5037,37.126
2019-06-02 13-44-00,426,22.5418,37.1527
2019-06-02 13-44-02,426,22.5052,37.1687
2019-06-02 13-44-04,424,22.4182,37.182
2019-06-02 13-44-06,424,22.4396,37.2248
2019-06-02 13-44-08,424,22.4396,37.2087
2019-06-02 13-44-10,426,22.3999,37.182
2019-06-02 13-44-12,425,22.4365,37.182
2019-06-02 13-44-16,427,22.4167,37.1393
2019-06-02 13-44-18,429,22.3587,37.0832
2019-06-02 13-44-20,429,22.3953,37.0832
2019-06-02 13-44-22,429,22.4274,37.0699
2019-06-02 13-44-24,430,22.4457,37.0832
2019-06-02 13-44-27,430,22.467,37.0966
2019-06-02 13-44-29,430,22.4625,37.0378
2019-06-02 13-44-31,431,22.5128,36.9684
2019-06-02 13-44-35,431,22.5647,36.9684
2019-06-02 13-44-37,431,22.6151,36.9551
2019-06-02 13-44-39,431,22.5967,36.939
2019-06-02 13-44-41,430,22.67,36.9551
2019-06-02 13-44-43,430,22.6334,36.9684
2019-06-02 13-44-45,430,22.5998,36.9551
2019-06-02 13-44-47,430,22.6334,36.9551
2019-06-02 13-44-51,429,22.5967,36.9257
2019-06-02 13-44-53,429,22.5967,36.9257
2019-06-02 13-44-55,429,22.6318,36.9123
2019-06-02 13-44-57,428,22.6685,36.9123
2019-06-02 13-44-59,428,22.7371,36.883
2019-06-02 13-45-01,428,22.7203,36.899
2019-06-02 13-45-03,428,22.6837,36.883
2019-06-02 13-45-05,427,22.7203,36.9123
2019-06-02 13-45-09,427,22.6883,36.939
2019-06-02 13-45-11,428,22.7066,36.9551
2019-06-02 13-45-13,428,22.6181,36.9684
2019-06-02 13-45-15,429,22.6364,36.9818
2019-06-02 13-45-17,429,22.5998,36.9684
2019-06-02 13-45-19,429,22.6334,36.9551
2019-06-02 13-45-21,429,22.67,36.9551
2019-06-02 13-45-23,429,22.6181,36.9684
2019-06-02 13-45-27,429,22.67,36.9551
2019-06-02 13-45-29,429,22.6181,36.9684
2019-06-02 13-45-31,429,22.6364,36.9818
2019-06-02 13-45-33,429,22.6181,36.9818
2019-06-02 13-45-35,430,22.6135,36.9257
2019-06-02 13-45-37,430,22.5967,36.939
2019-06-02 13-45-39,430,22.6135,36.9257
2019-06-02 13-45-43,430,22.6334,36.9684
2019-06-02 13-45-45,430,22.6517,36.9818
2019-06-02 13-45-47,430,22.6013,37.0111
2019-06-02 13-45-49,430,22.6044,37.0245
2019-06-02 13-45-51,430,22.5693,37.0378
2019-06-02 13-45-53,429,22.5677,37.0245
2019-06-02 13-45-55,430,22.5693,37.0539
2019-06-02 13-45-57,430,22.5327,37.0111
2019-06-02 13-46-01,431,22.6044,37.0245
2019-06-02 13-46-03,431,22.5647,36.9818
2019-06-02 13-46-05,430,22.6196,36.9978
2019-06-02 13-46-07,431,22.6547,36.9978
2019-06-02 13-46-09,431,22.6364,36.9978
2019-06-02 13-46-11,431,22.5998,36.9818
2019-06-02 13-46-13,431,22.6196,37.0111
2019-06-02 13-46-15,431,22.6196,37.0111
2019-06-02 13-46-19,431,22.6044,37.0245
2019-06-02 13-46-21,431,22.6059,37.0539
2019-06-02 13-46-23,431,22.5723,37.0832
2019-06-02 13-46-25,431,22.5189,37.0699
2019-06-02 13-46-27,431,22.5189,37.0699
2019-06-02 13-46-29,432,22.522,37.1126
2019-06-02 13-46-31,432,22.467,37.126
2019-06-02 13-46-35,432,22.4503,37.1393
2019-06-02 13-46-37,433,22.4182,37.1687
2019-06-02 13-46-39,433,22.435,37.1687
2019-06-02 13-46-41,433,22.403,37.2087
2019-06-02 13-46-43,433,22.3495,37.2248
2019-06-02 13-46-45,433,22.3312,37.2248
2019-06-02 13-46-47,433,22.2839,37.2808
2019-06-02 13-46-49,433,22.2809,37.2515
2019-06-02 13-46-53,433,22.1924,37.2808
2019-06-02 13-46-55,433,22.1924,37.2808
2019-06-02 13-46-57,434,22.1252,37.3369
2019-06-02 13-46-59,434,22.0047,37.3636
2019-06-02 13-47-01,434,22.02,37.3636
2019-06-02 13-47-03,435,21.9681,37.3636
2019-06-02 13-47-05,435,21.9543,37.393
2019-06-02 13-47-07,436,21.9696,37.393
2019-06-02 13-47-11,436,21.9879,37.4063
2019-06-02 13-47-13,437,22.0413,37.4197
2019-06-02 13-47-15,438,22.023,37.393
2019-06-02 13-47-17,439,22.0047,37.3796
2019-06-02 13-47-19,439,21.9864,37.3796
2019-06-02 13-47-21,440,22.0963,37.4063
2019-06-02 13-47-23,440,22.1115,37.393
2019-06-02 13-47-27,440,22.0749,37.3636
2019-06-02 13-47-29,439,22.1283,37.3636
2019-06-02 13-47-31,439,22.1298,37.3796
2019-06-02 13-47-33,439,22.0978,37.4197
2019-06-02 13-47-35,440,22.0245,37.4357
2019-06-02 13-47-37,440,22.023,37.4063
2019-06-02 13-47-39,440,22.023,37.3796
2019-06-02 13-47-41,440,21.9864,37.3636
2019-06-02 13-47-45,440,21.9864,37.3636
2019-06-02 13-47-47,440,22.0016,37.3369
2019-06-02 13-47-49,439,22.0551,37.3636
2019-06-02 13-47-51,439,22.0245,37.4197
2019-06-02 13-47-53,437,21.9223,37.4491
2019-06-02 13-47-55,437,21.9406,37.4624
2019-06-02 13-47-57,439,21.9589,37.4758
2019-06-02 13-47-59,442,21.9009,37.4357
2019-06-02 13-48-03,443,21.936,37.393
2019-06-02 13-48-05,443,22.0383,37.3796
2019-06-02 13-48-07,443,22.023,37.3796
2019-06-02 13-48-09,443,22.0551,37.3636
2019-06-02 13-48-11,443,22.0596,37.4063
2019-06-02 13-48-13,444,22.0413,37.4197
2019-06-02 13-48-15,443,21.9589,37.4624
2019-06-02 13-48-19,444,21.9742,37.4624
2019-06-02 13-48-21,444,21.9009,37.4624
2019-06-02 13-48-23,445,21.9772,37.4758
2019-06-02 13-48-25,444,21.9406,37.4624
2019-06-02 13-48-27,443,21.9223,37.4624
2019-06-02 13-48-29,441,21.9009,37.4624
2019-06-02 13-48-31,442,21.8674,37.4758
2019-06-02 13-48-33,442,21.904,37.4918
2019-06-02 13-48-37,443,21.8826,37.4491
2019-06-02 13-48-39,442,21.8826,37.4491
2019-06-02 13-48-41,443,21.9193,37.4197
2019-06-02 13-48-43,443,21.9513,37.3796
2019-06-02 13-48-45,444,21.9879,37.393
2019-06-02 13-48-47,443,22.0047,37.393
2019-06-02 13-48-49,445,22.0367,37.3503
2019-06-02 13-48-51,446,22.0047,37.3636
2019-06-02 13-48-55,447,22.0047,37.3636
2019-06-02 13-48-57,446,22.0551,37.3503
2019-06-02 13-48-59,446,22.0367,37.3369
2019-06-02 13-49-01,446,22.0734,37.3075
2019-06-02 13-49-03,445,22.0871,37.2648
2019-06-02 13-49-05,444,22.1207,37.2648
2019-06-02 13-49-07,443,22.1558,37.2381
2019-06-02 13-49-11,444,22.1344,37.2087
2019-06-02 13-49-13,444,22.0825,37.2087
2019-06-02 13-49-15,442,22.1527,37.1954
2019-06-02 13-49-17,442,22.2031,37.1687
2019-06-02 13-49-19,441,22.2565,37.1527
2019-06-02 13-49-21,440,22.2015,37.1393
2019-06-02 13-49-23,440,22.2214,37.1393
2019-06-02 13-49-25,440,22.2382,37.1126
2019-06-02 13-49-29,440,22.2885,37.1126
2019-06-02 13-49-31,439,22.3068,37.0966
2019-06-02 13-49-33,439,22.2855,37.0539
2019-06-02 13-49-35,439,22.3068,37.0966
2019-06-02 13-49-37,439,22.2885,37.0966
2019-06-02 13-49-39,439,22.377,37.0832
2019-06-02 13-49-41,439,22.3206,37.0699
2019-06-02 13-49-43,440,22.3755,37.0539
2019-06-02 13-49-47,440,22.3907,37.0245
2019-06-02 13-49-49,440,22.3541,36.9978
2019-06-02 13-49-51,440,22.4731,36.9684
2019-06-02 13-49-53,440,22.4579,36.9684
2019-06-02 13-49-55,440,22.4548,36.939
2019-06-02 13-49-57,440,22.5266,36.9123
2019-06-02 13-49-59,439,22.4869,36.9123
2019-06-02 13-50-03,439,22.5082,36.899
2019-06-02 13-50-05,439,22.5266,36.899
2019-06-02 13-50-07,438,22.5403,36.8696
2019-06-02 13-50-09,438,22.5769,36.883
2019-06-02 13-50-11,438,22.5739,36.8563
2019-06-02 13-50-13,438,22.5586,36.8563
2019-06-02 13-50-15,438,22.5739,36.8563
2019-06-02 13-50-18,439,22.5739,36.8429
2019-06-02 13-50-22,439,22.522,36.8429
2019-06-02 13-50-24,439,22.6654,36.8696
2019-06-02 13-50-26,439,22.5922,36.8563
2019-06-02 13-50-28,439,22.6456,36.8696
2019-06-02 13-50-30,439,22.5922,36.8696
2019-06-02 13-50-32,439,22.5586,36.8696
2019-06-02 13-50-34,439,22.5769,36.883
2019-06-02 13-50-38,439,22.5235,36.883
2019-06-02 13-50-40,439,22.6135,36.899
2019-06-02 13-50-42,439,22.5601,36.9123
2019-06-02 13-50-44,439,22.5098,36.939
2019-06-02 13-50-46,439,22.4899,36.9257
2019-06-02 13-50-48,439,22.5784,36.9257
2019-06-02 13-50-50,439,22.4182,36.9123
2019-06-02 13-50-52,439,22.5418,36.899
2019-06-02 13-50-56,439,22.5586,36.883
2019-06-02 13-50-58,438,22.5769,36.8696
2019-06-02 13-51-00,439,22.5403,36.8563
2019-06-02 13-51-02,439,22.5723,36.8135
2019-06-02 13-51-04,439,22.641,36.7868
2019-06-02 13-51-06,438,22.6776,36.7708
2019-06-02 13-51-08,438,22.6929,36.7575
2019-06-02 13-51-10,438,22.7112,36.7708
2019-06-02 13-51-14,437,22.641,36.8002
2019-06-02 13-51-16,437,22.6776,36.7708
2019-06-02 13-51-18,437,22.6791,36.8002
2019-06-02 13-51-20,437,22.641,36.7868
2019-06-02 13-51-22,437,22.6959,36.8002
2019-06-02 13-51-24,437,22.6608,36.8135
2019-06-02 13-51-26,437,22.6776,36.7868
2019-06-02 13-51-30,437,22.6776,36.7708
2019-06-02 13-51-32,436,22.6959,36.7868
2019-06-02 13-51-34,437,22.6746,36.7575
2019-06-02 13-51-36,436,22.6593,36.7575
2019-06-02 13-51-38,436,22.7432,36.7441
2019-06-02 13-51-40,436,22.728,36.7575
2019-06-02 13-51-42,436,22.6929,36.7575
2019-06-02 13-51-44,435,22.641,36.7868
2019-06-02 13-51-48,435,22.7615,36.7575
2019-06-02 13-51-50,435,22.6913,36.7308
2019-06-02 13-51-52,434,22.6913,36.7441
2019-06-02 13-51-54,435,22.728,36.7441
2019-06-02 13-51-56,435,22.6746,36.7575
2019-06-02 13-51-58,435,22.6379,36.7575
2019-06-02 13-52-00,434,22.6913,36.7441
2019-06-02 13-52-02,434,22.673,36.7308
2019-06-02 13-52-06,434,22.7417,36.7014
2019-06-02 13-52-08,434,22.7753,36.688
2019-06-02 13-52-10,434,22.789,36.632
2019-06-02 13-52-12,434,22.8073,36.6186
2019-06-02 13-52-14,434,22.8394,36.5599
2019-06-02 13-52-16,434,22.8897,36.5438
2019-06-02 13-52-18,434,22.9446,36.5171
2019-06-02 13-52-22,434,22.9263,36.5438
2019-06-02 13-52-24,433,22.966,36.5732
2019-06-02 13-52-26,432,22.8928,36.5732
2019-06-02 13-52-28,431,22.8439,36.6186
2019-06-02 13-52-30,430,22.8119,36.688
2019-06-02 13-52-32,430,22.7936,36.7147
2019-06-02 13-52-34,430,22.7112,36.7708
2019-06-02 13-52-36,429,22.6242,36.8135
2019-06-02 13-52-40,429,22.6089,36.8429
2019-06-02 13-52-42,430,22.4869,36.883
2019-06-02 13-52-44,430,22.5266,36.9257
2019-06-02 13-52-46,429,22.4579,36.9818
2019-06-02 13-52-48,429,22.4411,37.0111
2019-06-02 13-52-50,429,22.3358,37.0245
2019-06-02 13-52-52,429,22.3038,37.0832
2019-06-02 13-52-54,429,22.2885,37.0966
2019-06-02 13-52-58,429,22.2382,37.126
2019-06-02 13-53-00,431,22.2031,37.182
2019-06-02 13-53-02,431,22.2427,37.1954
2019-06-02 13-53-04,431,22.1848,37.182
2019-06-02 13-53-06,433,22.1161,37.182
2019-06-02 13-53-08,434,22.1466,37.1126
2019-06-02 13-53-10,436,22.197,37.0832
2019-06-02 13-53-14,434,22.2336,37.0539
2019-06-02 13-53-16,433,22.3068,37.1126
2019-06-02 13-53-18,434,22.2672,37.0539
2019-06-02 13-53-20,433,22.2519,37.0699
2019-06-02 13-53-22,432,22.2351,37.0832
2019-06-02 13-53-24,431,22.2534,37.0966
2019-06-02 13-53-26,431,22.1664,37.1687
2019-06-02 13-53-28,431,22.1344,37.1954
2019-06-02 13-53-32,433,22.1527,37.1954
2019-06-02 13-53-34,433,22.1024,37.2248
2019-06-02 13-53-36,434,22.0474,37.2515
2019-06-02 13-53-38,433,22.0154,37.2808
2019-06-02 13-53-40,433,21.9818,37.2942
2019-06-02 13-53-42,435,21.9315,37.3236
2019-06-02 13-53-44,436,21.9864,37.3503
2019-06-02 13-53-46,436,21.8582,37.3236
2019-06-02 13-53-50,436,21.9315,37.3369
2019-06-02 13-53-52,435,21.9131,37.3236
2019-06-02 13-53-54,435,21.9147,37.3503
2019-06-02 13-53-56,435,21.8781,37.3796
2019-06-02 13-53-58,436,21.9147,37.3503
2019-06-02 13-54-00,435,21.8781,37.3796
2019-06-02 13-54-02,436,21.8964,37.393
2019-06-02 13-54-06,436,21.9147,37.3503
2019-06-02 13-54-08,435,21.9543,37.393
2019-06-02 13-54-10,434,21.8781,37.3796
2019-06-02 13-54-12,435,21.846,37.4197
2019-06-02 13-54-14,435,21.8307,37.4357
2019-06-02 13-54-16,435,21.8307,37.4357
2019-06-02 13-54-18,435,21.8307,37.4491
2019-06-02 13-54-20,436,21.7957,37.4491
2019-06-02 13-54-24,436,21.759,37.4624
2019-06-02 13-54-26,437,21.759,37.4624
2019-06-02 13-54-28,438,21.8307,37.4357
2019-06-02 13-54-30,438,21.7804,37.4491
2019-06-02 13-54-32,438,21.7407,37.4624
2019-06-02 13-54-34,436,21.7407,37.4491
2019-06-02 13-54-36,436,21.759,37.4491
2019-06-02 13-54-38,436,21.759,37.4758
2019-06-02 13-54-42,436,21.8323,37.4758
2019-06-02 13-54-44,436,21.759,37.4758
2019-06-02 13-54-46,436,21.759,37.4491
2019-06-02 13-54-48,437,21.846,37.4197
2019-06-02 13-54-50,437,21.8277,37.393
2019-06-02 13-54-52,437,21.8781,37.3503
2019-06-02 13-54-54,437,21.9147,37.3369
2019-06-02 13-54-58,436,21.9467,37.2942
2019-06-02 13-55-00,435,22.0154,37.2808
2019-06-02 13-55-02,435,21.9788,37.2515
2019-06-02 13-55-04,434,21.9955,37.2248
2019-06-02 13-55-06,434,21.9788,37.2515
2019-06-02 13-55-08,434,21.9955,37.2515
2019-06-02 13-55-10,433,22.0291,37.2248
2019-06-02 13-55-12,433,22.0474,37.2381
2019-06-02 13-55-16,433,22.0825,37.2087
2019-06-02 13-55-18,433,22.0108,37.2087
2019-06-02 13-55-20,432,22.0657,37.2248
2019-06-02 13-55-22,432,22.0474,37.2381
2019-06-02 13-55-24,431,22.0871,37.2648
2019-06-02 13-55-26,430,22.0154,37.2942
2019-06-02 13-55-28,428,21.9971,37.2648
2019-06-02 13-55-30,428,21.9818,37.2942
2019-06-02 13-55-34,426,22.0001,37.3236
2019-06-02 13-55-36,425,21.9498,37.3236
2019-06-02 13-55-38,427,21.965,37.3075
2019-06-02 13-55-40,428,21.9498,37.3236
2019-06-02 13-55-42,429,21.9498,37.3236
2019-06-02 13-55-44,432,21.9498,37.3236
2019-06-02 13-55-46,433,21.9467,37.3075
2019-06-02 13-55-50,433,21.8735,37.3075
2019-06-02 13-55-53,434,21.9284,37.2942
2019-06-02 13-55-55,436,21.9284,37.2808
2019-06-02 13-55-57,436,21.9467,37.2942
2019-06-02 13-55-59,436,21.9788,37.2515
2019-06-02 13-56-01,436,21.9772,37.2381
2019-06-02 13-56-03,435,22.0139,37.2515
2019-06-02 13-56-05,436,21.9971,37.2808
2019-06-02 13-56-09,435,22.0139,37.2515
2019-06-02 13-56-11,435,21.9818,37.2942
2019-06-02 13-56-13,436,21.9818,37.2808
2019-06-02 13-56-15,438,21.9635,37.2808
2019-06-02 13-56-17,437,21.9452,37.2648
2019-06-02 13-56-19,437,21.9788,37.2648
2019-06-02 13-56-21,437,21.9269,37.2648
2019-06-02 13-56-23,437,21.9635,37.2942
2019-06-02 13-56-27,436,21.9284,37.2942
2019-06-02 13-56-29,436,21.9635,37.2808
2019-06-02 13-56-31,436,21.9284,37.2808
2019-06-02 13-56-33,435,21.9284,37.2808
2019-06-02 13-56-35,435,21.9269,37.2648
2019-06-02 13-56-37,434,21.9955,37.2515
2019-06-02 13-56-39,433,21.9971,37.2648
2019-06-02 13-56-43,435,21.9467,37.2942
2019-06-02 13-56-45,433,21.9818,37.2808
2019-06-02 13-56-47,434,22.0001,37.3075
2019-06-02 13-56-49,434,21.9818,37.2942
2019-06-02 13-56-51,434,21.9635,37.2942
2019-06-02 13-56-53,434,21.9635,37.2808
2019-06-02 13-56-55,434,21.9269,37.2515
2019-06-02 13-56-57,434,22.0291,37.2381
2019-06-02 13-57-01,434,22.0108,37.2087
2019-06-02 13-57-03,433,22.0291,37.2381
2019-06-02 13-57-05,431,22.0291,37.2248
2019-06-02 13-57-07,431,22.0108,37.2248
2019-06-02 13-57-09,431,21.9742,37.182
2019-06-02 13-57-11,431,21.9559,37.1954
2019-06-02 13-57-13,432,22.0093,37.1687
2019-06-02 13-57-17,431,22.0276,37.2087
2019-06-02 13-57-19,431,21.9559,37.182
2019-06-02 13-57-21,431,22.0108,37.2087
2019-06-02 13-57-23,430,21.9421,37.2248
2019-06-02 13-57-25,429,21.8719,37.2515
2019-06-02 13-57-27,429,21.9101,37.2808
2019-06-02 13-57-29,429,21.9467,37.3075
2019-06-02 13-57-31,430,21.8582,37.3075
2019-06-02 13-57-35,430,21.7865,37.2942
2019-06-02 13-57-37,430,21.8399,37.3075
2019-06-02 13-57-39,431,21.8399,37.2942
2019-06-02 13-57-41,431,21.8185,37.2515
2019-06-02 13-57-43,431,21.8689,37.2381
2019-06-02 13-57-45,430,21.8872,37.2248
2019-06-02 13-57-47,429,21.9086,37.2381
2019-06-02 13-57-49,429,21.9055,37.2248
2019-06-02 13-57-53,429,21.8002,37.2381
2019-06-02 13-57-55,428,21.9055,37.2087
2019-06-02 13-57-57,428,21.8857,37.2087
2019-06-02 13-57-59,430,21.846,37.1527
2019-06-02 13-58-01,430,21.9833,37.0539
2019-06-02 13-58-03,431,22.0703,37.0245
2019-06-02 13-58-05,430,22.1069,37.0539
2019-06-02 13-58-09,430,22.0566,37.0539
2019-06-02 13-58-11,430,22.0917,37.0539
2019-06-02 13-58-13,429,22.1252,37.0378
2019-06-02 13-58-15,429,22.1237,37.0111
2019-06-02 13-58-17,429,22.1237,37.0111
2019-06-02 13-58-19,428,22.1924,36.9978
2019-06-02 13-58-21,428,22.171,36.9684
2019-06-02 13-58-23,427,22.2076,36.939
2019-06-02 13-58-27,427,22.2763,36.9123
2019-06-02 13-58-29,426,22.29,36.8696
2019-06-02 13-58-31,426,22.2565,36.8696
2019-06-02 13-58-33,426,22.3083,36.8696
2019-06-02 13-58-35,425,22.3801,36.8563
2019-06-02 13-58-37,424,22.3663,36.899
2019-06-02 13-58-39,424,22.2931,36.9123
2019-06-02 13-58-41,424,22.3083,36.8696
2019-06-02 13-58-45,424,22.4182,36.9123
2019-06-02 13-58-47,424,22.3114,36.899
2019-06-02 13-58-49,424,22.3114,36.899
2019-06-02 13-58-51,424,22.4167,36.8696
2019-06-02 13-58-53,423,22.3251,36.8696
2019-06-02 13-58-55,422,22.348,36.883
2019-06-02 13-58-57,422,22.4136,36.8563
2019-06-02 13-59-01,422,22.3938,36.8002
2019-06-02 13-59-03,423,22.3755,36.8002
2019-06-02 13-59-05,422,22.496,36.7441
2019-06-02 13-59-07,422,22.4548,36.6747
2019-06-02 13-59-09,422,22.5784,36.6587
2019-06-02 13-59-11,422,22.6501,36.6186
2019-06-02 13-59-13,422,22.6654,36.6186
2019-06-02 13-59-15,422,22.6639,36.5599
2019-06-02 13-59-19,422,22.6822,36.5732
2019-06-02 13-59-21,421,22.7692,36.5732
2019-06-02 13-59-23,420,22.8058,36.5732
2019-06-02 13-59-25,420,22.6471,36.6026
2019-06-02 13-59-27,420,22.702,36.6453
2019-06-02 13-59-29,420,22.67,36.688
2019-06-02 13-59-31,420,22.6181,36.7147
2019-06-02 13-59-33,421,22.6013,36.7308
2019-06-02 13-59-37,421,22.551,36.7575
2019-06-02 13-59-39,421,22.4457,36.8002
2019-06-02 13-59-41,420,22.4304,36.8135
2019-06-02 13-59-43,420,22.464,36.8269
2019-06-02 13-59-45,419,22.467,36.8429
2019-06-02 13-59-47,419,22.3633,36.883
2019-06-02 13-59-49,419,22.3114,36.9123
2019-06-02 13-59-53,418,22.3297,36.9257
2019-06-02 13-59-55,418,22.2794,36.9684
2019-06-02 13-59-57,419,22.2656,36.9978
2019-06-02 13-59-59,419,22.139,37.0111
2019-06-02 14-00-01,419,22.1756,37.0111
2019-06-02 14-00-03,420,22.139,37.0111
2019-06-02 14-00-05,420,22.1756,37.0111
2019-06-02 14-00-07,420,22.1054,37.0111
2019-06-02 14-00-11,419,22.0917,37.0539
2019-06-02 14-00-13,420,22.0566,37.0699
2019-06-02 14-00-15,421,22.0734,37.0699
2019-06-02 14-00-17,421,21.9864,37.0832
2019-06-02 14-00-19,421,21.9864,37.0832
2019-06-02 14-00-21,422,21.9147,37.0966
2019-06-02 14-00-23,422,21.9513,37.1126
2019-06-02 14-00-27,423,22.0047,37.126
2019-06-02 14-00-29,423,21.8826,37.1687
2019-06-02 14-00-31,424,21.8307,37.182
2019-06-02 14-00-33,425,21.8307,37.182
2019-06-02 14-00-35,427,21.904,37.1687
2019-06-02 14-00-37,428,21.9055,37.1954
2019-06-02 14-00-39,427,21.8689,37.2248
2019-06-02 14-00-41,429,21.8506,37.2087
2019-06-02 14-00-45,429,21.817,37.2248
2019-06-02 14-00-47,428,21.7453,37.2515
2019-06-02 14-00-49,429,21.8536,37.2515
2019-06-02 14-00-51,430,21.785,37.2515
2019-06-02 14-00-53,431,21.8002,37.2381
2019-06-02 14-00-55,433,21.8002,37.2381
2019-06-02 14-00-57,431,21.7438,37.2248
2019-06-02 14-00-59,431,21.8872,37.2515
2019-06-02 14-01-03,431,21.8185,37.2515
2019-06-02 14-01-05,431,21.8689,37.2381
2019-06-02 14-01-07,432,21.9055,37.2248
2019-06-02 14-01-09,431,21.9055,37.2248
2019-06-02 14-01-11,432,21.9223,37.182
2019-06-02 14-01-13,431,21.8674,37.182
2019-06-02 14-01-15,431,21.9193,37.1687
2019-06-02 14-01-19,431,21.9055,37.2087
2019-06-02 14-01-21,431,21.9223,37.182
2019-06-02 14-01-23,431,21.9742,37.182
2019-06-02 14-01-25,431,21.9238,37.2087
2019-06-02 14-01-27,431,21.8857,37.2087
2019-06-02 14-01-29,430,21.9406,37.2087
2019-06-02 14-01-31,429,21.9421,37.2381
2019-06-02 14-01-33,429,21.9238,37.2381
2019-06-02 14-01-37,429,21.8872,37.2515
2019-06-02 14-01-39,429,21.9055,37.2248
2019-06-02 14-01-41,430,21.9055,37.2248
2019-06-02 14-01-43,429,21.8857,37.2087
2019-06-02 14-01-46,429,21.9238,37.2087
2019-06-02 14-01-48,428,21.8872,37.2248
2019-06-02 14-01-50,428,21.8674,37.1954
2019-06-02 14-01-52,428,21.9086,37.2381
2019-06-02 14-01-56,427,21.9055,37.2087
2019-06-02 14-01-58,427,21.9055,37.2248
2019-06-02 14-02-00,426,21.9238,37.2248
2019-06-02 14-02-02,426,21.8674,37.2087
2019-06-02 14-02-04,426,21.8689,37.2248
2019-06-02 14-02-06,427,21.8857,37.1954
2019-06-02 14-02-08,426,21.904,37.182
2019-06-02 14-02-12,426,21.9742,37.182
2019-06-02 14-02-14,426,21.9559,37.1954
2019-06-02 14-02-16,425,21.904,37.1687
2019-06-02 14-02-18,425,21.8643,37.1687
2019-06-02 14-02-20,424,21.9009,37.1527
2019-06-02 14-02-22,424,21.9223,37.182
2019-06-02 14-02-24,424,21.9055,37.1954
2019-06-02 14-02-26,424,21.9376,37.182
2019-06-02 14-02-30,425,21.9376,37.1527
2019-06-02 14-02-32,425,21.936,37.126
2019-06-02 14-02-34,425,21.9696,37.126
2019-06-02 14-02-36,425,21.936,37.126
2019-06-02 14-02-38,426,22.0016,37.0966
2019-06-02 14-02-40,425,22.023,37.126
2019-06-02 14-02-42,426,21.936,37.1393
2019-06-02 14-02-44,426,21.9727,37.1527
2019-06-02 14-02-48,426,21.9177,37.126
2019-06-02 14-02-50,427,21.9177,37.126
2019-06-02 14-02-52,427,21.933,37.1126
2019-06-02 14-02-54,426,21.9864,37.0966
2019-06-02 14-02-56,427,21.9498,37.0832
2019-06-02 14-02-58,427,21.9513,37.0966
2019-06-02 14-03-00,427,21.9498,37.0832
2019-06-02 14-03-04,427,22.0566,37.0539
2019-06-02 14-03-06,427,22.0367,37.0832
2019-06-02 14-03-08,426,22.0001,37.0378
2019-06-02 14-03-10,425,22.0734,37.0539
2019-06-02 14-03-12,425,22.0566,37.0539
2019-06-02 14-03-14,425,22.0566,37.0699
2019-06-02 14-03-16,424,22.0367,37.0699
2019-06-02 14-03-18,424,22.0001,37.0378
2019-06-02 14-03-22,424,22.0337,37.0245
2019-06-02 14-03-24,425,22.0337,37.0378
2019-06-02 14-03-26,425,22.0688,36.9978
2019-06-02 14-03-28,424,22.084,36.9684
2019-06-02 14-03-30,425,22.1893,36.9684
2019-06-02 14-03-32,425,22.1375,36.9551
2019-06-02 14-03-34,425,22.1191,36.9551
2019-06-02 14-03-38,425,22.1527,36.9257
2019-06-02 14-03-40,425,22.1161,36.9123
2019-06-02 14-03-42,424,22.1695,36.9257
2019-06-02 14-03-44,424,22.2076,36.9257
2019-06-02 14-03-46,424,22.226,36.939
2019-06-02 14-03-48,424,22.1375,36.9551
2019-06-02 14-03-50,424,22.1344,36.939
2019-06-02 14-03-52,424,22.1191,36.9551
2019-06-02 14-03-56,424,22.1207,36.9818
2019-06-02 14-03-58,424,22.1741,36.9818
2019-06-02 14-04-00,424,22.1237,37.0245
2019-06-02 14-04-02,423,22.0703,37.0245
2019-06-02 14-04-04,422,22.0734,37.0378
2019-06-02 14-04-06,422,22.0566,37.0832
2019-06-02 14-04-08,423,22.02,37.0832
2019-06-02 14-04-10,423,22.0566,37.0699
2019-06-02 14-04-14,423,22.0184,37.0539
2019-06-02 14-04-16,423,22.0367,37.0539
2019-06-02 14-04-18,423,22.0367,37.0539
2019-06-02 14-04-20,423,22.0367,37.0699
2019-06-02 14-04-22,423,22.0596,37.0966
2019-06-02 14-04-24,422,21.9681,37.0832
2019-06-02 14-04-26,423,21.9696,37.1126
2019-06-02 14-04-30,422,21.9696,37.1126
2019-06-02 14-04-32,423,21.8765,37.0832
2019-06-02 14-04-34,423,21.8781,37.0966
2019-06-02 14-04-36,423,21.8445,37.126
2019-06-02 14-04-38,423,21.8628,37.1393
2019-06-02 14-04-40,422,21.8491,37.1687
2019-06-02 14-04-42,422,21.7804,37.1954
2019-06-02 14-04-44,423,21.7667,37.2381
2019-06-02 14-04-48,423,21.7453,37.2648
2019-06-02 14-04-50,424,21.7087,37.2381
2019-06-02 14-04-52,424,21.727,37.2515
2019-06-02 14-04-54,424,21.6583,37.2648
2019-06-02 14-04-56,425,21.6263,37.2942
2019-06-02 14-04-58,425,21.6263,37.2942
2019-06-02 14-05-00,426,21.5698,37.2808
2019-06-02 14-05-02,427,21.608,37.2942
2019-06-02 14-05-06,427,21.6263,37.2942
2019-06-02 14-05-08,427,21.5714,37.2942
2019-06-02 14-05-10,426,21.6446,37.3236
2019-06-02 14-05-12,426,21.611,37.3075
2019-06-02 14-05-14,426,21.5927,37.3369
2019-06-02 14-05-16,427,21.611,37.3369
2019-06-02 14-05-18,428,21.6476,37.3636
2019-06-02 14-05-22,428,21.5393,37.3636
2019-06-02 14-05-24,429,21.6156,37.3796
2019-06-02 14-05-26,429,21.5759,37.3796
2019-06-02 14-05-28,430,21.5927,37.3503
2019-06-02 14-05-30,430,21.6156,37.3796
2019-06-02 14-05-32,431,21.5744,37.3369
2019-06-02 14-05-34,431,21.6797,37.3075
2019-06-02 14-05-36,431,21.6934,37.2515
2019-06-02 14-05-40,430,21.6766,37.2515
2019-06-02 14-05-42,430,21.6934,37.2381
2019-06-02 14-05-44,429,21.7087,37.2381
2019-06-02 14-05-46,428,21.727,37.2248
2019-06-02 14-05-48,427,21.6949,37.2648
2019-06-02 14-05-50,427,21.7117,37.2648
2019-06-02 14-05-52,427,21.6248,37.2648
2019-06-02 14-05-54,429,21.6064,37.2381
2019-06-02 14-05-58,429,21.6064,37.2381
2019-06-02 14-06-00,429,21.7407,37.1687
2019-06-02 14-06-02,429,21.7941,37.1393
2019-06-02 14-06-04,429,21.8628,37.1126
2019-06-02 14-06-06,428,21.8628,37.126
2019-06-02 14-06-08,427,21.8079,37.0699
2019-06-02 14-06-10,427,21.8582,37.0699
2019-06-02 14-06-12,427,21.8765,37.0539
2019-06-02 14-06-16,427,21.9147,37.0699
2019-06-02 14-06-18,427,21.8948,37.0378
2019-06-02 14-06-20,427,21.9284,37.0111
2019-06-02 14-06-22,427,21.8948,37.0245
2019-06-02 14-06-24,427,21.9788,36.9978
2019-06-02 14-06-26,427,21.9421,36.9684
2019-06-02 14-06-28,427,21.9925,36.9257
2019-06-02 14-06-32,427,22.0276,36.9123
2019-06-02 14-06-34,427,22.0459,36.9123
2019-06-02 14-06-36,426,22.0657,36.939
2019-06-02 14-06-38,426,22.084,36.9684
2019-06-02 14-06-40,426,22.0291,36.9684
2019-06-02 14-06-42,426,22.052,36.9978
2019-06-02 14-06-44,425,21.9788,36.9818
2019-06-02 14-06-46,425,21.9635,37.0245
2019-06-02 14-06-50,425,21.9833,37.0539
2019-06-02 14-06-52,424,21.9315,37.0539
2019-06-02 14-06-54,425,21.9147,37.0699
2019-06-02 14-06-56,425,21.9147,37.0966
2019-06-02 14-06-58,425,21.9513,37.126
2019-06-02 14-07-00,426,21.8414,37.0832
2019-06-02 14-07-02,426,21.9681,37.0966
2019-06-02 14-07-04,426,21.9498,37.0832
2019-06-02 14-07-08,426,21.9147,37.0699
2019-06-02 14-07-10,426,21.8781,37.1126
2019-06-02 14-07-12,426,21.8597,37.0966
2019-06-02 14-07-14,425,21.8262,37.0966
2019-06-02 14-07-16,425,21.8094,37.126
2019-06-02 14-07-18,426,21.7941,37.126
2019-06-02 14-07-21,426,21.7941,37.1527
2019-06-02 14-07-25,427,21.7941,37.1527
2019-06-02 14-07-27,427,21.7941,37.1527
2019-06-02 14-07-29,427,21.7773,37.1687
2019-06-02 14-07-31,426,21.7621,37.1687
2019-06-02 14-07-33,426,21.7407,37.182
2019-06-02 14-07-35,426,21.7224,37.1687
2019-06-02 14-07-37,427,21.759,37.1527
2019-06-02 14-07-39,427,21.7407,37.1954
2019-06-02 14-07-43,428,21.7255,37.2087
2019-06-02 14-07-45,428,21.7224,37.1687
2019-06-02 14-07-47,428,21.7209,37.126
2019-06-02 14-07-49,428,21.759,37.1527
2019-06-02 14-07-51,428,21.7072,37.182
2019-06-02 14-07-53,428,21.6888,37.182
2019-06-02 14-07-55,428,21.6904,37.1954
2019-06-02 14-07-57,427,21.6904,37.2087
2019-06-02 14-08-01,428,21.7255,37.2087
2019-06-02 14-08-03,428,21.6904,37.2248
2019-06-02 14-08-05,428,21.6751,37.2381
2019-06-02 14-08-07,429,21.6751,37.2248
2019-06-02 14-08-09,430,21.727,37.2381
2019-06-02 14-08-11,430,21.6751,37.2248
2019-06-02 14-08-13,430,21.7087,37.2248
2019-06-02 14-08-15,430,21.6934,37.2381
2019-06-02 14-08-19,430,21.6583,37.2515
2019-06-02 14-08-21,430,21.64,37.2515
2019-06-02 14-08-23,429,21.6293,37.3236
2019-06-02 14-08-25,430,21.5897,37.3075
2019-06-02 14-08-27,431,21.608,37.2942
2019-06-02 14-08-29,432,21.608,37.2942
2019-06-02 14-08-31,432,21.6583,37.2515
2019-06-02 14-08-35,431,21.6751,37.2248
2019-06-02 14-08-37,431,21.6721,37.1954
2019-06-02 14-08-39,432,21.7224,37.182
2019-06-02 14-08-41,431,21.7072,37.1954
2019-06-02 14-08-43,431,21.6385,37.2087
2019-06-02 14-08-45,432,21.7255,37.1954
2019-06-02 14-08-47,431,21.7087,37.2087
2019-06-02 14-08-49,431,21.6721,37.2087
2019-06-02 14-08-53,431,21.6583,37.2648
2019-06-02 14-08-55,431,21.6766,37.2648
2019-06-02 14-08-57,431,21.6583,37.2381
2019-06-02 14-08-59,431,21.608,37.2808
2019-06-02 14-09-01,432,21.6431,37.2808
2019-06-02 14-09-03,432,21.608,37.2942
2019-06-02 14-09-05,431,21.6263,37.2942
2019-06-02 14-09-07,430,21.5897,37.3236
2019-06-02 14-09-11,430,21.5576,37.3503
2019-06-02 14-09-13,431,21.521,37.3503
2019-06-02 14-09-15,432,21.5607,37.3796
2019-06-02 14-09-17,433,21.5927,37.3369
2019-06-02 14-09-19,433,21.521,37.3236
2019-06-02 14-09-21,433,21.5195,37.3075
2019-06-02 14-09-23,433,21.5164,37.2648
2019-06-02 14-09-25,433,21.608,37.2942
2019-06-02 14-09-29,433,21.6064,37.2381
2019-06-02 14-09-31,434,21.64,37.2381
2019-06-02 14-09-33,433,21.64,37.2248
2019-06-02 14-09-35,433,21.6385,37.1954
2019-06-02 14-09-37,433,21.6202,37.2087
2019-06-02 14-09-39,433,21.6019,37.1954
2019-06-02 14-09-41,433,21.6537,37.1954
2019-06-02 14-09-45,432,21.6202,37.2087
2019-06-02 14-09-47,432,21.6568,37.2248
2019-06-02 14-09-49,432,21.6034,37.2248
2019-06-02 14-09-51,431,21.6751,37.2248
2019-06-02 14-09-53,431,21.6248,37.2648
2019-06-02 14-09-55,431,21.6263,37.2942
2019-06-02 14-09-57,430,21.5378,37.3236
2019-06-02 14-09-59,430,21.553,37.3075
2019-06-02 14-10-03,431,21.5759,37.3796
2019-06-02 14-10-05,432,21.4691,37.3369
2019-06-02 14-10-07,433,21.5027,37.3075
2019-06-02 14-10-09,433,21.4844,37.2942
2019-06-02 14-10-11,434,21.5881,37.2648
2019-06-02 14-10-13,434,21.5164,37.2648
2019-06-02 14-10-15,435,21.5698,37.2648
2019-06-02 14-10-17,435,21.5668,37.2248
2019-06-02 14-10-21,435,21.6019,37.1687
2019-06-02 14-10-23,435,21.6705,37.1527
2019-06-02 14-10-25,434,21.7545,37.0832
2019-06-02 14-10-27,433,21.7545,37.0832
2019-06-02 14-10-29,433,21.7529,37.0378
2019-06-02 14-10-31,432,21.8262,37.0832
2019-06-02 14-10-33,431,21.7911,37.1126
2019-06-02 14-10-37,431,21.7941,37.126
2019-06-02 14-10-39,430,21.7209,37.1393
2019-06-02 14-10-41,429,21.6888,37.182
2019-06-02 14-10-43,430,21.7087,37.2087
2019-06-02 14-10-45,430,21.6202,37.2087
2019-06-02 14-10-47,430,21.553,37.2808
2019-06-02 14-10-49,430,21.5164,37.2808
2019-06-02 14-10-51,430,21.5378,37.2942
2019-06-02 14-10-55,430,21.4874,37.3369
2019-06-02 14-10-57,430,21.4706,37.3503
2019-06-02 14-10-59,430,21.4706,37.3636
2019-06-02 14-11-01,431,21.4523,37.3636
2019-06-02 14-11-03,432,21.4523,37.3636
2019-06-02 14-11-05,433,21.4325,37.3503
2019-06-02 14-11-07,433,21.4523,37.3369
2019-06-02 14-11-09,432,21.4294,37.3236
2019-06-02 14-11-13,432,21.489,37.3636
2019-06-02 14-11-15,432,21.434,37.3796
2019-06-02 14-11-17,432,21.3287,37.393
2019-06-02 14-11-19,432,21.3318,37.4197
2019-06-02 14-11-21,433,21.315,37.4357
2019-06-02 14-11-23,433,21.3013,37.4758
2019-06-02 14-11-25,433,21.3181,37.4758
2019-06-02 14-11-29,434,21.3364,37.4758
2019-06-02 14-11-31,434,21.2814,37.4758
2019-06-02 14-11-33,434,21.2265,37.4624
2019-06-02 14-11-35,434,21.3013,37.4918
2019-06-02 14-11-37,434,21.2265,37.4624
2019-06-02 14-11-39,434,21.3013,37.4918
2019-06-02 14-11-41,435,21.2814,37.4758
2019-06-02 14-11-43,435,21.2448,37.4491
2019-06-02 14-11-47,435,21.2997,37.4491
2019-06-02 14-11-49,435,21.2234,37.4197
2019-06-02 14-11-51,435,21.2234,37.4197
2019-06-02 14-11-53,435,21.1899,37.4063
2019-06-02 14-11-55,435,21.2051,37.4063
2019-06-02 14-11-57,435,21.1899,37.4197
2019-06-02 14-11-59,435,21.2234,37.4063
2019-06-02 14-12-01,435,21.2601,37.4357
2019-06-02 14-12-05,435,21.2738,37.3796
2019-06-02 14-12-07,435,21.3104,37.3796
2019-06-02 14-12-09,435,21.3287,37.3636
2019-06-02 14-12-11,434,21.3791,37.3503
2019-06-02 14-12-13,434,21.3776,37.3236
2019-06-02 14-12-15,434,21.4508,37.3236
2019-06-02 14-12-17,434,21.4844,37.2942
2019-06-02 14-12-19,433,21.4645,37.2648
2019-06-02 14-12-23,433,21.4249,37.2515
2019-06-02 14-12-25,433,21.4462,37.2515
2019-06-02 14-12-27,432,21.4661,37.3075
2019-06-02 14-12-29,432,21.4142,37.3236
2019-06-02 14-12-31,431,21.4325,37.3503
2019-06-02 14-12-33,431,21.3974,37.3503
2019-06-02 14-12-35,431,21.434,37.3796
2019-06-02 14-12-39,430,21.3104,37.3636
2019-06-02 14-12-41,431,21.3104,37.3636
2019-06-02 14-12-43,431,21.347,37.393
2019-06-02 14-12-45,432,21.3821,37.393
2019-06-02 14-12-47,432,21.3837,37.4197
2019-06-02 14-12-49,431,21.315,37.4357
2019-06-02 14-12-51,432,21.315,37.4491
2019-06-02 14-12-54,432,21.3333,37.4491
2019-06-02 14-12-58,432,21.315,37.4491
2019-06-02 14-13-00,432,21.2967,37.4197
2019-06-02 14-13-02,432,21.3318,37.4063
2019-06-02 14-13-04,432,21.3333,37.4357
2019-06-02 14-13-06,431,21.2769,37.4197
2019-06-02 14-13-08,431,21.2265,37.4357
2019-06-02 14-13-10,431,21.2814,37.4918
2019-06-02 14-13-14,431,21.2448,37.4758
2019-06-02 14-13-16,431,21.2448,37.4758
2019-06-02 14-13-18,431,21.196,37.5212
2019-06-02 14-13-20,431,21.2814,37.4758
2019-06-02 14-13-22,431,21.228,37.4918
2019-06-02 14-13-24,432,21.1761,37.4758
2019-06-02 14-13-26,432,21.2814,37.4758
2019-06-02 14-13-28,431,21.2631,37.4918
2019-06-02 14-13-32,431,21.2814,37.4918
2019-06-02 14-13-34,431,21.2463,37.5051
2019-06-02 14-13-36,431,21.2463,37.4918
2019-06-02 14-13-38,432,21.2448,37.4758
2019-06-02 14-13-40,432,21.3013,37.4758
2019-06-02 14-13-42,432,21.2601,37.4491
2019-06-02 14-13-44,432,21.2601,37.4357
2019-06-02 14-13-46,432,21.3333,37.4357
2019-06-02 14-13-50,432,21.2967,37.4357
2019-06-02 14-13-52,432,21.3318,37.4197
2019-06-02 14-13-54,432,21.3287,37.3636
2019-06-02 14-13-56,432,21.3638,37.3796
2019-06-02 14-13-58,432,21.3455,37.3503
2019-06-02 14-14-00,432,21.4142,37.3369
2019-06-02 14-14-02,432,21.3959,37.3075
2019-06-02 14-14-06,432,21.4142,37.3236
2019-06-02 14-14-08,432,21.3959,37.3236
2019-06-02 14-14-10,431,21.4325,37.3369
2019-06-02 14-14-12,431,21.3959,37.3075
2019-06-02 14-14-14,431,21.4294,37.3236
2019-06-02 14-14-16,430,21.4142,37.3236
2019-06-02 14-14-18,430,21.3425,37.3075
2019-06-02 14-14-20,430,21.3593,37.2942
2019-06-02 14-14-24,430,21.3776,37.2942
2019-06-02 14-14-26,430,21.4508,37.3075
2019-06-02 14-14-28,430,21.3928,37.2808
2019-06-02 14-14-30,430,21.4279,37.2648
2019-06-02 14-14-32,431,21.4233,37.2248
2019-06-02 14-14-34,431,21.4615,37.2087
2019-06-02 14-14-36,431,21.5073,37.1393
2019-06-02 14-14-40,431,21.5561,37.0699
2019-06-02 14-14-42,431,21.5744,37.0699
2019-06-02 14-14-44,431,21.608,37.0245
2019-06-02 14-14-46,431,21.5881,36.9818
2019-06-02 14-14-48,431,21.6568,36.9551
2019-06-02 14-14-50,431,21.7621,36.9257
2019-06-02 14-14-52,431,21.8094,36.8429
2019-06-02 14-14-54,431,21.7911,36.8429
2019-06-02 14-14-58,431,21.9131,36.7708
2019-06-02 14-15-00,431,21.9604,36.7308
2019-06-02 14-15-02,430,22.0108,36.688
2019-06-02 14-15-04,430,22.0108,36.6747
2019-06-02 14-15-06,430,22.1512,36.6453
2019-06-02 14-15-08,430,22.1329,36.632
2019-06-02 14-15-10,429,22.2031,36.6186
2019-06-02 14-15-12,428,22.2198,36.5732
2019-06-02 14-15-16,428,22.1466,36.5599
2019-06-02 14-15-18,428,22.1649,36.5866
2019-06-02 14-15-20,427,22.1832,36.5599
2019-06-02 14-15-22,427,22.2336,36.5305
2019-06-02 14-15-24,428,22.2519,36.5305
2019-06-02 14-15-26,427,22.2488,36.5011
2019-06-02 14-15-28,427,22.2809,36.4744
2019-06-02 14-15-32,426,22.2992,36.4878
2019-06-02 14-15-34,426,22.2473,36.4878
2019-06-02 14-15-36,426,22.2992,36.4878
2019-06-02 14-15-38,426,22.3358,36.4611
2019-06-02 14-15-40,426,22.3358,36.4611
2019-06-02 14-15-42,426,22.3862,36.4317
2019-06-02 14-15-44,426,22.3862,36.445
2019-06-02 14-15-46,425,22.3343,36.4317
2019-06-02 14-15-50,425,22.3175,36.4317
2019-06-02 14-15-52,424,22.3343,36.4183
2019-06-02 14-15-54,424,22.3679,36.4317
2019-06-02 14-15-56,424,22.3175,36.4611
2019-06-02 14-15-58,424,22.3892,36.4611
2019-06-02 14-16-00,424,22.3389,36.4878
2019-06-02 14-16-02,423,22.3541,36.4878
2019-06-02 14-16-04,423,22.3022,36.5171
2019-06-02 14-16-08,424,22.2672,36.5171
2019-06-02 14-16-10,423,22.3404,36.5305
2019-06-02 14-16-12,424,22.2885,36.5599
2019-06-02 14-16-14,424,22.2855,36.5305
2019-06-02 14-16-16,424,22.2336,36.5305
2019-06-02 14-16-18,424,22.3068,36.5732
2019-06-02 14-16-20,424,22.2168,36.5438
2019-06-02 14-16-24,424,22.2198,36.5732
2019-06-02 14-16-26,425,22.3038,36.5599
2019-06-02 14-16-28,425,22.3068,36.5732
2019-06-02 14-16-30,425,22.2702,36.5599
2019-06-02 14-16-32,425,22.2534,36.5599
2019-06-02 14-16-34,425,22.2534,36.5599
2019-06-02 14-16-36,425,22.2885,36.5732
2019-06-02 14-16-38,425,22.2717,36.6026
2019-06-02 14-16-42,425,22.2061,36.632
2019-06-02 14-16-44,426,22.171,36.688
2019-06-02 14-16-46,426,22.1207,36.7147
2019-06-02 14-16-48,427,22.052,36.7441
2019-06-02 14-16-50,427,22.0367,36.7708
2019-06-02 14-16-52,428,22.0383,36.8002
2019-06-02 14-16-54,428,21.9498,36.8002
2019-06-02 14-16-56,428,21.9681,36.8269
2019-06-02 14-17-00,428,21.9193,36.883
2019-06-02 14-17-02,429,21.9177,36.8563
2019-06-02 14-17-04,429,21.8826,36.8696
2019-06-02 14-17-06,429,21.7987,36.9257
2019-06-02 14-17-08,429,21.7987,36.939
2019-06-02 14-17-10,429,21.8185,36.9818
2019-06-02 14-17-12,430,21.7667,36.9978
2019-06-02 14-17-16,430,21.7682,37.0111
2019-06-02 14-17-18,431,21.7529,37.0378
2019-06-02 14-17-20,432,21.6766,36.9818
2019-06-02 14-17-22,433,21.7667,36.9978
2019-06-02 14-17-24,434,21.7499,36.9978
2019-06-02 14-17-26,435,21.7621,36.9123
2019-06-02 14-17-28,436,21.7941,36.883
2019-06-02 14-17-30,438,21.8597,36.8135
2019-06-02 14-17-34,439,21.9971,36.7441
2019-06-02 14-17-36,440,22.0505,36.7014
2019-06-02 14-17-38,440,22.0459,36.6453
2019-06-02 14-17-40,441,22.1481,36.6026
2019-06-02 14-17-42,441,22.1649,36.5732
2019-06-02 14-17-44,441,22.1802,36.5305
2019-06-02 14-17-46,440,22.2839,36.4878
2019-06-02 14-17-48,439,22.2809,36.4611
2019-06-02 14-17-52,437,22.3862,36.4317
2019-06-02 14-17-54,437,22.403,36.4183
2019-06-02 14-17-56,436,22.4182,36.3756
2019-06-02 14-17-58,435,22.4213,36.405
2019-06-02 14-18-00,434,22.4731,36.3756
2019-06-02 14-18-02,433,22.435,36.3623
2019-06-02 14-18-04,432,22.4716,36.3623
2019-06-02 14-18-08,430,22.5052,36.3489
2019-06-02 14-18-10,428,22.5555,36.3195
2019-06-02 14-18-12,429,22.522,36.3062
2019-06-02 14-18-14,429,22.5555,36.3195
2019-06-02 14-18-16,427,22.554,36.2768
2019-06-02 14-18-18,425,22.6059,36.2928
2019-06-02 14-18-20,422,22.554,36.2635
2019-06-02 14-18-22,422,22.6227,36.2367
2019-06-02 14-18-26,422,22.6379,36.194
2019-06-02 14-18-28,425,22.6517,36.1513
2019-06-02 14-18-30,427,22.6868,36.1379
2019-06-02 14-18-32,427,22.7188,36.1059
2019-06-02 14-18-34,427,22.8241,36.0792
2019-06-02 14-18-36,426,22.789,36.0632
2019-06-02 14-18-38,427,22.8928,36.0365
2019-06-02 14-18-42,426,22.8027,36.0231
2019-06-02 14-18-44,425,22.8348,35.9804
2019-06-02 14-18-46,425,22.8897,36.0071
2019-06-02 14-18-48,425,22.8699,35.967
2019-06-02 14-18-50,426,22.8836,35.9243
2019-06-02 14-18-53,427,22.9385,35.8949
2019-06-02 14-18-55,426,22.9706,35.8816
2019-06-02 14-18-57,426,22.9721,35.8949
2019-06-02 14-19-01,426,22.9889,35.8682
2019-06-02 14-19-03,426,23.0042,35.8549
2019-06-02 14-19-05,426,22.9523,35.8549
2019-06-02 14-19-07,426,22.966,35.8122
2019-06-02 14-19-09,426,22.9843,35.8122
2019-06-02 14-19-11,425,22.9996,35.8122
2019-06-02 14-19-13,424,23.0545,35.7828
2019-06-02 14-19-17,425,23.0164,35.7694
2019-06-02 14-19-19,425,23.053,35.7694
2019-06-02 14-19-21,424,23.0713,35.7694
2019-06-02 14-19-23,424,23.1735,35.7694
2019-06-02 14-19-25,423,23.1232,35.7828
2019-06-02 14-19-27,424,23.1415,35.7828
2019-06-02 14-19-29,423,23.1583,35.7561
2019-06-02 14-19-31,423,23.1232,35.7694
2019-06-02 14-19-35,422,23.1262,35.7961
2019-06-02 14-19-37,422,23.1415,35.7961
2019-06-02 14-19-39,422,23.1079,35.8122
2019-06-02 14-19-41,422,23.0713,35.7828
2019-06-02 14-19-43,421,23.0911,35.8122
2019-06-02 14-19-45,420,22.9858,35.8389
2019-06-02 14-19-47,420,22.9523,35.8549
2019-06-02 14-19-49,420,22.9858,35.8549
2019-06-02 14-19-53,421,22.9904,35.911
2019-06-02 14-19-55,421,22.9904,35.9243
2019-06-02 14-19-57,421,22.9935,35.951
2019-06-02 14-19-59,421,22.8699,35.967
2019-06-02 14-20-01,421,22.9248,35.967
2019-06-02 14-20-03,422,22.9568,35.9243
2019-06-02 14-20-05,422,22.9401,35.9377
2019-06-02 14-20-07,423,22.9401,35.9377
2019-06-02 14-20-11,424,22.9202,35.8949
2019-06-02 14-20-13,425,22.9034,35.911
2019-06-02 14-20-15,425,22.8836,35.9243
2019-06-02 14-20-17,425,22.8485,35.9377
2019-06-02 14-20-19,425,22.8333,35.9377
2019-06-02 14-20-21,426,22.9034,35.9243
2019-06-02 14-20-23,426,22.9065,35.9377
2019-06-02 14-20-27,425,22.8165,35.951
2019-06-02 14-20-29,425,22.8348,35.967
2019-06-02 14-20-31,425,22.8027,36.0071
2019-06-02 14-20-33,425,22.7692,36.0231
2019-06-02 14-20-35,425,22.6791,36.0498
2019-06-02 14-20-37,425,22.6822,36.0632
2019-06-02 14-20-39,425,22.6639,36.0632
2019-06-02 14-20-41,425,22.7005,36.0792
2019-06-02 14-20-45,426,22.6822,36.0632
2019-06-02 14-20-47,426,22.6654,36.0792
2019-06-02 14-20-49,427,22.7325,36.0498
2019-06-02 14-20-51,427,22.7142,36.0365
2019-06-02 14-20-53,428,22.6822,36.0792
2019-06-02 14-20-55,428,22.6791,36.0498
2019-06-02 14-20-57,428,22.7325,36.0365
2019-06-02 14-20-59,428,22.7692,36.0231
2019-06-02 14-21-03,429,22.6791,36.0365
2019-06-02 14-21-05,429,22.7112,36.0071
2019-06-02 14-21-07,429,22.7142,36.0365
2019-06-02 14-21-09,429,22.7478,36.0231
2019-06-02 14-21-11,429,22.7509,36.0498
2019-06-02 14-21-13,429,22.7142,36.0231
2019-06-02 14-21-15,428,22.6791,36.0498
2019-06-02 14-21-19,428,22.7158,36.0632
2019-06-02 14-21-21,429,22.6974,36.0498
2019-06-02 14-21-23,429,22.6974,36.0498
2019-06-02 14-21-25,429,22.7158,36.0498
2019-06-02 14-21-27,430,22.7188,36.0792
2019-06-02 14-21-29,430,22.6822,36.0632
2019-06-02 14-21-31,429,22.6791,36.0498
2019-06-02 14-21-33,429,22.6822,36.0632
2019-06-02 14-21-37,429,22.6471,36.0792
2019-06-02 14-21-39,430,22.6654,36.0792
2019-06-02 14-21-41,430,22.6151,36.1192
2019-06-02 14-21-43,430,22.6151,36.1192
2019-06-02 14-21-45,430,22.6868,36.1513
2019-06-02 14-21-47,430,22.6517,36.1513
2019-06-02 14-21-49,429,22.5784,36.1513
2019-06-02 14-21-51,430,22.5784,36.1192
2019-06-02 14-21-55,430,22.6151,36.1059
2019-06-02 14-21-57,430,22.5952,36.1059
2019-06-02 14-21-59,430,22.6181,36.1379
2019-06-02 14-22-01,430,22.5449,36.1513
2019-06-02 14-22-03,430,22.5449,36.1513
2019-06-02 14-22-05,430,22.5464,36.178
2019-06-02 14-22-07,430,22.5128,36.194
2019-06-02 14-22-11,430,22.5128,36.194
2019-06-02 14-22-13,430,22.4777,36.194
2019-06-02 14-22-15,430,22.554,36.2635
2019-06-02 14-22-17,430,22.464,36.2635
2019-06-02 14-22-19,430,22.4136,36.3329
2019-06-02 14-22-21,430,22.3816,36.3756
2019-06-02 14-22-23,430,22.316,36.4183
2019-06-02 14-22-25,430,22.2305,36.4744
2019-06-02 14-22-29,431,22.2473,36.4878
2019-06-02 14-22-31,430,22.2153,36.5011
2019-06-02 14-22-33,431,22.1802,36.5171
2019-06-02 14-22-35,431,22.1436,36.5305
2019-06-02 14-22-37,431,22.1832,36.5438
2019-06-02 14-22-39,431,22.1466,36.5732
2019-06-02 14-22-41,432,22.1481,36.6026
2019-06-02 14-22-43,433,22.1146,36.6186
2019-06-02 14-22-47,433,22.1329,36.632
2019-06-02 14-22-49,434,22.1161,36.6453
2019-06-02 14-22-51,434,22.0825,36.6453
2019-06-02 14-22-53,435,22.0642,36.6587
2019-06-02 14-22-55,435,22.0108,36.7014
2019-06-02 14-22-57,436,21.9421,36.7147
2019-06-02 14-22-59,435,21.8765,36.7441
2019-06-02 14-23-03,435,21.8582,36.7868
2019-06-02 14-23-05,435,21.8079,36.8135
2019-06-02 14-23-07,435,21.8079,36.8002
2019-06-02 14-23-09,436,21.7575,36.8429
2019-06-02 14-23-11,437,21.7361,36.8002
2019-06-02 14-23-13,437,21.7209,36.8563
2019-06-02 14-23-15,437,21.7026,36.8563
2019-06-02 14-23-17,437,21.6843,36.8269
2019-06-02 14-23-21,438,21.7392,36.8269
2019-06-02 14-23-23,438,21.6812,36.8135
2019-06-02 14-23-25,438,21.7545,36.8002
2019-06-02 14-23-27,439,21.7346,36.7575
2019-06-02 14-23-29,440,21.7667,36.7147
2019-06-02 14-23-31,441,21.814,36.6587
2019-06-02 14-23-33,441,21.8674,36.6026
2019-06-02 14-23-35,442,21.8781,36.5305
2019-06-02 14-23-39,442,22.0001,36.5011
2019-06-02 14-23-41,442,22.0154,36.4611
2019-06-02 14-23-43,442,22.1191,36.405
2019-06-02 14-23-45,442,22.1344,36.389
2019-06-02 14-23-47,442,22.2214,36.3489
2019-06-02 14-23-49,442,22.2885,36.3062
2019-06-02 14-23-51,441,22.2519,36.2768
2019-06-02 14-23-55,440,22.3755,36.2501
2019-06-02 14-23-57,439,22.3572,36.2367
2019-06-02 14-23-59,438,22.3724,36.2207
2019-06-02 14-24-01,438,22.4625,36.2207
2019-06-02 14-24-03,438,22.5143,36.2074
2019-06-02 14-24-05,437,22.5098,36.1646
2019-06-02 14-24-07,436,22.5601,36.1379
2019-06-02 14-24-09,436,22.5784,36.1379
2019-06-02 14-24-13,436,22.5418,36.1192
2019-06-02 14-24-15,436,22.5235,36.1059
2019-06-02 14-24-17,435,22.5601,36.1059
2019-06-02 14-24-19,434,22.6151,36.1192
2019-06-02 14-24-21,435,22.5555,36.0632
2019-06-02 14-24-23,435,22.5739,36.0498
2019-06-02 14-24-25,434,22.6089,36.0231
2019-06-02 14-24-27,434,22.6089,36.0071
2019-06-02 14-24-31,435,22.7295,35.9937
2019-06-02 14-24-33,435,22.7295,36.0071
2019-06-02 14-24-36,435,22.6776,36.0071
2019-06-02 14-24-38,435,22.6608,36.0365
2019-06-02 14-24-40,434,22.7158,36.0498
2019-06-02 14-24-42,434,22.6608,36.0365
2019-06-02 14-24-44,433,22.6776,36.0071
2019-06-02 14-24-48,433,22.7112,36.0071
2019-06-02 14-24-50,433,22.6776,35.9937
2019-06-02 14-24-52,433,22.6974,36.0365
2019-06-02 14-24-54,432,22.7188,36.0792
2019-06-02 14-24-56,432,22.6685,36.1059
2019-06-02 14-24-58,432,22.6837,36.1192
2019-06-02 14-25-00,433,22.6501,36.1059
2019-06-02 14-25-02,432,22.5464,36.1646
2019-06-02 14-25-06,432,22.5967,36.1646
2019-06-02 14-25-08,432,22.5464,36.178
2019-06-02 14-25-10,432,22.496,36.194
2019-06-02 14-25-12,432,22.5143,36.2074
2019-06-02 14-25-14,433,22.4777,36.194
2019-06-02 14-25-16,433,22.4228,36.194
2019-06-02 14-25-18,433,22.3358,36.194
2019-06-02 14-25-22,433,22.2656,36.2207
2019-06-02 14-25-24,433,22.2473,36.194
2019-06-02 14-25-26,433,22.3709,36.178
2019-06-02 14-25-28,434,22.3892,36.194
2019-06-02 14-25-30,434,22.3679,36.1646
2019-06-02 14-25-32,434,22.403,36.1646
2019-06-02 14-25-34,434,22.3846,36.1513
2019-06-02 14-25-36,435,22.4365,36.1513
2019-06-02 14-25-40,435,22.3709,36.178
2019-06-02 14-25-42,435,22.4777,36.194
2019-06-02 14-25-44,435,22.4777,36.178
2019-06-02 14-25-46,435,22.4396,36.1646
2019-06-02 14-25-48,435,22.4777,36.178
2019-06-02 14-25-50,435,22.5128,36.178
2019-06-02 14-25-52,435,22.4777,36.178
2019-06-02 14-25-54,436,22.4945,36.1646
2019-06-02 14-25-58,436,22.4945,36.1646
2019-06-02 14-26-00,436,22.5464,36.1646
2019-06-02 14-26-02,436,22.5464,36.178
2019-06-02 14-26-04,437,22.5281,36.1646
2019-06-02 14-26-06,437,22.5449,36.1513
2019-06-02 14-26-08,437,22.5632,36.1513
2019-06-02 14-26-10,437,22.5601,36.1192
2019-06-02 14-26-12,437,22.5952,36.1192
2019-06-02 14-26-16,437,22.5769,36.1059
2019-06-02 14-26-18,437,22.5235,36.1059
2019-06-02 14-26-20,437,22.5769,36.0925
2019-06-02 14-26-22,437,22.5739,36.0792
2019-06-02 14-26-24,437,22.5922,36.0632
2019-06-02 14-26-26,437,22.6608,36.0365
2019-06-02 14-26-28,437,22.6105,36.0365
2019-06-02 14-26-32,437,22.6608,36.0231
2019-06-02 14-26-34,437,22.6242,36.0071
2019-06-02 14-26-36,438,22.6242,35.9937
2019-06-02 14-26-38,438,22.673,35.9377
2019-06-02 14-26-40,439,22.7066,35.9377
2019-06-02 14-26-42,439,22.7234,35.911
2019-06-02 14-26-44,440,22.7203,35.8816
2019-06-02 14-26-46,440,22.7371,35.8389
2019-06-02 14-26-50,441,22.7371,35.8389
2019-06-02 14-26-52,441,22.6822,35.7961
2019-06-02 14-26-54,441,22.8058,35.7961
2019-06-02 14-26-56,441,22.7692,35.7828
2019-06-02 14-26-58,440,22.8027,35.7694
2019-06-02 14-27-00,440,22.7661,35.7267
2019-06-02 14-27-02,440,22.7798,35.6813
2019-06-02 14-27-06,440,22.7966,35.668
2019-06-02 14-27-08,440,22.8485,35.668
2019-06-02 14-27-10,440,22.8668,35.668
2019-06-02 14-27-12,440,22.8882,35.668
2019-06-02 14-27-14,440,22.9034,35.6546
2019-06-02 14-27-16,440,22.9019,35.6413
2019-06-02 14-27-18,440,22.9568,35.6546
2019-06-02 14-27-20,440,22.9721,35.6413
2019-06-02 14-27-24,440,22.9523,35.6119
2019-06-02 14-27-26,439,22.9172,35.6119
2019-06-02 14-27-28,439,22.9523,35.5852
2019-06-02 14-27-30,439,23.0209,35.5852
2019-06-02 14-27-32,439,23.0179,35.5558
2019-06-02 14-27-34,439,23.0179,35.5425
2019-06-02 14-27-36,439,23.1079,35.5425
2019-06-02 14-27-38,440,23.1079,35.5291
2019-06-02 14-27-42,440,23.0545,35.5291
2019-06-02 14-27-44,440,22.9263,35.4864
2019-06-02 14-27-46,440,23.0316,35.457
2019-06-02 14-27-48,440,23.1033,35.4864
2019-06-02 14-27-50,440,23.1216,35.4997
2019-06-02 14-27-52,440,23.1369,35.473
2019-06-02 14-27-54,439,23.2101,35.4864
2019-06-02 14-27-58,439,23.0133,35.4997
2019-06-02 14-28-00,439,22.821,35.5131
2019-06-02 14-28-02,439,22.6791,35.5131
2019-06-02 14-28-04,439,22.7158,35.5291
2019-06-02 14-28-06,439,22.7371,35.5291
2019-06-02 14-28-08,439,22.7341,35.5131
2019-06-02 14-28-10,438,22.6791,35.5131
2019-06-02 14-28-12,438,22.5769,35.5425
2019-06-02 14-28-16,438,22.4182,35.5425
2019-06-02 14-28-18,438,22.3801,35.5291
2019-06-02 14-28-20,438,22.3801,35.5558
2019-06-02 14-28-22,439,22.5052,35.5558
2019-06-02 14-28-24,439,22.6105,35.5291
2019-06-02 14-28-26,439,22.7158,35.5425
2019-06-02 14-28-28,439,22.8195,35.4864
2019-06-02 14-28-30,439,22.8394,35.5131
2019-06-02 14-28-34,439,22.8394,35.5291
2019-06-02 14-28-36,439,22.8195,35.4864
2019-06-02 14-28-38,439,22.8165,35.457
2019-06-02 14-28-40,440,22.8348,35.4437
2019-06-02 14-28-42,440,22.6929,35.457
2019-06-02 14-28-44,441,22.467,35.4864
2019-06-02 14-28-46,441,22.3251,35.4997
2019-06-02 14-28-50,440,22.0932,35.4997
2019-06-02 14-28-52,440,22.0093,35.5291
2019-06-02 14-28-54,440,22.0276,35.5558
2019-06-02 14-28-56,440,22.0978,35.5852
2019-06-02 14-28-58,440,22.2626,35.5985
2019-06-02 14-29-00,440,22.2626,35.5985
2019-06-02 14-29-02,440,22.2427,35.6252
2019-06-02 14-29-04,439,22.1924,35.6413
2019-06-02 14-29-08,439,22.2672,35.7
2019-06-02 14-29-10,438,22.1985,35.7561
2019-06-02 14-29-12,439,22.1832,35.7694
2019-06-02 14-29-14,439,22.0795,35.8389
2019-06-02 14-29-16,440,22.0108,35.8549
2019-06-02 14-29-18,440,22.0322,35.8816
2019-06-02 14-29-20,441,21.9955,35.8682
2019-06-02 14-29-24,441,21.9772,35.8549
2019-06-02 14-29-26,442,21.9971,35.911
2019-06-02 14-29-28,443,21.9635,35.967
2019-06-02 14-29-30,443,21.9879,36.0231
2019-06-02 14-29-32,443,21.9009,36.0792
2019-06-02 14-29-34,443,21.814,36.1192
2019-06-02 14-29-36,444,21.727,36.1192
2019-06-02 14-29-38,444,21.6721,36.1379
2019-06-02 14-29-42,444,21.7117,36.1379
2019-06-02 14-29-44,444,21.727,36.1192
2019-06-02 14-29-46,444,21.7804,36.1379
2019-06-02 14-29-48,444,21.7453,36.1192
2019-06-02 14-29-50,445,21.7407,36.0792
2019-06-02 14-29-52,445,21.7224,36.0498
2019-06-02 14-29-54,446,21.5973,36.0365
2019-06-02 14-29-56,445,21.6385,36.1192
2019-06-02 14-30-00,445,21.5347,36.1646
2019-06-02 14-30-02,444,21.5012,36.2074
2019-06-02 14-30-04,444,21.3425,36.2501
2019-06-02 14-30-06,444,21.3608,36.2367
2019-06-02 14-30-08,444,21.2051,36.3062
2019-06-02 14-30-10,444,21.1395,36.3489
2019-06-02 14-30-12,444,21.1411,36.405
2019-06-02 14-30-17,443,21.109,36.445
2019-06-02 14-30-19,443,21.0175,36.4317
2019-06-02 14-30-21,444,21.0022,36.4317
2019-06-02 14-30-23,444,20.9488,36.4183
2019-06-02 14-30-25,444,20.842,36.4317
2019-06-02 14-30-27,445,20.8237,36.4183
2019-06-02 14-30-29,446,20.787,36.389
2019-06-02 14-30-31,446,20.697,36.389
2019-06-02 14-30-35,446,20.6635,36.4183
2019-06-02 14-30-37,445,20.7001,36.445
2019-06-02 14-30-39,445,20.6467,36.4183
2019-06-02 14-30-41,444,20.6421,36.3756
2019-06-02 14-30-43,445,20.697,36.389
2019-06-02 14-30-45,445,20.6421,36.3623
2019-06-02 14-30-47,444,20.5917,36.4183
2019-06-02 14-30-49,444,20.5734,36.4317
2019-06-02 14-30-53,443,20.6055,36.389
2019-06-02 14-30-55,444,20.5872,36.3489
2019-06-02 14-30-57,444,20.6589,36.3329
2019-06-02 14-30-59,445,20.6558,36.3062
2019-06-02 14-31-01,444,20.7092,36.2928
2019-06-02 14-31-03,444,20.7413,36.2768
2019-06-02 14-31-05,444,20.7611,36.2501
2019-06-02 14-31-09,444,20.7367,36.194
2019-06-02 14-31-11,443,20.8069,36.1646
2019-06-02 14-31-13,443,20.8389,36.1192
2019-06-02 14-31-15,443,20.9106,36.0792
2019-06-02 14-31-17,443,20.9427,36.0498
2019-06-02 14-31-19,443,20.9244,36.0231
2019-06-02 14-31-21,443,20.9564,35.9937
2019-06-02 14-31-23,443,21.0434,35.9804
2019-06-02 14-31-27,442,21.0251,35.967
2019-06-02 14-31-29,442,21.0388,35.9377
2019-06-02 14-31-31,441,21.1136,35.951
2019-06-02 14-31-33,442,21.1456,35.9243
2019-06-02 14-31-35,442,21.1441,35.8949
2019-06-02 14-31-37,441,21.2128,35.8389
2019-06-02 14-31-39,441,21.3333,35.8122
2019-06-02 14-31-43,441,21.4233,35.8122
2019-06-02 14-31-45,440,21.5302,35.7961
2019-06-02 14-31-47,440,21.7041,35.7828
2019-06-02 14-31-49,440,21.7545,35.7401
2019-06-02 14-31-51,440,21.6858,35.7561
2019-06-02 14-31-53,439,21.6843,35.7267
2019-06-02 14-31-55,440,21.666,35.7134
2019-06-02 14-31-57,439,21.6995,35.7
2019-06-02 14-32-01,439,21.4325,35.668
2019-06-02 14-32-03,439,21.3425,35.6546
2019-06-02 14-32-05,439,21.3409,35.6119
2019-06-02 14-32-07,439,21.4096,35.6119
2019-06-02 14-32-09,439,21.4798,35.6119
2019-06-02 14-32-11,439,21.6217,35.5985
2019-06-02 14-32-13,439,21.7453,35.5985
2019-06-02 14-32-15,439,21.7987,35.5692
2019-06-02 14-32-19,438,21.7773,35.5692
2019-06-02 14-32-21,438,21.727,35.5692
2019-06-02 14-32-23,437,21.7117,35.6119
2019-06-02 14-32-25,437,21.7621,35.5692
2019-06-02 14-32-27,437,21.8506,35.5558
2019-06-02 14-32-29,437,21.9727,35.5291
2019-06-02 14-32-31,437,22.0093,35.5425
2019-06-02 14-32-35,437,21.8643,35.4997
2019-06-02 14-32-37,437,21.8781,35.457
2019-06-02 14-32-39,437,21.8781,35.457
2019-06-02 14-32-41,437,21.9681,35.4303
2019-06-02 14-32-43,437,22.0184,35.4143
2019-06-02 14-32-45,437,22.0016,35.4303
2019-06-02 14-32-47,437,21.9833,35.4303
2019-06-02 14-32-49,437,21.9101,35.4143
2019-06-02 14-32-53,436,21.965,35.4009
2019-06-02 14-32-55,437,21.8918,35.4009
2019-06-02 14-32-57,437,21.9269,35.4009
2019-06-02 14-32-59,437,21.965,35.4009
2019-06-02 14-33-01,438,21.9467,35.3876
2019-06-02 14-33-03,437,21.9269,35.3876
2019-06-02 14-33-05,437,21.8399,35.3876
2019-06-02 14-33-09,437,21.965,35.4143
2019-06-02 14-33-11,437,21.8735,35.3742
2019-06-02 14-33-13,436,21.8231,35.4143
2019-06-02 14-33-15,436,21.7133,35.3876
2019-06-02 14-33-17,436,21.3272,35.3876
2019-06-02 14-33-19,435,21.3242,35.3582
2019-06-02 14-33-21,435,21.3409,35.3582
2019-06-02 14-33-23,436,21.553,35.3582
2019-06-02 14-33-27,436,21.64,35.3315
2019-06-02 14-33-29,436,21.6797,35.3742
2019-06-02 14-33-31,435,21.6248,35.3876
2019-06-02 14-33-33,434,21.3959,35.3876
2019-06-02 14-33-35,435,21.521,35.3876
2019-06-02 14-33-37,436,21.5378,35.3876
2019-06-02 14-33-39,436,21.6034,35.3449
2019-06-02 14-33-41,437,21.64,35.3021
2019-06-02 14-33-45,438,21.5668,35.2888
2019-06-02 14-33-47,438,21.5302,35.2888
2019-06-02 14-33-49,437,21.4432,35.3182
2019-06-02 14-33-51,437,21.3928,35.3449
2019-06-02 14-33-53,436,21.4294,35.3742
2019-06-02 14-33-55,436,21.5347,35.3449
2019-06-02 14-33-57,435,21.5347,35.3315
2019-06-02 14-34-01,435,21.4981,35.3315
2019-06-02 14-34-03,436,21.5195,35.3582
2019-06-02 14-34-05,435,21.553,35.3449
2019-06-02 14-34-07,435,21.5347,35.3582
2019-06-02 14-34-09,436,21.6217,35.3449
2019-06-02 14-34-11,436,21.5515,35.3315
2019-06-02 14-34-13,436,21.3547,35.3021
2019-06-02 14-34-15,436,21.3043,35.3449
2019-06-02 14-34-19,435,21.1456,35.3876
2019-06-02 14-34-21,434,21.1273,35.3582
2019-06-02 14-34-23,433,21.0068,35.4143
2019-06-02 14-34-25,431,20.993,35.4864
2019-06-02 14-34-27,431,20.9259,35.5291
2019-06-02 14-34-29,431,20.8939,35.5558
2019-06-02 14-34-31,432,20.7886,35.5852
2019-06-02 14-34-33,434,20.7367,35.5985
2019-06-02 14-34-37,435,20.7336,35.5692
2019-06-02 14-34-39,436,20.6818,35.5852
2019-06-02 14-34-41,435,20.7199,35.5985
2019-06-02 14-34-43,435,20.8572,35.5852
2019-06-02 14-34-45,434,20.8603,35.6119
2019-06-02 14-34-47,435,20.8801,35.6119
2019-06-02 14-34-49,435,20.8252,35.6252
2019-06-02 14-34-53,436,20.723,35.6413
2019-06-02 14-34-55,435,20.7382,35.6252
2019-06-02 14-34-57,436,20.7748,35.6546
2019-06-02 14-34-59,436,20.8435,35.6252
2019-06-02 14-35-01,436,20.8618,35.6546
2019-06-02 14-35-03,436,20.9167,35.6413
2019-06-02 14-35-05,436,20.8969,35.6119
2019-06-02 14-35-07,437,20.9808,35.5692
2019-06-02 14-35-11,437,20.9625,35.5692
2019-06-02 14-35-13,436,20.9305,35.5852
2019-06-02 14-35-15,437,21.1044,35.5692
2019-06-02 14-35-17,437,21.196,35.5692
2019-06-02 14-35-19,436,21.283,35.5852
2019-06-02 14-35-21,436,21.3196,35.5985
2019-06-02 14-35-23,436,21.286,35.6119
2019-06-02 14-35-27,436,21.3043,35.6252
2019-06-02 14-35-29,436,21.2357,35.6413
2019-06-02 14-35-31,435,21.1502,35.7134
2019-06-02 14-35-33,435,20.961,35.7961
2019-06-02 14-35-35,434,20.929,35.8389
2019-06-02 14-35-37,434,20.8572,35.8549
2019-06-02 14-35-39,434,20.874,35.8255
2019-06-02 14-35-41,435,20.8054,35.8549
2019-06-02 14-35-45,435,20.6635,35.8682
2019-06-02 14-35-47,435,20.4681,35.8549
2019-06-02 14-35-49,435,20.1981,35.8122
2019-06-02 14-35-51,435,20.1645,35.8122
2019-06-02 14-35-54,436,20.1797,35.7828
2019-06-02 14-35-56,437,20.1965,35.7561
2019-06-02 14-35-58,437,20.1782,35.7694
2019-06-02 14-36-00,437,20.1431,35.7694
2019-06-02 14-36-04,436,20.2484,35.7694
2019-06-02 14-36-06,436,20.1797,35.7961
2019-06-02 14-36-08,437,20.34,35.8122
2019-06-02 14-36-10,437,20.6268,35.8122
2019-06-02 14-36-12,438,20.9076,35.7961
2019-06-02 14-36-14,438,20.9763,35.7828
2019-06-02 14-36-16,438,20.9946,35.7694
2019-06-02 14-36-20,438,21.0846,35.7694
2019-06-02 14-36-22,437,21.0632,35.7134
2019-06-02 14-36-24,438,21.08,35.7134
2019-06-02 14-36-26,438,21.0953,35.668
2019-06-02 14-36-28,438,21.1853,35.668
2019-06-02 14-36-30,438,21.2006,35.6546
2019-06-02 14-36-32,437,21.3058,35.6546
2019-06-02 14-36-34,437,21.4279,35.6119
2019-06-02 14-36-38,437,21.254,35.6546
2019-06-02 14-36-40,437,21.0938,35.6413
2019-06-02 14-36-42,436,20.7748,35.668
2019-06-02 14-36-44,436,20.6039,35.7267
2019-06-02 14-36-46,435,20.43,35.7828
2019-06-02 14-36-48,434,20.3934,35.7961
2019-06-02 14-36-50,434,20.3766,35.8122
2019-06-02 14-36-52,434,20.4849,35.8389
2019-06-02 14-36-56,434,20.4315,35.8389
2019-06-02 14-36-58,435,20.5551,35.8549
2019-06-02 14-37-00,435,20.61,35.8682
2019-06-02 14-37-02,435,20.5551,35.8389
2019-06-02 14-37-04,435,20.5734,35.8549
2019-06-02 14-37-06,435,20.4315,35.8255
2019-06-02 14-37-08,435,20.3613,35.8549
2019-06-02 14-37-10,436,20.2896,35.8389
2019-06-02 14-37-14,436,20.311,35.8682
2019-06-02 14-37-16,437,20.3262,35.8682
2019-06-02 14-37-18,437,20.2972,35.9243
2019-06-02 14-37-20,438,20.4163,35.911
2019-06-02 14-37-22,438,20.4391,35.9243
2019-06-02 14-37-24,438,20.4529,35.8816
2019-06-02 14-37-26,438,20.3125,35.9243
2019-06-02 14-37-30,438,20.2789,35.911
2019-06-02 14-37-32,438,20.1553,35.9243
2019-06-02 14-37-34,438,20.137,35.9377
2019-06-02 14-37-36,438,20.1752,35.9804
2019-06-02 14-37-38,438,20.1599,36.0071
2019-06-02 14-37-40,437,20.1797,36.0498
2019-06-02 14-37-42,437,20.1324,36.1379
2019-06-02 14-37-44,436,20.134,36.1646
2019-06-02 14-37-48,436,20.1004,36.2207
2019-06-02 14-37-50,436,19.8761,36.2928
2019-06-02 14-37-52,436,19.8441,36.3623
2019-06-02 14-37-54,436,20.0043,36.3623
2019-06-02 14-37-56,437,20.0043,36.3756
2019-06-02 14-37-58,438,20.1279,36.389
2019-06-02 14-38-00,438,20.0241,36.4183
2019-06-02 14-38-02,438,19.9326,36.405
2019-06-02 14-38-06,439,20.0104,36.4611
2019-06-02 14-38-08,440,20.0455,36.4744
2019-06-02 14-38-10,441,19.7983,36.5171
2019-06-02 14-38-12,441,19.603,36.5171
2019-06-02 14-38-14,442,19.4641,36.5599
2019-06-02 14-38-16,442,19.3054,36.5866
2019-06-02 14-38-18,442,19.2902,36.5866
2019-06-02 14-38-22,442,19.1986,36.5866
2019-06-02 14-38-24,443,19.1635,36.5732
2019-06-02 14-38-26,443,19.2123,36.5305
2019-06-02 14-38-28,443,19.2642,36.4878
2019-06-02 14-38-30,443,19.3329,36.4611
2019-06-02 14-38-32,444,19.4565,36.4317
2019-06-02 14-38-34,444,19.5053,36.3623
2019-06-02 14-38-36,445,19.6426,36.3062
2019-06-02 14-38-40,444,19.7845,36.2768
2019-06-02 14-38-42,445,19.8166,36.2207
2019-06-02 14-38-44,445,19.8868,36.194
2019-06-02 14-38-46,445,19.9905,36.1513
2019-06-02 14-38-48,445,19.9875,36.1192
2019-06-02 14-38-50,445,19.9493,36.0792
2019-06-02 14-38-52,444,20.0012,36.0365
2019-06-02 14-38-54,444,19.928,36.0231
2019-06-02 14-38-58,444,19.8212,35.967
2019-06-02 14-39-00,444,19.8532,35.951
2019-06-02 14-39-02,444,19.8669,35.8816
2019-06-02 14-39-04,444,19.9005,35.8549
2019-06-02 14-39-06,444,19.9326,35.8255
2019-06-02 14-39-08,444,19.9692,35.7961
2019-06-02 14-39-10,444,19.9692,35.7961
2019-06-02 14-39-14,443,19.986,35.7828
2019-06-02 14-39-16,443,19.9692,35.7961
2019-06-02 14-39-18,442,20.0363,35.7694
2019-06-02 14-39-20,441,20.0195,35.7828
2019-06-02 14-39-22,441,19.986,35.7694
2019-06-02 14-39-24,440,20.0333,35.7267
2019-06-02 14-39-26,439,20.015,35.7134
2019-06-02 14-39-28,439,20.0134,35.668
2019-06-02 14-39-32,438,20.0821,35.6546
2019-06-02 14-39-34,438,20.1187,35.6252
2019-06-02 14-39-36,438,20.1523,35.6252
2019-06-02 14-39-38,437,20.2209,35.6119
2019-06-02 14-39-40,437,20.2927,35.5985
2019-06-02 14-39-42,436,20.4178,35.5985
2019-06-02 14-39-44,437,20.5917,35.5558
2019-06-02 14-39-48,436,20.6787,35.5558
2019-06-02 14-39-50,436,20.8557,35.5558
2019-06-02 14-39-52,437,20.9763,35.5131
2019-06-02 14-39-54,437,21.0709,35.5425
2019-06-02 14-39-56,437,21.0129,35.5131
2019-06-02 14-39-58,437,20.9076,35.4997
2019-06-02 14-40-00,436,20.6055,35.5131
2019-06-02 14-40-02,435,20.6238,35.5131
2019-06-02 14-40-06,434,20.8023,35.5425
2019-06-02 14-40-08,432,20.7184,35.5692
2019-06-02 14-40-10,432,20.6421,35.5291
2019-06-02 14-40-12,432,20.6055,35.5131
2019-06-02 14-40-14,432,20.6421,35.5425
2019-06-02 14-40-16,430,20.5551,35.5852
2019-06-02 14-40-18,429,20.5399,35.5985
2019-06-02 14-40-20,430,20.4544,35.6252
2019-06-02 14-40-24,430,20.3339,35.6813
2019-06-02 14-40-26,429,20.1782,35.7401
2019-06-02 14-40-28,428,20.0912,35.8122
2019-06-02 14-40-30,426,19.9921,35.911
2019-06-02 14-40-32,426,19.8898,35.9804
2019-06-02 14-40-34,426,19.7845,36.0071
2019-06-02 14-40-37,426,19.6976,35.9937
2019-06-02 14-40-41,428,19.8212,35.9804
2019-06-02 14-40-43,429,19.9081,35.9937
2019-06-02 14-40-45,430,20.1019,35.9804
2019-06-02 14-40-47,430,20.192,35.9804
2019-06-02 14-40-49,431,20.2606,35.967
2019-06-02 14-40-51,431,20.1935,35.9937
2019-06-02 14-40-53,432,20.1569,35.9937
2019-06-02 14-40-55,433,20.2621,36.0071
2019-06-02 14-40-59,434,20.3522,35.967
2019-06-02 14-41-01,435,20.3857,35.967
2019-06-02 14-41-03,435,20.3339,35.967
2019-06-02 14-41-05,435,20.2423,35.9377
2019-06-02 14-41-07,435,20.0974,35.911
2019-06-02 14-41-09,434,19.9768,35.911
2019-06-02 14-41-11,435,19.8349,35.911
2019-06-02 14-41-13,437,19.6899,35.8816
2019-06-02 14-41-17,437,19.7403,35.8549
2019-06-02 14-41-19,437,19.6701,35.8389
2019-06-02 14-41-21,437,19.6854,35.8122
2019-06-02 14-41-23,436,19.6671,35.7828
2019-06-02 14-41-25,437,19.7357,35.7694
2019-06-02 14-41-27,438,19.8441,35.7828
2019-06-02 14-41-29,438,19.9677,35.7694
2019-06-02 14-41-33,437,20.018,35.7561
2019-06-02 14-41-35,437,20.2103,35.7134
2019-06-02 14-41-37,437,20.4407,35.7
2019-06-02 14-41-39,437,20.3857,35.7134
2019-06-02 14-41-41,437,20.2423,35.668
2019-06-02 14-41-43,436,20.0653,35.6546
2019-06-02 14-41-45,437,20.105,35.6813
2019-06-02 14-41-47,437,19.9402,35.6413
2019-06-02 14-41-51,438,19.9585,35.6252
2019-06-02 14-41-53,437,20.0104,35.6252
2019-06-02 14-41-55,437,20.0974,35.5852
2019-06-02 14-41-57,437,20.1843,35.5852
2019-06-02 14-41-59,436,20.311,35.5852
2019-06-02 14-42-01,435,20.3262,35.5692
2019-06-02 14-42-03,435,20.4163,35.5558
2019-06-02 14-42-05,435,20.4163,35.5558
2019-06-02 14-42-09,435,20.3751,35.5291
2019-06-02 14-42-11,434,20.256,35.5425
2019-06-02 14-42-13,435,20.1797,35.4997
2019-06-02 14-42-15,436,20.3751,35.5131
2019-06-02 14-42-17,436,20.5688,35.4864
2019-06-02 14-42-19,436,20.6924,35.4864
2019-06-02 14-42-21,436,20.6924,35.4864
2019-06-02 14-42-25,436,20.5139,35.457
2019-06-02 14-42-27,435,20.2301,35.473
2019-06-02 14-42-29,434,20.0363,35.473
2019-06-02 14-42-31,434,19.9997,35.457
2019-06-02 14-42-33,434,19.9997,35.4437
2019-06-02 14-42-35,434,19.9997,35.4437
2019-06-02 14-42-37,433,19.9997,35.4303
2019-06-02 14-42-39,434,20.0333,35.4303
2019-06-02 14-42-43,434,20.1233,35.4143
2019-06-02 14-42-45,434,20.1736,35.4009
2019-06-02 14-42-47,434,20.105,35.4009
2019-06-02 14-42-49,435,20.2805,35.3876
2019-06-02 14-42-51,436,20.3812,35.3449
2019-06-02 14-42-53,436,20.3995,35.3315
2019-06-02 14-42-55,437,20.5048,35.3182
2019-06-02 14-42-57,436,20.5414,35.3582
2019-06-02 14-43-01,437,20.5948,35.3182
2019-06-02 14-43-03,437,20.5917,35.2888
2019-06-02 14-43-05,438,20.5597,35.3182
2019-06-02 14-43-07,437,20.5765,35.3021
2019-06-02 14-43-09,437,20.5948,35.3021
2019-06-02 14-43-11,436,20.6268,35.2888
2019-06-02 14-43-13,436,20.6818,35.3182
2019-06-02 14-43-15,434,20.5597,35.3182
2019-06-02 14-43-19,434,20.5215,35.3182
2019-06-02 14-43-21,433,20.5048,35.3182
2019-06-02 14-43-23,433,20.5765,35.3182
2019-06-02 14-43-25,433,20.3796,35.3182
2019-06-02 14-43-27,433,20.2942,35.3315
2019-06-02 14-43-29,432,20.4346,35.2888
2019-06-02 14-43-31,433,20.3796,35.3182
2019-06-02 14-43-35,433,20.4346,35.3182
2019-06-02 14-43-37,433,20.6635,35.3182
2019-06-02 14-43-39,434,20.6131,35.3182
2019-06-02 14-43-41,433,20.5215,35.3021
2019-06-02 14-43-43,433,20.3995,35.3182
2019-06-02 14-43-45,434,20.3766,35.2888
2019-06-02 14-43-47,434,20.3262,35.2888
2019-06-02 14-43-49,434,20.3583,35.2754
2019-06-02 14-43-53,434,20.4346,35.2888
2019-06-02 14-43-55,434,20.343,35.2754
2019-06-02 14-43-57,434,20.2881,35.246
2019-06-02 14-43-59,435,20.343,35.2621
2019-06-02 14-44-01,435,20.4117,35.2167
2019-06-02 14-44-03,436,20.5002,35.2621
2019-06-02 14-44-05,435,20.4819,35.246
2019-06-02 14-44-07,434,20.4849,35.2754
2019-06-02 14-44-11,434,20.4483,35.2621
2019-06-02 14-44-13,434,20.4483,35.246
2019-06-02 14-44-15,434,20.4849,35.2754
2019-06-02 14-44-17,433,20.5185,35.2621
2019-06-02 14-44-19,433,20.343,35.2754
2019-06-02 14-44-21,432,20.2927,35.2888
2019-06-02 14-44-23,432,20.256,35.2621
2019-06-02 14-44-25,432,20.2744,35.2754
2019-06-02 14-44-29,432,20.2377,35.246
2019-06-02 14-44-31,433,20.253,35.246
2019-06-02 14-44-33,433,20.1797,35.246
2019-06-02 14-44-35,434,20.0775,35.2327
2019-06-02 14-44-37,433,20.0043,35.246
2019-06-02 14-44-39,433,20.0363,35.2033
2019-06-02 14-44-41,433,20.2148,35.2327
2019-06-02 14-44-45,433,20.2698,35.2167
2019-06-02 14-44-47,434,20.3064,35.2327
2019-06-02 14-44-49,434,20.4803,35.2167
2019-06-02 14-44-51,435,20.4117,35.2033
2019-06-02 14-44-53,435,20.2515,35.2167
2019-06-02 14-44-55,434,20.1462,35.2327
2019-06-02 14-44-57,434,20.1096,35.2033
2019-06-02 14-44-59,435,19.9997,35.1606
2019-06-02 14-45-03,435,20.1416,35.1606
2019-06-02 14-45-05,435,20.1416,35.1606
2019-06-02 14-45-07,435,20.1233,35.1472
2019-06-02 14-45-09,434,20.1065,35.174
2019-06-02 14-45-11,435,20.1233,35.1312
2019-06-02 14-45-13,435,20.105,35.1472
2019-06-02 14-45-15,435,20.0729,35.174
2019-06-02 14-45-17,436,20.0516,35.1606
2019-06-02 14-45-21,435,20.015,35.1472
2019-06-02 14-45-23,436,19.9997,35.174
2019-06-02 14-45-25,435,20.0012,35.1873
2019-06-02 14-45-27,435,20.0775,35.2621
2019-06-02 14-45-29,434,20.0974,35.3182
2019-06-02 14-45-31,433,20.0836,35.3742
2019-06-02 14-45-33,433,20.0867,35.4143
2019-06-02 14-45-35,432,20.0729,35.5131
2019-06-02 14-45-39,431,19.8822,35.5852
2019-06-02 14-45-41,431,19.7266,35.6413
2019-06-02 14-45-43,431,19.6259,35.7267
2019-06-02 14-45-45,430,19.5572,35.7561
2019-06-02 14-45-47,430,19.5435,35.8122
2019-06-02 14-45-49,431,19.5801,35.8549
2019-06-02 14-45-52,432,19.548,35.8949
2019-06-02 14-45-56,433,19.603,35.951
2019-06-02 14-45-58,434,19.7296,35.967
2019-06-02 14-46-00,435,19.7998,35.9937
2019-06-02 14-46-02,435,19.8044,36.0498
2019-06-02 14-46-04,435,19.7037,36.1059
2019-06-02 14-46-06,436,19.6884,36.1513
2019-06-02 14-46-08,436,19.7586,36.1646
2019-06-02 14-46-10,437,19.6533,36.2074
2019-06-02 14-46-14,438,19.4458,36.2501
2019-06-02 14-46-16,438,19.4275,36.2367
2019-06-02 14-46-18,438,19.3237,36.3195
2019-06-02 14-46-20,439,19.2184,36.3062
2019-06-02 14-46-22,439,19.1116,36.2928
2019-06-02 14-46-24,440,19.0033,36.3062
2019-06-02 14-46-26,440,19.0018,36.2501
2019-06-02 14-46-28,441,18.9301,36.2207
2019-06-02 14-46-32,442,18.9102,36.1646
2019-06-02 14-46-34,443,18.9606,36.1379
2019-06-02 14-46-36,443,19.0475,36.1059
2019-06-02 14-46-38,443,19.0262,36.0792
2019-06-02 14-46-40,444,19.0613,36.0498
2019-06-02 14-46-42,445,19.1803,35.9804
2019-06-02 14-46-44,446,19.2322,35.951
2019-06-02 14-46-48,446,19.2276,35.8816
2019-06-02 14-46-50,447,19.313,35.8389
2019-06-02 14-46-52,446,19.2734,35.7828
2019-06-02 14-46-54,447,19.3634,35.7694
2019-06-02 14-46-56,447,19.3787,35.7267
2019-06-02 14-46-58,448,19.3954,35.7
2019-06-02 14-47-00,447,19.4275,35.668
2019-06-02 14-47-02,447,19.4794,35.6813
2019-06-02 14-47-06,447,19.5328,35.6252
2019-06-02 14-47-08,446,19.6014,35.5985
2019-06-02 14-47-10,447,19.6564,35.5985
2019-06-02 14-47-12,446,19.635,35.5692
2019-06-02 14-47-14,446,19.6533,35.5692
2019-06-02 14-47-16,445,19.7769,35.5985
2019-06-02 14-47-18,444,19.7403,35.5852
2019-06-02 14-47-20,443,19.8639,35.5558
2019-06-02 14-47-24,442,19.9356,35.5692
2019-06-02 14-47-26,441,19.9188,35.5852
2019-06-02 14-47-28,440,20.079,35.5985
2019-06-02 14-47-30,439,20.1523,35.6119
2019-06-02 14-47-32,439,20.1187,35.6413
2019-06-02 14-47-34,438,20.134,35.5985
2019-06-02 14-47-36,438,19.9738,35.5985
2019-06-02 14-47-40,437,20.1004,35.6252
2019-06-02 14-47-42,437,20.1004,35.6252
2019-06-02 14-47-44,437,20.0287,35.6546
2019-06-02 14-47-46,436,20.0317,35.668
2019-06-02 14-47-48,435,20.105,35.6813
2019-06-02 14-47-50,434,20.0653,35.6546
2019-06-02 14-47-52,435,20.05,35.7
2019-06-02 14-47-54,435,19.9265,35.7134
2019-06-02 14-47-58,435,19.8212,35.6813
2019-06-02 14-48-00,435,19.6976,35.7134
2019-06-02 14-48-02,435,19.8364,35.668
2019-06-02 14-48-04,436,19.7479,35.668
2019-06-02 14-48-06,436,19.8029,35.668
2019-06-02 14-48-08,436,19.8181,35.6546
2019-06-02 14-48-10,436,20.0287,35.6413
2019-06-02 14-48-12,435,20.1187,35.6413
2019-06-02 14-48-16,436,19.9951,35.6413
2019-06-02 14-48-18,436,19.8166,35.6119
2019-06-02 14-48-20,437,19.7067,35.5852
2019-06-02 14-48-22,437,19.6884,35.5558
2019-06-02 14-48-24,438,19.6854,35.5425
2019-06-02 14-48-26,437,19.754,35.5291
2019-06-02 14-48-28,438,19.841,35.473
2019-06-02 14-48-32,438,20.0378,35.4997
2019-06-02 14-48-34,437,20.1965,35.4864
2019-06-02 14-48-36,437,20.3537,35.457
2019-06-02 14-48-38,437,20.372,35.473
2019-06-02 14-48-40,436,20.0363,35.473
2019-06-02 14-48-42,436,19.8074,35.473
2019-06-02 14-48-44,437,19.8074,35.473
2019-06-02 14-48-46,437,19.928,35.473
2019-06-02 14-48-50,437,20.0516,35.4437
2019-06-02 14-48-52,437,19.8395,35.4437
2019-06-02 14-48-54,437,19.574,35.457
2019-06-02 14-48-56,437,19.5892,35.4303
2019-06-02 14-48-58,438,19.8532,35.3876
2019-06-02 14-49-00,438,19.9051,35.3876
2019-06-02 14-49-02,437,19.8898,35.3876
2019-06-02 14-49-06,438,19.9417,35.3742
2019-06-02 14-49-08,438,20.0134,35.4009
2019-06-02 14-49-10,438,20.0836,35.3582
2019-06-02 14-49-12,437,20.1187,35.3582
2019-06-02 14-49-14,436,19.9417,35.3742
2019-06-02 14-49-16,436,19.8685,35.3582
2019-06-02 14-49-18,436,19.9921,35.3315
2019-06-02 14-49-20,436,19.9738,35.3315
2019-06-02 14-49-24,436,19.9219,35.3449
2019-06-02 14-49-26,436,19.693,35.3742
2019-06-02 14-49-28,435,19.5831,35.3182
2019-06-02 14-49-30,435,19.6747,35.3315
2019-06-02 14-49-32,435,19.7983,35.3315
2019-06-02 14-49-34,435,19.9005,35.3182
2019-06-02 14-49-36,435,19.9554,35.3021
2019-06-02 14-49-38,434,20.0455,35.3315
2019-06-02 14-49-42,434,20.1157,35.3021
2019-06-02 14-49-44,434,20.1157,35.3182
2019-06-02 14-49-46,434,20.1691,35.3182
2019-06-02 14-49-48,434,20.1691,35.3182
2019-06-02 14-49-50,434,20.1004,35.3449
2019-06-02 14-49-52,434,20.0607,35.3315
2019-06-02 14-49-54,434,20.166,35.3021
2019-06-02 14-49-58,434,20.0821,35.3182
2019-06-02 14-50-00,433,20.079,35.2888
2019-06-02 14-50-02,433,20.079,35.2754
2019-06-02 14-50-04,433,20.2026,35.3021
2019-06-02 14-50-06,433,20.2927,35.2888
2019-06-02 14-50-08,434,20.3247,35.2754
2019-06-02 14-50-10,434,20.1324,35.2888
2019-06-02 14-50-12,434,19.9356,35.2621
2019-06-02 14-50-16,434,19.8822,35.2754
2019-06-02 14-50-18,434,19.8135,35.2888
2019-06-02 14-50-20,435,19.8135,35.3021
2019-06-02 14-50-22,435,19.812,35.2754
2019-06-02 14-50-24,435,19.7571,35.2754
2019-06-02 14-50-26,435,19.7769,35.2621
2019-06-02 14-50-28,435,19.7952,35.2888
2019-06-02 14-50-30,435,19.78,35.3021
2019-06-02 14-50-34,435,19.7403,35.3021
2019-06-02 14-50-36,436,19.8135,35.3182
2019-06-02 14-50-38,436,19.8166,35.3315
2019-06-02 14-50-40,435,19.7586,35.3182
2019-06-02 14-50-42,435,19.7815,35.3315
2019-06-02 14-50-44,435,19.7815,35.3315
2019-06-02 14-50-46,435,19.7083,35.3182
2019-06-02 14-50-50,435,19.6198,35.2888
2019-06-02 14-50-52,435,19.5114,35.3021
2019-06-02 14-50-54,436,19.5114,35.2888
2019-06-02 14-50-56,436,19.5114,35.2888
2019-06-02 14-50-58,436,19.5282,35.2754
2019-06-02 14-51-00,436,19.6884,35.2888
2019-06-02 14-51-02,437,19.722,35.2888
2019-06-02 14-51-04,436,19.7388,35.246
2019-06-02 14-51-08,437,19.7769,35.2621
2019-06-02 14-51-10,437,19.9356,35.246
2019-06-02 14-51-12,438,20.0378,35.246
2019-06-02 14-51-14,438,20.0775,35.246
2019-06-02 14-51-16,438,19.9127,35.2033
2019-06-02 14-51-18,438,19.7906,35.2327
2019-06-02 14-51-20,439,19.7174,35.2033
2019-06-02 14-51-22,438,19.809,35.2167
2019-06-02 14-51-26,438,19.8441,35.2327
2019-06-02 14-51-28,439,19.9356,35.246
2019-06-02 14-51-30,439,20.0775,35.2327
2019-06-02 14-51-32,439,20.2881,35.2167
2019-06-02 14-51-34,438,20.3751,35.246
2019-06-02 14-51-36,438,20.2377,35.2754
2019-06-02 14-51-39,438,20.0958,35.2754
2019-06-02 14-51-43,437,19.9371,35.2888
2019-06-02 14-51-45,437,19.8822,35.2754
2019-06-02 14-51-47,436,19.8135,35.2888
2019-06-02 14-51-49,436,19.7571,35.2754
2019-06-02 14-51-51,437,19.7769,35.2621
2019-06-02 14-51-53,437,20.0226,35.2621
2019-06-02 14-51-55,437,20.2194,35.2888
2019-06-02 14-51-57,437,20.0974,35.2888
2019-06-02 14-52-01,437,19.9905,35.3021
2019-06-02 14-52-03,437,19.9722,35.2754
2019-06-02 14-52-05,437,20.0958,35.2754
2019-06-02 14-52-07,437,20.1843,35.2888
2019-06-02 14-52-09,436,20.0775,35.2621
2019-06-02 14-52-11,436,20.0958,35.2754
2019-06-02 14-52-13,437,20.2011,35.2754
2019-06-02 14-52-17,437,20.1828,35.2754
2019-06-02 14-52-19,437,20.1294,35.246
2019-06-02 14-52-21,436,20.0226,35.2621
2019-06-02 14-52-23,436,20.0409,35.2621
2019-06-02 14-52-25,437,19.9509,35.2167
2019-06-02 14-52-27,436,19.8257,35.2167
2019-06-02 14-52-29,437,19.841,35.174
2019-06-02 14-52-31,437,19.9677,35.2033
2019-06-02 14-52-35,437,20.1279,35.2033
2019-06-02 14-52-37,437,19.931,35.174
2019-06-02 14-52-39,437,19.8395,35.1472
2019-06-02 14-52-41,437,19.7708,35.1606
2019-06-02 14-52-43,436,19.7342,35.1606
2019-06-02 14-52-45,436,19.7495,35.1606
2019-06-02 14-52-47,436,19.7708,35.1472
2019-06-02 14-52-49,436,19.8578,35.1472
2019-06-02 14-52-53,436,19.9966,35.1312
2019-06-02 14-52-55,436,19.9814,35.1312
2019-06-02 14-52-57,436,19.9966,35.1179
2019-06-02 14-52-59,435,19.9081,35.1312
2019-06-02 14-53-01,435,19.9081,35.1179
2019-06-02 14-53-03,435,19.9463,35.1472
2019-06-02 14-53-05,435,20.0317,35.1312
2019-06-02 14-53-07,435,20.1233,35.1312
2019-06-02 14-53-11,434,20.2652,35.1312
2019-06-02 14-53-13,433,20.2286,35.1312
2019-06-02 14-53-15,433,20.0699,35.1472
2019-06-02 14-53-17,433,20.0882,35.1472
2019-06-02 14-53-19,432,20.1752,35.1606
2019-06-02 14-53-21,432,20.2469,35.1472
2019-06-02 14-53-23,431,20.2835,35.1472
2019-06-02 14-53-27,431,20.1965,35.1873
2019-06-02 14-53-29,431,20.0363,35.1873
2019-06-02 14-53-31,431,19.8761,35.1606
2019-06-02 14-53-33,432,19.8944,35.1873
2019-06-02 14-53-35,432,19.9097,35.1873
2019-06-02 14-53-37,432,19.9127,35.2167
2019-06-02 14-53-39,431,19.9692,35.2327
2019-06-02 14-53-41,431,20.0058,35.2888
2019-06-02 14-53-45,430,19.9768,35.3582
2019-06-02 14-53-47,430,20.0653,35.3876
2019-06-02 14-53-49,430,20.05,35.4303
2019-06-02 14-53-51,430,20.0363,35.4864
2019-06-02 14-53-53,429,19.8303,35.5692
2019-06-02 14-53-55,429,19.693,35.6413
2019-06-02 14-53-57,429,19.7113,35.668
2019-06-02 14-53-59,429,19.7678,35.7561
2019-06-02 14-54-03,430,19.5938,35.7961
2019-06-02 14-54-05,430,19.3817,35.7828
2019-06-02 14-54-07,431,19.2398,35.7694
2019-06-02 14-54-09,432,19.1986,35.6813
2019-06-02 14-54-11,433,19.3741,35.6546
2019-06-02 14-54-13,435,19.6014,35.5985
2019-06-02 14-54-15,436,19.548,35.6119
2019-06-02 14-54-19,437,19.3542,35.5985
2019-06-02 14-54-21,437,19.3176,35.6119
2019-06-02 14-54-23,438,19.3878,35.5852
2019-06-02 14-54-25,440,19.313,35.5425
2019-06-02 14-54-27,442,19.2764,35.5131
2019-06-02 14-54-29,442,19.2764,35.4997
2019-06-02 14-54-31,444,19.4336,35.4864
2019-06-02 14-54-33,445,19.4885,35.473
2019-06-02 14-54-37,445,19.5892,35.4437
2019-06-02 14-54-39,444,19.574,35.4437
2019-06-02 14-54-41,444,19.5572,35.457
2019-06-02 14-54-43,442,19.6304,35.473
2019-06-02 14-54-45,441,19.6991,35.473
2019-06-02 14-54-47,441,19.7906,35.4864
2019-06-02 14-54-49,440,19.7708,35.4997
2019-06-02 14-54-53,439,19.8624,35.5291
2019-06-02 14-54-55,438,19.722,35.5692
2019-06-02 14-54-57,437,19.6167,35.5852
2019-06-02 14-54-59,437,19.6152,35.5692
2019-06-02 14-55-01,437,19.5145,35.6252
2019-06-02 14-55-03,436,19.5145,35.6252
2019-06-02 14-55-05,436,19.6381,35.6119
2019-06-02 14-55-07,436,19.7617,35.6252
2019-06-02 14-55-11,436,19.7266,35.6252
2019-06-02 14-55-13,437,19.7617,35.6252
2019-06-02 14-55-15,437,19.8181,35.6546
2019-06-02 14-55-17,437,19.8547,35.6813
2019-06-02 14-55-19,436,19.7128,35.7134
2019-06-02 14-55-21,436,19.6472,35.7561
2019-06-02 14-55-23,437,19.5419,35.7694
2019-06-02 14-55-25,437,19.487,35.7961
2019-06-02 14-55-29,437,19.3649,35.7961
2019-06-02 14-55-31,437,19.4016,35.8255
2019-06-02 14-55-33,437,19.2047,35.7961
2019-06-02 14-55-35,437,19.1895,35.7961
2019-06-02 14-55-37,437,19.0811,35.7828
2019-06-02 14-55-39,438,19.0796,35.7694
2019-06-02 14-55-41,439,18.9697,35.7267
2019-06-02 14-55-45,440,19.043,35.7267
2019-06-02 14-55-47,439,19.1635,35.7134
2019-06-02 14-55-49,438,19.3039,35.6813
2019-06-02 14-55-51,438,19.5007,35.6813
2019-06-02 14-55-53,439,19.516,35.668
2019-06-02 14-55-55,438,19.3604,35.7
2019-06-02 14-55-57,437,19.429,35.7134
2019-06-02 14-55-59,437,19.519,35.7
2019-06-02 14-56-03,439,19.3604,35.7
2019-06-02 14-56-05,439,19.3039,35.7
2019-06-02 14-56-07,439,19.2352,35.7134
2019-06-02 14-56-09,439,19.2871,35.7134
2019-06-02 14-56-11,438,19.429,35.7
2019-06-02 14-56-13,438,19.5526,35.6813
2019-06-02 14-56-15,439,19.5526,35.668
2019-06-02 14-56-17,438,19.3741,35.6546
2019-06-02 14-56-21,438,19.1254,35.6546
2019-06-02 14-56-23,437,18.9301,35.6413
2019-06-02 14-56-25,437,18.9468,35.6252
2019-06-02 14-56-27,437,19.0155,35.5558
2019-06-02 14-56-29,437,19.1391,35.5852
2019-06-02 14-56-31,438,19.3359,35.5692
2019-06-02 14-56-33,438,19.4046,35.5558
2019-06-02 14-56-37,438,19.4016,35.5425
2019-06-02 14-56-39,437,19.2764,35.4997
2019-06-02 14-56-41,437,19.31,35.4997
2019-06-02 14-56-43,437,19.3817,35.473
2019-06-02 14-56-45,437,19.3787,35.457
2019-06-02 14-56-47,436,19.2917,35.4864
2019-06-02 14-56-49,436,19.3466,35.473
2019-06-02 14-56-51,435,19.2551,35.473
2019-06-02 14-56-55,435,19.3054,35.4437
2019-06-02 14-56-57,436,19.4138,35.4437
2019-06-02 14-56-59,435,19.3604,35.4437
2019-06-02 14-57-01,435,19.1849,35.4303
2019-06-02 14-57-03,435,19.075,35.4143
2019-06-02 14-57-05,434,19.1254,35.3742
2019-06-02 14-57-07,435,19.2322,35.3876
2019-06-02 14-57-09,435,19.2856,35.3742
2019-06-02 14-57-13,434,19.2856,35.3742
2019-06-02 14-57-15,435,19.3222,35.3742
2019-06-02 14-57-17,435,19.3375,35.3449
2019-06-02 14-57-20,435,19.2307,35.3449
2019-06-02 14-57-22,435,19.2139,35.3449
2019-06-02 14-57-24,435,19.2123,35.3315
2019-06-02 14-57-26,435,19.162,35.3582
2019-06-02 14-57-30,436,19.1635,35.3876
2019-06-02 14-57-32,436,19.1986,35.3742
2019-06-02 14-57-34,436,19.1071,35.3315
2019-06-02 14-57-36,436,19.0887,35.3315
2019-06-02 14-57-38,436,19.1406,35.3315
2019-06-02 14-57-40,436,19.0704,35.3315
2019-06-02 14-57-42,435,19.1223,35.3449
2019-06-02 14-57-44,436,19.1223,35.3315
2019-06-02 14-57-48,436,19.0018,35.3315
2019-06-02 14-57-50,435,19.072,35.3742
2019-06-02 14-57-52,435,18.9529,35.4303
2019-06-02 14-57-54,434,18.9529,35.457
2019-06-02 14-57-56,434,18.956,35.4864
2019-06-02 14-57-58,434,18.9209,35.4997
2019-06-02 14-58-00,435,18.924,35.5291
2019-06-02 14-58-04,435,18.8522,35.5425
2019-06-02 14-58-06,434,18.8522,35.5425
2019-06-02 14-58-08,434,18.8156,35.5131
2019-06-02 14-58-10,435,18.9056,35.5291
2019-06-02 14-58-12,435,18.8522,35.5425
2019-06-02 14-58-14,436,18.8705,35.5131
2019-06-02 14-58-16,436,18.9926,35.4997
2019-06-02 14-58-18,437,18.9896,35.4864
2019-06-02 14-58-22,437,18.9926,35.5131
2019-06-02 14-58-24,437,19.0445,35.4864
2019-06-02 14-58-26,437,19.0292,35.4864
2019-06-02 14-58-28,436,19.0796,35.4864
2019-06-02 14-58-30,436,19.1132,35.473
2019-06-02 14-58-32,436,19.0979,35.4864
2019-06-02 14-58-34,436,19.0628,35.4997
2019-06-02 14-58-36,436,19.0659,35.5425
2019-06-02 14-58-40,436,19.0842,35.5425
2019-06-02 14-58-42,436,19.1025,35.5425
2019-06-02 14-58-44,436,19.136,35.5692
2019-06-02 14-58-46,436,19.1025,35.5692
2019-06-02 14-58-48,436,19.1025,35.5692
2019-06-02 14-58-50,436,19.1208,35.5852
2019-06-02 14-58-52,436,19.0857,35.5692
2019-06-02 14-58-56,436,19.0857,35.5692
2019-06-02 14-58-58,436,19.1177,35.5425
2019-06-02 14-59-00,436,19.1757,35.5558
2019-06-02 14-59-02,436,19.2764,35.5131
2019-06-02 14-59-04,436,19.3314,35.4997
2019-06-02 14-59-06,436,19.4,35.4864
2019-06-02 14-59-08,436,19.3466,35.473
2019-06-02 14-59-10,436,19.2032,35.457
2019-06-02 14-59-14,435,19.1299,35.457
2019-06-02 14-59-16,435,19.2032,35.457
2019-06-02 14-59-18,436,19.1315,35.4864
2019-06-02 14-59-20,435,19.1528,35.5131
2019-06-02 14-59-22,435,19.1528,35.5425
2019-06-02 14-59-24,434,19.2627,35.5558
2019-06-02 14-59-26,434,19.3329,35.5558
2019-06-02 14-59-28,434,19.4061,35.5985
2019-06-02 14-59-32,434,19.1406,35.6252
2019-06-02 14-59-34,434,19.0903,35.6413
2019-06-02 14-59-36,434,19.1986,35.6546
2019-06-02 14-59-38,434,19.1818,35.7
2019-06-02 14-59-40,434,19.1986,35.6546
2019-06-02 14-59-42,434,19.1254,35.6546
2019-06-02 14-59-44,434,19.0887,35.6119
2019-06-02 14-59-48,433,19.1956,35.6119
2019-06-02 14-59-50,433,19.2642,35.6119
2019-06-02 14-59-52,433,19.2642,35.5985
2019-06-02 14-59-54,433,19.2276,35.5692
2019-06-02 14-59-56,433,19.104,35.5852
2019-06-02 14-59-58,432,19.0308,35.5558
2019-06-02 15-00-00,431,18.9072,35.5692
2019-06-02 15-00-02,431,19.1162,35.5131
2019-06-02 15-00-06,431,19.2947,35.5425
2019-06-02 15-00-08,431,19.4519,35.5131
2019-06-02 15-00-10,431,19.5435,35.5131
2019-06-02 15-00-12,430,19.5282,35.5425
2019-06-02 15-00-14,430,19.455,35.5291
2019-06-02 15-00-16,429,19.368,35.5558
2019-06-02 15-00-18,429,19.2963,35.5558
2019-06-02 15-00-22,428,19.2642,35.6119
2019-06-02 15-00-24,428,19.2322,35.6413
2019-06-02 15-00-26,427,19.1589,35.6413
2019-06-02 15-00-28,428,19.0857,35.5985
2019-06-02 15-00-30,428,18.9468,35.6252
2019-06-02 15-00-32,428,18.9987,35.6252
2019-06-02 15-00-34,428,19.0384,35.6413
2019-06-02 15-00-36,428,19.1086,35.6546
2019-06-02 15-00-40,428,19.2169,35.6813
2019-06-02 15-00-42,428,19.3054,35.7267
2019-06-02 15-00-44,429,19.2902,35.7267
2019-06-02 15-00-46,429,19.1666,35.7694
2019-06-02 15-00-48,428,19.1162,35.7961
2019-06-02 15-00-50,428,18.9423,35.8549
2019-06-02 15-00-52,428,18.8202,35.8949
2019-06-02 15-00-54,428,18.7363,35.9243
2019-06-02 15-00-58,428,18.5547,35.9377
2019-06-02 15-01-00,428,18.5226,35.967
2019-06-02 15-01-02,430,18.5394,35.951
2019-06-02 15-01-04,430,18.5226,35.951
2019-06-02 15-01-06,430,18.5776,35.951
2019-06-02 15-01-08,430,18.5043,35.951
2019-06-02 15-01-10,431,18.5547,35.9243
2019-06-02 15-01-14,431,18.4494,35.9243
2019-06-02 15-01-16,432,18.5532,35.8682
2019-06-02 15-01-18,432,18.6234,35.8389
2019-06-02 15-01-20,432,18.6554,35.8255
2019-06-02 15-01-22,432,18.6188,35.7828
2019-06-02 15-01-24,433,18.5852,35.7694
2019-06-02 15-01-26,433,18.5822,35.7401
2019-06-02 15-01-28,433,18.5806,35.7267
2019-06-02 15-01-32,433,18.6493,35.7
2019-06-02 15-01-34,433,18.7378,35.668
2019-06-02 15-01-36,433,18.7729,35.668
2019-06-02 15-01-38,433,18.8049,35.6413
2019-06-02 15-01-40,433,18.8049,35.6413
2019-06-02 15-01-42,433,18.7698,35.6413
2019-06-02 15-01-44,434,18.8049,35.6119
2019-06-02 15-01-48,434,18.7332,35.5985
2019-06-02 15-01-50,434,18.9972,35.5852
2019-06-02 15-01-52,434,18.9255,35.5852
2019-06-02 15-01-54,434,18.9438,35.5852
2019-06-02 15-01-56,434,19.1025,35.5692
2019-06-02 15-01-58,434,19.2276,35.5852
2019-06-02 15-02-00,434,19.278,35.5558
2019-06-02 15-02-02,434,19.2947,35.5131
2019-06-02 15-02-06,434,19.3329,35.5425
2019-06-02 15-02-08,434,19.3497,35.5131
2019-06-02 15-02-10,434,19.3649,35.4997
2019-06-02 15-02-12,434,19.2917,35.4864
2019-06-02 15-02-14,434,19.4,35.4864
2019-06-02 15-02-16,434,19.4885,35.473
2019-06-02 15-02-18,433,19.6075,35.4437
2019-06-02 15-02-20,433,19.5923,35.473
2019-06-02 15-02-24,433,19.4641,35.4143
2019-06-02 15-02-26,433,19.1086,35.4009
2019-06-02 15-02-28,432,19.0079,35.4303
2019-06-02 15-02-30,433,19.0399,35.3876
2019-06-02 15-02-32,432,18.9484,35.3742
2019-06-02 15-02-34,432,18.9835,35.3582
2019-06-02 15-02-36,432,19.072,35.3742
2019-06-02 15-02-40,432,19.072,35.3582
2019-06-02 15-02-42,431,18.9835,35.3582
2019-06-02 15-02-44,431,19.0201,35.3582
2019-06-02 15-02-46,431,18.9514,35.4009
2019-06-02 15-02-48,430,18.9377,35.457
2019-06-02 15-02-50,430,18.8477,35.4997
2019-06-02 15-02-52,429,18.9056,35.5131
2019-06-02 15-02-54,429,19.0292,35.4997
2019-06-02 15-02-58,428,19.0292,35.4864
2019-06-02 15-03-00,429,19.1315,35.4864
2019-06-02 15-03-02,427,19.2398,35.4997
2019-06-02 15-03-04,428,19.2215,35.4864
2019-06-02 15-03-06,427,19.1864,35.4864
2019-06-02 15-03-08,427,19.2734,35.4864
2019-06-02 15-03-10,426,19.3283,35.473
2019-06-02 15-03-12,425,19.3466,35.4864
2019-06-02 15-03-16,426,19.397,35.457
2019-06-02 15-03-19,425,19.3085,35.4864
2019-06-02 15-03-21,426,19.313,35.5291
2019-06-02 15-03-23,426,19.3329,35.5558
2019-06-02 15-03-25,427,19.5099,35.5558
2019-06-02 15-03-27,426,19.5465,35.5692
2019-06-02 15-03-29,426,19.5145,35.6252
2019-06-02 15-03-33,425,19.4092,35.6546
2019-06-02 15-03-35,425,19.2169,35.7
2019-06-02 15-03-37,425,19.2184,35.7267
2019-06-02 15-03-39,425,19.1635,35.7401
2019-06-02 15-03-41,426,19.1864,35.7561
2019-06-02 15-03-43,426,19.3466,35.7828
2019-06-02 15-03-45,427,19.3497,35.8122
2019-06-02 15-03-47,428,19.2764,35.8122
2019-06-02 15-03-51,428,19.281,35.8682
2019-06-02 15-03-53,428,19.0338,35.8816
2019-06-02 15-03-55,427,18.7881,35.951
2019-06-02 15-03-57,427,18.6859,36.0071
2019-06-02 15-03-59,428,18.541,35.9937
2019-06-02 15-04-01,428,18.5806,35.9937
2019-06-02 15-04-03,429,18.6646,35.9804
2019-06-02 15-04-05,430,18.6646,35.951
2019-06-02 15-04-09,431,18.7729,35.951
2019-06-02 15-04-11,431,18.8965,35.9377
2019-06-02 15-04-13,431,18.8599,35.9804
2019-06-02 15-04-15,431,18.8293,36.0365
2019-06-02 15-04-17,431,18.811,36.0498
2019-06-02 15-04-19,431,18.7592,36.0231
2019-06-02 15-04-21,431,18.6829,35.9937
2019-06-02 15-04-25,431,18.544,36.0231
2019-06-02 15-04-27,431,18.454,35.9937
2019-06-02 15-04-29,432,18.6096,35.9243
2019-06-02 15-04-31,432,18.8934,35.911
2019-06-02 15-04-33,433,18.8553,35.8949
2019-06-02 15-04-35,433,18.7317,35.8682
2019-06-02 15-04-37,433,18.7317,35.8549
2019-06-02 15-04-39,433,18.869,35.8122
2019-06-02 15-04-43,433,19.0475,35.7961
2019-06-02 15-04-45,433,19.0445,35.7694
2019-06-02 15-04-47,433,19.1498,35.7694
2019-06-02 15-04-49,432,19.2719,35.7401
2019-06-02 15-04-51,432,19.3222,35.7134
2019-06-02 15-04-53,431,19.2032,35.7267
2019-06-02 15-04-55,431,19.1986,35.6813
2019-06-02 15-04-57,430,19.0216,35.6546
2019-06-02 15-05-01,430,19.0018,35.668
2019-06-02 15-05-03,430,19.0216,35.668
2019-06-02 15-05-05,429,19.1071,35.6413
2019-06-02 15-05-07,429,19.2307,35.6252
2019-06-02 15-05-09,428,19.1071,35.6413
2019-06-02 15-05-11,428,19.072,35.6252
2019-06-02 15-05-13,428,19.0353,35.6252
2019-06-02 15-05-17,427,18.9468,35.6413
2019-06-02 15-05-19,427,18.8416,35.6546
2019-06-02 15-05-21,428,18.9285,35.6252
2019-06-02 15-05-23,427,18.9987,35.6252
2019-06-02 15-05-25,426,19.0567,35.668
2019-06-02 15-05-27,426,18.9117,35.6413
2019-06-02 15-05-29,425,19.0216,35.6813
2019-06-02 15-05-31,425,19.0567,35.6813
2019-06-02 15-05-35,425,19.0247,35.7
2019-06-02 15-05-37,425,19.1116,35.7
2019-06-02 15-05-39,425,19.1116,35.7
2019-06-02 15-05-41,424,19.1299,35.7267
2019-06-02 15-05-43,424,19.2184,35.7267
2019-06-02 15-05-45,425,19.1849,35.7401
2019-06-02 15-05-47,424,19.1315,35.7694
2019-06-02 15-05-49,425,19.0445,35.7694
2019-06-02 15-05-53,426,18.9743,35.8122
2019-06-02 15-05-55,425,18.8873,35.8122
2019-06-02 15-05-57,425,18.9072,35.8389
2019-06-02 15-05-59,424,18.8522,35.8549
2019-06-02 15-06-01,424,18.8553,35.8949
2019-06-02 15-06-03,425,18.8736,35.911
2019-06-02 15-06-05,425,18.9804,35.8949
2019-06-02 15-06-09,426,19.0521,35.8682
2019-06-02 15-06-11,426,19.1208,35.8816
2019-06-02 15-06-13,426,19.1574,35.8816
2019-06-02 15-06-15,427,19.2093,35.8549
2019-06-02 15-06-17,427,19.2093,35.8682
2019-06-02 15-06-19,428,19.191,35.8549
2019-06-02 15-06-21,427,19.191,35.8549
2019-06-02 15-06-23,428,19.2459,35.8816
2019-06-02 15-06-27,428,19.2444,35.8549
2019-06-02 15-06-29,427,19.2093,35.8682
2019-06-02 15-06-31,426,19.2459,35.8949
2019-06-02 15-06-33,426,19.2307,35.9243
2019-06-02 15-06-35,426,19.249,35.9243
2019-06-02 15-06-37,426,19.1437,35.967
2019-06-02 15-06-39,426,19.1772,35.951
2019-06-02 15-06-41,427,19.1437,35.951
2019-06-02 15-06-45,427,19.1452,35.9804
2019-06-02 15-06-47,427,19.1269,35.9937
2019-06-02 15-06-49,427,19.2001,35.9937
2019-06-02 15-06-51,427,19.1635,35.9937
2019-06-02 15-06-53,427,19.1132,36.0365
2019-06-02 15-06-55,427,19.0765,36.0071
2019-06-02 15-06-57,427,19.1116,35.9937
2019-06-02 15-07-01,426,19.0582,36.0071
2019-06-02 15-07-03,427,19.0063,36.0231
2019-06-02 15-07-05,427,19.043,36.0071
2019-06-02 15-07-07,427,18.9697,36.0071
2019-06-02 15-07-09,427,18.9713,36.0365
2019-06-02 15-07-11,428,18.956,36.0498
2019-06-02 15-07-13,428,18.8828,36.0498
2019-06-02 15-07-15,428,18.811,36.0498
2019-06-02 15-07-19,428,18.7973,36.0792
2019-06-02 15-07-21,428,18.8293,36.0498
2019-06-02 15-07-23,428,18.8477,36.0632
2019-06-02 15-07-25,428,18.779,36.0632
2019-06-02 15-07-27,428,18.8324,36.0925
2019-06-02 15-07-29,428,18.8324,36.0925
2019-06-02 15-07-31,429,18.8324,36.0925
2019-06-02 15-07-33,428,18.8507,36.1059
2019-06-02 15-07-37,428,18.9758,36.1059
2019-06-02 15-07-39,428,19.0308,36.1513
2019-06-02 15-07-41,428,19.0491,36.1192
2019-06-02 15-07-43,429,19.0659,36.1059
2019-06-02 15-07-45,429,19.0842,36.1192
2019-06-02 15-07-47,429,18.9941,36.1379
2019-06-02 15-07-49,429,19.0292,36.1379
2019-06-02 15-07-53,429,18.9255,36.1513
2019-06-02 15-07-55,429,18.8705,36.1646
2019-06-02 15-07-57,429,18.7836,36.178
2019-06-02 15-07-59,429,18.7317,36.194
2019-06-02 15-08-01,429,18.7698,36.2074
2019-06-02 15-08-03,429,18.6966,36.2207
2019-06-02 15-08-05,428,18.6096,36.2207
2019-06-02 15-08-07,429,18.6096,36.2074
2019-06-02 15-08-11,428,18.6447,36.194
2019-06-02 15-08-13,428,18.605,36.1379
2019-06-02 15-08-15,428,18.692,36.1192
2019-06-02 15-08-17,428,18.779,36.0632
2019-06-02 15-08-19,429,18.8293,36.0365
2019-06-02 15-08-21,429,18.8614,35.9937
2019-06-02 15-08-23,430,19.072,35.951
2019-06-02 15-08-25,430,19.1589,35.9243
2019-06-02 15-08-29,430,19.1223,35.911
2019-06-02 15-08-31,430,18.9606,35.8682
2019-06-02 15-08-33,430,18.9621,35.8816
2019-06-02 15-08-35,429,18.9102,35.8816
2019-06-02 15-08-37,429,18.9438,35.8949
2019-06-02 15-08-39,428,18.9438,35.8949
2019-06-02 15-08-41,428,18.8522,35.8682
2019-06-02 15-08-43,428,18.9438,35.8816
2019-06-02 15-08-47,428,18.9468,35.911
2019-06-02 15-08-49,427,19.0155,35.8949
2019-06-02 15-08-51,427,18.9835,35.9377
2019-06-02 15-08-53,427,18.9651,35.9377
2019-06-02 15-08-55,427,19.072,35.9377
2019-06-02 15-08-57,427,18.9835,35.9377
2019-06-02 15-08-59,427,18.8599,35.967
2019-06-02 15-09-03,427,18.9667,35.9804
2019-06-02 15-09-06,427,19.0018,35.967
2019-06-02 15-09-08,428,19.1406,35.9377
2019-06-02 15-09-10,428,18.9301,35.9243
2019-06-02 15-09-12,428,18.7698,35.9243
2019-06-02 15-09-14,427,18.6127,35.951
2019-06-02 15-09-16,427,18.5959,35.967
2019-06-02 15-09-18,427,18.631,35.9804
2019-06-02 15-09-22,427,18.8095,36.0071
2019-06-02 15-09-24,427,18.9194,36.0365
2019-06-02 15-09-26,427,18.9697,36.0231
2019-06-02 15-09-28,427,18.9713,36.0365
2019-06-02 15-09-30,427,19.0216,36.0071
2019-06-02 15-09-32,427,19.0445,36.0632
2019-06-02 15-09-34,427,19.0628,36.0632
2019-06-02 15-09-36,427,18.8507,36.1059
2019-06-02 15-09-40,427,18.6737,36.1192
2019-06-02 15-09-42,427,18.5669,36.1192
2019-06-02 15-09-44,428,18.4479,36.178
2019-06-02 15-09-46,427,18.3929,36.1646
2019-06-02 15-09-48,427,18.4479,36.178
2019-06-02 15-09-50,428,18.4082,36.1379
2019-06-02 15-09-52,428,18.4616,36.0925
2019-06-02 15-09-54,428,18.4616,36.0925
2019-06-02 15-09-58,428,18.4799,36.1059
2019-06-02 15-10-00,428,18.5135,36.0925
2019-06-02 15-10-02,429,18.4616,36.0925
2019-06-02 15-10-04,429,18.4799,36.1192
2019-06-02 15-10-06,429,18.4799,36.1192
2019-06-02 15-10-08,429,18.3899,36.1379
2019-06-02 15-10-10,429,18.5165,36.1379
2019-06-02 15-10-14,430,18.6035,36.1059
2019-06-02 15-10-16,430,18.6371,36.0925
2019-06-02 15-10-18,431,18.6371,36.0925
2019-06-02 15-10-20,431,18.5623,36.0231
2019-06-02 15-10-22,431,18.6142,36.0071
2019-06-02 15-10-24,432,18.5959,35.9804
2019-06-02 15-10-26,433,18.6127,35.9377
2019-06-02 15-10-28,433,18.7363,35.9377
2019-06-02 15-10-32,432,18.8385,35.9243
2019-06-02 15-10-34,431,18.9972,35.8949
2019-06-02 15-10-36,430,18.9987,35.911
2019-06-02 15-10-38,428,18.9789,35.8549
2019-06-02 15-10-40,427,18.9972,35.8682
2019-06-02 15-10-42,427,18.8004,35.8549
2019-06-02 15-10-44,425,18.8705,35.8682
2019-06-02 15-10-46,425,18.837,35.8682
2019-06-02 15-10-50,425,18.7683,35.8949
2019-06-02 15-10-52,424,18.8049,35.911
2019-06-02 15-10-54,423,18.8049,35.911
2019-06-02 15-10-56,423,18.7881,35.9377
2019-06-02 15-10-58,423,18.8416,35.9377
2019-06-02 15-11-00,424,18.7332,35.911
2019-06-02 15-11-02,424,18.7469,35.8549
2019-06-02 15-11-04,424,18.6737,35.8122
2019-06-02 15-11-08,424,18.6722,35.7828
2019-06-02 15-11-10,424,18.811,35.7561
2019-06-02 15-11-12,424,18.9514,35.7
2019-06-02 15-11-14,424,19.1635,35.7134
2019-06-02 15-11-16,425,19.2642,35.6252
2019-06-02 15-11-18,426,19.2642,35.6252
2019-06-02 15-11-20,426,19.2123,35.5852
2019-06-02 15-11-24,426,19.2459,35.6119
2019-06-02 15-11-26,425,19.0353,35.5985
2019-06-02 15-11-28,424,18.8522,35.5692
2019-06-02 15-11-30,424,18.9255,35.5692
2019-06-02 15-11-32,424,19.2596,35.5425
2019-06-02 15-11-34,425,19.1711,35.5131
2019-06-02 15-11-36,425,19.1711,35.5131
2019-06-02 15-11-38,425,19.1299,35.457
2019-06-02 15-11-42,425,19.0628,35.4997
2019-06-02 15-11-44,425,19.0445,35.473
2019-06-02 15-11-46,425,19.0979,35.4864
2019-06-02 15-11-48,425,18.9743,35.5131
2019-06-02 15-11-50,425,19.0125,35.5291
2019-06-02 15-11-52,424,18.924,35.5291
2019-06-02 15-11-54,423,18.8919,35.5692
2019-06-02 15-11-56,422,18.9972,35.6119
2019-06-02 15-12-00,423,18.9789,35.5852
2019-06-02 15-12-02,422,19.017,35.5985
2019-06-02 15-12-04,422,19.0353,35.5985
2019-06-02 15-12-06,422,19.1208,35.5852
2019-06-02 15-12-08,423,19.0353,35.6119
2019-06-02 15-12-10,423,19.1406,35.6252
2019-06-02 15-12-12,422,18.9804,35.6119
2019-06-02 15-12-16,422,18.8232,35.6413
2019-06-02 15-12-18,422,18.7698,35.6546
2019-06-02 15-12-20,423,18.9468,35.6413
2019-06-02 15-12-22,423,19.0201,35.6413
2019-06-02 15-12-24,423,19.1086,35.6546
2019-06-02 15-12-26,423,19.0033,35.7
2019-06-02 15-12-28,422,18.9529,35.7561
2019-06-02 15-12-30,422,18.9346,35.7401
2019-06-02 15-12-36,423,18.6462,35.668
2019-06-02 15-12-38,425,18.6127,35.668
2019-06-02 15-12-40,425,18.5806,35.7
2019-06-02 15-12-42,425,18.5638,35.7401
2019-06-02 15-12-44,425,18.5486,35.7961
2019-06-02 15-12-46,425,18.4479,35.8816
2019-06-02 15-12-48,425,18.3929,35.8682
2019-06-02 15-12-52,424,18.4525,35.9377
2019-06-02 15-12-54,425,18.4357,35.951
2019-06-02 15-12-56,424,18.4891,35.9804
2019-06-02 15-12-58,425,18.5257,35.9937
2019-06-02 15-13-00,425,18.5257,35.9937
2019-06-02 15-13-02,426,18.541,35.9937
2019-06-02 15-13-04,426,18.454,35.9937
2019-06-02 15-13-08,426,18.5776,35.967
2019-06-02 15-13-10,426,18.718,35.9804
2019-06-02 15-13-12,427,18.8248,35.967
2019-06-02 15-13-14,427,18.8568,35.9243
2019-06-02 15-13-16,428,18.9484,35.967
2019-06-02 15-13-18,428,19.0933,35.9804
2019-06-02 15-13-20,428,18.9331,35.9937
2019-06-02 15-13-22,428,18.9148,35.9804
2019-06-02 15-13-26,428,18.8782,35.9937
2019-06-02 15-13-28,428,18.9011,36.0071
2019-06-02 15-13-30,428,18.9011,36.0365
2019-06-02 15-13-32,428,18.8461,36.0365
2019-06-02 15-13-34,428,18.8461,36.0231
2019-06-02 15-13-36,429,18.7408,36.0231
2019-06-02 15-13-38,429,18.6462,35.967
2019-06-02 15-13-40,430,18.5211,35.9377
2019-06-02 15-13-44,430,18.5181,35.8816
2019-06-02 15-13-46,430,18.4998,35.8816
2019-06-02 15-13-48,430,18.4799,35.8389
2019-06-02 15-13-50,431,18.4952,35.7961
2019-06-02 15-13-52,431,18.6035,35.7828
2019-06-02 15-13-54,431,18.6905,35.7961
2019-06-02 15-13-56,431,18.7271,35.7828
2019-06-02 15-14-00,431,18.7958,35.7561
2019-06-02 15-14-02,431,18.7424,35.7561
2019-06-02 15-14-04,431,18.7012,35.7
2019-06-02 15-14-06,432,18.7561,35.7
2019-06-02 15-14-08,431,18.8599,35.668
2019-06-02 15-14-10,431,18.8599,35.668
2019-06-02 15-14-12,431,18.9117,35.6413
2019-06-02 15-14-14,431,18.9468,35.6119
2019-06-02 15-14-18,430,18.9804,35.6252
2019-06-02 15-14-20,430,18.9102,35.5985
2019-06-02 15-14-22,429,18.7515,35.6119
2019-06-02 15-14-24,429,18.75,35.5985
2019-06-02 15-14-26,429,18.9438,35.5852
2019-06-02 15-14-28,429,19.0155,35.5692
2019-06-02 15-14-30,429,19.0338,35.5692
2019-06-02 15-14-32,428,18.9972,35.5985
2019-06-02 15-14-36,428,18.9301,35.6413
2019-06-02 15-14-38,428,18.8248,35.668
2019-06-02 15-14-40,427,18.8416,35.6546
2019-06-02 15-14-43,427,18.8965,35.668
2019-06-02 15-14-45,428,18.985,35.6813
2019-06-02 15-14-47,428,19.0216,35.6813
2019-06-02 15-14-49,428,18.9331,35.668
2019-06-02 15-14-51,428,18.9148,35.668
2019-06-02 15-14-55,428,18.9651,35.6546
2019-06-02 15-14-57,428,18.9835,35.668
2019-06-02 15-14-59,427,19.0247,35.7134
2019-06-02 15-15-01,427,18.8828,35.7267
2019-06-02 15-15-03,427,18.8477,35.7561
2019-06-02 15-15-05,426,18.7454,35.7828
2019-06-02 15-15-07,427,18.7775,35.7694
2019-06-02 15-15-11,426,18.869,35.8122
2019-06-02 15-15-13,426,18.9743,35.7961
2019-06-02 15-15-15,427,18.9743,35.7828
2019-06-02 15-15-17,427,19.0948,35.7401
2019-06-02 15-15-19,427,19.043,35.7401
2019-06-02 15-15-21,427,18.988,35.7267
2019-06-02 15-15-23,428,18.9667,35.668
2019-06-02 15-15-25,428,18.9484,35.6546
2019-06-02 15-15-29,427,18.8416,35.6413
2019-06-02 15-15-31,428,18.6966,35.6119
2019-06-02 15-15-33,428,18.6081,35.5852
2019-06-02 15-15-35,428,18.6584,35.5558
2019-06-02 15-15-37,428,18.8156,35.5425
2019-06-02 15-15-39,429,18.8507,35.5131
2019-06-02 15-15-41,429,18.9392,35.4997
2019-06-02 15-15-45,429,19.0292,35.4997
2019-06-02 15-15-47,429,19.0979,35.4864
2019-06-02 15-15-49,429,19.2398,35.473
2019-06-02 15-15-51,428,19.2368,35.457
2019-06-02 15-15-53,429,19.3085,35.4864
2019-06-02 15-15-55,429,19.397,35.473
2019-06-02 15-15-57,428,19.3649,35.4864
2019-06-02 15-15-59,428,19.1345,35.4997
2019-06-02 15-16-03,427,19.0292,35.5131
2019-06-02 15-16-05,426,18.9758,35.5558
2019-06-02 15-16-07,426,19.0338,35.5852
2019-06-02 15-16-09,425,18.9102,35.6119
2019-06-02 15-16-11,425,18.9468,35.6119
2019-06-02 15-16-13,425,18.8385,35.6252
2019-06-02 15-16-15,424,18.8232,35.6546
2019-06-02 15-16-17,424,18.7729,35.6813
2019-06-02 15-16-21,424,18.6646,35.6813
2019-06-02 15-16-23,425,18.6829,35.7
2019-06-02 15-16-25,425,18.5806,35.7
2019-06-02 15-16-27,425,18.5623,35.6813
2019-06-02 15-16-29,426,18.6462,35.6413
2019-06-02 15-16-31,426,18.6462,35.6413
2019-06-02 15-16-33,426,18.6966,35.6413
2019-06-02 15-16-35,426,18.576,35.6413
2019-06-02 15-16-39,426,18.5913,35.6119
2019-06-02 15-16-41,426,18.75,35.5985
2019-06-02 15-16-43,426,18.9102,35.5852
2019-06-02 15-16-45,426,18.9789,35.5852
2019-06-02 15-16-47,427,18.9423,35.5425
2019-06-02 15-16-49,427,18.8339,35.5558
2019-06-02 15-16-51,427,18.5867,35.5291
2019-06-02 15-16-55,427,18.5867,35.5131
2019-06-02 15-16-57,428,18.5303,35.5131
2019-06-02 15-16-59,429,18.5089,35.4437
2019-06-02 15-17-01,429,18.6172,35.4303
2019-06-02 15-17-03,429,18.6172,35.4303
2019-06-02 15-17-05,430,18.6676,35.4143
2019-06-02 15-17-07,429,18.7042,35.3876
2019-06-02 15-17-09,429,18.6646,35.3876
2019-06-02 15-17-13,429,18.7729,35.3876
2019-06-02 15-17-15,429,18.9651,35.3315
2019-06-02 15-17-17,429,18.8797,35.3742
2019-06-02 15-17-19,429,18.8385,35.3315
2019-06-02 15-17-21,428,18.9651,35.3449
2019-06-02 15-17-23,429,19.017,35.3182
2019-06-02 15-17-25,428,19.0353,35.3315
2019-06-02 15-17-27,427,19.0887,35.3315
2019-06-02 15-17-31,427,19.1818,35.3876
2019-06-02 15-17-33,427,19.2169,35.3742
2019-06-02 15-17-35,426,19.2169,35.3876
2019-06-02 15-17-37,425,19.2322,35.3876
2019-06-02 15-17-39,425,19.1635,35.3876
2019-06-02 15-17-41,424,18.985,35.3876
2019-06-02 15-17-43,424,19.0567,35.3742
2019-06-02 15-17-47,424,19.1406,35.3449
2019-06-02 15-17-49,424,19.2322,35.3582
2019-06-02 15-17-51,423,19.1986,35.3742
2019-06-02 15-17-53,424,19.3222,35.3449
2019-06-02 15-17-55,424,19.4092,35.3449
2019-06-02 15-17-57,424,19.5847,35.3449
2019-06-02 15-17-59,425,19.516,35.3582
2019-06-02 15-18-01,424,19.4977,35.3582
2019-06-02 15-18-05,424,19.5663,35.3449
2019-06-02 15-18-07,424,19.693,35.3582
2019-06-02 15-18-09,425,19.6747,35.3449
2019-06-02 15-18-11,425,19.5663,35.3315
2019-06-02 15-18-13,425,19.3192,35.3182
2019-06-02 15-18-15,425,19.1757,35.3021
2019-06-02 15-18-17,425,19.1025,35.2888
2019-06-02 15-18-19,426,19.2627,35.2754
2019-06-02 15-18-23,426,19.4778,35.2888
2019-06-02 15-18-25,426,19.5801,35.2888
2019-06-02 15-18-27,427,19.6533,35.2754
2019-06-02 15-18-29,426,19.6884,35.2888
2019-06-02 15-18-31,427,19.7586,35.3182
2019-06-02 15-18-33,427,19.6884,35.2888
2019-06-02 15-18-35,427,19.4778,35.2888
2019-06-02 15-18-39,426,19.3878,35.3021
2019-06-02 15-18-41,426,19.3878,35.3021
2019-06-02 15-18-43,426,19.3192,35.3182
2019-06-02 15-18-45,424,19.2505,35.4009
2019-06-02 15-18-47,424,19.1498,35.473
2019-06-02 15-18-49,423,19.1025,35.5425
2019-06-02 15-18-51,422,19.0521,35.5852
2019-06-02 15-18-53,422,18.9484,35.6813
2019-06-02 15-18-57,421,18.8828,35.7267
2019-06-02 15-18-59,421,18.8141,35.7828
2019-06-02 15-19-01,421,18.7637,35.8255
2019-06-02 15-19-03,421,18.8202,35.8816
2019-06-02 15-19-05,422,18.8385,35.911
2019-06-02 15-19-07,422,18.8568,35.9377
2019-06-02 15-19-09,422,18.7912,35.9937
2019-06-02 15-19-13,422,18.8293,36.0365
2019-06-02 15-19-15,423,18.7225,36.0498
2019-06-02 15-19-17,424,18.8324,36.0792
2019-06-02 15-19-19,425,18.8156,36.1059
2019-06-02 15-19-21,425,18.8339,36.1379
2019-06-02 15-19-23,425,18.8889,36.1646
2019-06-02 15-19-25,426,18.837,36.1646
2019-06-02 15-19-27,426,18.8568,36.2074
2019-06-02 15-19-31,427,18.9804,36.2074
2019-06-02 15-19-33,427,18.8919,36.2207
2019-06-02 15-19-35,428,18.9484,36.2367
2019-06-02 15-19-37,428,18.8385,36.2207
2019-06-02 15-19-39,429,18.8416,36.2501
2019-06-02 15-19-41,429,18.8065,36.2367
2019-06-02 15-19-43,429,18.7317,36.2207
2019-06-02 15-19-45,429,18.7683,36.194
2019-06-02 15-19-49,430,18.7317,36.194
2019-06-02 15-19-51,430,18.6783,36.2074
2019-06-02 15-19-53,430,18.7317,36.194
2019-06-02 15-19-55,430,18.7317,36.194
2019-06-02 15-19-57,430,18.7286,36.1513
2019-06-02 15-19-59,430,18.6768,36.1646
2019-06-02 15-20-01,430,18.6234,36.1379
2019-06-02 15-20-05,431,18.4814,36.1379
2019-06-02 15-20-07,431,18.3563,36.1192
2019-06-02 15-20-09,431,18.4265,36.0925
2019-06-02 15-20-11,432,18.3701,36.0632
2019-06-02 15-20-13,432,18.4586,36.0792
2019-06-02 15-20-15,432,18.5272,36.0365
2019-06-02 15-20-17,432,18.4937,36.0498
2019-06-02 15-20-19,432,18.3853,36.0365
2019-06-02 15-20-24,433,18.3487,36.0231
2019-06-02 15-20-26,433,18.3472,35.9937
2019-06-02 15-20-28,433,18.4174,35.967
2019-06-02 15-20-30,434,18.5043,35.967
2019-06-02 15-20-32,433,18.5394,35.951
2019-06-02 15-20-34,432,18.7149,35.951
2019-06-02 15-20-36,432,18.7149,35.951
2019-06-02 15-20-40,432,18.6813,35.951
2019-06-02 15-20-42,430,18.7378,35.967
2019-06-02 15-20-44,431,18.663,35.9243
2019-06-02 15-20-46,432,18.6264,35.911
2019-06-02 15-20-48,431,18.5532,35.8682
2019-06-02 15-20-50,432,18.4982,35.8389
2019-06-02 15-20-52,432,18.4265,35.7961
2019-06-02 15-20-54,432,18.3701,35.7828
2019-06-02 15-20-58,432,18.3838,35.7267
2019-06-02 15-21-00,433,18.3472,35.668
2019-06-02 15-21-02,433,18.4357,35.668
2019-06-02 15-21-04,434,18.4174,35.6546
2019-06-02 15-21-06,433,18.4708,35.6546
2019-06-02 15-21-08,433,18.486,35.6252
2019-06-02 15-21-10,432,18.5028,35.6252
2019-06-02 15-21-12,432,18.5364,35.6252
2019-06-02 15-21-16,431,18.6081,35.5985
2019-06-02 15-21-18,431,18.6264,35.5852
2019-06-02 15-21-20,431,18.7317,35.5558
2019-06-02 15-21-22,430,18.7134,35.5558
2019-06-02 15-21-24,430,18.6401,35.5558
2019-06-02 15-21-26,429,18.6554,35.5291
2019-06-02 15-21-28,429,18.6905,35.4997
2019-06-02 15-21-32,430,18.6874,35.4864
2019-06-02 15-21-34,430,18.6508,35.457
2019-06-02 15-21-36,430,18.7088,35.4864
2019-06-02 15-21-38,430,18.7592,35.457
2019-06-02 15-21-40,430,18.811,35.4437
2019-06-02 15-21-42,430,18.8278,35.4303
2019-06-02 15-21-44,430,18.7744,35.4143
2019-06-02 15-21-46,430,18.8278,35.4437
2019-06-02 15-21-50,431,18.9514,35.4009
2019-06-02 15-21-52,430,19.1116,35.4143
2019-06-02 15-21-54,430,19.1437,35.3876
2019-06-02 15-21-56,429,19.0384,35.3582
2019-06-02 15-21-58,428,18.8782,35.3582
2019-06-02 15-22-00,428,18.8782,35.3449
2019-06-02 15-22-02,428,18.8965,35.3582
2019-06-02 15-22-06,428,18.8782,35.3315
2019-06-02 15-22-08,428,18.9484,35.3582
2019-06-02 15-22-10,428,18.9468,35.3449
2019-06-02 15-22-12,427,18.9285,35.3315
2019-06-02 15-22-14,427,18.9621,35.3021
2019-06-02 15-22-16,427,19.0887,35.3182
2019-06-02 15-22-18,428,19.104,35.3182
2019-06-02 15-22-20,427,19.1391,35.3021
2019-06-02 15-22-24,426,19.0857,35.2888
2019-06-02 15-22-26,425,19.0521,35.3021
2019-06-02 15-22-28,425,19.0674,35.2888
2019-06-02 15-22-30,425,18.9758,35.2621
2019-06-02 15-22-32,425,18.9758,35.2621
2019-06-02 15-22-34,425,19.0491,35.2621
2019-06-02 15-22-36,425,19.0292,35.2167
2019-06-02 15-22-38,425,19.0811,35.2327
2019-06-02 15-22-42,425,19.1162,35.2167
2019-06-02 15-22-44,425,19.1895,35.2327
2019-06-02 15-22-46,425,19.1727,35.246
2019-06-02 15-22-48,424,19.223,35.2327
2019-06-02 15-22-50,424,19.1544,35.2167
2019-06-02 15-22-52,423,19.1528,35.2033
2019-06-02 15-22-54,423,19.1711,35.2167
2019-06-02 15-22-58,423,19.2581,35.2033
2019-06-02 15-23-00,423,19.313,35.2033
2019-06-02 15-23-02,423,19.2917,35.2033
2019-06-02 15-23-04,422,19.2917,35.1873
2019-06-02 15-23-06,422,19.2917,35.1873
2019-06-02 15-23-08,422,19.2215,35.1873
2019-06-02 15-23-10,422,19.2581,35.2033
2019-06-02 15-23-12,422,19.3283,35.2033
2019-06-02 15-23-16,422,19.313,35.2033
2019-06-02 15-23-18,422,19.3314,35.2167
2019-06-02 15-23-20,422,19.1544,35.2327
2019-06-02 15-23-22,422,19.1177,35.246
2019-06-02 15-23-24,422,19.1757,35.2754
2019-06-02 15-23-26,422,19.1208,35.2888
2019-06-02 15-23-28,422,19.2276,35.2888
2019-06-02 15-23-30,423,19.3176,35.2754
2019-06-02 15-23-34,423,19.3359,35.3021
2019-06-02 15-23-36,423,19.3512,35.2888
2019-06-02 15-23-38,423,19.4382,35.2888
2019-06-02 15-23-40,423,19.5831,35.3021
2019-06-02 15-23-42,423,19.5297,35.3182
2019-06-02 15-23-44,423,19.4229,35.3182
2019-06-02 15-23-46,423,19.2993,35.3021
2019-06-02 15-23-50,423,19.281,35.3021
2019-06-02 15-23-52,423,19.2123,35.3021
2019-06-02 15-23-54,424,19.194,35.2888
2019-06-02 15-23-56,424,19.191,35.2754
2019-06-02 15-23-58,424,19.2276,35.3021
2019-06-02 15-24-00,425,19.2993,35.3021
2019-06-02 15-24-02,426,19.3695,35.3021
2019-06-02 15-24-04,427,19.3512,35.2888
2019-06-02 15-24-08,427,19.4046,35.2888
2019-06-02 15-24-10,427,19.5297,35.2888
2019-06-02 15-24-12,426,19.5328,35.3315
2019-06-02 15-24-14,426,19.5328,35.3315
2019-06-02 15-24-16,425,19.4794,35.3449
2019-06-02 15-24-18,425,19.4092,35.3582
2019-06-02 15-24-20,425,19.3192,35.3182
2019-06-02 15-24-24,426,19.3192,35.3315
2019-06-02 15-24-26,425,19.3924,35.3742
2019-06-02 15-24-28,426,19.3909,35.3449
2019-06-02 15-24-30,426,19.4962,35.3315
2019-06-02 15-24-32,426,19.4794,35.3449
2019-06-02 15-24-34,427,19.5328,35.3449
2019-06-02 15-24-36,426,19.5511,35.3582
2019-06-02 15-24-38,426,19.5694,35.3582
2019-06-02 15-24-42,426,19.6014,35.3449
2019-06-02 15-24-44,426,19.5511,35.3449
2019-06-02 15-24-46,427,19.5877,35.3876
2019-06-02 15-24-48,427,19.5694,35.3876
2019-06-02 15-24-50,427,19.4595,35.3449
2019-06-02 15-24-52,427,19.5511,35.3449
2019-06-02 15-24-54,427,19.5847,35.3449
2019-06-02 15-24-56,427,19.5145,35.3449
2019-06-02 15-25-00,427,19.5297,35.3182
2019-06-02 15-25-02,427,19.5145,35.3182
2019-06-02 15-25-04,427,19.4412,35.3315
2019-06-02 15-25-06,428,19.3878,35.3182
2019-06-02 15-25-08,428,19.4229,35.3021
2019-06-02 15-25-10,428,19.3726,35.3182
2019-06-02 15-25-12,428,19.4565,35.2888
2019-06-02 15-25-16,428,19.5465,35.3021
2019-06-02 15-25-18,429,19.6533,35.2754
2019-06-02 15-25-20,429,19.635,35.2621
2019-06-02 15-25-22,430,19.455,35.2621
2019-06-02 15-25-24,431,19.4382,35.2621
2019-06-02 15-25-26,431,19.1727,35.246
2019-06-02 15-25-28,431,19.1895,35.2327
2019-06-02 15-25-30,432,19.3329,35.246
2019-06-02 15-25-34,433,19.3329,35.2621
2019-06-02 15-25-36,432,19.2413,35.2167
2019-06-02 15-25-38,432,19.191,35.246
2019-06-02 15-25-40,432,19.223,35.2167
2019-06-02 15-25-42,433,19.3314,35.2327
2019-06-02 15-25-44,433,19.3832,35.2327
2019-06-02 15-25-46,432,19.4733,35.2327
2019-06-02 15-25-48,432,19.5938,35.2327
2019-06-02 15-25-52,431,19.6518,35.246
2019-06-02 15-25-54,431,19.5435,35.246
2019-06-02 15-25-56,430,19.5786,35.2327
2019-06-02 15-25-58,430,19.6854,35.2621
2019-06-02 15-26-00,430,19.635,35.2621
2019-06-02 15-26-02,430,19.5618,35.246
2019-06-02 15-26-04,430,19.4382,35.2754
2019-06-02 15-26-08,429,19.3863,35.2754
2019-06-02 15-26-10,429,19.3359,35.2888
2019-06-02 15-26-12,428,19.3512,35.2888
2019-06-02 15-26-14,428,19.3359,35.3021
2019-06-02 15-26-17,427,19.3542,35.3021
2019-06-02 15-26-19,427,19.2642,35.3315
2019-06-02 15-26-21,426,19.2459,35.3182
2019-06-02 15-26-23,426,19.1803,35.3449
2019-06-02 15-26-27,425,19.3558,35.3449
2019-06-02 15-26-29,426,19.3405,35.3742
2019-06-02 15-26-31,426,19.3054,35.4303
2019-06-02 15-26-33,426,19.2917,35.473
2019-06-02 15-26-35,426,19.2261,35.5291
2019-06-02 15-26-37,427,19.1757,35.5692
2019-06-02 15-26-39,427,19.0887,35.6119
2019-06-02 15-26-41,427,19.0353,35.6252
2019-06-02 15-26-45,427,18.9972,35.5985
2019-06-02 15-26-47,428,18.9102,35.5985
2019-06-02 15-26-49,429,18.8919,35.5852
2019-06-02 15-26-51,430,18.8522,35.5425
2019-06-02 15-26-53,431,18.8507,35.5131
2019-06-02 15-26-55,433,18.9209,35.4864
2019-06-02 15-26-57,435,18.9194,35.473
2019-06-02 15-27-01,435,19.0262,35.4437
2019-06-02 15-27-03,436,19.0079,35.4437
2019-06-02 15-27-05,436,18.9697,35.4143
2019-06-02 15-27-07,434,19.0201,35.3582
2019-06-02 15-27-09,434,18.9835,35.3742
2019-06-02 15-27-11,434,19.1406,35.3449
2019-06-02 15-27-13,432,19.2307,35.3315
2019-06-02 15-27-15,430,19.162,35.3449
2019-06-02 15-27-19,431,19.1803,35.3449
2019-06-02 15-27-21,431,19.2642,35.3315
2019-06-02 15-27-23,431,19.162,35.3582
2019-06-02 15-27-25,432,19.2825,35.3315
2019-06-02 15-27-27,432,19.4962,35.3315
2019-06-02 15-27-29,433,19.6014,35.3182
2019-06-02 15-27-31,432,19.6564,35.3449
2019-06-02 15-27-33,431,19.5648,35.3021
2019-06-02 15-27-37,430,19.5831,35.3182
2019-06-02 15-27-39,429,19.4595,35.3315
2019-06-02 15-27-41,428,19.4229,35.3182
2019-06-02 15-27-43,427,19.3558,35.3449
2019-06-02 15-27-45,426,19.4244,35.3449
2019-06-02 15-27-47,426,19.3909,35.3315
2019-06-02 15-27-49,426,19.4412,35.3182
2019-06-02 15-27-53,426,19.4061,35.3182
2019-06-02 15-27-55,425,19.4794,35.3315
2019-06-02 15-27-57,426,19.4794,35.3449
2019-06-02 15-27-59,426,19.548,35.3315
2019-06-02 15-28-01,424,19.6579,35.3582
2019-06-02 15-28-03,424,19.7266,35.3449
2019-06-02 15-28-05,424,19.6747,35.3582
2019-06-02 15-28-07,424,19.6762,35.3876
2019-06-02 15-28-11,422,19.4839,35.4143
2019-06-02 15-28-13,422,19.4138,35.4437
2019-06-02 15-28-15,421,19.3283,35.4864
2019-06-02 15-28-17,421,19.3329,35.5425
2019-06-02 15-28-19,420,19.2444,35.5692
2019-06-02 15-28-21,419,19.2093,35.5558
2019-06-02 15-28-23,419,19.2642,35.5985
2019-06-02 15-28-25,420,19.2459,35.5852
2019-06-02 15-28-29,420,19.2459,35.5852
2019-06-02 15-28-31,420,19.2123,35.5852
2019-06-02 15-28-33,420,19.1757,35.5852
2019-06-02 15-28-35,420,19.1757,35.5852
2019-06-02 15-28-37,420,19.2276,35.5852
2019-06-02 15-28-39,421,19.194,35.5852
2019-06-02 15-28-41,422,19.0674,35.5558
2019-06-02 15-28-45,422,19.1727,35.5425
2019-06-02 15-28-47,422,19.278,35.5558
2019-06-02 15-28-49,422,19.2947,35.5425
2019-06-02 15-28-51,422,19.313,35.5558
2019-06-02 15-28-53,421,19.3146,35.5852
2019-06-02 15-28-55,421,19.3146,35.5692
2019-06-02 15-28-57,421,19.2642,35.6252
2019-06-02 15-28-59,423,19.1772,35.6119
2019-06-02 15-29-03,423,19.072,35.6546
2019-06-02 15-29-05,422,19.1071,35.6413
2019-06-02 15-29-07,422,19.0201,35.6413
2019-06-02 15-29-09,422,19.0567,35.6546
2019-06-02 15-29-11,421,18.9651,35.6546
2019-06-02 15-29-13,421,19.0018,35.6813
2019-06-02 15-29-15,422,18.9529,35.7267
2019-06-02 15-29-19,422,18.988,35.7267
2019-06-02 15-29-21,422,18.9529,35.7401
2019-06-02 15-29-23,422,18.9713,35.7401
2019-06-02 15-29-25,423,18.9713,35.7561
2019-06-02 15-29-27,423,18.9529,35.7561
2019-06-02 15-29-29,424,18.9209,35.7694
2019-06-02 15-29-31,424,18.9377,35.7694
2019-06-02 15-29-33,425,18.9529,35.7561
2019-06-02 15-29-37,425,19.0292,35.7828
2019-06-02 15-29-39,425,18.9713,35.7694
2019-06-02 15-29-41,425,18.9697,35.7267
2019-06-02 15-29-43,425,18.8828,35.7267
2019-06-02 15-29-45,425,18.811,35.7267
2019-06-02 15-29-47,425,18.8278,35.7134
2019-06-02 15-29-49,425,18.7744,35.7134
2019-06-02 15-29-51,424,18.7225,35.7134
2019-06-02 15-29-55,425,18.6859,35.7401
2019-06-02 15-29-57,424,18.7424,35.7561
2019-06-02 15-29-59,424,18.7958,35.7561
2019-06-02 15-30-01,425,18.8293,35.7694
2019-06-02 15-30-03,424,18.8644,35.7694
2019-06-02 15-30-05,425,19.0948,35.7561
2019-06-02 15-30-07,425,19.2215,35.7401
2019-06-02 15-30-11,425,19.1498,35.7828
2019-06-02 15-30-13,424,19.0613,35.7561
2019-06-02 15-30-15,425,18.8873,35.7828
2019-06-02 15-30-17,425,18.7607,35.7694
2019-06-02 15-30-19,425,18.7973,35.7961
2019-06-02 15-30-21,425,18.8141,35.7828
2019-06-02 15-30-23,425,18.9529,35.7401
2019-06-02 15-30-25,425,19.0247,35.7267
2019-06-02 15-30-29,425,19.2184,35.7134
2019-06-02 15-30-31,425,19.3604,35.7
2019-06-02 15-30-33,425,19.3588,35.668
2019-06-02 15-30-35,425,19.2688,35.7
2019-06-02 15-30-37,425,19.0247,35.7267
2019-06-02 15-30-39,425,18.985,35.7
2019-06-02 15-30-41,425,18.8843,35.7561
2019-06-02 15-30-43,424,18.9026,35.7694
2019-06-02 15-30-47,424,18.9896,35.7694
2019-06-02 15-30-49,424,18.8873,35.7961
2019-06-02 15-30-51,424,18.8141,35.7961
2019-06-02 15-30-53,424,18.8873,35.7828
2019-06-02 15-30-55,423,18.8293,35.7561
2019-06-02 15-30-57,423,19.0613,35.7401
2019-06-02 15-30-59,423,19.0948,35.7267
2019-06-02 15-31-03,423,19.0247,35.7267
2019-06-02 15-31-05,423,19.0033,35.7
2019-06-02 15-31-07,422,18.9011,35.7267
2019-06-02 15-31-09,422,18.8477,35.7694
2019-06-02 15-31-11,422,18.866,35.7961
2019-06-02 15-31-13,421,18.7286,35.8389
2019-06-02 15-31-15,422,18.8507,35.8255
2019-06-02 15-31-17,422,18.8507,35.8122
2019-06-02 15-31-21,423,18.8324,35.8122
2019-06-02 15-31-23,424,18.8477,35.7694
2019-06-02 15-31-25,424,18.8461,35.7401
2019-06-02 15-31-27,425,18.8248,35.6813
2019-06-02 15-31-29,425,18.7363,35.6252
2019-06-02 15-31-31,425,18.6783,35.6252
2019-06-02 15-31-33,427,18.75,35.5852
2019-06-02 15-31-35,427,18.75,35.5692
2019-06-02 15-31-39,427,18.782,35.5291
2019-06-02 15-31-41,428,18.7286,35.5131
2019-06-02 15-31-43,429,18.6874,35.4864
2019-06-02 15-31-45,429,18.7088,35.473
2019-06-02 15-31-48,429,18.7775,35.457
2019-06-02 15-31-50,429,18.869,35.473
2019-06-02 15-31-52,428,18.9377,35.457
2019-06-02 15-31-56,427,18.956,35.4864
2019-06-02 15-31-58,426,18.9896,35.4864
2019-06-02 15-32-00,426,19.0292,35.5131
2019-06-02 15-32-02,424,18.9392,35.5291
2019-06-02 15-32-04,423,18.9423,35.5558
2019-06-02 15-32-06,423,18.9255,35.5558
2019-06-02 15-32-08,422,18.8919,35.5852
2019-06-02 15-32-10,421,18.8934,35.6119
2019-06-02 15-32-14,420,18.7683,35.5985
2019-06-02 15-32-16,418,18.6813,35.6413
2019-06-02 15-32-18,419,18.8202,35.5985
2019-06-02 15-32-20,419,18.8019,35.5852
2019-06-02 15-32-22,419,18.8934,35.5985
2019-06-02 15-32-24,420,18.8553,35.5985
2019-06-02 15-32-26,419,18.7683,35.5852
2019-06-02 15-32-28,419,18.8522,35.5425
2019-06-02 15-32-32,420,18.9575,35.5291
2019-06-02 15-32-34,420,18.8477,35.4997
2019-06-02 15-32-36,423,18.6905,35.4997
2019-06-02 15-32-38,424,18.5684,35.5131
2019-06-02 15-32-40,424,18.4616,35.4997
2019-06-02 15-32-42,423,18.4753,35.457
2019-06-02 15-32-44,422,18.5486,35.457
2019-06-02 15-32-48,422,18.6005,35.457
2019-06-02 15-32-50,421,18.7088,35.473
2019-06-02 15-32-52,421,18.6691,35.473
2019-06-02 15-32-54,422,18.8324,35.4997
2019-06-02 15-32-56,421,18.9194,35.457
2019-06-02 15-32-58,420,18.956,35.4864
2019-06-02 15-33-00,419,19.0109,35.4864
2019-06-02 15-33-02,420,19.0109,35.4864
2019-06-02 15-33-06,419,19.0262,35.457
2019-06-02 15-33-08,418,18.9377,35.473
2019-06-02 15-33-10,419,19.0628,35.473
2019-06-02 15-33-12,419,19.1162,35.4864
2019-06-02 15-33-14,419,18.9026,35.473
2019-06-02 15-33-16,419,18.9194,35.473
2019-06-02 15-33-18,418,18.8324,35.4864
2019-06-02 15-33-20,417,18.7973,35.5131
2019-06-02 15-33-24,417,18.8889,35.5425
2019-06-02 15-33-26,416,18.7973,35.4997
2019-06-02 15-33-28,417,18.8339,35.5425
2019-06-02 15-33-30,418,18.9606,35.5558
2019-06-02 15-33-32,418,18.8919,35.5692
2019-06-02 15-33-34,418,18.837,35.5692
2019-06-02 15-33-36,419,18.8705,35.5425
2019-06-02 15-33-40,418,18.8889,35.5291
2019-06-02 15-33-42,418,18.8522,35.5558
2019-06-02 15-33-44,418,18.8004,35.5558
2019-06-02 15-33-46,419,18.7469,35.5558
2019-06-02 15-33-48,419,18.9072,35.5425
2019-06-02 15-33-50,419,18.8522,35.5692
2019-06-02 15-33-52,420,18.8156,35.5291
2019-06-02 15-33-54,419,18.7973,35.5291
2019-06-02 15-33-58,420,18.8339,35.5558
2019-06-02 15-34-00,419,18.8187,35.5558
2019-06-02 15-34-02,419,18.8019,35.5692
2019-06-02 15-34-04,419,18.8736,35.5692
2019-06-02 15-34-06,420,18.9072,35.5558
2019-06-02 15-34-08,420,18.8187,35.5692
2019-06-02 15-34-10,420,18.7836,35.5558
2019-06-02 15-34-12,420,18.8187,35.5558
2019-06-02 15-34-16,420,18.8156,35.5425
2019-06-02 15-34-18,419,18.9438,35.5692
2019-06-02 15-34-20,420,18.8004,35.5558
2019-06-02 15-34-22,419,18.782,35.5425
2019-06-02 15-34-24,419,18.8553,35.5852
2019-06-02 15-34-26,419,18.6584,35.5558
2019-06-02 15-34-28,419,18.7836,35.5558
2019-06-02 15-34-32,419,18.8751,35.5852
2019-06-02 15-34-34,420,18.9438,35.5692
2019-06-02 15-34-36,420,18.9255,35.5692
2019-06-02 15-34-38,420,18.8705,35.5425
2019-06-02 15-34-40,421,18.9072,35.5692
2019-06-02 15-34-42,421,19.0155,35.5425
2019-06-02 15-34-44,421,19.0155,35.5425
2019-06-02 15-34-46,421,19.1208,35.5692
2019-06-02 15-34-50,422,19.1177,35.5291
2019-06-02 15-34-52,422,19.1895,35.4997
2019-06-02 15-34-54,422,19.1895,35.4997
2019-06-02 15-34-56,422,19.1711,35.4864
2019-06-02 15-34-58,422,19.0811,35.4997
2019-06-02 15-35-00,422,19.0613,35.457
2019-06-02 15-35-02,423,19.0796,35.457
2019-06-02 15-35-06,423,19.0796,35.4864
2019-06-02 15-35-08,423,19.1132,35.4437
2019-06-02 15-35-10,423,19.0948,35.4437
2019-06-02 15-35-12,423,18.988,35.4303
2019-06-02 15-35-14,422,18.9194,35.4437
2019-06-02 15-35-16,423,18.9301,35.3742
2019-06-02 15-35-18,423,19.0033,35.3742
2019-06-02 15-35-20,423,19.072,35.3582
2019-06-02 15-35-24,422,19.1818,35.3876
2019-06-02 15-35-26,422,19.3405,35.3582
2019-06-02 15-35-28,421,19.3542,35.3315
2019-06-02 15-35-30,421,19.3008,35.3582
2019-06-02 15-35-32,422,19.2673,35.3742
2019-06-02 15-35-34,422,19.2139,35.3582
2019-06-02 15-35-36,421,19.2673,35.3582
2019-06-02 15-35-38,421,19.2825,35.3582
2019-06-02 15-35-42,421,19.3924,35.3742
2019-06-02 15-35-44,421,19.2673,35.3582
2019-06-02 15-35-46,420,19.1223,35.3315
2019-06-02 15-35-48,420,18.9804,35.3449
2019-06-02 15-35-50,420,19.104,35.3182
2019-06-02 15-35-52,420,19.249,35.3449
2019-06-02 15-35-54,419,19.2856,35.3876
2019-06-02 15-35-58,419,19.1269,35.3876
2019-06-02 15-36-00,420,19.0567,35.3742
2019-06-02 15-36-02,420,19.072,35.3742
2019-06-02 15-36-04,420,19.0567,35.3742
2019-06-02 15-36-06,420,19.1086,35.3742
2019-06-02 15-36-08,420,19.072,35.3582
2019-06-02 15-36-10,420,19.0903,35.3742
2019-06-02 15-36-12,420,19.1086,35.3742
2019-06-02 15-36-16,420,19.1437,35.3742
2019-06-02 15-36-18,420,19.1254,35.3742
2019-06-02 15-36-20,420,19.0384,35.3742
2019-06-02 15-36-22,420,19.1406,35.3582
2019-06-02 15-36-24,420,19.1071,35.3449
2019-06-02 15-36-26,420,19.0216,35.3876
2019-06-02 15-36-28,421,18.9148,35.3876
2019-06-02 15-36-32,420,18.8416,35.3742
2019-06-02 15-36-34,420,18.9667,35.4009
2019-06-02 15-36-36,420,18.8843,35.457
2019-06-02 15-36-38,419,18.866,35.4437
2019-06-02 15-36-40,419,18.8843,35.473
2019-06-02 15-36-42,419,18.869,35.4997
2019-06-02 15-36-44,419,18.7637,35.5291
2019-06-02 15-36-46,419,18.7836,35.5692
2019-06-02 15-36-50,419,18.7332,35.6119
2019-06-02 15-36-52,419,18.6966,35.6413
2019-06-02 15-36-54,419,18.6279,35.6546
2019-06-02 15-36-56,419,18.5959,35.6813
2019-06-02 15-36-58,420,18.6325,35.7
2019-06-02 15-37-00,420,18.5806,35.7267
2019-06-02 15-37-02,420,18.5806,35.7267
2019-06-02 15-37-06,421,18.5989,35.7401
2019-06-02 15-37-08,421,18.5272,35.7401
2019-06-02 15-37-10,421,18.544,35.7134
2019-06-02 15-37-12,421,18.4906,35.7267
2019-06-02 15-37-14,421,18.4891,35.7
2019-06-02 15-37-16,421,18.4387,35.7
2019-06-02 15-37-18,422,18.3838,35.7134
2019-06-02 15-37-20,422,18.3517,35.7694
2019-06-02 15-37-24,422,18.3197,35.7961
2019-06-02 15-37-26,422,18.3746,35.8389
2019-06-02 15-37-28,423,18.4814,35.8682
2019-06-02 15-37-30,423,18.5913,35.911
2019-06-02 15-37-32,424,18.5577,35.951
2019-06-02 15-37-34,423,18.6127,35.967
2019-06-02 15-37-36,424,18.541,35.9804
2019-06-02 15-37-40,425,18.4021,36.0231
2019-06-02 15-37-42,426,18.2571,36.0071
2019-06-02 15-37-44,425,18.1198,36.0071
2019-06-02 15-37-46,425,18.1198,36.0071
2019-06-02 15-37-48,425,18.0969,35.967
2019-06-02 15-37-50,425,18.1503,35.951
2019-06-02 15-37-52,425,18.0588,35.9243
2019-06-02 15-37-55,426,18.129,35.8949
2019-06-02 15-37-59,427,18.1641,35.8682
2019-06-02 15-38-01,427,18.1091,35.8255
2019-06-02 15-38-03,427,18.2281,35.7828
2019-06-02 15-38-05,427,18.367,35.7561
2019-06-02 15-38-07,428,18.4219,35.7561
2019-06-02 15-38-09,428,18.4402,35.7401
2019-06-02 15-38-11,428,18.5623,35.7134
2019-06-02 15-38-15,428,18.5226,35.668
2019-06-02 15-38-17,428,18.5959,35.6813
2019-06-02 15-38-19,427,18.6127,35.668
2019-06-02 15-38-21,427,18.5776,35.6546
2019-06-02 15-38-23,427,18.5211,35.6413
2019-06-02 15-38-25,426,18.4387,35.7
2019-06-02 15-38-27,425,18.457,35.7267
2019-06-02 15-38-29,425,18.3334,35.7561
2019-06-02 15-38-33,424,18.3334,35.7561
2019-06-02 15-38-35,424,18.3334,35.7561
2019-06-02 15-38-37,423,18.3304,35.7267
2019-06-02 15-38-39,424,18.3517,35.7561
2019-06-02 15-38-41,424,18.3853,35.7561
2019-06-02 15-38-43,424,18.4067,35.7694
2019-06-02 15-38-45,425,18.4067,35.7561
2019-06-02 15-38-47,425,18.3517,35.7561
2019-06-02 15-38-51,425,18.4219,35.7267
2019-06-02 15-38-53,425,18.367,35.7267
2019-06-02 15-38-55,425,18.3472,35.6813
2019-06-02 15-38-57,425,18.3807,35.6813
2019-06-02 15-38-59,425,18.3624,35.668
2019-06-02 15-39-01,425,18.4021,35.7
2019-06-02 15-39-03,424,18.4021,35.6813
2019-06-02 15-39-07,425,18.5074,35.7
2019-06-02 15-39-09,425,18.4891,35.7
2019-06-02 15-39-11,425,18.4753,35.7267
2019-06-02 15-39-13,424,18.5257,35.7134
2019-06-02 15-39-15,425,18.6691,35.7561
2019-06-02 15-39-17,424,18.7775,35.7561
2019-06-02 15-39-19,424,18.811,35.7401
2019-06-02 15-39-21,424,18.7927,35.7401
2019-06-02 15-39-25,423,18.8141,35.7694
2019-06-02 15-39-27,423,18.8141,35.7828
2019-06-02 15-39-29,422,18.8141,35.7961
2019-06-02 15-39-31,423,18.779,35.7961
2019-06-02 15-39-33,423,18.7454,35.7828
2019-06-02 15-39-35,423,18.7286,35.8255
2019-06-02 15-39-37,423,18.6737,35.8122
2019-06-02 15-39-41,423,18.6905,35.8122
2019-06-02 15-39-43,423,18.5852,35.7828
2019-06-02 15-39-45,422,18.6371,35.7961
2019-06-02 15-39-47,422,18.6035,35.7961
2019-06-02 15-39-49,423,18.7454,35.7961
2019-06-02 15-39-51,422,18.7958,35.7694
2019-06-02 15-39-53,423,18.7454,35.8122
2019-06-02 15-39-55,423,18.7271,35.7828
2019-06-02 15-39-59,423,18.7454,35.7828
2019-06-02 15-40-01,422,18.7607,35.7828
2019-06-02 15-40-03,422,18.7637,35.7961
2019-06-02 15-40-05,423,18.779,35.7961
2019-06-02 15-40-07,423,18.8141,35.7961
2019-06-02 15-40-09,423,18.7607,35.7694
2019-06-02 15-40-11,423,18.8324,35.7828
2019-06-02 15-40-13,424,18.7927,35.7134
2019-06-02 15-40-17,424,18.8431,35.7134
2019-06-02 15-40-19,423,18.7561,35.7
2019-06-02 15-40-21,424,18.7378,35.6813
2019-06-02 15-40-23,424,18.6813,35.6546
2019-06-02 15-40-25,423,18.6279,35.6252
2019-06-02 15-40-27,423,18.5226,35.6546
2019-06-02 15-40-29,423,18.4845,35.5985
2019-06-02 15-40-33,423,18.4998,35.5852
2019-06-02 15-40-35,423,18.4494,35.5985
2019-06-02 15-40-37,423,18.4341,35.6252
2019-06-02 15-40-39,423,18.4525,35.6546
2019-06-02 15-40-41,422,18.4708,35.6813
2019-06-02 15-40-43,422,18.4036,35.7267
2019-06-02 15-40-45,422,18.4067,35.7561
2019-06-02 15-40-47,421,18.3716,35.8122
2019-06-02 15-40-51,420,18.3563,35.8549
2019-06-02 15-40-53,418,18.251,35.8816
2019-06-02 15-40-55,417,18.2739,35.9243
2019-06-02 15-40-57,419,18.2526,35.9243
2019-06-02 15-40-59,421,18.2388,35.967
2019-06-02 15-41-01,423,18.2205,35.951
2019-06-02 15-41-03,423,18.1702,35.9804
2019-06-02 15-41-07,423,18.1381,36.0365
2019-06-02 15-41-09,421,18.1244,36.1059
2019-06-02 15-41-11,418,18.1091,36.1646
2019-06-02 15-41-13,415,18.0923,36.194
2019-06-02 15-41-15,416,18.1839,36.2367
2019-06-02 15-41-17,419,18.2053,36.2768
2019-06-02 15-41-19,423,18.045,36.2928
2019-06-02 15-41-21,424,18.0496,36.3489
2019-06-02 15-41-25,424,17.9413,36.3623
2019-06-02 15-41-27,425,17.9123,36.4317
2019-06-02 15-41-29,424,17.894,36.445
2019-06-02 15-41-31,426,17.8589,36.445
2019-06-02 15-41-33,427,17.8802,36.4744
2019-06-02 15-41-35,427,17.8802,36.4744
2019-06-02 15-41-37,428,17.7567,36.5011
2019-06-02 15-41-41,429,17.7567,36.5171
2019-06-02 15-41-43,429,17.6895,36.5599
2019-06-02 15-41-45,431,17.5461,36.5438
2019-06-02 15-41-47,432,17.5659,36.6026
2019-06-02 15-41-49,433,17.5507,36.632
2019-06-02 15-41-51,434,17.5339,36.632
2019-06-02 15-41-53,434,17.5507,36.6186
2019-06-02 15-41-55,435,17.4973,36.6747
2019-06-02 15-41-59,434,17.5369,36.688
2019-06-02 15-42-01,434,17.5568,36.7308
2019-06-02 15-42-03,434,17.5415,36.7575
2019-06-02 15-42-05,435,17.4652,36.7308
2019-06-02 15-42-07,435,17.45,36.7575
2019-06-02 15-42-09,434,17.3996,36.7868
2019-06-02 15-42-11,433,17.3828,36.8135
2019-06-02 15-42-15,433,17.3859,36.8269
2019-06-02 15-42-17,433,17.3462,36.8269
2019-06-02 15-42-19,433,17.3828,36.8135
2019-06-02 15-42-21,433,17.3309,36.8269
2019-06-02 15-42-23,433,17.3859,36.8429
2019-06-02 15-42-25,434,17.2806,36.8696
2019-06-02 15-42-27,435,17.2958,36.8563
2019-06-02 15-42-29,435,17.3141,36.8563
2019-06-02 15-42-33,435,17.276,36.8135
2019-06-02 15-42-35,435,17.3096,36.7868
2019-06-02 15-42-37,436,17.3599,36.7308
2019-06-02 15-42-39,436,17.3767,36.6747
2019-06-02 15-42-41,436,17.4606,36.632
2019-06-02 15-42-43,436,17.482,36.6747
2019-06-02 15-42-45,436,17.4271,36.632
2019-06-02 15-42-49,436,17.4286,36.688
2019-06-02 15-42-51,435,17.4637,36.688
2019-06-02 15-42-53,434,17.4973,36.6747
2019-06-02 15-42-55,433,17.4973,36.6587
2019-06-02 15-42-57,432,17.6758,36.6747
2019-06-02 15-42-59,432,17.7109,36.6186
2019-06-02 15-43-01,432,17.8131,36.6026
2019-06-02 15-43-03,431,17.7795,36.5866
2019-06-02 15-43-07,431,17.7429,36.5599
2019-06-02 15-43-09,431,17.7933,36.5438
2019-06-02 15-43-11,430,17.8635,36.5011
2019-06-02 15-43-13,430,17.8452,36.4878
2019-06-02 15-43-15,431,17.8436,36.445
2019-06-02 15-43-17,431,17.8757,36.405
2019-06-02 15-43-19,432,17.9993,36.3756
2019-06-02 15-43-21,432,17.923,36.3329
2019-06-02 15-43-25,431,17.9214,36.3062
2019-06-02 15-43-27,430,17.8864,36.2928
2019-06-02 15-43-30,430,17.9733,36.2501
2019-06-02 15-43-32,429,18.042,36.2501
2019-06-02 15-43-34,429,18.1824,36.2074
2019-06-02 15-43-36,429,18.2007,36.194
2019-06-02 15-43-38,428,18.2693,36.178
2019-06-02 15-43-42,428,18.2663,36.1646
2019-06-02 15-43-44,427,18.3029,36.1379
2019-06-02 15-43-46,427,18.3197,36.1059
2019-06-02 15-43-48,427,18.1427,36.1059
2019-06-02 15-43-50,427,18.1412,36.0632
2019-06-02 15-43-52,427,18.0679,36.0498
2019-06-02 15-43-54,427,18.1,36.0071
2019-06-02 15-43-56,427,18.1519,35.9804
2019-06-02 15-44-00,427,18.1686,35.967
2019-06-02 15-44-02,426,18.1656,35.9243
2019-06-02 15-44-04,426,18.219,35.9243
2019-06-02 15-44-06,425,18.3075,35.911
2019-06-02 15-44-08,425,18.2693,35.8549
2019-06-02 15-44-10,425,18.2327,35.8682
2019-06-02 15-44-12,425,18.1824,35.8816
2019-06-02 15-44-16,424,18.2892,35.911
2019-06-02 15-44-18,423,18.1519,35.967
2019-06-02 15-44-20,424,18.187,35.967
2019-06-02 15-44-22,423,18.1183,35.9937
2019-06-02 15-44-24,423,18.1198,36.0231
2019-06-02 15-44-26,423,18.0679,36.0498
2019-06-02 15-44-28,423,18.0328,36.0632
2019-06-02 15-44-30,422,17.9962,36.0498
2019-06-02 15-44-34,422,18.0832,36.0632
2019-06-02 15-44-36,422,18.1564,36.0498
2019-06-02 15-44-38,422,18.1549,36.0365
2019-06-02 15-44-40,422,18.1702,35.9937
2019-06-02 15-44-42,423,18.2205,35.951
2019-06-02 15-44-44,422,18.2526,35.9243
2019-06-02 15-44-46,423,18.2892,35.8949
2019-06-02 15-44-48,424,18.3243,35.8816
2019-06-02 15-44-52,423,18.248,35.8255
2019-06-02 15-44-54,423,18.3029,35.8389
2019-06-02 15-44-56,423,18.3533,35.7961
2019-06-02 15-44-58,423,18.4769,35.7961
2019-06-02 15-45-00,423,18.5135,35.8255
2019-06-02 15-45-02,423,18.4799,35.8255
2019-06-02 15-45-04,423,18.5165,35.8389
2019-06-02 15-45-08,422,18.4982,35.8255
2019-06-02 15-45-10,422,18.4799,35.8255
2019-06-02 15-45-12,422,18.5135,35.8255
2019-06-02 15-45-14,421,18.5181,35.8816
2019-06-02 15-45-16,421,18.4814,35.8682
2019-06-02 15-45-18,421,18.5944,35.9243
2019-06-02 15-45-20,421,18.6783,35.8949
2019-06-02 15-45-22,421,18.5913,35.911
2019-06-02 15-45-26,421,18.4998,35.8949
2019-06-02 15-45-28,421,18.3807,35.9804
2019-06-02 15-45-30,421,18.4891,35.967
2019-06-02 15-45-32,421,18.4723,36.0071
2019-06-02 15-45-34,422,18.3853,36.0498
2019-06-02 15-45-36,421,18.3884,36.0792
2019-06-02 15-45-38,421,18.3563,36.1192
2019-06-02 15-45-42,421,18.3243,36.194
2019-06-02 15-45-44,421,18.2022,36.2501
2019-06-02 15-45-46,421,18.2022,36.2367
2019-06-02 15-45-48,423,18.0084,36.2367
2019-06-02 15-45-50,424,18.0222,36.194
2019-06-02 15-45-52,424,18.0725,36.1646
2019-06-02 15-45-54,425,18.1931,36.0925
2019-06-02 15-45-56,426,18.367,36.0498
2019-06-02 15-46-00,428,18.4021,36.0071
2019-06-02 15-46-02,431,18.454,35.967
2019-06-02 15-46-04,432,18.5043,35.967
2019-06-02 15-46-06,430,18.4525,35.9377
2019-06-02 15-46-08,433,18.4158,35.911
2019-06-02 15-46-10,429,18.4525,35.9377
2019-06-02 15-46-12,427,18.4341,35.9377
2019-06-02 15-46-16,424,18.4677,35.9377
2019-06-02 15-46-18,418,18.4494,35.9243
2019-06-02 15-46-20,419,18.3975,35.9377
2019-06-02 15-46-22,419,18.4708,35.967
2019-06-02 15-46-24,421,18.5547,35.9243
2019-06-02 15-46-26,422,18.6279,35.9243
2019-06-02 15-46-28,424,18.6264,35.8949
2019-06-02 15-46-30,423,18.5898,35.8816
2019-06-02 15-46-34,423,18.7836,35.8549
2019-06-02 15-46-36,423,18.7836,35.8682
2019-06-02 15-46-38,423,18.7653,35.8389
2019-06-02 15-46-40,424,18.7653,35.8389
2019-06-02 15-46-42,423,18.692,35.8389
2019-06-02 15-46-44,422,18.6951,35.8816
2019-06-02 15-46-46,420,18.6783,35.8949
2019-06-02 15-46-48,420,18.7515,35.8949
2019-06-02 15-46-52,420,18.7836,35.8816
2019-06-02 15-46-54,420,18.7332,35.8949
2019-06-02 15-46-56,420,18.486,35.9243
2019-06-02 15-46-58,420,18.3792,35.9243
2019-06-02 15-47-00,419,18.486,35.9243
2019-06-02 15-47-02,420,18.5364,35.9243
2019-06-02 15-47-04,420,18.5776,35.951
2019-06-02 15-47-08,419,18.6279,35.951
2019-06-02 15-47-10,419,18.7378,35.967
2019-06-02 15-47-12,419,18.718,35.9804
2019-06-02 15-47-14,419,18.7729,35.9804
2019-06-02 15-47-16,420,18.6462,35.967
2019-06-02 15-47-18,421,18.4708,35.9804
2019-06-02 15-47-20,420,18.3624,35.967
2019-06-02 15-47-22,421,18.3792,35.951
2019-06-02 15-47-26,422,18.4494,35.9243
2019-06-02 15-47-28,423,18.6783,35.911
2019-06-02 15-47-30,423,18.7836,35.8682
2019-06-02 15-47-32,424,18.8705,35.8549
2019-06-02 15-47-34,424,18.9026,35.7828
2019-06-02 15-47-36,424,18.7775,35.7694
2019-06-02 15-47-38,424,18.6676,35.7134
2019-06-02 15-47-42,425,18.541,35.7
2019-06-02 15-47-44,425,18.399,35.6546
2019-06-02 15-47-46,425,18.4891,35.668
2019-06-02 15-47-48,426,18.5577,35.6252
2019-06-02 15-47-50,426,18.6264,35.5852
2019-06-02 15-47-52,426,18.5913,35.5985
2019-06-02 15-47-54,426,18.6768,35.5692
2019-06-02 15-47-56,426,18.7134,35.5692
2019-06-02 15-48-00,426,18.7103,35.5291
2019-06-02 15-48-02,426,18.7653,35.5558
2019-06-02 15-48-04,425,18.7469,35.5425
2019-06-02 15-48-06,425,18.605,35.5558
2019-06-02 15-48-08,424,18.6081,35.5852
2019-06-02 15-48-10,424,18.7317,35.5558
2019-06-02 15-48-12,424,18.8553,35.5852
2019-06-02 15-48-14,424,18.8736,35.5692
2019-06-02 15-48-18,423,18.8889,35.5558
2019-06-02 15-48-20,423,18.8919,35.5852
2019-06-02 15-48-22,422,18.837,35.5852
2019-06-02 15-48-24,423,18.9255,35.5692
2019-06-02 15-48-26,423,18.9102,35.5985
2019-06-02 15-48-28,424,18.9941,35.5692
2019-06-02 15-48-30,423,18.9621,35.5985
2019-06-02 15-48-34,424,18.9621,35.5985
2019-06-02 15-48-36,425,18.9621,35.6119
2019-06-02 15-48-38,425,18.8751,35.5852
2019-06-02 15-48-40,424,18.9072,35.5692
2019-06-02 15-48-42,425,18.9255,35.5852
2019-06-02 15-48-44,426,19.0155,35.5558
2019-06-02 15-48-46,426,19.0842,35.5558
2019-06-02 15-48-48,426,19.0842,35.5558
2019-06-02 15-48-52,426,19.0308,35.5558
2019-06-02 15-48-54,426,19.0491,35.5558
2019-06-02 15-48-56,426,19.0491,35.5425
2019-06-02 15-48-58,426,18.9758,35.5558
2019-06-02 15-49-00,426,19.0155,35.5425
2019-06-02 15-49-02,426,19.0491,35.5558
2019-06-02 15-49-04,427,19.0994,35.5291
2019-06-02 15-49-07,426,19.2261,35.5425
2019-06-02 15-49-11,426,19.2947,35.5291
2019-06-02 15-49-13,426,19.2581,35.4997
2019-06-02 15-49-15,426,19.2413,35.5131
2019-06-02 15-49-17,426,19.1345,35.5131
2019-06-02 15-49-19,426,19.0445,35.4864
2019-06-02 15-49-21,427,18.956,35.473
2019-06-02 15-49-23,426,18.8141,35.473
2019-06-02 15-49-27,427,18.9011,35.457
2019-06-02 15-49-29,427,19.043,35.457
2019-06-02 15-49-31,428,19.0765,35.4437
2019-06-02 15-49-33,428,19.043,35.4437
2019-06-02 15-49-35,429,19.0796,35.457
2019-06-02 15-49-37,429,19.1132,35.473
2019-06-02 15-49-39,429,19.1132,35.457
2019-06-02 15-49-41,429,19.0628,35.473
2019-06-02 15-49-45,429,19.0765,35.4437
2019-06-02 15-49-47,429,19.0948,35.4303
2019-06-02 15-49-49,429,19.0247,35.4303
2019-06-02 15-49-51,428,18.988,35.4437
2019-06-02 15-49-53,427,19.0262,35.4437
2019-06-02 15-49-55,427,19.0262,35.457
2019-06-02 15-49-57,427,18.8843,35.457
2019-06-02 15-49-59,427,18.866,35.4303
2019-06-02 15-50-03,428,18.9011,35.4303
2019-06-02 15-50-05,428,18.8644,35.4143
2019-06-02 15-50-07,428,18.9697,35.4143
2019-06-02 15-50-09,428,18.9148,35.3876
2019-06-02 15-50-11,428,18.9148,35.3876
2019-06-02 15-50-13,428,18.8797,35.3876
2019-06-02 15-50-15,428,18.9148,35.3742
2019-06-02 15-50-19,429,19.0033,35.3876
2019-06-02 15-50-21,429,19.1635,35.3876
2019-06-02 15-50-23,429,19.1254,35.3582
2019-06-02 15-50-25,429,19.1635,35.3876
2019-06-02 15-50-27,428,19.1437,35.3742
2019-06-02 15-50-29,428,18.9667,35.3742
2019-06-02 15-50-31,428,18.8431,35.3876
2019-06-02 15-50-33,428,18.8828,35.4143
2019-06-02 15-50-37,428,18.9301,35.3742
2019-06-02 15-50-39,429,18.9301,35.3742
2019-06-02 15-50-41,428,18.9835,35.3742
2019-06-02 15-50-43,428,19.0384,35.3582
2019-06-02 15-50-45,429,19.249,35.3582
2019-06-02 15-50-47,429,19.2825,35.3582
2019-06-02 15-50-49,429,19.2825,35.3449
2019-06-02 15-50-51,429,19.249,35.3315
2019-06-02 15-50-55,429,19.2459,35.3182
2019-06-02 15-50-57,430,19.2459,35.3182
2019-06-02 15-50-59,430,19.2856,35.3876
2019-06-02 15-51-01,431,19.3558,35.3449
2019-06-02 15-51-03,430,19.3558,35.3449
2019-06-02 15-51-05,430,19.4275,35.3876
2019-06-02 15-51-07,430,19.4107,35.3876
2019-06-02 15-51-11,430,19.3222,35.3582
2019-06-02 15-51-13,430,19.2825,35.3315
2019-06-02 15-51-15,430,19.2505,35.4009
2019-06-02 15-51-17,430,19.2169,35.3742
2019-06-02 15-51-19,430,19.2139,35.3582
2019-06-02 15-51-21,430,19.3909,35.3582
2019-06-02 15-51-23,430,19.4092,35.3582
2019-06-02 15-51-25,429,19.3039,35.3742
2019-06-02 15-51-29,429,19.3039,35.3742
2019-06-02 15-51-31,429,19.2352,35.4143
2019-06-02 15-51-33,429,19.2871,35.4303
2019-06-02 15-51-35,429,19.2902,35.4437
2019-06-02 15-51-37,429,19.2551,35.4437
2019-06-02 15-51-39,428,19.2551,35.457
2019-06-02 15-51-41,428,19.2215,35.4864
2019-06-02 15-51-43,428,19.223,35.4997
2019-06-02 15-51-47,428,19.1177,35.5291
2019-06-02 15-51-49,428,19.1528,35.5425
2019-06-02 15-51-51,429,19.104,35.5852
2019-06-02 15-51-53,429,19.1223,35.6119
2019-06-02 15-51-55,429,19.1223,35.6252
2019-06-02 15-51-57,429,18.9835,35.668
2019-06-02 15-51-59,430,19.0247,35.7
2019-06-02 15-52-03,430,18.9346,35.7134
2019-06-02 15-52-05,430,18.9667,35.668
2019-06-02 15-52-07,431,18.9667,35.6813
2019-06-02 15-52-09,431,19.0216,35.6813
2019-06-02 15-52-11,432,18.9667,35.668
2019-06-02 15-52-13,432,18.9468,35.6413
2019-06-02 15-52-15,432,18.9835,35.6413
2019-06-02 15-52-17,433,19.0536,35.6252
2019-06-02 15-52-21,433,19.0216,35.6546
2019-06-02 15-52-23,434,19.1406,35.6119
2019-06-02 15-52-25,434,19.0536,35.6252
2019-06-02 15-52-27,435,19.0353,35.6119
2019-06-02 15-52-29,435,19.1223,35.5985
2019-06-02 15-52-31,435,18.9804,35.5985
2019-06-02 15-52-33,435,18.9804,35.6119
2019-06-02 15-52-35,435,18.9804,35.6252
2019-06-02 15-52-39,435,19.017,35.5985
2019-06-02 15-52-41,435,19.0857,35.5985
2019-06-02 15-52-43,435,19.0353,35.6252
2019-06-02 15-52-45,435,19.0353,35.6252
2019-06-02 15-52-47,435,19.0353,35.6119
2019-06-02 15-52-49,435,19.0704,35.6119
2019-06-02 15-52-51,435,18.9804,35.6119
2019-06-02 15-52-55,435,18.9972,35.5985
2019-06-02 15-52-57,434,18.9621,35.5852
2019-06-02 15-52-59,434,18.9941,35.5692
2019-06-02 15-53-01,434,19.0308,35.5558
2019-06-02 15-53-03,434,18.9606,35.5692
2019-06-02 15-53-05,434,18.9758,35.5425
2019-06-02 15-53-07,435,18.9941,35.5425
2019-06-02 15-53-09,435,19.0628,35.4864
2019-06-02 15-53-13,435,19.0628,35.4997
2019-06-02 15-53-15,435,19.0796,35.4864
2019-06-02 15-53-17,435,19.0796,35.4864
2019-06-02 15-53-19,435,18.9896,35.4864
2019-06-02 15-53-21,435,18.9697,35.4437
2019-06-02 15-53-23,434,18.988,35.4303
2019-06-02 15-53-25,434,18.9163,35.4009
2019-06-02 15-53-29,434,18.9514,35.4009
2019-06-02 15-53-31,434,18.9331,35.4009
2019-06-02 15-53-33,434,18.9484,35.3582
2019-06-02 15-53-35,434,18.9484,35.3742
2019-06-02 15-53-37,434,18.9468,35.3449
2019-06-02 15-53-39,434,18.9651,35.3449
2019-06-02 15-53-41,434,18.9117,35.3315
2019-06-02 15-53-43,434,18.8934,35.3315
2019-06-02 15-53-47,434,18.9621,35.3182
2019-06-02 15-53-49,434,19.0018,35.3182
2019-06-02 15-53-51,434,19.0018,35.3182
2019-06-02 15-53-53,434,18.9804,35.3315
2019-06-02 15-53-55,433,18.9621,35.3182
2019-06-02 15-53-57,433,18.9468,35.3315
2019-06-02 15-53-59,433,18.9468,35.3315
2019-06-02 15-54-03,433,19.0536,35.3449
2019-06-02 15-54-05,433,19.0353,35.3315
2019-06-02 15-54-07,432,19.1254,35.3742
2019-06-02 15-54-09,432,19.1269,35.4009
2019-06-02 15-54-11,431,19.1452,35.4143
2019-06-02 15-54-13,430,19.1299,35.4303
2019-06-02 15-54-15,430,19.0613,35.457
2019-06-02 15-54-17,430,19.1315,35.473
2019-06-02 15-54-21,430,19.1162,35.4997
2019-06-02 15-54-23,430,18.9758,35.5558
2019-06-02 15-54-25,430,18.8339,35.5558
2019-06-02 15-54-27,431,18.8004,35.5558
2019-06-02 15-54-29,431,18.7317,35.5558
2019-06-02 15-54-31,432,18.8156,35.5425
2019-06-02 15-54-33,432,18.8004,35.5558
2019-06-02 15-54-35,432,18.837,35.5692
2019-06-02 15-54-39,432,18.8507,35.5291
2019-06-02 15-54-41,432,19.0308,35.5291
2019-06-02 15-54-43,432,19.1162,35.4997
2019-06-02 15-54-46,433,19.1498,35.4864
2019-06-02 15-54-48,434,19.2368,35.4437
2019-06-02 15-54-50,434,19.2001,35.4143
2019-06-02 15-54-52,435,19.2001,35.4009
2019-06-02 15-54-56,434,19.1818,35.4009
2019-06-02 15-54-58,434,19.2169,35.3876
2019-06-02 15-55-00,434,19.1254,35.3582
2019-06-02 15-55-02,434,19.2322,35.3876
2019-06-02 15-55-04,434,19.2825,35.3582
2019-06-02 15-55-06,433,19.3726,35.3315
2019-06-02 15-55-08,433,19.2322,35.3582
2019-06-02 15-55-10,432,19.2825,35.3449
2019-06-02 15-55-14,432,19.2825,35.3449
2019-06-02 15-55-16,432,19.3008,35.3582
2019-06-02 15-55-18,431,19.2673,35.3742
2019-06-02 15-55-20,431,19.2642,35.3315
2019-06-02 15-55-22,430,19.3008,35.3449
2019-06-02 15-55-24,430,19.1986,35.3742
2019-06-02 15-55-26,430,19.1223,35.3315
2019-06-02 15-55-30,430,19.249,35.3315
2019-06-02 15-55-32,430,19.2139,35.3449
2019-06-02 15-55-34,429,19.249,35.3449
2019-06-02 15-55-36,429,19.3008,35.3449
2019-06-02 15-55-38,429,19.3192,35.3315
2019-06-02 15-55-40,428,19.1956,35.3449
2019-06-02 15-55-42,428,19.2123,35.3315
2019-06-02 15-55-44,428,19.1223,35.3315
2019-06-02 15-55-48,427,19.0353,35.3182
2019-06-02 15-55-50,427,19.0857,35.2888
2019-06-02 15-55-52,428,19.0338,35.2754
2019-06-02 15-55-54,429,19.0674,35.2754
2019-06-02 15-55-56,430,19.1177,35.2327
2019-06-02 15-55-58,432,19.0842,35.246
2019-06-02 15-56-00,435,19.0811,35.2167
2019-06-02 15-56-04,436,19.1711,35.2033
2019-06-02 15-56-06,435,19.1162,35.2167
2019-06-02 15-56-08,433,19.1681,35.1873
2019-06-02 15-56-10,432,19.1864,35.1873
2019-06-02 15-56-12,429,19.2368,35.174
2019-06-02 15-56-14,426,19.1864,35.1873
2019-06-02 15-56-16,424,19.2032,35.1606
2019-06-02 15-56-18,423,19.1864,35.1873
2019-06-02 15-56-22,421,19.2047,35.1873
2019-06-02 15-56-24,421,19.1895,35.2167
2019-06-02 15-56-26,421,19.1864,35.1873
2019-06-02 15-56-28,420,19.1681,35.174
2019-06-02 15-56-30,420,19.2032,35.174
2019-06-02 15-56-32,420,19.2215,35.1606
2019-06-02 15-56-34,419,19.4321,35.174
2019-06-02 15-56-36,420,19.5923,35.1873
2019-06-02 15-56-40,421,19.7159,35.1606
2019-06-02 15-56-42,421,19.5923,35.174
2019-06-02 15-56-44,421,19.4153,35.174
2019-06-02 15-56-46,420,19.4733,35.2033
2019-06-02 15-56-48,420,19.4733,35.2033
2019-06-02 15-56-50,419,19.4016,35.2327
2019-06-02 15-56-52,419,19.313,35.2033
2019-06-02 15-56-56,419,19.4016,35.2327
2019-06-02 15-56-58,420,19.4366,35.2327
2019-06-02 15-57-00,419,19.4382,35.2621
2019-06-02 15-57-02,418,19.4565,35.2754
2019-06-02 15-57-04,417,19.3695,35.3021
2019-06-02 15-57-06,416,19.3008,35.3582
2019-06-02 15-57-08,416,19.3039,35.3742
2019-06-02 15-57-10,417,19.2505,35.3876
2019-06-02 15-57-14,418,19.2505,35.3742
2019-06-02 15-57-16,417,19.2871,35.4009
2019-06-02 15-57-18,418,19.3268,35.4303
2019-06-02 15-57-20,418,19.2368,35.4437
2019-06-02 15-57-22,417,19.2398,35.4997
2019-06-02 15-57-24,417,19.1727,35.5425
2019-06-02 15-57-26,418,19.191,35.5558
2019-06-02 15-57-30,418,19.2261,35.5558
2019-06-02 15-57-32,417,19.104,35.5852
2019-06-02 15-57-34,418,19.1025,35.5692
2019-06-02 15-57-36,418,19.0857,35.5692
2019-06-02 15-57-38,419,19.0155,35.5692
2019-06-02 15-57-40,420,18.9438,35.5985
2019-06-02 15-57-42,420,18.9651,35.6252
2019-06-02 15-57-44,420,18.8965,35.6546
2019-06-02 15-57-48,421,18.8614,35.7
2019-06-02 15-57-50,421,18.8461,35.7401
2019-06-02 15-57-52,422,18.8873,35.7828
2019-06-02 15-57-54,423,18.8324,35.8122
2019-06-02 15-57-56,423,18.8156,35.8255
2019-06-02 15-57-58,423,18.7973,35.8122
2019-06-02 15-58-00,423,18.782,35.8389
2019-06-02 15-58-02,423,18.8339,35.8255
2019-06-02 15-58-06,424,18.8339,35.8389
2019-06-02 15-58-08,424,18.8339,35.8389
2019-06-02 15-58-10,424,18.7653,35.8549
2019-06-02 15-58-12,424,18.8339,35.8389
2019-06-02 15-58-14,424,18.8339,35.8389
2019-06-02 15-58-16,425,18.8889,35.8389
2019-06-02 15-58-18,424,18.9606,35.8549
2019-06-02 15-58-22,424,18.8522,35.8549
2019-06-02 15-58-24,424,18.8889,35.8389
2019-06-02 15-58-26,424,18.9255,35.8682
2019-06-02 15-58-28,424,18.8339,35.8255
2019-06-02 15-58-30,424,18.869,35.8255
2019-06-02 15-58-32,424,18.8004,35.8389
2019-06-02 15-58-34,424,18.8522,35.8389
2019-06-02 15-58-36,425,18.8507,35.8255
2019-06-02 15-58-40,425,18.8507,35.8255
2019-06-02 15-58-42,425,18.8507,35.8122
2019-06-02 15-58-44,425,18.9423,35.8255
2019-06-02 15-58-46,425,18.9392,35.7961
2019-06-02 15-58-48,425,18.9056,35.7961
2019-06-02 15-58-50,425,18.956,35.7694
2019-06-02 15-58-52,425,18.9896,35.7828
2019-06-02 15-58-56,426,18.9026,35.7561
2019-06-02 15-58-58,426,18.8644,35.7401
2019-06-02 15-59-00,426,18.9011,35.7401
2019-06-02 15-59-02,426,18.811,35.7401
2019-06-02 15-59-04,425,18.8278,35.7401
2019-06-02 15-59-06,425,18.8278,35.7267
2019-06-02 15-59-08,424,18.8293,35.7561
2019-06-02 15-59-10,424,18.8461,35.7401
2019-06-02 15-59-14,424,18.8461,35.7401
2019-06-02 15-59-16,423,18.8293,35.7561
2019-06-02 15-59-18,423,18.8843,35.7561
2019-06-02 15-59-20,423,18.9163,35.7267
2019-06-02 15-59-22,423,18.898,35.7134
2019-06-02 15-59-24,423,18.9346,35.7134
2019-06-02 15-59-26,423,18.9697,35.7
2019-06-02 15-59-28,423,18.9697,35.7
2019-06-02 15-59-32,423,19.0033,35.7134
2019-06-02 15-59-34,422,19.0399,35.6813
2019-06-02 15-59-36,422,18.985,35.7
2019-06-02 15-59-38,422,19.0216,35.6813
2019-06-02 15-59-40,422,19.072,35.6546
2019-06-02 15-59-42,422,19.1071,35.6413
2019-06-02 15-59-44,422,19.1254,35.668
2019-06-02 15-59-48,422,19.1406,35.6252
2019-06-02 15-59-50,422,19.0201,35.6413
2019-06-02 15-59-52,421,18.985,35.6813
2019-06-02 15-59-54,420,18.9514,35.7
2019-06-02 15-59-56,419,18.9529,35.7561
2019-06-02 15-59-58,418,18.9056,35.7961
2019-06-02 16-00-00,419,18.8873,35.7961
2019-06-02 16-00-03,420,18.9056,35.8122
2019-06-02 16-00-07,421,18.8507,35.8122
2019-06-02 16-00-09,421,18.8522,35.8389
2019-06-02 16-00-11,422,18.8522,35.8389
2019-06-02 16-00-13,422,18.8339,35.8549
2019-06-02 16-00-15,423,18.7836,35.8549
2019-06-02 16-00-17,423,18.8202,35.8816
2019-06-02 16-00-19,423,18.7546,35.951
2019-06-02 16-00-21,423,18.718,35.9804
2019-06-02 16-00-25,422,18.6172,36.0365
2019-06-02 16-00-27,422,18.5623,36.0498
2019-06-02 16-00-29,422,18.4937,36.0632
2019-06-02 16-00-31,423,18.4753,36.0498
2019-06-02 16-00-33,424,18.5272,36.0365
2019-06-02 16-00-35,425,18.5272,36.0365
2019-06-02 16-00-37,426,18.5593,36.0071
2019-06-02 16-00-41,427,18.6142,35.9937
2019-06-02 16-00-43,427,18.6325,35.9937
2019-06-02 16-00-45,428,18.7012,35.9804
2019-06-02 16-00-47,429,18.718,35.967
2019-06-02 16-00-49,429,18.8049,35.9377
2019-06-02 16-00-51,429,18.7698,35.9377
2019-06-02 16-00-53,429,18.7866,35.911
2019-06-02 16-00-55,428,18.8202,35.911
2019-06-02 16-00-59,428,18.837,35.8816
2019-06-02 16-01-01,428,18.8705,35.8682
2019-06-02 16-01-03,428,18.9102,35.8682
2019-06-02 16-01-05,428,18.9255,35.8682
2019-06-02 16-01-07,428,18.8705,35.8682
2019-06-02 16-01-09,427,18.8705,35.8549
2019-06-02 16-01-11,427,18.8004,35.8549
2019-06-02 16-01-13,427,18.8507,35.8122
2019-06-02 16-01-17,427,18.8324,35.7828
2019-06-02 16-01-19,427,18.9056,35.8122
2019-06-02 16-01-21,426,18.8873,35.7828
2019-06-02 16-01-23,425,18.9392,35.7828
2019-06-02 16-01-25,425,18.9529,35.7561
2019-06-02 16-01-27,425,18.9529,35.7561
2019-06-02 16-01-29,425,19.0445,35.7694
2019-06-02 16-01-31,425,19.0262,35.7561
2019-06-02 16-01-35,426,19.0445,35.7561
2019-06-02 16-01-37,425,19.0613,35.7561
2019-06-02 16-01-39,426,18.988,35.7267
2019-06-02 16-01-41,425,19.0765,35.7267
2019-06-02 16-01-43,425,19.0247,35.7267
2019-06-02 16-01-45,425,19.0247,35.7267
2019-06-02 16-01-47,425,18.9529,35.7267
2019-06-02 16-01-51,425,18.988,35.7401
2019-06-02 16-01-53,425,18.9011,35.7401
2019-06-02 16-01-55,425,18.8644,35.7401
2019-06-02 16-01-57,425,18.956,35.7828
2019-06-02 16-01-59,425,18.8873,35.7961
2019-06-02 16-02-01,425,18.869,35.8122
2019-06-02 16-02-03,425,18.8187,35.8682
2019-06-02 16-02-05,424,18.8019,35.8816
2019-06-02 16-02-09,423,18.7729,35.951
2019-06-02 16-02-11,423,18.6829,35.9804
2019-06-02 16-02-13,423,18.7225,36.0632
2019-06-02 16-02-15,424,18.6401,36.1192
2019-06-02 16-02-17,424,18.605,36.1513
2019-06-02 16-02-19,424,18.5532,36.194
2019-06-02 16-02-21,424,18.5959,36.2768
2019-06-02 16-02-25,424,18.6142,36.3062
2019-06-02 16-02-27,425,18.6172,36.3195
2019-06-02 16-02-29,425,18.6172,36.3489
2019-06-02 16-02-31,425,18.4952,36.3756
2019-06-02 16-02-33,426,18.4067,36.389
2019-06-02 16-02-35,427,18.3716,36.4183
2019-06-02 16-02-37,427,18.251,36.4744
2019-06-02 16-02-39,427,18.2709,36.5171
2019-06-02 16-02-43,427,18.1686,36.5438
2019-06-02 16-02-45,427,18.1702,36.5732
2019-06-02 16-02-47,428,18.2053,36.5866
2019-06-02 16-02-49,429,18.1885,36.6026
2019-06-02 16-02-51,430,18.1732,36.6186
2019-06-02 16-02-53,430,18.0832,36.6453
2019-06-02 16-02-55,431,18.0832,36.6453
2019-06-02 16-02-57,431,18.1015,36.6747
2019-06-02 16-03-01,432,18.1198,36.6747
2019-06-02 16-03-03,433,18.0862,36.6747
2019-06-02 16-03-05,434,18.1366,36.6453
2019-06-02 16-03-07,434,18.1183,36.6186
2019-06-02 16-03-09,435,18.0954,36.5599
2019-06-02 16-03-11,436,18.1641,36.4878
2019-06-02 16-03-13,436,18.2327,36.4744
2019-06-02 16-03-17,436,18.338,36.405
2019-06-02 16-03-19,436,18.4219,36.3623
2019-06-02 16-03-21,436,18.5303,36.3623
2019-06-02 16-03-23,436,18.4586,36.3489
2019-06-02 16-03-25,436,18.5455,36.3756
2019-06-02 16-03-27,436,18.512,36.3756
2019-06-02 16-03-29,435,18.4769,36.3756
2019-06-02 16-03-31,435,18.512,36.3756
2019-06-02 16-03-35,435,18.4067,36.389
2019-06-02 16-03-37,434,18.3746,36.445
2019-06-02 16-03-39,433,18.3578,36.4878
2019-06-02 16-03-41,433,18.2877,36.5011
2019-06-02 16-03-43,433,18.2022,36.5438
2019-06-02 16-03-45,433,18.2022,36.5438
2019-06-02 16-03-47,433,18.219,36.5305
2019-06-02 16-03-49,434,18.219,36.5011
2019-06-02 16-03-53,434,18.2144,36.445
2019-06-02 16-03-55,434,18.2465,36.3756
2019-06-02 16-03-57,434,18.2983,36.3623
2019-06-02 16-03-59,434,18.3517,36.3623
2019-06-02 16-04-01,434,18.4204,36.3489
2019-06-02 16-04-03,434,18.4387,36.3062
2019-06-02 16-04-05,433,18.5089,36.3195
2019-06-02 16-04-09,433,18.5593,36.2928
2019-06-02 16-04-11,432,18.576,36.2768
2019-06-02 16-04-13,432,18.6142,36.2928
2019-06-02 16-04-15,432,18.5226,36.2768
2019-06-02 16-04-17,432,18.5394,36.2367
2019-06-02 16-04-19,432,18.5211,36.2074
2019-06-02 16-04-21,432,18.573,36.2207
2019-06-02 16-04-23,432,18.5364,36.2207
2019-06-02 16-04-27,432,18.486,36.2367
2019-06-02 16-04-29,432,18.5577,36.2501
2019-06-02 16-04-31,431,18.663,36.2367
2019-06-02 16-04-33,431,18.6996,36.2367
2019-06-02 16-04-35,431,18.7866,36.2074
2019-06-02 16-04-37,431,18.837,36.1646
2019-06-02 16-04-39,430,18.8553,36.178
2019-06-02 16-04-43,430,18.9102,36.178
2019-06-02 16-04-45,430,18.8873,36.1513
2019-06-02 16-04-47,430,18.869,36.1192
2019-06-02 16-04-49,430,18.9423,36.1192
2019-06-02 16-04-51,430,18.866,36.0925
2019-06-02 16-04-53,430,18.8293,36.0632
2019-06-02 16-04-55,429,18.9026,36.0632
2019-06-02 16-04-57,429,18.8477,36.0498
2019-06-02 16-05-01,429,18.7958,36.0498
2019-06-02 16-05-03,428,18.8293,36.0365
2019-06-02 16-05-05,428,18.811,36.0498
2019-06-02 16-05-07,428,18.779,36.0792
2019-06-02 16-05-09,428,18.782,36.1059
2019-06-02 16-05-11,428,18.8324,36.0792
2019-06-02 16-05-13,428,18.8324,36.0792
2019-06-02 16-05-17,428,18.866,36.0792
2019-06-02 16-05-19,428,18.866,36.0792
2019-06-02 16-05-21,428,18.9026,36.0792
2019-06-02 16-05-24,428,18.8141,36.0632
2019-06-02 16-05-26,428,18.866,36.0792
2019-06-02 16-05-28,428,18.866,36.0792
2019-06-02 16-05-30,428,18.866,36.0925
2019-06-02 16-05-32,429,18.8141,36.0632
2019-06-02 16-05-36,428,18.8477,36.0498
2019-06-02 16-05-38,429,18.8477,36.0498
2019-06-02 16-05-40,428,18.8461,36.0365
2019-06-02 16-05-42,428,18.7973,36.0792
2019-06-02 16-05-44,429,18.7775,36.0365
2019-06-02 16-05-46,428,18.7195,36.0231
2019-06-02 16-05-48,428,18.7408,36.0071
2019-06-02 16-05-52,428,18.8095,36.0071
2019-06-02 16-05-54,428,18.7561,35.9804
2019-06-02 16-05-56,428,18.7546,35.967
2019-06-02 16-05-58,428,18.8416,35.967
2019-06-02 16-06-00,429,18.8065,35.951
2019-06-02 16-06-02,429,18.8232,35.9243
2019-06-02 16-06-04,428,18.8416,35.9377
2019-06-02 16-06-06,428,18.7881,35.9377
2019-06-02 16-06-10,428,18.8919,35.8816
2019-06-02 16-06-12,429,18.8568,35.911
2019-06-02 16-06-14,429,18.8736,35.911
2019-06-02 16-06-16,429,18.8934,35.911
2019-06-02 16-06-18,429,18.9117,35.911
2019-06-02 16-06-20,429,18.9301,35.951
2019-06-02 16-06-22,430,18.898,35.9804
2019-06-02 16-06-24,429,18.8782,35.9937
2019-06-02 16-06-28,428,18.7744,36.0231
2019-06-02 16-06-30,427,18.7927,36.0365
2019-06-02 16-06-32,427,18.7775,36.0365
2019-06-02 16-06-34,427,18.7927,36.0231
2019-06-02 16-06-36,427,18.7561,35.9937
2019-06-02 16-06-38,428,18.8278,35.9937
2019-06-02 16-06-40,429,18.8049,35.911
2019-06-02 16-06-44,430,18.8736,35.911
2019-06-02 16-06-46,430,18.9941,35.8549
2019-06-02 16-06-48,430,19.0491,35.8255
2019-06-02 16-06-50,430,19.1177,35.8122
2019-06-02 16-06-52,430,19.2261,35.8389
2019-06-02 16-06-54,430,19.1895,35.8122
2019-06-02 16-06-56,429,19.1528,35.8122
2019-06-02 16-06-58,428,19.1681,35.8122
2019-06-02 16-07-02,426,19.1727,35.8682
2019-06-02 16-07-04,423,19.2627,35.8682
2019-06-02 16-07-06,424,19.1254,35.9377
2019-06-02 16-07-08,423,19.0018,35.967
2019-06-02 16-07-10,421,19.0018,35.967
2019-06-02 16-07-12,424,19.0018,35.9804
2019-06-02 16-07-14,424,18.985,35.9804
2019-06-02 16-07-16,429,19.017,35.951
2019-06-02 16-07-20,432,19.0384,35.951
2019-06-02 16-07-22,432,19.0536,35.9243
2019-06-02 16-07-24,431,19.017,35.9377
2019-06-02 16-07-26,428,18.9301,35.9243
2019-06-02 16-07-28,427,18.8934,35.911
2019-06-02 16-07-30,426,18.9117,35.911
2019-06-02 16-07-32,425,18.9117,35.9243
2019-06-02 16-07-36,425,18.9117,35.9377
2019-06-02 16-07-38,424,18.8614,36.0231
2019-06-02 16-07-40,424,18.8644,36.0498
2019-06-02 16-07-42,424,18.7958,36.0498
2019-06-02 16-07-44,424,18.7424,36.0365
2019-06-02 16-07-46,425,18.7592,36.0231
2019-06-02 16-07-48,426,18.7927,36.0071
2019-06-02 16-07-50,425,18.8431,35.9804
2019-06-02 16-07-54,425,18.8049,35.9243
2019-06-02 16-07-56,426,18.9301,35.9243
2019-06-02 16-07-58,426,18.9102,35.8682
2019-06-02 16-08-00,426,18.9606,35.8682
2019-06-02 16-08-02,425,18.9606,35.8389
2019-06-02 16-08-04,425,18.9926,35.8255
2019-06-02 16-08-06,427,19.0308,35.8122
2019-06-02 16-08-08,427,19.0994,35.7961
2019-06-02 16-08-12,427,19.1315,35.7828
2019-06-02 16-08-14,426,19.3085,35.7561
2019-06-02 16-08-16,426,19.3222,35.7
2019-06-02 16-08-18,426,19.3634,35.7401
2019-06-02 16-08-20,425,19.4473,35.7134
2019-06-02 16-08-22,425,19.3771,35.6813
2019-06-02 16-08-24,424,19.3771,35.6813
2019-06-02 16-08-28,423,19.342,35.6813
2019-06-02 16-08-30,422,19.4107,35.6813
2019-06-02 16-08-32,422,19.3588,35.6813
2019-06-02 16-08-34,422,19.3604,35.7
2019-06-02 16-08-36,422,19.342,35.6813
2019-06-02 16-08-38,422,19.3771,35.7
2019-06-02 16-08-40,421,19.3787,35.7134
2019-06-02 16-08-42,422,19.3634,35.7401
2019-06-02 16-08-46,422,19.2734,35.7561
2019-06-02 16-08-48,422,19.2398,35.7561
2019-06-02 16-08-50,422,19.2902,35.7267
2019-06-02 16-08-52,422,19.2535,35.7267
2019-06-02 16-08-54,421,19.2551,35.7401
2019-06-02 16-08-56,421,19.2902,35.7401
2019-06-02 16-08-58,422,19.3451,35.7561
2019-06-02 16-09-00,421,19.2917,35.7694
2019-06-02 16-09-04,422,19.2398,35.7694
2019-06-02 16-09-06,422,19.2032,35.7561
2019-06-02 16-09-08,422,19.2032,35.7267
2019-06-02 16-09-10,422,19.1299,35.7401
2019-06-02 16-09-12,422,19.2032,35.7267
2019-06-02 16-09-14,422,19.0933,35.7134
2019-06-02 16-09-16,422,19.2047,35.7694
2019-06-02 16-09-20,422,19.1895,35.7961
2019-06-02 16-09-22,421,19.1895,35.8122
2019-06-02 16-09-24,421,19.2078,35.8255
2019-06-02 16-09-26,422,19.1895,35.8122
2019-06-02 16-09-28,422,19.223,35.8122
2019-06-02 16-09-30,423,19.2398,35.7694
2019-06-02 16-09-32,423,19.1666,35.7694
2019-06-02 16-09-34,424,19.2215,35.7694
2019-06-02 16-09-38,425,19.2581,35.7694
2019-06-02 16-09-40,425,19.3237,35.7267
2019-06-02 16-09-42,425,19.3085,35.7561
2019-06-02 16-09-44,426,19.3787,35.7267
2019-06-02 16-09-46,425,19.3604,35.7267
2019-06-02 16-09-48,425,19.3451,35.7401
2019-06-02 16-09-50,424,19.4656,35.7267
2019-06-02 16-09-54,423,19.3268,35.7694
2019-06-02 16-09-56,423,19.3466,35.7694
2019-06-02 16-09-58,423,19.2917,35.7694
2019-06-02 16-10-00,422,19.2917,35.7828
2019-06-02 16-10-02,422,19.2581,35.7828
2019-06-02 16-10-04,422,19.2078,35.8255
2019-06-02 16-10-06,423,19.1895,35.8122
2019-06-02 16-10-08,422,19.136,35.8389
2019-06-02 16-10-12,422,19.0842,35.8255
2019-06-02 16-10-14,423,19.1315,35.7828
2019-06-02 16-10-16,424,19.1132,35.7694
2019-06-02 16-10-18,424,19.1315,35.7561
2019-06-02 16-10-20,425,19.1452,35.7267
2019-06-02 16-10-22,425,19.1818,35.6813
2019-06-02 16-10-24,426,19.2505,35.6813
2019-06-02 16-10-26,426,19.3192,35.6413
2019-06-02 16-10-30,426,19.249,35.6252
2019-06-02 16-10-32,427,19.3375,35.6119
2019-06-02 16-10-34,427,19.3146,35.5985
2019-06-02 16-10-36,427,19.4412,35.5852
2019-06-02 16-10-38,427,19.3512,35.5558
2019-06-02 16-10-40,427,19.3863,35.5558
2019-06-02 16-10-42,427,19.4016,35.5425
2019-06-02 16-10-46,427,19.3314,35.5291
2019-06-02 16-10-48,426,19.4016,35.5291
2019-06-02 16-10-50,424,19.3497,35.5291
2019-06-02 16-10-52,423,19.3863,35.5692
2019-06-02 16-10-54,422,19.281,35.5985
2019-06-02 16-10-56,421,19.2642,35.6252
2019-06-02 16-10-59,421,19.2322,35.6546
2019-06-02 16-11-01,420,19.2352,35.7
2019-06-02 16-11-05,418,19.1299,35.7134
2019-06-02 16-11-07,417,19.1315,35.7561
2019-06-02 16-11-09,418,19.1498,35.7828
2019-06-02 16-11-11,418,19.1345,35.8122
2019-06-02 16-11-13,417,19.2093,35.8682
2019-06-02 16-11-15,417,19.0338,35.8549
2019-06-02 16-11-17,417,19.194,35.8949
2019-06-02 16-11-21,417,19.104,35.8949
2019-06-02 16-11-23,418,19.1574,35.911
2019-06-02 16-11-25,419,19.1208,35.8816
2019-06-02 16-11-27,419,19.0887,35.8949
2019-06-02 16-11-29,419,18.9804,35.911
2019-06-02 16-11-31,420,19.0521,35.8949
2019-06-02 16-11-33,421,19.2123,35.8949
2019-06-02 16-11-35,421,19.2642,35.8816
2019-06-02 16-11-39,421,19.2642,35.8816
2019-06-02 16-11-41,422,19.2963,35.8682
2019-06-02 16-11-43,422,19.3314,35.8389
2019-06-02 16-11-45,422,19.3863,35.8255
2019-06-02 16-11-47,423,19.3497,35.8122
2019-06-02 16-11-49,423,19.3466,35.7828
2019-06-02 16-11-51,424,19.31,35.7961
2019-06-02 16-11-53,424,19.3054,35.7267
2019-06-02 16-11-57,424,19.2368,35.7267
2019-06-02 16-11-59,425,19.2352,35.7
2019-06-02 16-12-01,424,19.2505,35.6813
2019-06-02 16-12-03,425,19.2856,35.668
2019-06-02 16-12-05,425,19.3558,35.6413
2019-06-02 16-12-07,425,19.3375,35.6413
2019-06-02 16-12-09,426,19.4244,35.6252
2019-06-02 16-12-13,426,19.3726,35.6252
2019-06-02 16-12-15,426,19.3878,35.6119
2019-06-02 16-12-17,426,19.3878,35.6119
2019-06-02 16-12-19,425,19.3542,35.6119
2019-06-02 16-12-21,425,19.3359,35.5852
2019-06-02 16-12-23,424,19.3542,35.5985
2019-06-02 16-12-25,424,19.3542,35.6119
2019-06-02 16-12-27,424,19.3878,35.6119
2019-06-02 16-12-31,424,19.4061,35.6119
2019-06-02 16-12-33,424,19.4229,35.5985
2019-06-02 16-12-35,424,19.3542,35.5852
2019-06-02 16-12-37,425,19.3695,35.5852
2019-06-02 16-12-39,425,19.3359,35.5692
2019-06-02 16-12-41,425,19.2963,35.5692
2019-06-02 16-12-43,426,19.368,35.5425
2019-06-02 16-12-45,425,19.4183,35.5131
2019-06-02 16-12-49,425,19.4366,35.5425
2019-06-02 16-12-51,425,19.5435,35.5291
2019-06-02 16-12-53,425,19.5435,35.5291
2019-06-02 16-12-55,424,19.6121,35.5131
2019-06-02 16-12-57,424,19.6121,35.4997
2019-06-02 16-12-59,424,19.6121,35.5131
2019-06-02 16-13-01,424,19.5938,35.4864
2019-06-02 16-13-05,424,19.6121,35.5291
2019-06-02 16-13-07,424,19.5618,35.5558
2019-06-02 16-13-09,424,19.5465,35.5692
2019-06-02 16-13-11,424,19.5282,35.5692
2019-06-02 16-13-13,424,19.5114,35.5852
2019-06-02 16-13-15,425,19.4748,35.5852
2019-06-02 16-13-17,425,19.4931,35.5692
2019-06-02 16-13-19,425,19.5099,35.5558
2019-06-02 16-13-23,425,19.4931,35.5692
2019-06-02 16-13-25,425,19.4733,35.5558
2019-06-02 16-13-27,425,19.4733,35.5558
2019-06-02 16-13-29,425,19.5114,35.5692
2019-06-02 16-13-31,425,19.4565,35.5692
2019-06-02 16-13-33,425,19.5282,35.5558
2019-06-02 16-13-35,424,19.4229,35.5985
2019-06-02 16-13-37,424,19.4733,35.5692
2019-06-02 16-13-41,424,19.4748,35.5852
2019-06-02 16-13-43,424,19.5465,35.5852
2019-06-02 16-13-45,424,19.4412,35.5852
2019-06-02 16-13-47,423,19.4748,35.5852
2019-06-02 16-13-49,423,19.4962,35.6119
2019-06-02 16-13-51,423,19.4427,35.6252
2019-06-02 16-13-53,422,19.4595,35.6252
2019-06-02 16-13-57,423,19.4595,35.6119
2019-06-02 16-13-59,423,19.4778,35.6413
2019-06-02 16-14-01,423,19.4977,35.6413
2019-06-02 16-14-03,423,19.4962,35.6119
2019-06-02 16-14-05,424,19.5328,35.6119
2019-06-02 16-14-07,424,19.5145,35.5985
2019-06-02 16-14-09,424,19.548,35.5985
2019-06-02 16-14-11,424,19.5114,35.5692
2019-06-02 16-14-15,425,19.548,35.5985
2019-06-02 16-14-17,425,19.5435,35.5425
2019-06-02 16-14-19,426,19.5282,35.5558
2019-06-02 16-14-21,426,19.5435,35.5131
2019-06-02 16-14-23,426,19.5435,35.5291
2019-06-02 16-14-25,426,19.5786,35.5131
2019-06-02 16-14-27,426,19.6121,35.5131
2019-06-02 16-14-29,426,19.6121,35.4997
2019-06-02 16-14-33,426,19.6487,35.5131
2019-06-02 16-14-35,426,19.6671,35.4997
2019-06-02 16-14-37,426,19.6991,35.4864
2019-06-02 16-14-39,426,19.7021,35.5131
2019-06-02 16-14-41,425,19.7205,35.5131
2019-06-02 16-14-43,425,19.6487,35.5131
2019-06-02 16-14-45,424,19.7205,35.5291
2019-06-02 16-14-49,423,19.7205,35.5291
2019-06-02 16-14-51,423,19.7205,35.5131
2019-06-02 16-14-53,423,19.6701,35.5425
2019-06-02 16-14-55,423,19.7403,35.5558
2019-06-02 16-14-57,421,19.6701,35.5425
2019-06-02 16-14-59,420,19.635,35.5558
2019-06-02 16-15-01,421,19.6152,35.5425
2019-06-02 16-15-03,421,19.6518,35.5425
2019-06-02 16-15-07,421,19.5969,35.5558
2019-06-02 16-15-09,421,19.5801,35.5558
2019-06-02 16-15-11,421,19.5648,35.5692
2019-06-02 16-15-13,421,19.5648,35.5852
2019-06-02 16-15-15,421,19.5099,35.5558
2019-06-02 16-15-17,421,19.4733,35.5558
2019-06-02 16-15-19,421,19.4229,35.5692
2019-06-02 16-15-21,419,19.4565,35.5852
2019-06-02 16-15-25,418,19.4412,35.5985
2019-06-02 16-15-27,418,19.4244,35.6119
2019-06-02 16-15-29,418,19.3741,35.6413
2019-06-02 16-15-31,418,19.4092,35.6413
2019-06-02 16-15-33,417,19.4458,35.668
2019-06-02 16-15-35,418,19.3771,35.6813
2019-06-02 16-15-37,418,19.3604,35.7
2019-06-02 16-15-41,418,19.342,35.7134
2019-06-02 16-15-43,419,19.3085,35.7401
2019-06-02 16-15-45,418,19.3634,35.7401
2019-06-02 16-15-47,418,19.3268,35.7561
2019-06-02 16-15-49,418,19.2734,35.7828
2019-06-02 16-15-51,419,19.3085,35.7694
2019-06-02 16-15-53,420,19.2734,35.7561
2019-06-02 16-15-55,421,19.2734,35.7828
2019-06-02 16-15-59,421,19.2413,35.7961
2019-06-02 16-16-01,421,19.2078,35.8122
2019-06-02 16-16-03,421,19.2764,35.8122
2019-06-02 16-16-05,421,19.2093,35.8389
2019-06-02 16-16-07,422,19.2261,35.8255
2019-06-02 16-16-09,422,19.191,35.8549
2019-06-02 16-16-11,422,19.2596,35.8389
2019-06-02 16-16-13,422,19.2627,35.8682
2019-06-02 16-16-17,422,19.278,35.8549
2019-06-02 16-16-19,421,19.281,35.8682
2019-06-02 16-16-21,421,19.2963,35.8549
2019-06-02 16-16-23,422,19.2596,35.8389
2019-06-02 16-16-25,422,19.278,35.8389
2019-06-02 16-16-28,423,19.2947,35.8255
2019-06-02 16-16-30,423,19.4016,35.8255
2019-06-02 16-16-34,423,19.368,35.8122
2019-06-02 16-16-36,423,19.368,35.8122
2019-06-02 16-16-38,423,19.4183,35.7961
2019-06-02 16-16-40,423,19.31,35.7961
2019-06-02 16-16-42,422,19.3497,35.8122
2019-06-02 16-16-44,422,19.3085,35.7694
2019-06-02 16-16-46,422,19.2734,35.7694
2019-06-02 16-16-48,422,19.2902,35.7561
2019-06-02 16-16-52,422,19.3222,35.7134
2019-06-02 16-16-54,421,19.2719,35.7401
2019-06-02 16-16-56,422,19.2535,35.7134
2019-06-02 16-16-58,422,19.2398,35.7561
2019-06-02 16-17-00,422,19.2719,35.7401
2019-06-02 16-17-02,422,19.2535,35.7267
2019-06-02 16-17-04,422,19.2734,35.7828
2019-06-02 16-17-06,422,19.2734,35.7694
2019-06-02 16-17-10,422,19.2581,35.7961
2019-06-02 16-17-12,422,19.2917,35.7961
2019-06-02 16-17-14,422,19.2398,35.7828
2019-06-02 16-17-16,422,19.2596,35.8122
2019-06-02 16-17-18,422,19.223,35.7961
2019-06-02 16-17-20,423,19.2581,35.7961
2019-06-02 16-17-22,423,19.2413,35.7961
2019-06-02 16-17-26,423,19.223,35.7828
2019-06-02 16-17-28,423,19.191,35.8389
2019-06-02 16-17-30,423,19.2261,35.8255
2019-06-02 16-17-32,423,19.2261,35.8389
2019-06-02 16-17-34,423,19.2093,35.8549
2019-06-02 16-17-36,423,19.2078,35.8255
2019-06-02 16-17-38,423,19.2947,35.8255
2019-06-02 16-17-40,423,19.3146,35.8682
2019-06-02 16-17-44,424,19.3314,35.8389
2019-06-02 16-17-46,423,19.3512,35.8389
2019-06-02 16-17-48,424,19.3863,35.8549
2019-06-02 16-17-50,424,19.4229,35.8682
2019-06-02 16-17-52,424,19.3695,35.8549
2019-06-02 16-17-54,424,19.4046,35.8682
2019-06-02 16-17-56,424,19.3314,35.8389
2019-06-02 16-17-58,424,19.2963,35.8389
2019-06-02 16-18-02,425,19.3314,35.8549
2019-06-02 16-18-04,425,19.313,35.8255
2019-06-02 16-18-06,425,19.2764,35.8122
2019-06-02 16-18-08,425,19.3268,35.7694
2019-06-02 16-18-10,424,19.3649,35.7828
2019-06-02 16-18-12,424,19.3634,35.7694
2019-06-02 16-18-14,425,19.4153,35.7694
2019-06-02 16-18-18,425,19.3466,35.7694
2019-06-02 16-18-20,424,19.3649,35.7961
2019-06-02 16-18-22,424,19.3649,35.7828
2019-06-02 16-18-24,424,19.31,35.7961
2019-06-02 16-18-26,424,19.2917,35.7961
2019-06-02 16-18-28,424,19.3649,35.7828
2019-06-02 16-18-30,423,19.2596,35.8122
2019-06-02 16-18-32,423,19.2947,35.8122
2019-06-02 16-18-36,423,19.278,35.8255
2019-06-02 16-18-38,423,19.2413,35.8122
2019-06-02 16-18-40,423,19.2078,35.8255
2019-06-02 16-18-42,424,19.2093,35.8389
2019-06-02 16-18-44,424,19.1895,35.8122
2019-06-02 16-18-46,424,19.223,35.7828
2019-06-02 16-18-48,424,19.1498,35.7828
2019-06-02 16-18-50,425,19.2917,35.7828
2019-06-02 16-18-54,425,19.2902,35.7561
2019-06-02 16-18-56,425,19.3604,35.7134
2019-06-02 16-18-58,424,19.3787,35.7267
2019-06-02 16-19-00,424,19.3954,35.7
2019-06-02 16-19-02,424,19.342,35.7134
2019-06-02 16-19-04,424,19.4656,35.7134
2019-06-02 16-19-06,424,19.4473,35.7134
2019-06-02 16-19-10,423,19.4504,35.7401
2019-06-02 16-19-12,423,19.4336,35.7694
2019-06-02 16-19-14,423,19.4,35.7694
2019-06-02 16-19-16,422,19.4321,35.7561
2019-06-02 16-19-18,422,19.4,35.7828
2019-06-02 16-19-20,422,19.3817,35.7561
2019-06-02 16-19-22,423,19.4504,35.7401
2019-06-02 16-19-24,423,19.4473,35.7134
2019-06-02 16-19-28,423,19.5023,35.7134
2019-06-02 16-19-30,424,19.5007,35.668
2019-06-02 16-19-32,423,19.5694,35.6546
2019-06-02 16-19-34,423,19.6213,35.668
2019-06-02 16-19-36,423,19.6426,35.6546
2019-06-02 16-19-38,423,19.6426,35.6546
2019-06-02 16-19-40,423,19.5877,35.6813
2019-06-02 16-19-44,422,19.5343,35.6813
2019-06-02 16-19-46,422,19.5709,35.7
2019-06-02 16-19-48,423,19.5877,35.668
2019-06-02 16-19-50,423,19.6243,35.7134
2019-06-02 16-19-52,423,19.6213,35.6813
2019-06-02 16-19-54,422,19.606,35.6813
2019-06-02 16-19-56,422,19.6426,35.6546
2019-06-02 16-19-58,422,19.5877,35.6546
2019-06-02 16-20-02,422,19.5877,35.6252
2019-06-02 16-20-04,422,19.5847,35.5852
2019-06-02 16-20-06,422,19.6167,35.5985
2019-06-02 16-20-08,422,19.7067,35.5985
2019-06-02 16-20-10,422,19.725,35.5692
2019-06-02 16-20-12,422,19.6716,35.5425
2019-06-02 16-20-14,422,19.7388,35.5558
2019-06-02 16-20-18,422,19.7571,35.5291
2019-06-02 16-20-20,422,19.7723,35.5131
2019-06-02 16-20-22,422,19.8273,35.4864
2019-06-02 16-20-24,422,19.7525,35.4997
2019-06-02 16-20-26,422,19.7906,35.4864
2019-06-02 16-20-28,422,19.7174,35.4437
2019-06-02 16-20-30,422,19.7891,35.457
2019-06-02 16-20-32,422,19.7159,35.457
2019-06-02 16-20-36,422,19.6655,35.457
2019-06-02 16-20-38,422,19.5923,35.473
2019-06-02 16-20-40,421,19.5389,35.457
2019-06-02 16-20-42,421,19.5053,35.4864
2019-06-02 16-20-44,421,19.6106,35.457
2019-06-02 16-20-46,420,19.6472,35.457
2019-06-02 16-20-48,420,19.574,35.457
2019-06-02 16-20-50,420,19.7159,35.4303
2019-06-02 16-20-54,420,19.7495,35.473
2019-06-02 16-20-56,420,19.7708,35.457
2019-06-02 16-20-58,420,19.6991,35.457
2019-06-02 16-21-00,420,19.6808,35.457
2019-06-02 16-21-02,420,19.7159,35.4437
2019-06-02 16-21-04,420,19.6625,35.457
2019-06-02 16-21-06,420,19.6991,35.473
2019-06-02 16-21-10,419,19.6304,35.4864
2019-06-02 16-21-12,419,19.6487,35.5291
2019-06-02 16-21-14,419,19.5969,35.5852
2019-06-02 16-21-16,419,19.5648,35.6252
2019-06-02 16-21-18,419,19.5511,35.668
2019-06-02 16-21-20,419,19.5007,35.668
2019-06-02 16-21-22,419,19.4275,35.6813
2019-06-02 16-21-24,419,19.342,35.6413
2019-06-02 16-21-28,419,19.3192,35.6252
2019-06-02 16-21-30,420,19.3176,35.5692
2019-06-02 16-21-32,420,19.3512,35.5558
2019-06-02 16-21-34,420,19.368,35.5131
2019-06-02 16-21-36,421,19.4183,35.4864
2019-06-02 16-21-38,421,19.4,35.4864
2019-06-02 16-21-40,421,19.4,35.473
2019-06-02 16-21-42,421,19.5572,35.4437
2019-06-02 16-21-46,421,19.6289,35.4437
2019-06-02 16-21-48,421,19.6075,35.4303
2019-06-02 16-21-50,421,19.7311,35.4437
2019-06-02 16-21-52,420,19.6625,35.457
2019-06-02 16-21-54,420,19.6808,35.457
2019-06-02 16-21-56,420,19.6808,35.4437
2019-06-02 16-21-58,420,19.7159,35.457
2019-06-02 16-22-02,420,19.7159,35.4997
2019-06-02 16-22-04,420,19.7021,35.4864
2019-06-02 16-22-06,420,19.6487,35.5131
2019-06-02 16-22-08,419,19.5602,35.5852
2019-06-02 16-22-10,419,19.6381,35.5852
2019-06-02 16-22-12,419,19.5114,35.5852
2019-06-02 16-22-14,419,19.4748,35.5692
2019-06-02 16-22-16,420,19.4931,35.5558
2019-06-02 16-22-21,421,19.455,35.5291
2019-06-02 16-22-23,421,19.5099,35.5425
2019-06-02 16-22-25,422,19.4931,35.5131
2019-06-02 16-22-27,423,19.4702,35.4997
2019-06-02 16-22-29,423,19.5602,35.4864
2019-06-02 16-22-31,423,19.5068,35.457
2019-06-02 16-22-33,423,19.5923,35.4437
2019-06-02 16-22-37,423,19.6075,35.4437
2019-06-02 16-22-39,423,19.6976,35.4303
2019-06-02 16-22-41,423,19.6442,35.4864
2019-06-02 16-22-43,422,19.6106,35.473
2019-06-02 16-22-45,422,19.6655,35.473
2019-06-02 16-22-47,422,19.5389,35.457
2019-06-02 16-22-49,422,19.574,35.457
2019-06-02 16-22-51,423,19.5923,35.457
2019-06-02 16-22-55,423,19.5923,35.4437
2019-06-02 16-22-57,423,19.6075,35.457
2019-06-02 16-22-59,424,19.8074,35.457
2019-06-02 16-23-01,424,19.8074,35.4864
2019-06-02 16-23-03,424,19.8074,35.473
2019-06-02 16-23-05,424,19.7708,35.473
2019-06-02 16-23-07,424,19.7891,35.473
2019-06-02 16-23-09,424,19.8257,35.4437
2019-06-02 16-23-13,424,19.8761,35.473
2019-06-02 16-23-15,425,19.841,35.473
2019-06-02 16-23-17,426,19.8593,35.473
2019-06-02 16-23-19,426,19.8257,35.473
2019-06-02 16-23-21,426,19.8761,35.4997
2019-06-02 16-23-23,426,19.809,35.5558
2019-06-02 16-23-25,425,19.8456,35.5558
2019-06-02 16-23-29,426,19.812,35.5291
2019-06-02 16-23-31,426,19.7723,35.5425
2019-06-02 16-23-33,426,19.7571,35.5131
2019-06-02 16-23-35,426,19.754,35.5291
2019-06-02 16-23-37,427,19.7723,35.5291
2019-06-02 16-23-39,427,19.754,35.5131
2019-06-02 16-23-41,426,19.7723,35.5425
2019-06-02 16-23-43,426,19.7937,35.5558
2019-06-02 16-23-47,426,19.7952,35.5558
2019-06-02 16-23-49,426,19.722,35.5692
2019-06-02 16-23-51,426,19.7571,35.6119
2019-06-02 16-23-53,425,19.6899,35.6413
2019-06-02 16-23-55,425,19.6198,35.7
2019-06-02 16-23-57,425,19.5526,35.7134
2019-06-02 16-23-59,425,19.6075,35.6813
2019-06-02 16-24-03,425,19.606,35.668
2019-06-02 16-24-05,425,19.6609,35.6546
2019-06-02 16-24-07,425,19.6426,35.668
2019-06-02 16-24-09,425,19.6426,35.6413
2019-06-02 16-24-11,426,19.6747,35.6413
2019-06-02 16-24-13,426,19.5847,35.6413
2019-06-02 16-24-15,425,19.6579,35.6252
2019-06-02 16-24-17,425,19.693,35.6119
2019-06-02 16-24-21,426,19.6747,35.5985
2019-06-02 16-24-23,426,19.7983,35.5985
2019-06-02 16-24-25,427,19.8135,35.5852
2019-06-02 16-24-27,427,19.9188,35.5692
2019-06-02 16-24-29,427,19.8303,35.5425
2019-06-02 16-24-31,427,19.9326,35.5291
2019-06-02 16-24-33,427,19.9142,35.5291
2019-06-02 16-24-35,427,19.8624,35.4997
2019-06-02 16-24-39,427,19.9127,35.4997
2019-06-02 16-24-41,427,19.8959,35.4997
2019-06-02 16-24-43,426,19.8776,35.4864
2019-06-02 16-24-45,426,19.8074,35.4997
2019-06-02 16-24-47,426,19.809,35.4864
2019-06-02 16-24-49,425,19.8074,35.473
2019-06-02 16-24-51,425,19.7891,35.4864
2019-06-02 16-24-55,425,19.7708,35.4864
2019-06-02 16-24-57,424,19.7174,35.457
2019-06-02 16-24-59,424,19.6991,35.4303
2019-06-02 16-25-01,424,19.7861,35.4303
2019-06-02 16-25-03,424,19.8212,35.4437
2019-06-02 16-25-05,424,19.7891,35.4437
2019-06-02 16-25-07,423,19.8044,35.4303
2019-06-02 16-25-09,423,19.7861,35.4143
2019-06-02 16-25-13,424,19.8547,35.4009
2019-06-02 16-25-15,424,19.8715,35.4009
2019-06-02 16-25-17,424,19.8898,35.3582
2019-06-02 16-25-19,424,19.8685,35.3876
2019-06-02 16-25-21,423,19.8532,35.4009
2019-06-02 16-25-23,423,19.8364,35.4303
2019-06-02 16-25-25,423,19.873,35.4009
2019-06-02 16-25-29,423,19.8715,35.4009
2019-06-02 16-25-31,422,20.0134,35.4303
2019-06-02 16-25-33,422,19.9631,35.4303
2019-06-02 16-25-35,422,19.9997,35.4303
2019-06-02 16-25-37,422,20.015,35.4143
2019-06-02 16-25-39,422,20.015,35.4143
2019-06-02 16-25-41,422,19.9814,35.4303
2019-06-02 16-25-43,422,19.9081,35.4303
2019-06-02 16-25-47,423,19.9265,35.4303
2019-06-02 16-25-49,422,19.9463,35.4143
2019-06-02 16-25-51,423,19.9814,35.4303
2019-06-02 16-25-53,422,20.0333,35.4303
2019-06-02 16-25-55,422,19.9997,35.4303
2019-06-02 16-25-57,422,20.015,35.457
2019-06-02 16-25-59,422,19.9997,35.4864
2019-06-02 16-26-03,421,19.9677,35.4864
2019-06-02 16-26-05,422,20.0195,35.4864
2019-06-02 16-26-07,422,20.0195,35.4997
2019-06-02 16-26-09,423,20.0043,35.473
2019-06-02 16-26-11,422,20.0012,35.5131
2019-06-02 16-26-13,423,19.9142,35.4997
2019-06-02 16-26-15,423,19.8959,35.5291
2019-06-02 16-26-17,423,19.9692,35.5131
2019-06-02 16-26-21,423,19.9692,35.5131
2019-06-02 16-26-23,423,19.8776,35.5131
2019-06-02 16-26-25,424,19.8959,35.4997
2019-06-02 16-26-27,423,20.0043,35.4997
2019-06-02 16-26-29,423,20.0546,35.5131
2019-06-02 16-26-31,424,19.9692,35.4997
2019-06-02 16-26-33,424,19.9677,35.473
2019-06-02 16-26-35,424,20.0012,35.457
2019-06-02 16-26-39,424,19.9493,35.473
2019-06-02 16-26-41,425,19.928,35.4303
2019-06-02 16-26-43,424,19.9463,35.4143
2019-06-02 16-26-45,424,19.9448,35.4437
2019-06-02 16-26-47,425,20.0516,35.3876
2019-06-02 16-26-49,425,19.96,35.4009
2019-06-02 16-26-51,425,19.9448,35.3876
2019-06-02 16-26-55,425,19.8715,35.3742
2019-06-02 16-26-57,425,19.9417,35.3449
2019-06-02 16-26-59,425,19.9417,35.3449
2019-06-02 16-27-01,425,19.9417,35.3315
2019-06-02 16-27-03,425,19.9921,35.3182
2019-06-02 16-27-05,425,19.8669,35.3315
2019-06-02 16-27-07,425,19.8853,35.3182
2019-06-02 16-27-09,425,19.9554,35.3315
2019-06-02 16-27-13,425,19.8318,35.3021
2019-06-02 16-27-15,425,19.8318,35.3021
2019-06-02 16-27-17,425,19.9188,35.3182
2019-06-02 16-27-19,426,19.9188,35.2754
2019-06-02 16-27-21,426,19.8639,35.2888
2019-06-02 16-27-23,425,19.8822,35.2888
2019-06-02 16-27-25,425,19.9173,35.2888
2019-06-02 16-27-29,425,19.9554,35.2754
2019-06-02 16-27-31,425,20.079,35.3021
2019-06-02 16-27-33,425,20.0974,35.3021
2019-06-02 16-27-35,425,20.079,35.3182
2019-06-02 16-27-37,425,20.0974,35.3315
2019-06-02 16-27-39,424,19.9921,35.3449
2019-06-02 16-27-41,424,19.9921,35.3742
2019-06-02 16-27-43,425,19.9951,35.3742
2019-06-02 16-27-47,424,19.9783,35.3876
2019-06-02 16-27-49,424,19.9951,35.4143
2019-06-02 16-27-51,424,19.8898,35.4303
2019-06-02 16-27-53,424,19.873,35.4437
2019-06-02 16-27-55,424,19.9646,35.473
2019-06-02 16-27-57,424,19.928,35.4997
2019-06-02 16-27-59,424,19.8959,35.5425
2019-06-02 16-28-01,424,19.812,35.6119
2019-06-02 16-28-05,423,19.7617,35.668
2019-06-02 16-28-07,423,19.7479,35.7
2019-06-02 16-28-10,423,19.6793,35.7134
2019-06-02 16-28-12,423,19.5709,35.7134
2019-06-02 16-28-14,423,19.6075,35.7267
2019-06-02 16-28-16,423,19.5892,35.7694
2019-06-02 16-28-18,423,19.5419,35.7828
2019-06-02 16-28-22,423,19.5602,35.7561
2019-06-02 16-28-24,423,19.4839,35.7694
2019-06-02 16-28-26,424,19.5755,35.7828
2019-06-02 16-28-28,425,19.5602,35.7828
2019-06-02 16-28-30,424,19.6671,35.8122
2019-06-02 16-28-32,425,19.5969,35.7961
2019-06-02 16-28-34,425,19.5786,35.8122
2019-06-02 16-28-36,425,19.5786,35.8122
2019-06-02 16-28-40,425,19.5435,35.8549
2019-06-02 16-28-42,425,19.4733,35.8816
2019-06-02 16-28-44,425,19.4229,35.8949
2019-06-02 16-28-46,425,19.4595,35.911
2019-06-02 16-28-48,425,19.4061,35.9377
2019-06-02 16-28-50,426,19.4092,35.9243
2019-06-02 16-28-52,426,19.4778,35.9377
2019-06-02 16-28-56,426,19.4275,35.9377
2019-06-02 16-28-58,427,19.4275,35.9243
2019-06-02 16-29-00,426,19.4427,35.8949
2019-06-02 16-29-02,426,19.4748,35.8949
2019-06-02 16-29-04,426,19.4931,35.8549
2019-06-02 16-29-06,426,19.5114,35.8816
2019-06-02 16-29-08,427,19.5831,35.8816
2019-06-02 16-29-10,427,19.5297,35.9243
2019-06-02 16-29-14,427,19.5511,35.8949
2019-06-02 16-29-16,427,19.5145,35.911
2019-06-02 16-29-18,426,19.4931,35.8682
2019-06-02 16-29-20,427,19.5297,35.911
2019-06-02 16-29-22,427,19.4778,35.8949
2019-06-02 16-29-24,427,19.4595,35.911
2019-06-02 16-29-26,427,19.4427,35.8949
2019-06-02 16-29-28,427,19.4412,35.8949
2019-06-02 16-29-32,427,19.4412,35.8949
2019-06-02 16-29-34,427,19.5145,35.911
2019-06-02 16-29-36,427,19.4778,35.8949
2019-06-02 16-29-38,428,19.4595,35.8816
2019-06-02 16-29-40,428,19.4565,35.8816
2019-06-02 16-29-42,428,19.4565,35.8682
2019-06-02 16-29-44,429,19.4565,35.8816
2019-06-02 16-29-48,429,19.3878,35.8949
2019-06-02 16-29-50,428,19.3878,35.8816
2019-06-02 16-29-52,428,19.3878,35.8816
2019-06-02 16-29-54,428,19.3878,35.8949
2019-06-02 16-29-56,428,19.4412,35.8949
2019-06-02 16-29-58,428,19.4061,35.8816
2019-06-02 16-30-00,428,19.3542,35.911
2019-06-02 16-30-02,429,19.3909,35.911
2019-06-02 16-30-06,428,19.4061,35.911
2019-06-02 16-30-08,429,19.3359,35.951
2019-06-02 16-30-10,429,19.3192,35.9377
2019-06-02 16-30-12,429,19.3558,35.951
2019-06-02 16-30-14,430,19.3192,35.951
2019-06-02 16-30-16,430,19.2856,35.9804
2019-06-02 16-30-18,430,19.2871,35.9804
2019-06-02 16-30-22,430,19.3405,36.0071
2019-06-02 16-30-24,429,19.2368,36.0071
2019-06-02 16-30-26,429,19.2001,36.0071
2019-06-02 16-30-28,429,19.2535,36.0071
2019-06-02 16-30-30,429,19.2001,35.9937
2019-06-02 16-30-32,430,19.2184,36.0071
2019-06-02 16-30-34,430,19.2368,35.9804
2019-06-02 16-30-36,430,19.2535,35.967
2019-06-02 16-30-40,430,19.1772,35.967
2019-06-02 16-30-42,430,19.3222,35.951
2019-06-02 16-30-44,430,19.3192,35.9377
2019-06-02 16-30-46,430,19.2856,35.967
2019-06-02 16-30-48,429,19.3588,35.9804
2019-06-02 16-30-50,429,19.3039,35.9937
2019-06-02 16-30-52,429,19.3604,36.0071
2019-06-02 16-30-54,429,19.3237,36.0071
2019-06-02 16-30-58,428,19.3237,36.0632
2019-06-02 16-31-00,428,19.2581,36.0632
2019-06-02 16-31-02,428,19.1849,36.0925
2019-06-02 16-31-04,427,19.1528,36.1059
2019-06-02 16-31-06,427,19.1864,36.1379
2019-06-02 16-31-08,428,19.1177,36.1379
2019-06-02 16-31-10,428,19.1025,36.1192
2019-06-02 16-31-14,428,19.0994,36.1379
2019-06-02 16-31-16,428,19.0842,36.1513
2019-06-02 16-31-18,428,19.0491,36.1379
2019-06-02 16-31-20,428,19.1025,36.1379
2019-06-02 16-31-22,428,19.0674,36.0925
2019-06-02 16-31-24,428,19.1162,36.1059
2019-06-02 16-31-26,428,19.0994,36.0925
2019-06-02 16-31-28,428,19.1162,36.0925
2019-06-02 16-31-32,427,19.223,36.1192
2019-06-02 16-31-34,427,19.1528,36.1192
2019-06-02 16-31-36,427,19.136,36.1379
2019-06-02 16-31-38,427,19.1025,36.1513
2019-06-02 16-31-40,427,19.136,36.1192
2019-06-02 16-31-42,427,19.0994,36.1379
2019-06-02 16-31-44,427,19.0842,36.1059
2019-06-02 16-31-46,427,19.1345,36.0632
2019-06-02 16-31-50,426,19.1162,36.0792
2019-06-02 16-31-52,427,19.1498,36.0231
2019-06-02 16-31-54,427,19.1483,36.0071
2019-06-02 16-31-56,427,19.2184,36.0071
2019-06-02 16-31-58,427,19.1818,35.967
2019-06-02 16-32-00,427,19.1986,35.9377
2019-06-02 16-32-02,427,19.2673,35.9243
2019-06-02 16-32-06,428,19.2673,35.8682
2019-06-02 16-32-08,428,19.3146,35.8389
2019-06-02 16-32-10,428,19.313,35.8389
2019-06-02 16-32-12,428,19.368,35.7828
2019-06-02 16-32-14,428,19.3649,35.7828
2019-06-02 16-32-16,428,19.4,35.7694
2019-06-02 16-32-18,427,19.4504,35.7561
2019-06-02 16-32-20,427,19.4839,35.7401
2019-06-02 16-32-24,427,19.4839,35.7267
2019-06-02 16-32-26,428,19.5206,35.7267
2019-06-02 16-32-28,428,19.4656,35.7
2019-06-02 16-32-30,427,19.519,35.7267
2019-06-02 16-32-32,427,19.5023,35.7267
2019-06-02 16-32-34,427,19.574,35.7134
2019-06-02 16-32-36,427,19.5709,35.7401
2019-06-02 16-32-40,427,19.5572,35.7267
2019-06-02 16-32-42,427,19.6259,35.7134
2019-06-02 16-32-44,426,19.7128,35.7561
2019-06-02 16-32-46,426,19.6991,35.7828
2019-06-02 16-32-48,425,19.6487,35.7961
2019-06-02 16-32-50,425,19.6487,35.7961
2019-06-02 16-32-52,425,19.6121,35.8122
2019-06-02 16-32-54,425,19.5969,35.7961
2019-06-02 16-32-58,425,19.5786,35.7828
2019-06-02 16-33-00,425,19.5602,35.8122
2019-06-02 16-33-02,425,19.5251,35.7961
2019-06-02 16-33-04,425,19.5602,35.8122
2019-06-02 16-33-06,425,19.4885,35.7828
2019-06-02 16-33-08,425,19.4519,35.8255
2019-06-02 16-33-10,425,19.5282,35.8389
2019-06-02 16-33-14,424,19.4382,35.8816
2019-06-02 16-33-16,424,19.4412,35.951
2019-06-02 16-33-18,424,19.4092,35.9377
2019-06-02 16-33-20,423,19.3359,35.967
2019-06-02 16-33-22,423,19.3771,35.9804
2019-06-02 16-33-24,423,19.3405,35.9804
2019-06-02 16-33-26,423,19.2352,35.967
2019-06-02 16-33-28,424,19.2856,35.951
2019-06-02 16-33-32,423,19.3192,35.9377
2019-06-02 16-33-34,424,19.3192,35.911
2019-06-02 16-33-36,423,19.3909,35.911
2019-06-02 16-33-38,423,19.4244,35.8816
2019-06-02 16-33-40,423,19.3695,35.8816
2019-06-02 16-33-42,423,19.3542,35.8682
2019-06-02 16-33-44,423,19.3512,35.8389
2019-06-02 16-33-46,423,19.3863,35.7961
2019-06-02 16-33-50,423,19.4702,35.7961
2019-06-02 16-33-52,423,19.5786,35.7828
2019-06-02 16-33-55,423,19.6671,35.7961
2019-06-02 16-33-57,423,19.6671,35.7828
2019-06-02 16-33-59,423,19.7174,35.7828
2019-06-02 16-34-01,422,19.6289,35.8122
2019-06-02 16-34-03,423,19.6854,35.7961
2019-06-02 16-34-07,423,19.6121,35.7961
2019-06-02 16-34-09,423,19.7021,35.8255
2019-06-02 16-34-11,423,19.6304,35.8122
2019-06-02 16-34-13,422,19.7037,35.8389
2019-06-02 16-34-15,422,19.7571,35.8122
2019-06-02 16-34-17,422,19.6518,35.8549
2019-06-02 16-34-19,423,19.7067,35.8122
2019-06-02 16-34-21,423,19.6854,35.8122
2019-06-02 16-34-25,423,19.7205,35.7961
2019-06-02 16-34-27,423,19.6487,35.7828
2019-06-02 16-34-29,423,19.6487,35.7561
2019-06-02 16-34-31,423,19.6472,35.7694
2019-06-02 16-34-33,422,19.6655,35.7401
2019-06-02 16-34-35,422,19.6625,35.7267
2019-06-02 16-34-37,423,19.6442,35.7134
2019-06-02 16-34-39,423,19.6442,35.7267
2019-06-02 16-34-43,423,19.7159,35.7267
2019-06-02 16-34-45,423,19.6625,35.7561
2019-06-02 16-34-47,423,19.6259,35.7694
2019-06-02 16-34-49,423,19.6487,35.7961
2019-06-02 16-34-51,424,19.6487,35.7828
2019-06-02 16-34-53,424,19.6487,35.7961
2019-06-02 16-34-55,424,19.6487,35.8122
2019-06-02 16-34-59,425,19.6121,35.7694
2019-06-02 16-35-01,425,19.5938,35.7694
2019-06-02 16-35-03,425,19.6106,35.7828
2019-06-02 16-35-05,425,19.6106,35.7561
2019-06-02 16-35-07,425,19.6106,35.7561
2019-06-02 16-35-09,425,19.5755,35.7561
2019-06-02 16-35-11,425,19.6655,35.7828
2019-06-02 16-35-13,425,19.5938,35.7694
2019-06-02 16-35-17,425,19.5755,35.7694
2019-06-02 16-35-19,425,19.6106,35.7828
2019-06-02 16-35-21,424,19.6289,35.7694
2019-06-02 16-35-23,424,19.5572,35.8122
2019-06-02 16-35-25,424,19.5602,35.8122
2019-06-02 16-35-27,424,19.5099,35.8549
2019-06-02 16-35-29,424,19.5648,35.8816
2019-06-02 16-35-33,424,19.4748,35.8949
2019-06-02 16-35-35,424,19.4061,35.8949
2019-06-02 16-35-37,424,19.4412,35.8949
2019-06-02 16-35-39,424,19.4748,35.8682
2019-06-02 16-35-41,424,19.4229,35.8682
2019-06-02 16-35-43,425,19.4748,35.8255
2019-06-02 16-35-45,425,19.4366,35.8255
2019-06-02 16-35-47,425,19.4366,35.7961
2019-06-02 16-35-51,425,19.5602,35.7828
2019-06-02 16-35-53,425,19.5602,35.7961
2019-06-02 16-35-55,425,19.5938,35.7694
2019-06-02 16-35-57,425,19.5755,35.7961
2019-06-02 16-35-59,424,19.6671,35.7828
2019-06-02 16-36-01,424,19.6671,35.7961
2019-06-02 16-36-03,424,19.5786,35.8122
2019-06-02 16-36-05,424,19.5969,35.8122
2019-06-02 16-36-09,424,19.5435,35.8255
2019-06-02 16-36-11,423,19.5435,35.8549
2019-06-02 16-36-13,423,19.4382,35.8949
2019-06-02 16-36-15,423,19.4595,35.9377
2019-06-02 16-36-17,422,19.4611,35.9937
2019-06-02 16-36-19,422,19.3405,36.0071
2019-06-02 16-36-21,422,19.3237,36.0792
2019-06-02 16-36-25,422,19.2764,36.0925
2019-06-02 16-36-27,422,19.2413,36.1059
2019-06-02 16-36-29,422,19.2413,36.1513
2019-06-02 16-36-31,421,19.1727,36.1646
2019-06-02 16-36-33,421,19.2123,36.2074
2019-06-02 16-36-35,421,19.1223,36.2367
2019-06-02 16-36-37,422,19.1437,36.2501
2019-06-02 16-36-39,422,19.1956,36.2501
2019-06-02 16-36-43,423,19.2322,36.2635
2019-06-02 16-36-45,423,19.2688,36.2367
2019-06-02 16-36-47,424,19.3008,36.2207
2019-06-02 16-36-49,424,19.3542,36.194
2019-06-02 16-36-51,424,19.3176,36.194
2019-06-02 16-36-53,425,19.3359,36.1646
2019-06-02 16-36-55,425,19.3497,36.1379
2019-06-02 16-36-59,426,19.313,36.0925
2019-06-02 16-37-01,426,19.3649,36.0925
2019-06-02 16-37-03,426,19.3466,36.0792
2019-06-02 16-37-05,426,19.4336,36.0632
2019-06-02 16-37-07,426,19.4,36.0231
2019-06-02 16-37-09,427,19.4321,36.0071
2019-06-02 16-37-11,427,19.4473,35.967
2019-06-02 16-37-13,427,19.429,35.951
2019-06-02 16-37-17,427,19.4611,35.8949
2019-06-02 16-37-19,427,19.4931,35.8816
2019-06-02 16-37-21,427,19.5145,35.911
2019-06-02 16-37-23,427,19.5847,35.8682
2019-06-02 16-37-25,427,19.5465,35.8682
2019-06-02 16-37-27,427,19.5648,35.8682
2019-06-02 16-37-29,426,19.6167,35.8682
2019-06-02 16-37-33,426,19.6335,35.8389
2019-06-02 16-37-35,426,19.6335,35.8549
2019-06-02 16-37-37,426,19.6701,35.8682
2019-06-02 16-37-39,425,19.6335,35.8816
2019-06-02 16-37-41,426,19.6014,35.8682
2019-06-02 16-37-43,425,19.5648,35.8816
2019-06-02 16-37-45,426,19.5648,35.8816
2019-06-02 16-37-47,426,19.6014,35.8949
2019-06-02 16-37-51,425,19.5831,35.8949
2019-06-02 16-37-53,425,19.548,35.8949
2019-06-02 16-37-55,425,19.548,35.911
2019-06-02 16-37-57,424,19.5145,35.951
2019-06-02 16-37-59,425,19.516,35.951
2019-06-02 16-38-01,425,19.5343,35.967
2019-06-02 16-38-03,425,19.519,35.967
2019-06-02 16-38-05,425,19.4458,35.9804
2019-06-02 16-38-09,425,19.4977,35.951
2019-06-02 16-38-11,425,19.5526,35.951
2019-06-02 16-38-13,425,19.4962,35.951
2019-06-02 16-38-15,425,19.4962,35.9377
2019-06-02 16-38-17,425,19.4611,35.9377
2019-06-02 16-38-19,425,19.5343,35.9243
2019-06-02 16-38-21,426,19.516,35.911
2019-06-02 16-38-25,426,19.548,35.8949
2019-06-02 16-38-27,426,19.5297,35.8682
2019-06-02 16-38-29,425,19.4748,35.911
2019-06-02 16-38-31,425,19.548,35.911
2019-06-02 16-38-33,425,19.4427,35.8816
2019-06-02 16-38-35,425,19.4748,35.8682
2019-06-02 16-38-37,425,19.4229,35.8389
2019-06-02 16-38-39,426,19.4916,35.8122
2019-06-02 16-38-43,426,19.4885,35.8122
2019-06-02 16-38-45,426,19.5251,35.7694
2019-06-02 16-38-47,426,19.5053,35.7401
2019-06-02 16-38-49,425,19.5923,35.7
2019-06-02 16-38-51,425,19.6442,35.7267
2019-06-02 16-38-53,426,19.6259,35.7
2019-06-02 16-38-55,425,19.6243,35.6813
2019-06-02 16-38-57,425,19.7128,35.6546
2019-06-02 16-39-01,426,19.693,35.6413
2019-06-02 16-39-03,426,19.693,35.6252
2019-06-02 16-39-05,426,19.7433,35.6413
2019-06-02 16-39-07,426,19.78,35.668
2019-06-02 16-39-09,425,19.8029,35.668
2019-06-02 16-39-11,425,19.6945,35.6813
2019-06-02 16-39-13,425,19.7479,35.7134
2019-06-02 16-39-17,425,19.7495,35.668
2019-06-02 16-39-19,425,19.8364,35.7
2019-06-02 16-39-21,424,19.7479,35.7
2019-06-02 16-39-24,424,19.7662,35.6813
2019-06-02 16-39-26,424,19.7815,35.6546
2019-06-02 16-39-28,424,19.7998,35.668
2019-06-02 16-39-30,424,19.7479,35.6813
2019-06-02 16-39-32,424,19.7296,35.668
2019-06-02 16-39-36,424,19.7479,35.6413
2019-06-02 16-39-38,424,19.693,35.6546
2019-06-02 16-39-40,423,19.8181,35.6119
2019-06-02 16-39-42,423,19.7617,35.6119
2019-06-02 16-39-44,424,19.8318,35.5985
2019-06-02 16-39-46,424,19.8502,35.5558
2019-06-02 16-39-48,424,19.8456,35.5692
2019-06-02 16-39-50,424,19.8303,35.5692
2019-06-02 16-39-54,424,19.8822,35.5558
2019-06-02 16-39-56,424,19.9539,35.5425
2019-06-02 16-39-58,424,19.9875,35.5425
2019-06-02 16-40-00,424,20.0562,35.5425
2019-06-02 16-40-02,424,20.0745,35.5291
2019-06-02 16-40-04,424,20.0562,35.4997
2019-06-02 16-40-06,424,20.0546,35.5291
2019-06-02 16-40-10,423,19.9875,35.5425
2019-06-02 16-40-12,423,20.0562,35.5291
2019-06-02 16-40-14,423,19.9692,35.5291
2019-06-02 16-40-16,423,20.0409,35.5131
2019-06-02 16-40-18,423,20.0562,35.5291
2019-06-02 16-40-20,423,20.0043,35.5291
2019-06-02 16-40-22,423,19.9692,35.5425
2019-06-02 16-40-24,423,20.0058,35.5425
2019-06-02 16-40-28,423,20.0562,35.5131
2019-06-02 16-40-30,423,20.1279,35.5291
2019-06-02 16-40-32,423,20.1462,35.5131
2019-06-02 16-40-34,423,20.0729,35.5131
2019-06-02 16-40-36,423,20.0928,35.4864
2019-06-02 16-40-38,423,20.1431,35.473
2019-06-02 16-40-40,423,20.1782,35.4437
2019-06-02 16-40-42,424,20.1599,35.473
2019-06-02 16-40-46,424,20.0912,35.4303
2019-06-02 16-40-48,425,20.1935,35.4303
2019-06-02 16-40-50,425,20.1416,35.4437
2019-06-02 16-40-52,425,20.1599,35.457
2019-06-02 16-40-54,425,20.1248,35.4437
2019-06-02 16-40-56,425,20.0882,35.4437
2019-06-02 16-40-58,425,20.1065,35.457
2019-06-02 16-41-02,424,20.0516,35.473
2019-06-02 16-41-04,424,20.1096,35.4864
2019-06-02 16-41-06,423,20.1096,35.4997
2019-06-02 16-41-08,423,20.0043,35.5131
2019-06-02 16-41-10,423,20.0928,35.5291
2019-06-02 16-41-12,424,20.0562,35.5131
2019-06-02 16-41-14,424,19.931,35.5291
2019-06-02 16-41-16,423,19.9539,35.5291
2019-06-02 16-41-20,423,19.9326,35.5425
2019-06-02 16-41-22,424,19.9692,35.5291
2019-06-02 16-41-24,424,20.0226,35.5131
2019-06-02 16-41-26,424,19.931,35.5131
2019-06-02 16-41-28,424,19.9692,35.5425
2019-06-02 16-41-30,424,19.9539,35.5425
2019-06-02 16-41-32,424,20.0226,35.5852
2019-06-02 16-41-34,424,19.9738,35.6119
2019-06-02 16-41-38,424,19.9188,35.6252
2019-06-02 16-41-40,424,19.9768,35.6252
2019-06-02 16-41-42,424,20.0104,35.6252
2019-06-02 16-41-44,425,19.9585,35.6546
2019-06-02 16-41-46,425,19.9219,35.668
2019-06-02 16-41-48,425,19.8532,35.6813
2019-06-02 16-41-50,425,19.8898,35.7
2019-06-02 16-41-54,424,19.8395,35.7267
2019-06-02 16-41-56,424,19.7845,35.7961
2019-06-02 16-41-58,424,19.7891,35.8122
2019-06-02 16-42-00,425,19.7388,35.8682
2019-06-02 16-42-02,425,19.725,35.8816
2019-06-02 16-42-04,425,19.6564,35.8549
2019-06-02 16-42-06,426,19.6335,35.8549
2019-06-02 16-42-08,426,19.6884,35.8255
2019-06-02 16-42-12,427,19.6854,35.8389
2019-06-02 16-42-14,427,19.7388,35.8122
2019-06-02 16-42-16,428,19.809,35.8122
2019-06-02 16-42-18,429,19.7723,35.8255
2019-06-02 16-42-20,429,19.7723,35.7828
2019-06-02 16-42-22,428,19.7891,35.7267
2019-06-02 16-42-24,428,19.7678,35.7
2019-06-02 16-42-28,429,19.8212,35.6546
2019-06-02 16-42-30,429,19.8532,35.6813
2019-06-02 16-42-32,429,19.8029,35.668
2019-06-02 16-42-34,430,19.8029,35.6546
2019-06-02 16-42-36,430,19.8715,35.6813
2019-06-02 16-42-38,429,19.9234,35.7134
2019-06-02 16-42-40,428,19.9265,35.7401
2019-06-02 16-42-42,428,19.8944,35.7828
2019-06-02 16-42-46,427,19.809,35.8255
2019-06-02 16-42-48,426,19.8273,35.8949
2019-06-02 16-42-50,426,19.6564,35.911
2019-06-02 16-42-52,427,19.6747,35.9243
2019-06-02 16-42-54,427,19.6381,35.9377
2019-06-02 16-42-56,427,19.5847,35.951
2019-06-02 16-42-58,427,19.5877,35.951
2019-06-02 16-43-00,427,19.603,35.9804
2019-06-02 16-43-04,427,19.5892,36.0365
2019-06-02 16-43-06,427,19.6106,36.0498
2019-06-02 16-43-08,427,19.4687,36.1059
2019-06-02 16-43-10,427,19.455,36.1379
2019-06-02 16-43-12,428,19.4199,36.1513
2019-06-02 16-43-14,429,19.3497,36.1513
2019-06-02 16-43-16,429,19.3497,36.1513
2019-06-02 16-43-20,429,19.3314,36.178
2019-06-02 16-43-22,429,19.3329,36.1646
2019-06-02 16-43-24,429,19.3329,36.1513
2019-06-02 16-43-26,429,19.281,36.1379
2019-06-02 16-43-28,429,19.3497,36.0632
2019-06-02 16-43-30,430,19.3649,36.0231
2019-06-02 16-43-32,431,19.4656,35.951
2019-06-02 16-43-34,431,19.4794,35.9243
2019-06-02 16-43-38,432,19.516,35.911
2019-06-02 16-43-40,432,19.6381,35.8949
2019-06-02 16-43-42,432,19.6564,35.8549
2019-06-02 16-43-44,432,19.7067,35.8389
2019-06-02 16-43-46,432,19.6884,35.8389
2019-06-02 16-43-48,431,19.7754,35.8255
2019-06-02 16-43-50,432,19.7906,35.8122
2019-06-02 16-43-54,431,19.809,35.7961
2019-06-02 16-43-56,430,19.8273,35.7961
2019-06-02 16-43-58,430,19.8624,35.7828
2019-06-02 16-44-00,429,19.8441,35.7828
2019-06-02 16-44-02,428,19.8593,35.7828
2019-06-02 16-44-04,428,19.8593,35.7961
2019-06-02 16-44-06,427,19.809,35.7961
2019-06-02 16-44-08,426,19.7891,35.8122
2019-06-02 16-44-12,425,19.809,35.7961
2019-06-02 16-44-14,425,19.8441,35.7961
2019-06-02 16-44-16,425,19.809,35.7828
2019-06-02 16-44-18,425,19.8593,35.7828
2019-06-02 16-44-20,425,19.8593,35.7828
2019-06-02 16-44-22,426,19.9127,35.7401
2019-06-02 16-44-24,426,19.8761,35.7694
2019-06-02 16-44-26,426,19.8074,35.7401
2019-06-02 16-44-30,426,19.7495,35.7401
2019-06-02 16-44-32,426,19.841,35.7
2019-06-02 16-44-34,426,19.8212,35.7134
2019-06-02 16-44-36,426,19.8395,35.7
2019-06-02 16-44-38,427,19.8395,35.668
2019-06-02 16-44-40,426,19.8898,35.6546
2019-06-02 16-44-42,427,19.9402,35.668
2019-06-02 16-44-46,427,19.9402,35.6546
2019-06-02 16-44-48,426,20.0134,35.6546
2019-06-02 16-44-50,426,20.047,35.7
2019-06-02 16-44-52,426,19.9631,35.7134
2019-06-02 16-44-54,425,19.9997,35.7134
2019-06-02 16-44-56,425,20.0333,35.7401
2019-06-02 16-44-58,424,19.9829,35.7694
2019-06-02 16-45-01,424,19.9677,35.7828
2019-06-02 16-45-05,424,19.9677,35.7694
2019-06-02 16-45-07,424,19.931,35.7828
2019-06-02 16-45-09,424,19.8959,35.7828
2019-06-02 16-45-11,424,19.9677,35.7828
2019-06-02 16-45-13,424,20.0378,35.7561
2019-06-02 16-45-15,425,20.0699,35.7401
2019-06-02 16-45-17,425,20.018,35.7134
2019-06-02 16-45-21,426,19.9997,35.7134
2019-06-02 16-45-23,426,20.1065,35.6813
2019-06-02 16-45-25,427,20.0836,35.6546
2019-06-02 16-45-27,428,20.0653,35.6413
2019-06-02 16-45-29,429,20.0287,35.6546
2019-06-02 16-45-31,428,20.0287,35.6119
2019-06-02 16-45-33,428,20.0455,35.5985
2019-06-02 16-45-35,427,20.0424,35.5692
2019-06-02 16-45-39,427,20.0424,35.5692
2019-06-02 16-45-41,427,20.0241,35.5692
2019-06-02 16-45-43,426,20.0592,35.5291
2019-06-02 16-45-45,426,20.0958,35.5558
2019-06-02 16-45-47,426,20.0958,35.5425
2019-06-02 16-45-49,427,20.1645,35.5291
2019-06-02 16-45-51,427,20.0958,35.5425
2019-06-02 16-45-53,427,20.1294,35.5131
2019-06-02 16-45-57,426,20.1462,35.5291
2019-06-02 16-45-59,426,20.1462,35.5291
2019-06-02 16-46-01,427,20.1828,35.5131
2019-06-02 16-46-03,427,20.1462,35.5131
2019-06-02 16-46-05,427,20.1797,35.4997
2019-06-02 16-46-07,427,20.2148,35.4997
2019-06-02 16-46-09,427,20.1965,35.473
2019-06-02 16-46-13,427,20.1782,35.457
2019-06-02 16-46-15,428,20.1599,35.4437
2019-06-02 16-46-17,428,20.1935,35.4303
2019-06-02 16-46-19,428,20.1416,35.4009
2019-06-02 16-46-21,428,20.1736,35.3876
2019-06-02 16-46-23,428,20.1553,35.4303
2019-06-02 16-46-25,427,20.2103,35.4303
2019-06-02 16-46-27,427,20.1935,35.5131
2019-06-02 16-46-31,427,20.1797,35.5558
2019-06-02 16-46-33,427,20.0409,35.5985
2019-06-02 16-46-35,427,20.0272,35.6119
2019-06-02 16-46-37,427,20.0104,35.6546
2019-06-02 16-46-39,427,20.0653,35.6546
2019-06-02 16-46-41,427,19.9783,35.7
2019-06-02 16-46-43,427,19.9631,35.7134
2019-06-02 16-46-47,427,19.9081,35.7694
2019-06-02 16-46-49,428,19.9127,35.7694
2019-06-02 16-46-51,428,19.8776,35.8122
2019-06-02 16-46-53,428,19.8959,35.8255
2019-06-02 16-46-55,428,19.8273,35.8549
2019-06-02 16-46-57,429,19.7754,35.8389
2019-06-02 16-46-59,429,19.7906,35.8549
2019-06-02 16-47-01,429,19.7754,35.8682
2019-06-02 16-47-05,430,19.8135,35.8816
2019-06-02 16-47-07,430,19.7937,35.8949
2019-06-02 16-47-09,430,19.7617,35.911
2019-06-02 16-47-11,431,19.8166,35.8949
2019-06-02 16-47-13,431,19.7433,35.9377
2019-06-02 16-47-15,431,19.7113,35.911
2019-06-02 16-47-17,431,19.7617,35.9243
2019-06-02 16-47-19,431,19.7266,35.9243
2019-06-02 16-47-23,431,19.7617,35.9243
2019-06-02 16-47-25,432,19.7449,35.8682
2019-06-02 16-47-27,432,19.7754,35.8389
2019-06-02 16-47-29,432,19.7571,35.8389
2019-06-02 16-47-31,433,19.8303,35.7961
2019-06-02 16-47-33,433,19.8776,35.7694
2019-06-02 16-47-35,433,19.931,35.7694
2019-06-02 16-47-39,433,19.8944,35.7401
2019-06-02 16-47-41,433,19.9097,35.7134
2019-06-02 16-47-43,433,19.9997,35.7
2019-06-02 16-47-45,433,19.9265,35.6813
2019-06-02 16-47-47,433,19.9783,35.6813
2019-06-02 16-47-49,433,19.9783,35.668
2019-06-02 16-47-51,433,19.9783,35.668
2019-06-02 16-47-53,432,20.0134,35.6413
2019-06-02 16-47-57,432,19.9951,35.6546
2019-06-02 16-47-59,431,20.0821,35.6413
2019-06-02 16-48-01,430,20.0104,35.6252
2019-06-02 16-48-03,429,19.9585,35.668
2019-06-02 16-48-05,429,19.9783,35.6813
2019-06-02 16-48-07,428,19.9966,35.7267
2019-06-02 16-48-09,428,20.018,35.7267
2019-06-02 16-48-13,427,19.9646,35.7401
2019-06-02 16-48-15,427,19.928,35.7694
2019-06-02 16-48-17,426,19.8593,35.8255
2019-06-02 16-48-19,425,19.8273,35.8549
2019-06-02 16-48-21,426,19.7571,35.8949
2019-06-02 16-48-23,426,19.7769,35.9377
2019-06-02 16-48-25,427,19.7632,35.967
2019-06-02 16-48-27,427,19.6793,35.9937
2019-06-02 16-48-31,428,19.6075,36.0071
2019-06-02 16-48-33,428,19.5892,36.0498
2019-06-02 16-48-35,428,19.5755,36.0632
2019-06-02 16-48-37,430,19.5419,36.0792
2019-06-02 16-48-39,431,19.5251,36.0792
2019-06-02 16-48-41,431,19.5786,36.0632
2019-06-02 16-48-43,431,19.5419,36.0498
2019-06-02 16-48-47,432,19.5572,36.0071
2019-06-02 16-48-49,433,19.5557,36.0071
2019-06-02 16-48-51,433,19.574,35.9937
2019-06-02 16-48-53,434,19.6075,35.967
2019-06-02 16-48-55,434,19.5877,35.967
2019-06-02 16-48-57,434,19.5877,35.951
2019-06-02 16-48-59,435,19.6213,35.951
2019-06-02 16-49-01,434,19.6213,35.9804
2019-06-02 16-49-05,433,19.6243,36.0071
2019-06-02 16-49-07,433,19.5206,36.0632
2019-06-02 16-49-09,433,19.5236,36.0632
2019-06-02 16-49-11,432,19.5419,36.0792
2019-06-02 16-49-13,433,19.5053,36.1513
2019-06-02 16-49-15,433,19.4748,36.1646
2019-06-02 16-49-17,433,19.4565,36.178
2019-06-02 16-49-21,434,19.4412,36.194
2019-06-02 16-49-23,435,19.4412,36.2074
2019-06-02 16-49-25,435,19.4244,36.2074
2019-06-02 16-49-27,435,19.4092,36.2367
2019-06-02 16-49-29,435,19.4092,36.2367
2019-06-02 16-49-31,436,19.3375,36.2207
2019-06-02 16-49-33,436,19.3359,36.2207
2019-06-02 16-49-35,437,19.3359,36.194
2019-06-02 16-49-39,437,19.3909,36.178
2019-06-02 16-49-41,437,19.3512,36.1513
2019-06-02 16-49-43,437,19.4046,36.1379
2019-06-02 16-49-45,437,19.4382,36.1379
2019-06-02 16-49-47,437,19.4733,36.1059
2019-06-02 16-49-49,437,19.5282,36.0792
2019-06-02 16-49-51,436,19.5251,36.0498
2019-06-02 16-49-53,436,19.5236,36.0365
2019-06-02 16-49-57,435,19.5572,36.0365
2019-06-02 16-49-59,435,19.5572,36.0071
2019-06-02 16-50-01,434,19.5374,35.9937
2019-06-02 16-50-03,434,19.5709,35.9804
2019-06-02 16-50-05,434,19.606,35.9377
2019-06-02 16-50-07,434,19.5847,35.9243
2019-06-02 16-50-09,434,19.6381,35.9243
2019-06-02 16-50-13,434,19.6198,35.9243
2019-06-02 16-50-15,434,19.6381,35.9243
2019-06-02 16-50-17,433,19.6579,35.911
2019-06-02 16-50-19,433,19.6564,35.9243
2019-06-02 16-50-21,433,19.693,35.9243
2019-06-02 16-50-23,433,19.6381,35.9243
2019-06-02 16-50-25,432,19.6747,35.9243
2019-06-02 16-50-27,431,19.6747,35.9243
2019-06-02 16-50-31,430,19.6579,35.911
2019-06-02 16-50-33,430,19.6747,35.9243
2019-06-02 16-50-35,430,19.6747,35.8949
2019-06-02 16-50-37,431,19.725,35.9243
2019-06-02 16-50-39,431,19.693,35.9243
2019-06-02 16-50-41,431,19.7113,35.951
2019-06-02 16-50-43,430,19.7113,35.951
2019-06-02 16-50-47,430,19.7296,35.967
2019-06-02 16-50-49,430,19.6945,35.9937
2019-06-02 16-50-51,430,19.6793,35.9804
2019-06-02 16-50-53,430,19.6396,36.0231
2019-06-02 16-50-55,431,19.6075,36.0365
2019-06-02 16-50-57,431,19.6655,36.0365
2019-06-02 16-50-59,431,19.5236,36.0498
2019-06-02 16-51-02,432,19.5236,36.0498
2019-06-02 16-51-06,431,19.5023,36.0365
2019-06-02 16-51-08,432,19.5236,35.9804
2019-06-02 16-51-10,431,19.5892,36.0071
2019-06-02 16-51-12,432,19.5892,35.9937
2019-06-02 16-51-14,431,19.6075,35.9804
2019-06-02 16-51-16,431,19.6243,35.951
2019-06-02 16-51-18,431,19.5877,35.9377
2019-06-02 16-51-22,431,19.6213,35.911
2019-06-02 16-51-24,431,19.693,35.8816
2019-06-02 16-51-26,431,19.6899,35.8389
2019-06-02 16-51-28,431,19.6518,35.8549
2019-06-02 16-51-30,431,19.7067,35.8122
2019-06-02 16-51-32,431,19.7723,35.7828
2019-06-02 16-51-34,430,19.8441,35.7961
2019-06-02 16-51-36,430,19.7891,35.7694
2019-06-02 16-51-40,430,19.7861,35.7401
2019-06-02 16-51-42,429,19.8044,35.7401
2019-06-02 16-51-44,429,19.8761,35.7267
2019-06-02 16-51-46,429,19.8761,35.7267
2019-06-02 16-51-48,429,19.8914,35.7
2019-06-02 16-51-50,429,19.9081,35.6813
2019-06-02 16-51-52,429,19.9417,35.6546
2019-06-02 16-51-54,429,19.9219,35.6413
2019-06-02 16-51-58,429,19.9051,35.6252
2019-06-02 16-52-00,429,19.9036,35.6413
2019-06-02 16-52-02,429,19.9402,35.6252
2019-06-02 16-52-04,429,19.8853,35.6252
2019-06-02 16-52-06,429,19.9768,35.6119
2019-06-02 16-52-08,428,19.9371,35.5852
2019-06-02 16-52-10,429,19.9554,35.5692
2019-06-02 16-52-14,429,20.0058,35.5558
2019-06-02 16-52-16,429,20.0241,35.5131
2019-06-02 16-52-18,429,19.986,35.5425
2019-06-02 16-52-20,429,20.0409,35.5291
2019-06-02 16-52-22,429,20.0409,35.4997
2019-06-02 16-52-24,430,20.0378,35.4864
2019-06-02 16-52-26,430,20.1096,35.4864
2019-06-02 16-52-28,430,20.1279,35.4997
2019-06-02 16-52-32,429,20.1462,35.4864
2019-06-02 16-52-34,430,20.1614,35.4864
2019-06-02 16-52-36,429,20.2301,35.4997
2019-06-02 16-52-38,429,20.1614,35.4997
2019-06-02 16-52-40,429,20.1965,35.4864
2019-06-02 16-52-42,428,20.1965,35.4997
2019-06-02 16-52-44,428,20.1462,35.473
2019-06-02 16-52-48,428,20.1965,35.4864
2019-06-02 16-52-50,428,20.1279,35.473
2019-06-02 16-52-52,428,20.1248,35.4864
2019-06-02 16-52-54,428,20.0729,35.5131
2019-06-02 16-52-56,427,20.1279,35.5291
2019-06-02 16-52-58,428,20.0958,35.4997
2019-06-02 16-53-00,427,20.1096,35.5131
2019-06-02 16-53-02,427,20.1462,35.5291
2019-06-02 16-53-06,427,20.0745,35.5425
2019-06-02 16-53-08,427,20.1141,35.5558
2019-06-02 16-53-10,427,20.0592,35.5692
2019-06-02 16-53-12,428,20.1324,35.5985
2019-06-02 16-53-14,428,20.1157,35.6413
2019-06-02 16-53-16,428,20.0638,35.6252
2019-06-02 16-53-18,427,20.0638,35.6546
2019-06-02 16-53-22,427,20.0287,35.6546
2019-06-02 16-53-24,427,20.0287,35.6546
2019-06-02 16-53-26,427,20.0134,35.6252
2019-06-02 16-53-28,428,20.0455,35.5852
2019-06-02 16-53-30,428,20.0241,35.6119
2019-06-02 16-53-32,428,20.079,35.5985
2019-06-02 16-53-34,428,20.1157,35.5692
2019-06-02 16-53-36,428,20.1141,35.5852
2019-06-02 16-53-40,428,20.1157,35.5852
2019-06-02 16-53-42,428,20.166,35.5852
2019-06-02 16-53-44,428,20.2026,35.5558
2019-06-02 16-53-46,428,20.256,35.5425
2019-06-02 16-53-48,428,20.256,35.5558
2019-06-02 16-53-50,428,20.2194,35.5558
2019-06-02 16-53-52,428,20.2347,35.5558
2019-06-02 16-53-56,428,20.256,35.5291
2019-06-02 16-53-58,427,20.1645,35.5291
2019-06-02 16-54-00,427,20.2332,35.5558
2019-06-02 16-54-02,428,20.2347,35.5291
2019-06-02 16-54-04,428,20.1645,35.5425
2019-06-02 16-54-06,428,20.2347,35.5291
2019-06-02 16-54-08,428,20.253,35.4997
2019-06-02 16-54-10,428,20.1797,35.5291
2019-06-02 16-54-14,428,20.2164,35.4864
2019-06-02 16-54-16,428,20.2698,35.4864
2019-06-02 16-54-18,428,20.1782,35.4864
2019-06-02 16-54-20,428,20.1599,35.457
2019-06-02 16-54-22,427,20.2118,35.457
2019-06-02 16-54-24,427,20.1965,35.4864
2019-06-02 16-54-26,427,20.1599,35.457
2019-06-02 16-54-30,427,20.1782,35.457
2019-06-02 16-54-32,428,20.1935,35.4303
2019-06-02 16-54-34,428,20.1965,35.4864
2019-06-02 16-54-36,428,20.2286,35.4303
2019-06-02 16-54-38,428,20.2484,35.4437
2019-06-02 16-54-40,428,20.1935,35.4303
2019-06-02 16-54-42,428,20.1752,35.4303
2019-06-02 16-54-44,428,20.2835,35.4303
2019-06-02 16-54-48,429,20.2484,35.4303
2019-06-02 16-54-50,429,20.192,35.4143
2019-06-02 16-54-52,430,20.2835,35.4303
2019-06-02 16-54-54,430,20.2805,35.4143
2019-06-02 16-54-56,430,20.2988,35.4009
2019-06-02 16-54-58,430,20.3156,35.3876
2019-06-02 16-55-00,430,20.2805,35.4009
2019-06-02 16-55-02,430,20.3156,35.3876
2019-06-02 16-55-06,429,20.3156,35.4009
2019-06-02 16-55-08,429,20.2469,35.4009
2019-06-02 16-55-10,429,20.2972,35.3876
2019-06-02 16-55-12,429,20.3156,35.4143
2019-06-02 16-55-14,428,20.3537,35.473
2019-06-02 16-55-16,428,20.2667,35.473
2019-06-02 16-55-18,427,20.2881,35.4997
2019-06-02 16-55-22,427,20.1828,35.5558
2019-06-02 16-55-24,426,20.2606,35.6119
2019-06-02 16-55-26,425,20.1202,35.6813
2019-06-02 16-55-28,424,19.9997,35.7134
2019-06-02 16-55-30,425,19.8959,35.7961
2019-06-02 16-55-32,424,19.9326,35.8122
2019-06-02 16-55-34,423,19.7952,35.8949
2019-06-02 16-55-36,423,19.7632,35.951
2019-06-02 16-55-40,423,19.6793,35.967
2019-06-02 16-55-42,425,19.6426,36.0071
2019-06-02 16-55-44,426,19.5923,36.0365
2019-06-02 16-55-46,428,19.5969,36.1059
2019-06-02 16-55-48,428,19.5984,36.1379
2019-06-02 16-55-50,428,19.4931,36.178
2019-06-02 16-55-52,428,19.4611,36.2367
2019-06-02 16-55-56,428,19.4107,36.2501
2019-06-02 16-55-58,430,19.4458,36.2501
2019-06-02 16-56-00,430,19.4153,36.3195
2019-06-02 16-56-02,431,19.4153,36.3329
2019-06-02 16-56-04,433,19.3787,36.3195
2019-06-02 16-56-06,434,19.3604,36.3329
2019-06-02 16-56-08,436,19.4336,36.3329
2019-06-02 16-56-10,438,19.429,36.2928
2019-06-02 16-56-14,444,19.4977,36.2635
2019-06-02 16-56-16,448,19.4962,36.2367
2019-06-02 16-56-18,452,19.5114,36.2074
2019-06-02 16-56-20,451,19.5663,36.194
2019-06-02 16-56-22,450,19.5648,36.1379
2019-06-02 16-56-24,448,19.5801,36.1379
2019-06-02 16-56-26,444,19.6487,36.1059
2019-06-02 16-56-30,442,19.5969,36.1059
2019-06-02 16-56-32,440,19.5938,36.0792
2019-06-02 16-56-34,440,19.6121,36.0925
2019-06-02 16-56-36,438,19.6304,36.1059
2019-06-02 16-56-38,438,19.6106,36.0632
2019-06-02 16-56-40,435,19.6289,36.0632
2019-06-02 16-56-42,435,19.5938,36.0632
2019-06-02 16-56-44,434,19.5755,36.0498
2019-06-02 16-56-48,433,19.6625,36.0231
2019-06-02 16-56-50,432,19.6243,36.0071
2019-06-02 16-56-52,432,19.7128,35.9937
2019-06-02 16-56-54,431,19.6762,35.9377
2019-06-02 16-56-57,429,19.693,35.911
2019-06-02 16-56-59,429,19.6167,35.8816
2019-06-02 16-57-01,430,19.7037,35.8389
2019-06-02 16-57-03,431,19.812,35.8255
2019-06-02 16-57-07,430,19.7723,35.8122
2019-06-02 16-57-09,430,19.8441,35.7828
2019-06-02 16-57-11,429,19.8257,35.7694
2019-06-02 16-57-13,428,19.8227,35.7401
2019-06-02 16-57-15,427,19.8593,35.7561
2019-06-02 16-57-17,426,19.841,35.7401
2019-06-02 16-57-19,425,19.8578,35.7401
2019-06-02 16-57-23,424,19.9081,35.7
2019-06-02 16-57-25,424,19.8578,35.7134
2019-06-02 16-57-27,423,19.9631,35.6813
2019-06-02 16-57-29,423,19.96,35.6546
2019-06-02 16-57-31,423,19.9402,35.668
2019-06-02 16-57-33,422,19.8868,35.6413
2019-06-02 16-57-35,421,19.9402,35.6413
2019-06-02 16-57-37,421,19.9951,35.6546
2019-06-02 16-57-41,421,20.0653,35.6546
2019-06-02 16-57-43,421,20.0653,35.6546
2019-06-02 16-57-45,420,20.0134,35.668
2019-06-02 16-57-47,419,19.9966,35.7
2019-06-02 16-57-49,418,19.9783,35.6813
2019-06-02 16-57-51,418,19.9402,35.6546
2019-06-02 16-57-53,418,19.9783,35.6813
2019-06-02 16-57-57,417,19.9951,35.6546
2019-06-02 16-57-59,417,20.047,35.668
2019-06-02 16-58-01,417,20.0653,35.668
2019-06-02 16-58-03,417,20.1187,35.6413
2019-06-02 16-58-05,416,20.1553,35.6546
2019-06-02 16-58-07,416,20.1706,35.6252
2019-06-02 16-58-09,415,20.1523,35.6413
2019-06-02 16-58-11,415,20.224,35.6413
2019-06-02 16-58-15,416,20.2057,35.6413
2019-06-02 16-58-17,416,20.1889,35.6546
2019-06-02 16-58-19,417,20.224,35.6413
2019-06-02 16-58-21,416,20.1706,35.6546
2019-06-02 16-58-23,416,20.1889,35.6546
2019-06-02 16-58-25,416,20.1553,35.6546
2019-06-02 16-58-27,416,20.2103,35.7
2019-06-02 16-58-29,416,20.2255,35.6813
2019-06-02 16-58-33,417,20.105,35.6813
2019-06-02 16-58-35,417,20.1569,35.6813
2019-06-02 16-58-37,418,20.1752,35.7
2019-06-02 16-58-39,418,20.2072,35.6546
2019-06-02 16-58-41,418,20.1889,35.6546
2019-06-02 16-58-43,418,20.1385,35.668
2019-06-02 16-58-45,419,20.1553,35.6546
2019-06-02 16-58-49,419,20.1202,35.6546
2019-06-02 16-58-51,418,20.1187,35.6252
2019-06-02 16-58-53,418,20.134,35.6119
2019-06-02 16-58-55,418,20.134,35.5985
2019-06-02 16-58-57,418,20.1187,35.6252
2019-06-02 16-58-59,417,20.1706,35.6252
2019-06-02 16-59-01,417,20.1187,35.6252
2019-06-02 16-59-03,417,20.1019,35.6546
2019-06-02 16-59-07,417,20.105,35.7
2019-06-02 16-59-09,418,20.0516,35.7267
2019-06-02 16-59-11,417,20.0363,35.7561
2019-06-02 16-59-13,416,19.9875,35.8122
2019-06-02 16-59-15,416,19.9188,35.8816
2019-06-02 16-59-17,416,19.8349,35.9243
2019-06-02 16-59-19,416,19.7998,35.9937
2019-06-02 16-59-23,416,19.7021,36.0792
2019-06-02 16-59-25,416,19.7067,36.1379
2019-06-02 16-59-27,416,19.5663,36.194
2019-06-02 16-59-29,416,19.5343,36.2501
2019-06-02 16-59-31,417,19.429,36.2928
2019-06-02 16-59-33,418,19.3604,36.3329
2019-06-02 16-59-35,418,19.3466,36.389
2019-06-02 16-59-37,418,19.2276,36.4317
2019-06-02 16-59-41,419,19.2276,36.445
2019-06-02 16-59-43,420,19.194,36.4878
2019-06-02 16-59-45,421,19.2825,36.4878
2019-06-02 16-59-47,422,19.194,36.5011
2019-06-02 16-59-49,423,19.2093,36.4878
2019-06-02 16-59-51,425,19.2307,36.4878
2019-06-02 16-59-53,427,19.278,36.4317
2019-06-02 16-59-55,434,19.278,36.4183
2019-06-02 16-59-59,435,19.313,36.4183
2019-06-02 17-00-01,438,19.3451,36.3756
2019-06-02 17-00-03,438,19.2917,36.3623
2019-06-02 17-00-05,436,19.31,36.3623
2019-06-02 17-00-07,436,19.3283,36.389
2019-06-02 17-00-09,439,19.3283,36.389
2019-06-02 17-00-11,438,19.2444,36.4317
2019-06-02 17-00-15,438,19.2459,36.445
2019-06-02 17-00-17,438,19.2627,36.4317
2019-06-02 17-00-19,437,19.1574,36.4611
2019-06-02 17-00-21,435,19.1895,36.445
2019-06-02 17-00-23,434,19.1391,36.4744
2019-06-02 17-00-25,434,19.1391,36.4611
2019-06-02 17-00-27,434,19.1574,36.4611
2019-06-02 17-00-29,433,19.1895,36.4183
2019-06-02 17-00-33,434,19.2276,36.4317
2019-06-02 17-00-35,433,19.1864,36.405
2019-06-02 17-00-37,433,19.2596,36.405
2019-06-02 17-00-39,432,19.313,36.405
2019-06-02 17-00-41,432,19.2581,36.3756
2019-06-02 17-00-43,432,19.2917,36.3489
2019-06-02 17-00-45,432,19.342,36.3062
2019-06-02 17-00-47,432,19.3588,36.2928
2019-06-02 17-00-51,432,19.3054,36.2928
2019-06-02 17-00-53,432,19.3771,36.2635
2019-06-02 17-00-55,431,19.429,36.2768
2019-06-02 17-00-57,430,19.4092,36.2367
2019-06-02 17-00-59,431,19.4412,36.194
2019-06-02 17-01-01,431,19.4427,36.2074
2019-06-02 17-01-03,430,19.4412,36.1646
2019-06-02 17-01-07,430,19.4916,36.1513
2019-06-02 17-01-09,430,19.4916,36.1513
2019-06-02 17-01-11,429,19.4702,36.1059
2019-06-02 17-01-13,430,19.5755,36.0632
2019-06-02 17-01-15,430,19.6304,36.0925
2019-06-02 17-01-17,430,19.6304,36.0925
2019-06-02 17-01-19,429,19.5602,36.0792
2019-06-02 17-01-21,429,19.6075,36.0231
2019-06-02 17-01-25,429,19.574,36.0071
2019-06-02 17-01-27,429,19.6075,36.0071
2019-06-02 17-01-29,429,19.606,35.9804
2019-06-02 17-01-31,429,19.606,35.9804
2019-06-02 17-01-33,429,19.6747,35.911
2019-06-02 17-01-35,428,19.6945,35.951
2019-06-02 17-01-37,428,19.7128,35.967
2019-06-02 17-01-39,427,19.7449,35.9243
2019-06-02 17-01-43,427,19.8715,35.9377
2019-06-02 17-01-45,427,19.7937,35.8816
2019-06-02 17-01-47,427,19.722,35.8549
2019-06-02 17-01-49,427,19.8303,35.8549
2019-06-02 17-01-51,428,19.812,35.8389
2019-06-02 17-01-53,427,19.812,35.8255
2019-06-02 17-01-55,427,19.8486,35.8682
2019-06-02 17-01-59,428,19.809,35.8122
2019-06-02 17-02-01,428,19.8959,35.8122
2019-06-02 17-02-03,428,19.931,35.7694
2019-06-02 17-02-05,428,19.8959,35.7828
2019-06-02 17-02-07,428,19.9127,35.7694
2019-06-02 17-02-09,427,19.8944,35.7694
2019-06-02 17-02-11,426,19.8959,35.8122
2019-06-02 17-02-13,425,19.8502,35.8949
2019-06-02 17-02-17,421,19.7815,35.951
2019-06-02 17-02-19,416,19.7495,36.0231
2019-06-02 17-02-21,416,19.6106,36.0365
2019-06-02 17-02-24,419,19.5602,36.0792
2019-06-02 17-02-26,416,19.5969,36.1059
2019-06-02 17-02-28,419,19.5282,36.1192
2019-06-02 17-02-30,424,19.4595,36.194
2019-06-02 17-02-34,428,19.4382,36.1513
2019-06-02 17-02-36,429,19.5465,36.1513
2019-06-02 17-02-38,431,19.5297,36.1513
2019-06-02 17-02-40,431,19.4733,36.1379
2019-06-02 17-02-42,432,19.4565,36.1379
2019-06-02 17-02-44,434,19.5618,36.1059
2019-06-02 17-02-46,433,19.5053,36.0792
2019-06-02 17-02-48,436,19.5389,36.0365
2019-06-02 17-02-52,436,19.6625,35.9937
2019-06-02 17-02-54,437,19.6396,35.951
2019-06-02 17-02-56,438,19.7296,35.9377
2019-06-02 17-02-58,440,19.7113,35.9377
2019-06-02 17-03-00,439,19.8135,35.8816
2019-06-02 17-03-02,437,19.8318,35.8949
2019-06-02 17-03-04,435,19.8669,35.8949
2019-06-02 17-03-06,433,19.8166,35.911
2019-06-02 17-03-10,431,19.7449,35.9377
2019-06-02 17-03-12,426,19.7952,35.911
2019-06-02 17-03-14,424,19.78,35.9377
2019-06-02 17-03-16,420,19.8502,35.911
2019-06-02 17-03-18,422,19.8166,35.8949
2019-06-02 17-03-20,422,19.7769,35.8949
2019-06-02 17-03-22,421,19.7754,35.8682
2019-06-02 17-03-26,420,19.8318,35.8816
2019-06-02 17-03-28,422,19.8853,35.8949
2019-06-02 17-03-30,419,19.8685,35.9243
2019-06-02 17-03-32,418,19.8166,35.9243
2019-06-02 17-03-34,421,19.7479,35.967
2019-06-02 17-03-36,421,19.7449,35.951
2019-06-02 17-03-38,422,19.7296,35.951
2019-06-02 17-03-40,421,19.78,35.9243
2019-06-02 17-03-44,423,19.7983,35.951
2019-06-02 17-03-46,423,19.8166,35.9243
2019-06-02 17-03-48,424,19.8166,35.9243
2019-06-02 17-03-50,425,19.8166,35.8949
2019-06-02 17-03-52,424,19.8669,35.8949
2019-06-02 17-03-54,424,19.8853,35.8949
2019-06-02 17-03-56,424,19.8318,35.8816
2019-06-02 17-03-58,425,19.8502,35.8949
2019-06-02 17-04-02,425,19.8685,35.9243
2019-06-02 17-04-04,426,19.8715,35.9377
2019-06-02 17-04-06,426,19.8532,35.951
2019-06-02 17-04-08,425,19.8212,35.967
2019-06-02 17-04-10,426,19.7449,35.9377
2019-06-02 17-04-12,427,19.7632,35.9377
2019-06-02 17-04-14,427,19.8166,35.9243
2019-06-02 17-04-18,426,19.6899,35.8816
2019-06-02 17-04-20,427,19.7769,35.8949
2019-06-02 17-04-22,427,19.7754,35.8682
2019-06-02 17-04-24,426,19.8853,35.8949
2019-06-02 17-04-26,426,19.8685,35.911
2019-06-02 17-04-28,425,19.8181,35.9377
2019-06-02 17-04-30,424,19.8395,36.0071
2019-06-02 17-04-32,424,19.7174,36.0365
2019-06-02 17-04-36,425,19.7174,36.0365
2019-06-02 17-04-38,425,19.6808,36.0071
2019-06-02 17-04-40,426,19.7495,36.0231
2019-06-02 17-04-42,425,19.6808,36.0071
2019-06-02 17-04-44,425,19.6976,35.9937
2019-06-02 17-04-46,425,19.7128,35.9804
2019-06-02 17-04-48,425,19.7449,35.9377
2019-06-02 17-04-52,425,19.7983,35.951
2019-06-02 17-04-54,424,19.8181,35.9377
2019-06-02 17-04-56,424,19.8364,35.951
2019-06-02 17-04-58,425,19.8349,35.9243
2019-06-02 17-05-00,425,19.7983,35.9377
2019-06-02 17-05-02,424,19.8166,35.8949
2019-06-02 17-05-04,424,19.8502,35.8816
2019-06-02 17-05-06,424,19.7983,35.9243
2019-06-02 17-05-10,423,19.7632,35.951
2019-06-02 17-05-12,423,19.7632,35.9377
2019-06-02 17-05-14,422,19.7311,35.9804
2019-06-02 17-05-16,423,19.6991,36.0365
2019-06-02 17-05-18,423,19.7174,36.0365
2019-06-02 17-05-20,422,19.5969,36.0925
2019-06-02 17-05-22,422,19.6304,36.1059
2019-06-02 17-05-26,422,19.5801,36.1513
2019-06-02 17-05-28,422,19.5831,36.1646
2019-06-02 17-05-30,422,19.5465,36.1513
2019-06-02 17-05-32,423,19.548,36.194
2019-06-02 17-05-34,424,19.5114,36.2074
2019-06-02 17-05-36,424,19.5511,36.2207
2019-06-02 17-05-38,424,19.5694,36.2501
2019-06-02 17-05-40,425,19.5526,36.2367
2019-06-02 17-05-44,425,19.4962,36.2367
2019-06-02 17-05-46,425,19.5343,36.2501
2019-06-02 17-05-48,426,19.4962,36.2367
2019-06-02 17-05-50,426,19.4794,36.2501
2019-06-02 17-05-52,425,19.5343,36.2207
2019-06-02 17-05-54,426,19.4962,36.2074
2019-06-02 17-05-56,426,19.4641,36.2768
2019-06-02 17-06-00,425,19.4656,36.2928
2019-06-02 17-06-02,425,19.4183,36.3756
2019-06-02 17-06-04,425,19.3634,36.3756
2019-06-02 17-06-06,425,19.3314,36.4317
2019-06-02 17-06-08,425,19.2856,36.5171
2019-06-02 17-06-10,425,19.2169,36.5866
2019-06-02 17-06-12,426,19.1818,36.6026
2019-06-02 17-06-14,428,19.1483,36.632
2019-06-02 17-06-18,430,19.1666,36.632
2019-06-02 17-06-20,432,19.1635,36.6026
2019-06-02 17-06-22,434,19.162,36.5599
2019-06-02 17-06-24,437,19.1956,36.5305
2019-06-02 17-06-26,439,19.249,36.5171
2019-06-02 17-06-28,438,19.2276,36.4611
2019-06-02 17-06-30,437,19.2993,36.4611
2019-06-02 17-06-34,439,19.3283,36.3756
2019-06-02 17-06-36,439,19.4183,36.3756
2019-06-02 17-06-38,437,19.397,36.3329
2019-06-02 17-06-40,439,19.3588,36.3195
2019-06-02 17-06-42,439,19.4824,36.2768
2019-06-02 17-06-44,439,19.4275,36.2367
2019-06-02 17-06-46,436,19.4962,36.2367
2019-06-02 17-06-48,436,19.548,36.194
2019-06-02 17-06-52,435,19.5328,36.2074
2019-06-02 17-06-54,433,19.5328,36.194
2019-06-02 17-06-56,431,19.5328,36.194
2019-06-02 17-06-58,432,19.5831,36.178
2019-06-02 17-07-00,433,19.635,36.1646
2019-06-02 17-07-02,433,19.7067,36.1513
2019-06-02 17-07-04,432,19.6518,36.1379
2019-06-02 17-07-08,431,19.6701,36.1059
2019-06-02 17-07-10,429,19.6671,36.0925
2019-06-02 17-07-12,427,19.6701,36.1059
2019-06-02 17-07-14,425,19.6472,36.0792
2019-06-02 17-07-16,425,19.6487,36.1059
2019-06-02 17-07-18,425,19.5969,36.0925
2019-06-02 17-07-20,423,19.6655,36.0632
2019-06-02 17-07-22,423,19.6838,36.0792
2019-06-02 17-07-26,422,19.6838,36.0792
2019-06-02 17-07-28,422,19.7037,36.0925
2019-06-02 17-07-30,421,19.6304,36.1192
2019-06-02 17-07-32,420,19.6335,36.1513
2019-06-02 17-07-34,420,19.6167,36.178
2019-06-02 17-07-36,419,19.5663,36.194
2019-06-02 17-07-38,419,19.6564,36.2207
2019-06-02 17-07-40,419,19.5877,36.2367
2019-06-02 17-07-44,419,19.5877,36.2367
2019-06-02 17-07-46,419,19.603,36.2367
2019-06-02 17-07-48,420,19.606,36.2635
2019-06-02 17-07-50,421,19.5847,36.2207
2019-06-02 17-07-52,421,19.5343,36.2367
2019-06-02 17-07-55,421,19.5694,36.2367
2019-06-02 17-07-57,421,19.5145,36.2367
2019-06-02 17-08-01,422,19.5694,36.2367
2019-06-02 17-08-03,423,19.5877,36.2501
2019-06-02 17-08-05,423,19.5343,36.2367
2019-06-02 17-08-07,422,19.5694,36.2367
2019-06-02 17-08-09,422,19.5663,36.2074
2019-06-02 17-08-11,422,19.5145,36.2207
2019-06-02 17-08-13,423,19.4778,36.2207
2019-06-02 17-08-15,422,19.5511,36.2207
2019-06-02 17-08-19,423,19.5511,36.2074
2019-06-02 17-08-21,423,19.6014,36.178
2019-06-02 17-08-23,423,19.548,36.178
2019-06-02 17-08-25,423,19.5648,36.1379
2019-06-02 17-08-27,424,19.5801,36.1513
2019-06-02 17-08-29,424,19.5831,36.1646
2019-06-02 17-08-31,424,19.6335,36.1379
2019-06-02 17-08-35,424,19.6335,36.1513
2019-06-02 17-08-37,424,19.5969,36.1192
2019-06-02 17-08-39,424,19.6518,36.1513
2019-06-02 17-08-41,424,19.6899,36.1646
2019-06-02 17-08-43,424,19.6533,36.178
2019-06-02 17-08-45,425,19.7083,36.178
2019-06-02 17-08-47,426,19.7083,36.194
2019-06-02 17-08-49,426,19.6716,36.1513
2019-06-02 17-08-53,426,19.7388,36.1192
2019-06-02 17-08-55,426,19.7723,36.0925
2019-06-02 17-08-57,426,19.7205,36.0925
2019-06-02 17-08-59,426,19.754,36.0925
2019-06-02 17-09-01,426,19.7708,36.0498
2019-06-02 17-09-03,427,19.7342,36.0231
2019-06-02 17-09-05,427,19.7845,35.9937
2019-06-02 17-09-09,427,19.873,35.9804
2019-06-02 17-09-11,427,19.8547,35.967
2019-06-02 17-09-13,428,19.8685,35.9243
2019-06-02 17-09-15,428,19.9554,35.9243
2019-06-02 17-09-17,428,20.0104,35.8949
2019-06-02 17-09-19,428,19.9356,35.8549
2019-06-02 17-09-21,428,19.9875,35.8389
2019-06-02 17-09-23,428,19.9875,35.8255
2019-06-02 17-09-27,428,19.9722,35.8389
2019-06-02 17-09-29,428,20.0241,35.8389
2019-06-02 17-09-31,427,19.9905,35.8549
2019-06-02 17-09-33,427,20.0089,35.8549
2019-06-02 17-09-35,426,20.0058,35.8389
2019-06-02 17-09-37,426,20.0241,35.8682
2019-06-02 17-09-39,426,20.0592,35.8389
2019-06-02 17-09-43,426,20.0912,35.8122
2019-06-02 17-09-45,426,20.1096,35.7828
2019-06-02 17-09-47,426,20.0699,35.7561
2019-06-02 17-09-49,426,20.1614,35.7561
2019-06-02 17-09-51,426,20.1935,35.7401
2019-06-02 17-09-53,426,20.2118,35.7267
2019-06-02 17-09-55,425,20.1416,35.7401
2019-06-02 17-09-57,424,20.2118,35.7401
2019-06-02 17-10-01,424,20.1599,35.7267
2019-06-02 17-10-03,424,20.1065,35.7134
2019-06-02 17-10-05,425,20.105,35.7
2019-06-02 17-10-07,425,20.1569,35.6813
2019-06-02 17-10-09,426,20.192,35.6813
2019-06-02 17-10-11,427,20.2438,35.7134
2019-06-02 17-10-13,426,20.2255,35.668
2019-06-02 17-10-17,425,20.2255,35.668
2019-06-02 17-10-19,424,20.1706,35.6546
2019-06-02 17-10-21,423,20.2209,35.6119
2019-06-02 17-10-23,423,20.2942,35.6252
2019-06-02 17-10-25,424,20.3445,35.5852
2019-06-02 17-10-27,424,20.2927,35.5692
2019-06-02 17-10-29,425,20.311,35.5852
2019-06-02 17-10-31,426,20.3262,35.5692
2019-06-02 17-10-35,427,20.3079,35.5692
2019-06-02 17-10-37,427,20.256,35.5692
2019-06-02 17-10-39,428,20.3751,35.5291
2019-06-02 17-10-41,428,20.3934,35.5425
2019-06-02 17-10-43,428,20.3766,35.5425
2019-06-02 17-10-45,428,20.343,35.5425
2019-06-02 17-10-47,427,20.3766,35.5558
2019-06-02 17-10-51,427,20.3934,35.5291
2019-06-02 17-10-53,426,20.3751,35.4997
2019-06-02 17-10-55,426,20.43,35.4997
2019-06-02 17-10-57,426,20.3934,35.5291
2019-06-02 17-10-59,426,20.4483,35.5131
2019-06-02 17-11-01,425,20.4315,35.5425
2019-06-02 17-11-03,425,20.3568,35.5131
2019-06-02 17-11-05,425,20.4498,35.5425
2019-06-02 17-11-09,425,20.4315,35.5425
2019-06-02 17-11-11,425,20.4132,35.5291
2019-06-02 17-11-13,425,20.4315,35.5291
2019-06-02 17-11-15,425,20.3934,35.5291
2019-06-02 17-11-17,424,20.3934,35.5291
2019-06-02 17-11-19,423,20.3934,35.5131
2019-06-02 17-11-21,424,20.4132,35.5425
2019-06-02 17-11-23,424,20.43,35.5131
2019-06-02 17-11-27,424,20.4132,35.5291
2019-06-02 17-11-29,424,20.4636,35.5131
2019-06-02 17-11-31,424,20.4315,35.5425
2019-06-02 17-11-33,424,20.5032,35.5558
2019-06-02 17-11-35,423,20.3934,35.5425
2019-06-02 17-11-37,423,20.3796,35.5852
2019-06-02 17-11-39,423,20.4346,35.5985
2019-06-02 17-11-43,423,20.3812,35.6252
2019-06-02 17-11-45,423,20.3476,35.6413
2019-06-02 17-11-47,423,20.3308,35.668
2019-06-02 17-11-49,423,20.3125,35.6413
2019-06-02 17-11-51,424,20.3308,35.6546
2019-06-02 17-11-53,425,20.2805,35.6813
2019-06-02 17-11-55,425,20.2805,35.668
2019-06-02 17-11-57,425,20.2255,35.7
2019-06-02 17-12-01,425,20.192,35.6813
2019-06-02 17-12-03,426,20.2652,35.7
2019-06-02 17-12-05,426,20.3156,35.6813
2019-06-02 17-12-07,426,20.2972,35.668
2019-06-02 17-12-09,426,20.2789,35.6413
2019-06-02 17-12-11,426,20.2789,35.6413
2019-06-02 17-12-13,426,20.2621,35.6546
2019-06-02 17-12-17,426,20.2972,35.6413
2019-06-02 17-12-19,426,20.3125,35.6413
2019-06-02 17-12-21,425,20.3842,35.6413
2019-06-02 17-12-23,425,20.3857,35.6813
2019-06-02 17-12-25,425,20.3339,35.6813
2019-06-02 17-12-27,424,20.2835,35.7267
2019-06-02 17-12-29,425,20.2301,35.7561
2019-06-02 17-12-31,426,20.2484,35.7561
2019-06-02 17-12-35,426,20.2469,35.7401
2019-06-02 17-12-37,426,20.2118,35.7561
2019-06-02 17-12-39,427,20.2103,35.7134
2019-06-02 17-12-41,428,20.2286,35.7134
2019-06-02 17-12-43,428,20.1736,35.6813
2019-06-02 17-12-45,429,20.2789,35.6546
2019-06-02 17-12-47,429,20.3308,35.6413
2019-06-02 17-12-49,429,20.3308,35.6413
2019-06-02 17-12-53,429,20.3308,35.6413
2019-06-02 17-12-55,429,20.3125,35.6252
2019-06-02 17-12-57,429,20.3796,35.5985
2019-06-02 17-12-59,429,20.3476,35.6413
2019-06-02 17-13-01,430,20.3293,35.5985
2019-06-02 17-13-03,430,20.4361,35.6252
2019-06-02 17-13-05,430,20.3476,35.6119
2019-06-02 17-13-09,430,20.3812,35.6119
2019-06-02 17-13-11,429,20.3979,35.5985
2019-06-02 17-13-13,430,20.3629,35.6119
2019-06-02 17-13-15,430,20.3476,35.6119
2019-06-02 17-13-17,429,20.3979,35.6119
2019-06-02 17-13-19,430,20.3659,35.6252
2019-06-02 17-13-21,430,20.4178,35.6119
2019-06-02 17-13-23,430,20.3476,35.6413
2019-06-02 17-13-27,430,20.311,35.6119
2019-06-02 17-13-29,429,20.3476,35.6252
2019-06-02 17-13-31,429,20.3491,35.6813
2019-06-02 17-13-33,428,20.2286,35.7134
2019-06-02 17-13-35,428,20.2118,35.7561
2019-06-02 17-13-37,428,20.1965,35.7694
2019-06-02 17-13-39,428,20.1797,35.7828
2019-06-02 17-13-43,429,20.1614,35.7828
2019-06-02 17-13-45,429,20.1614,35.7694
2019-06-02 17-13-47,430,20.2286,35.7401
2019-06-02 17-13-49,430,20.2438,35.7134
2019-06-02 17-13-51,430,20.2286,35.7134
2019-06-02 17-13-54,431,20.1569,35.6813
2019-06-02 17-13-56,431,20.2621,35.6546
2019-06-02 17-13-58,431,20.2621,35.6546
2019-06-02 17-14-02,431,20.2972,35.668
2019-06-02 17-14-04,432,20.2972,35.6413
2019-06-02 17-14-06,432,20.3125,35.6252
2019-06-02 17-14-08,432,20.2606,35.6413
2019-06-02 17-14-10,432,20.2972,35.6413
2019-06-02 17-14-12,431,20.3812,35.6252
2019-06-02 17-14-14,430,20.3156,35.668
2019-06-02 17-14-18,430,20.3156,35.6813
2019-06-02 17-14-20,430,20.2286,35.7401
2019-06-02 17-14-22,429,20.1797,35.7961
2019-06-02 17-14-24,429,20.1828,35.8122
2019-06-02 17-14-26,429,20.2194,35.8682
2019-06-02 17-14-28,429,20.1157,35.8682
2019-06-02 17-14-30,429,20.1508,35.8682
2019-06-02 17-14-32,429,20.1477,35.8255
2019-06-02 17-14-36,429,20.2148,35.7828
2019-06-02 17-14-38,430,20.1797,35.7961
2019-06-02 17-14-40,430,20.1782,35.7694
2019-06-02 17-14-42,430,20.1965,35.7561
2019-06-02 17-14-44,430,20.2118,35.7561
2019-06-02 17-14-46,430,20.2698,35.7694
2019-06-02 17-14-48,430,20.2667,35.7401
2019-06-02 17-14-52,430,20.1935,35.7134
2019-06-02 17-14-54,430,20.1752,35.7267
2019-06-02 17-14-56,429,20.2286,35.7134
2019-06-02 17-14-58,429,20.2072,35.6813
2019-06-02 17-15-00,429,20.2805,35.6813
2019-06-02 17-15-02,429,20.2988,35.6813
2019-06-02 17-15-04,429,20.2805,35.6813
2019-06-02 17-15-06,429,20.2988,35.6813
2019-06-02 17-15-10,429,20.2621,35.6546
2019-06-02 17-15-12,429,20.2759,35.6252
2019-06-02 17-15-14,429,20.2972,35.6413
2019-06-02 17-15-16,428,20.2423,35.6546
2019-06-02 17-15-18,428,20.3308,35.6413
2019-06-02 17-15-20,429,20.2621,35.6546
2019-06-02 17-15-22,429,20.3125,35.6252
2019-06-02 17-15-24,429,20.3445,35.5985
2019-06-02 17-15-28,429,20.311,35.5985
2019-06-02 17-15-30,430,20.2927,35.5692
2019-06-02 17-15-32,430,20.3979,35.5985
2019-06-02 17-15-34,430,20.343,35.5558
2019-06-02 17-15-36,430,20.4315,35.5558
2019-06-02 17-15-38,429,20.3796,35.5852
2019-06-02 17-15-40,429,20.4178,35.6119
2019-06-02 17-15-44,428,20.4361,35.6119
2019-06-02 17-15-46,429,20.3293,35.6252
2019-06-02 17-15-48,429,20.3995,35.6546
2019-06-02 17-15-50,429,20.3659,35.6252
2019-06-02 17-15-52,429,20.3308,35.6413
2019-06-02 17-15-54,429,20.3308,35.6546
2019-06-02 17-15-56,429,20.3125,35.6413
2019-06-02 17-15-58,429,20.3491,35.668
2019-06-02 17-16-02,429,20.2805,35.668
2019-06-02 17-16-04,428,20.2972,35.6413
2019-06-02 17-16-06,429,20.3491,35.6546
2019-06-02 17-16-08,429,20.311,35.6119
2019-06-02 17-16-10,429,20.3812,35.6119
2019-06-02 17-16-12,429,20.3476,35.6413
2019-06-02 17-16-14,429,20.4544,35.6252
2019-06-02 17-16-18,429,20.3629,35.5985
2019-06-02 17-16-20,429,20.4346,35.5985
2019-06-02 17-16-22,428,20.4315,35.5558
2019-06-02 17-16-24,428,20.4849,35.5558
2019-06-02 17-16-26,428,20.4346,35.5852
2019-06-02 17-16-28,427,20.4498,35.5558
2019-06-02 17-16-30,427,20.3949,35.5692
2019-06-02 17-16-32,426,20.4163,35.5692
2019-06-02 17-16-36,426,20.4163,35.5692
2019-06-02 17-16-38,426,20.3934,35.5425
2019-06-02 17-16-40,425,20.4498,35.5692
2019-06-02 17-16-42,425,20.5032,35.5558
2019-06-02 17-16-44,425,20.4666,35.5558
2019-06-02 17-16-46,425,20.5185,35.5558
2019-06-02 17-16-48,425,20.5353,35.5425
2019-06-02 17-16-52,426,20.5551,35.5692
2019-06-02 17-16-54,426,20.5032,35.5558
2019-06-02 17-16-56,426,20.4666,35.5291
2019-06-02 17-16-58,426,20.4498,35.5558
2019-06-02 17-17-00,426,20.5032,35.5692
2019-06-02 17-17-02,426,20.4849,35.5692
2019-06-02 17-17-04,426,20.4681,35.5692
2019-06-02 17-17-06,425,20.4849,35.5425
2019-06-02 17-17-10,425,20.5353,35.5291
2019-06-02 17-17-12,426,20.5353,35.5291
2019-06-02 17-17-14,426,20.5719,35.5131
2019-06-02 17-17-16,426,20.5719,35.4997
2019-06-02 17-17-18,426,20.6604,35.5291
2019-06-02 17-17-20,426,20.6085,35.5291
2019-06-02 17-17-22,425,20.6238,35.4997
2019-06-02 17-17-26,425,20.5917,35.5558
2019-06-02 17-17-28,425,20.5734,35.5558
2019-06-02 17-17-30,425,20.5551,35.5852
2019-06-02 17-17-32,425,20.578,35.6252
2019-06-02 17-17-34,425,20.4727,35.6413
2019-06-02 17-17-36,425,20.4391,35.6546
2019-06-02 17-17-38,424,20.4224,35.668
2019-06-02 17-17-40,424,20.5124,35.7267
2019-06-02 17-17-44,424,20.3384,35.7561
2019-06-02 17-17-46,424,20.3217,35.7828
2019-06-02 17-17-48,424,20.2026,35.8816
2019-06-02 17-17-50,424,20.1874,35.8816
2019-06-02 17-17-52,425,20.1691,35.8949
2019-06-02 17-17-54,426,20.2377,35.8549
2019-06-02 17-17-56,427,20.2164,35.8122
2019-06-02 17-17-58,428,20.2881,35.7961
2019-06-02 17-18-02,429,20.285,35.7561
2019-06-02 17-18-04,431,20.3354,35.7401
2019-06-02 17-18-06,431,20.3857,35.7134
2019-06-02 17-18-08,430,20.3201,35.7401
2019-06-02 17-18-10,429,20.3903,35.7561
2019-06-02 17-18-12,429,20.4269,35.7561
2019-06-02 17-18-14,431,20.372,35.7561
2019-06-02 17-18-18,430,20.3537,35.7401
2019-06-02 17-18-20,430,20.4086,35.7694
2019-06-02 17-18-22,430,20.3903,35.7561
2019-06-02 17-18-24,430,20.34,35.7961
2019-06-02 17-18-26,431,20.2896,35.8255
2019-06-02 17-18-28,431,20.3262,35.8389
2019-06-02 17-18-30,431,20.2896,35.8389
2019-06-02 17-18-32,430,20.253,35.8389
2019-06-02 17-18-36,429,20.2896,35.8389
2019-06-02 17-18-38,429,20.2744,35.8389
2019-06-02 17-18-40,429,20.3079,35.8549
2019-06-02 17-18-42,430,20.343,35.8389
2019-06-02 17-18-44,430,20.3079,35.8255
2019-06-02 17-18-46,430,20.2515,35.8255
2019-06-02 17-18-48,429,20.3079,35.8389
2019-06-02 17-18-52,429,20.2759,35.8816
2019-06-02 17-18-54,428,20.2209,35.8949
2019-06-02 17-18-56,427,20.2255,35.951
2019-06-02 17-18-58,427,20.1569,35.9937
2019-06-02 17-19-00,427,20.0546,36.0365
2019-06-02 17-19-02,426,20.0226,36.0925
2019-06-02 17-19-04,426,19.9692,36.1379
2019-06-02 17-19-06,426,19.9371,36.1646
2019-06-02 17-19-10,426,19.9219,36.194
2019-06-02 17-19-12,427,19.8868,36.2207
2019-06-02 17-19-14,427,19.8364,36.2501
2019-06-02 17-19-16,428,19.8135,36.2074
2019-06-02 17-19-18,427,19.7983,36.2074
2019-06-02 17-19-20,428,19.9051,36.2207
2019-06-02 17-19-22,429,19.8486,36.1646
2019-06-02 17-19-26,430,19.812,36.1513
2019-06-02 17-19-28,431,19.9142,36.1059
2019-06-02 17-19-30,431,19.9646,36.0632
2019-06-02 17-19-32,432,19.9814,35.9937
2019-06-02 17-19-34,432,20.05,35.967
2019-06-02 17-19-36,434,20.0821,35.9243
2019-06-02 17-19-39,435,20.0607,35.8949
2019-06-02 17-19-41,435,20.079,35.8949
2019-06-02 17-19-45,435,20.1843,35.8549
2019-06-02 17-19-47,436,20.2011,35.8389
2019-06-02 17-19-49,435,20.253,35.8389
2019-06-02 17-19-51,434,20.2896,35.8122
2019-06-02 17-19-53,433,20.2896,35.8255
2019-06-02 17-19-55,432,20.3064,35.7961
2019-06-02 17-19-57,432,20.2332,35.7828
2019-06-02 17-20-01,431,20.3033,35.7694
2019-06-02 17-20-03,431,20.3217,35.7828
2019-06-02 17-20-05,430,20.3217,35.7694
2019-06-02 17-20-07,431,20.3354,35.7267
2019-06-02 17-20-09,431,20.4269,35.7561
2019-06-02 17-20-11,430,20.3201,35.7401
2019-06-02 17-20-13,429,20.372,35.7561
2019-06-02 17-20-15,429,20.372,35.7561
2019-06-02 17-20-19,428,20.3217,35.7828
2019-06-02 17-20-21,427,20.3568,35.7828
2019-06-02 17-20-23,427,20.34,35.8122
2019-06-02 17-20-25,427,20.2896,35.8255
2019-06-02 17-20-27,426,20.3949,35.8255
2019-06-02 17-20-29,426,20.3262,35.8549
2019-06-02 17-20-31,427,20.3079,35.8389
2019-06-02 17-20-33,427,20.2744,35.8549
2019-06-02 17-20-37,427,20.3079,35.8255
2019-06-02 17-20-39,427,20.3064,35.8122
2019-06-02 17-20-41,427,20.3064,35.7961
2019-06-02 17-20-43,428,20.3033,35.7561
2019-06-02 17-20-45,428,20.4071,35.7561
2019-06-02 17-20-47,428,20.3888,35.7267
2019-06-02 17-20-49,427,20.459,35.7
2019-06-02 17-20-53,427,20.4224,35.668
2019-06-02 17-20-55,427,20.4208,35.6546
2019-06-02 17-20-57,427,20.5078,35.6413
2019-06-02 17-20-59,428,20.4895,35.6252
2019-06-02 17-21-01,428,20.4361,35.6119
2019-06-02 17-21-03,428,20.4712,35.6252
2019-06-02 17-21-05,427,20.5231,35.6119
2019-06-02 17-21-07,427,20.5215,35.5985
2019-06-02 17-21-11,427,20.5551,35.5692
2019-06-02 17-21-13,426,20.5215,35.5852
2019-06-02 17-21-15,426,20.6131,35.5985
2019-06-02 17-21-17,425,20.5948,35.5852
2019-06-02 17-21-19,424,20.6818,35.5985
2019-06-02 17-21-21,424,20.5948,35.6119
2019-06-02 17-21-23,423,20.5963,35.6252
2019-06-02 17-21-25,423,20.578,35.6252
2019-06-02 17-21-29,423,20.5261,35.668
2019-06-02 17-21-31,422,20.491,35.668
2019-06-02 17-21-33,422,20.4758,35.7
2019-06-02 17-21-35,421,20.4956,35.7561
2019-06-02 17-21-37,421,20.3766,35.8255
2019-06-02 17-21-39,420,20.311,35.8949
2019-06-02 17-21-41,420,20.1569,35.9804
2019-06-02 17-21-45,420,20.0882,36.0498
2019-06-02 17-21-47,420,20.0562,36.0925
2019-06-02 17-21-49,421,19.9692,36.1513
2019-06-02 17-21-51,422,19.9371,36.1646
2019-06-02 17-21-53,421,19.9036,36.194
2019-06-02 17-21-55,422,19.8898,36.2367
2019-06-02 17-21-57,423,19.8898,36.2501
2019-06-02 17-21-59,423,19.8395,36.2635
2019-06-02 17-22-03,423,19.9081,36.2768
2019-06-02 17-22-05,424,19.7998,36.2635
2019-06-02 17-22-07,425,19.8166,36.2207
2019-06-02 17-22-09,426,19.8868,36.2074
2019-06-02 17-22-11,427,19.9005,36.1513
2019-06-02 17-22-13,429,19.8822,36.1379
2019-06-02 17-22-15,432,19.9326,36.1192
2019-06-02 17-22-19,436,19.9326,36.0925
2019-06-02 17-22-21,436,19.8959,36.0792
2019-06-02 17-22-23,434,19.9463,36.0632
2019-06-02 17-22-25,439,20.0043,36.0792
2019-06-02 17-22-27,438,19.9646,36.0792
2019-06-02 17-22-29,439,19.9829,36.0365
2019-06-02 17-22-31,441,20.0195,36.0498
2019-06-02 17-22-33,441,20.0195,36.0498
2019-06-02 17-22-37,440,20.0363,36.0365
2019-06-02 17-22-39,440,19.9829,36.0231
2019-06-02 17-22-41,438,20.05,35.9937
2019-06-02 17-22-43,438,20.05,35.9804
2019-06-02 17-22-45,440,20.1019,35.967
2019-06-02 17-22-47,441,20.1004,35.951
2019-06-02 17-22-49,442,20.0974,35.911
2019-06-02 17-22-51,441,20.1187,35.911
2019-06-02 17-22-55,441,20.1874,35.8949
2019-06-02 17-22-57,440,20.2026,35.8816
2019-06-02 17-22-59,438,20.2377,35.8549
2019-06-02 17-23-01,436,20.2347,35.8255
2019-06-02 17-23-03,435,20.1828,35.8122
2019-06-02 17-23-05,433,20.2713,35.7961
2019-06-02 17-23-07,433,20.3217,35.7694
2019-06-02 17-23-11,431,20.3033,35.7561
2019-06-02 17-23-13,432,20.3888,35.7401
2019-06-02 17-23-15,431,20.3522,35.7
2019-06-02 17-23-17,430,20.3674,35.7
2019-06-02 17-23-19,429,20.3857,35.7134
2019-06-02 17-23-21,428,20.4025,35.6813
2019-06-02 17-23-23,427,20.4041,35.7
2019-06-02 17-23-25,426,20.3705,35.7134
2019-06-02 17-23-29,424,20.372,35.7401
2019-06-02 17-23-31,421,20.3903,35.7561
2019-06-02 17-23-33,412,20.343,35.8255
2019-06-02 17-23-35,403,20.3247,35.8255
2019-06-02 17-23-37,415,20.2515,35.8122
2019-06-02 17-23-39,409,20.2896,35.8122
2019-06-02 17-23-41,409,20.2896,35.8255
2019-06-02 17-23-45,411,20.2011,35.8389
2019-06-02 17-23-47,412,20.2347,35.8389
2019-06-02 17-23-49,416,20.2713,35.8255
2019-06-02 17-23-51,416,20.2011,35.8389
2019-06-02 17-23-53,417,20.2194,35.8549
2019-06-02 17-23-55,419,20.256,35.8682
2019-06-02 17-23-57,417,20.253,35.8389
2019-06-02 17-23-59,417,20.3079,35.8389
2019-06-02 17-24-03,416,20.2347,35.8389
2019-06-02 17-24-05,415,20.2515,35.8255
2019-06-02 17-24-07,416,20.2148,35.7961
2019-06-02 17-24-09,416,20.2881,35.7828
2019-06-02 17-24-11,417,20.2484,35.7694
2019-06-02 17-24-13,419,20.3354,35.7401
2019-06-02 17-24-15,419,20.3354,35.7401
2019-06-02 17-24-19,420,20.4071,35.7401
2019-06-02 17-24-21,420,20.4041,35.7134
2019-06-02 17-24-23,420,20.4758,35.6813
2019-06-02 17-24-25,419,20.4407,35.7
2019-06-02 17-24-27,418,20.491,35.6813
2019-06-02 17-24-29,418,20.4224,35.668
2019-06-02 17-24-31,418,20.4758,35.6813
2019-06-02 17-24-33,417,20.4407,35.6813
2019-06-02 17-24-37,416,20.459,35.7
2019-06-02 17-24-39,415,20.4407,35.7134
2019-06-02 17-24-41,414,20.4041,35.7134
2019-06-02 17-24-43,414,20.4269,35.7401
2019-06-02 17-24-45,413,20.43,35.7828
2019-06-02 17-24-47,413,20.3613,35.8389
2019-06-02 17-24-49,413,20.2744,35.8549
2019-06-02 17-24-53,413,20.2377,35.8549
2019-06-02 17-24-55,414,20.2347,35.8255
2019-06-02 17-24-57,415,20.2713,35.8255
2019-06-02 17-24-59,416,20.2332,35.7828
2019-06-02 17-25-01,417,20.2148,35.7828
2019-06-02 17-25-03,419,20.3033,35.7694
2019-06-02 17-25-05,419,20.3033,35.7561
2019-06-02 17-25-07,420,20.3354,35.7134
2019-06-02 17-25-11,420,20.3522,35.7134
2019-06-02 17-25-13,419,20.372,35.7401
2019-06-02 17-25-15,419,20.3537,35.7401
2019-06-02 17-25-17,420,20.372,35.7694
2019-06-02 17-25-19,420,20.43,35.7828
2019-06-02 17-25-21,421,20.4071,35.7561
2019-06-02 17-25-23,421,20.3705,35.7134
2019-06-02 17-25-28,421,20.372,35.7561
2019-06-02 17-25-30,421,20.3705,35.7267
2019-06-02 17-25-32,421,20.4041,35.7134
2019-06-02 17-25-34,421,20.4254,35.7267
2019-06-02 17-25-36,421,20.4758,35.6813
2019-06-02 17-25-38,421,20.459,35.7134
2019-06-02 17-25-40,420,20.4407,35.7134
2019-06-02 17-25-42,419,20.4941,35.7
2019-06-02 17-25-46,419,20.4391,35.668
2019-06-02 17-25-48,418,20.491,35.6813
2019-06-02 17-25-50,419,20.5261,35.668
2019-06-02 17-25-52,418,20.4758,35.668
2019-06-02 17-25-54,418,20.5093,35.668
2019-06-02 17-25-56,418,20.4575,35.6813
2019-06-02 17-25-58,418,20.4407,35.6813
2019-06-02 17-26-02,418,20.459,35.7
2019-06-02 17-26-04,419,20.4575,35.668
2019-06-02 17-26-06,419,20.4575,35.668
2019-06-02 17-26-08,418,20.4758,35.6813
2019-06-02 17-26-10,418,20.4224,35.668
2019-06-02 17-26-12,418,20.4575,35.6546
2019-06-02 17-26-14,418,20.4575,35.6546
2019-06-02 17-26-16,417,20.4391,35.668
2019-06-02 17-26-20,418,20.4758,35.6813
2019-06-02 17-26-22,418,20.4727,35.6546
2019-06-02 17-26-24,418,20.4544,35.6252
2019-06-02 17-26-26,417,20.4727,35.6413
2019-06-02 17-26-28,417,20.5078,35.6413
2019-06-02 17-26-30,417,20.4208,35.6252
2019-06-02 17-26-32,417,20.4712,35.6252
2019-06-02 17-26-36,417,20.4865,35.5985
2019-06-02 17-26-38,417,20.4712,35.5985
2019-06-02 17-26-40,418,20.5032,35.5852
2019-06-02 17-26-42,417,20.578,35.6119
2019-06-02 17-26-44,417,20.5582,35.5985
2019-06-02 17-26-46,417,20.5399,35.5985
2019-06-02 17-26-48,418,20.5048,35.5985
2019-06-02 17-26-50,419,20.5551,35.5852
2019-06-02 17-26-54,419,20.61,35.5692
2019-06-02 17-26-56,419,20.5582,35.5985
2019-06-02 17-26-58,419,20.5414,35.6252
2019-06-02 17-27-00,418,20.5582,35.6119
2019-06-02 17-27-02,418,20.5231,35.6252
2019-06-02 17-27-04,418,20.5078,35.6546
2019-06-02 17-27-06,418,20.4575,35.6813
2019-06-02 17-27-08,417,20.4758,35.7
2019-06-02 17-27-12,417,20.4407,35.7134
2019-06-02 17-27-14,417,20.4773,35.7401
2019-06-02 17-27-16,417,20.4254,35.7267
2019-06-02 17-27-18,418,20.4071,35.7561
2019-06-02 17-27-20,418,20.4269,35.7561
2019-06-02 17-27-22,419,20.3354,35.7401
2019-06-02 17-27-24,419,20.3903,35.7561
2019-06-02 17-27-28,420,20.372,35.7694
2019-06-02 17-27-30,421,20.3201,35.7561
2019-06-02 17-27-32,421,20.3384,35.7694
2019-06-02 17-27-34,422,20.4071,35.7401
2019-06-02 17-27-36,422,20.3354,35.7267
2019-06-02 17-27-38,422,20.3705,35.7134
2019-06-02 17-27-40,422,20.3857,35.7134
2019-06-02 17-27-42,422,20.3857,35.6813
2019-06-02 17-27-46,422,20.4575,35.6813
2019-06-02 17-27-48,422,20.4407,35.7134
2019-06-02 17-27-50,422,20.4224,35.6813
2019-06-02 17-27-52,421,20.4254,35.7
2019-06-02 17-27-54,421,20.459,35.7
2019-06-02 17-27-56,421,20.4269,35.7401
2019-06-02 17-27-58,421,20.4269,35.7401
2019-06-02 17-28-02,421,20.3537,35.7267
2019-06-02 17-28-04,421,20.3537,35.7267
2019-06-02 17-28-06,421,20.3384,35.7561
2019-06-02 17-28-08,421,20.3354,35.7401
2019-06-02 17-28-10,421,20.372,35.7561
2019-06-02 17-28-12,421,20.3537,35.7561
2019-06-02 17-28-14,421,20.3201,35.7401
2019-06-02 17-28-16,422,20.3705,35.7267
2019-06-02 17-28-20,422,20.3705,35.7134
2019-06-02 17-28-22,423,20.4041,35.7
2019-06-02 17-28-24,423,20.4025,35.6813
2019-06-02 17-28-26,423,20.4208,35.6546
2019-06-02 17-28-28,422,20.4391,35.6413
2019-06-02 17-28-30,422,20.4727,35.6546
2019-06-02 17-28-32,422,20.4727,35.6546
2019-06-02 17-28-36,422,20.5231,35.6252
2019-06-02 17-28-38,422,20.4895,35.6413
2019-06-02 17-28-40,423,20.5078,35.6413
2019-06-02 17-28-42,422,20.5048,35.6119
2019-06-02 17-28-44,422,20.5399,35.6119
2019-06-02 17-28-46,422,20.5048,35.6119
2019-06-02 17-28-48,422,20.5215,35.5985
2019-06-02 17-28-50,421,20.5582,35.5985
2019-06-02 17-28-54,421,20.5231,35.6252
2019-06-02 17-28-56,421,20.5048,35.6119
2019-06-02 17-28-58,421,20.5231,35.6119
2019-06-02 17-29-00,421,20.5582,35.6252
2019-06-02 17-29-02,420,20.5078,35.6546
2019-06-02 17-29-04,420,20.5444,35.668
2019-06-02 17-29-06,420,20.4575,35.6546
2019-06-02 17-29-10,420,20.5078,35.6546
2019-06-02 17-29-12,420,20.4391,35.6413
2019-06-02 17-29-14,421,20.4895,35.6252
2019-06-02 17-29-16,421,20.4895,35.6119
2019-06-02 17-29-18,421,20.5048,35.6119
2019-06-02 17-29-20,421,20.5368,35.5692
2019-06-02 17-29-22,422,20.5215,35.5852
2019-06-02 17-29-24,422,20.5551,35.5852
2019-06-02 17-29-28,422,20.578,35.6119
2019-06-02 17-29-30,422,20.5399,35.6119
2019-06-02 17-29-32,422,20.5582,35.6119
2019-06-02 17-29-34,421,20.5582,35.6252
2019-06-02 17-29-36,422,20.5261,35.6413
2019-06-02 17-29-38,422,20.5261,35.6413
2019-06-02 17-29-40,421,20.5399,35.6119
2019-06-02 17-29-42,422,20.5582,35.6119
2019-06-02 17-29-46,421,20.578,35.6119
2019-06-02 17-29-48,422,20.5078,35.6252
2019-06-02 17-29-50,422,20.5582,35.6119
2019-06-02 17-29-52,422,20.4895,35.6413
2019-06-02 17-29-54,422,20.4575,35.6546
2019-06-02 17-29-56,423,20.4727,35.6413
2019-06-02 17-29-58,423,20.4391,35.6413
2019-06-02 17-30-02,423,20.4544,35.6252
2019-06-02 17-30-04,423,20.4895,35.6413
2019-06-02 17-30-06,423,20.4529,35.5985
2019-06-02 17-30-08,424,20.4529,35.6119
2019-06-02 17-30-10,424,20.4712,35.6119
2019-06-02 17-30-12,424,20.4529,35.5985
2019-06-02 17-30-14,424,20.4712,35.6119
2019-06-02 17-30-16,424,20.4544,35.6413
2019-06-02 17-30-20,424,20.4178,35.6119
2019-06-02 17-30-22,424,20.4529,35.5985
2019-06-02 17-30-24,423,20.4681,35.5852
2019-06-02 17-30-26,424,20.5032,35.5692
2019-06-02 17-30-28,424,20.4849,35.5425
2019-06-02 17-30-30,424,20.4849,35.5558
2019-06-02 17-30-32,424,20.5353,35.5425
2019-06-02 17-30-36,424,20.517,35.5131
2019-06-02 17-30-38,424,20.5353,35.5291
2019-06-02 17-30-40,425,20.5353,35.5291
2019-06-02 17-30-42,425,20.517,35.4997
2019-06-02 17-30-44,425,20.5917,35.5425
2019-06-02 17-30-46,424,20.6055,35.4997
2019-06-02 17-30-48,423,20.5536,35.5425
2019-06-02 17-30-50,423,20.5368,35.5692
2019-06-02 17-30-54,422,20.5399,35.5985
2019-06-02 17-30-56,421,20.5078,35.6252
2019-06-02 17-30-58,421,20.4895,35.6413
2019-06-02 17-31-00,420,20.491,35.6546
2019-06-02 17-31-02,419,20.4727,35.6413
2019-06-02 17-31-04,419,20.4895,35.6413
2019-06-02 17-31-06,420,20.4712,35.6119
2019-06-02 17-31-10,422,20.4712,35.6119
2019-06-02 17-31-12,422,20.4712,35.6252
2019-06-02 17-31-14,423,20.4391,35.6413
2019-06-02 17-31-16,424,20.4391,35.6413
2019-06-02 17-31-19,424,20.4727,35.6413
2019-06-02 17-31-21,424,20.4361,35.6252
2019-06-02 17-31-23,424,20.4208,35.6252
2019-06-02 17-31-25,424,20.4361,35.6252
2019-06-02 17-31-29,423,20.3842,35.6546
2019-06-02 17-31-31,423,20.4224,35.668
2019-06-02 17-31-33,423,20.4224,35.668
2019-06-02 17-31-35,423,20.3171,35.7
2019-06-02 17-31-37,424,20.3491,35.6813
2019-06-02 17-31-39,425,20.3659,35.6546
2019-06-02 17-31-41,425,20.4391,35.6413
2019-06-02 17-31-45,425,20.4178,35.6119
2019-06-02 17-31-47,425,20.4361,35.6119
2019-06-02 17-31-49,426,20.4895,35.6252
2019-06-02 17-31-51,426,20.5078,35.6413
2019-06-02 17-31-53,426,20.4895,35.6413
2019-06-02 17-31-55,425,20.5414,35.6413
2019-06-02 17-31-57,425,20.491,35.6546
2019-06-02 17-31-59,425,20.4208,35.6546
2019-06-02 17-32-03,425,20.4391,35.6413
2019-06-02 17-32-05,425,20.4895,35.6252
2019-06-02 17-32-07,425,20.5597,35.6413
2019-06-02 17-32-09,425,20.5078,35.6252
2019-06-02 17-32-11,425,20.5414,35.6252
2019-06-02 17-32-13,426,20.5078,35.6413
2019-06-02 17-32-15,425,20.5444,35.6813
2019-06-02 17-32-17,425,20.4956,35.7267
2019-06-02 17-32-21,425,20.4071,35.7401
2019-06-02 17-32-23,425,20.3751,35.7961
2019-06-02 17-32-25,425,20.3247,35.8255
2019-06-02 17-32-27,425,20.2377,35.8549
2019-06-02 17-32-29,425,20.2209,35.8949
2019-06-02 17-32-31,425,20.224,35.911
2019-06-02 17-32-33,425,20.1553,35.9243
2019-06-02 17-32-37,426,20.1553,35.9243
2019-06-02 17-32-39,426,20.1691,35.8949
2019-06-02 17-32-41,426,20.1691,35.8682
2019-06-02 17-32-43,427,20.1843,35.8682
2019-06-02 17-32-45,427,20.2347,35.8255
2019-06-02 17-32-47,427,20.2332,35.7961
2019-06-02 17-32-49,428,20.2332,35.7828
2019-06-02 17-32-51,428,20.2332,35.7828
2019-06-02 17-32-55,428,20.2667,35.7561
2019-06-02 17-32-57,429,20.2148,35.7694
2019-06-02 17-32-59,428,20.3033,35.7694
2019-06-02 17-33-01,428,20.2713,35.8255
2019-06-02 17-33-03,428,20.2011,35.8389
2019-06-02 17-33-05,427,20.1523,35.8949
2019-06-02 17-33-07,427,20.134,35.8949
2019-06-02 17-33-11,427,20.1202,35.9377
2019-06-02 17-33-13,426,20.1385,35.9804
2019-06-02 17-33-15,427,20.1569,35.9937
2019-06-02 17-33-17,427,20.0363,36.0365
2019-06-02 17-33-19,427,20.018,36.0365
2019-06-02 17-33-21,426,20.0195,36.0632
2019-06-02 17-33-23,426,19.9677,36.1059
2019-06-02 17-33-25,426,19.9371,36.1646
2019-06-02 17-33-29,426,19.9188,36.1646
2019-06-02 17-33-31,427,19.8868,36.194
2019-06-02 17-33-33,428,19.7983,36.2074
2019-06-02 17-33-35,428,19.7952,36.178
2019-06-02 17-33-37,429,19.8486,36.1379
2019-06-02 17-33-39,429,19.8639,36.1379
2019-06-02 17-33-41,430,19.9493,36.0925
2019-06-02 17-33-45,430,19.986,36.0792
2019-06-02 17-33-47,431,19.9829,36.0231
2019-06-02 17-33-49,432,20.0333,36.0071
2019-06-02 17-33-51,431,20.05,35.9804
2019-06-02 17-33-53,432,20.0836,35.951
2019-06-02 17-33-55,432,20.224,35.911
2019-06-02 17-33-57,431,20.1508,35.8816
2019-06-02 17-33-59,431,20.2377,35.8682
2019-06-02 17-34-03,432,20.1508,35.8549
2019-06-02 17-34-05,431,20.2164,35.8122
2019-06-02 17-34-07,431,20.2164,35.8122
2019-06-02 17-34-09,431,20.2148,35.7828
2019-06-02 17-34-11,431,20.2698,35.7828
2019-06-02 17-34-13,431,20.2698,35.7694
2019-06-02 17-34-15,430,20.285,35.7401
2019-06-02 17-34-19,430,20.3171,35.7267
2019-06-02 17-34-21,430,20.3705,35.7134
2019-06-02 17-34-23,430,20.3339,35.6813
2019-06-02 17-34-25,429,20.3354,35.7267
2019-06-02 17-34-27,429,20.3171,35.7267
2019-06-02 17-34-29,428,20.3201,35.7561
2019-06-02 17-34-31,427,20.3201,35.7401
2019-06-02 17-34-33,427,20.34,35.7828
2019-06-02 17-34-37,427,20.2332,35.7961
2019-06-02 17-34-39,426,20.2301,35.7694
2019-06-02 17-34-41,426,20.2301,35.7561
2019-06-02 17-34-43,427,20.2667,35.7267
2019-06-02 17-34-45,427,20.2469,35.7401
2019-06-02 17-34-47,427,20.2438,35.7134
2019-06-02 17-34-49,427,20.2423,35.668
2019-06-02 17-34-51,427,20.2988,35.7
2019-06-02 17-34-55,426,20.3491,35.6813
2019-06-02 17-34-57,426,20.3674,35.6813
2019-06-02 17-34-59,425,20.3995,35.6413
2019-06-02 17-35-01,426,20.3659,35.6413
2019-06-02 17-35-03,426,20.4758,35.668
2019-06-02 17-35-05,425,20.4391,35.6413
2019-06-02 17-35-07,425,20.4727,35.6546
2019-06-02 17-35-11,425,20.4407,35.7
2019-06-02 17-35-13,424,20.4575,35.6813
2019-06-02 17-35-15,424,20.4224,35.6813
2019-06-02 17-35-17,424,20.3674,35.7
2019-06-02 17-35-19,424,20.3857,35.7134
2019-06-02 17-35-21,424,20.3857,35.7134
2019-06-02 17-35-23,424,20.3033,35.7561
2019-06-02 17-35-25,424,20.3384,35.7561
2019-06-02 17-35-29,424,20.3018,35.7401
2019-06-02 17-35-31,424,20.3201,35.7561
2019-06-02 17-35-33,424,20.3384,35.7694
2019-06-02 17-35-35,424,20.3217,35.7828
2019-06-02 17-35-37,424,20.2667,35.7561
2019-06-02 17-35-39,424,20.2148,35.7961
2019-06-02 17-35-41,424,20.2011,35.8389
2019-06-02 17-35-45,424,20.1691,35.8816
2019-06-02 17-35-47,424,20.0821,35.9377
2019-06-02 17-35-49,423,20.0699,36.0071
2019-06-02 17-35-51,423,19.9997,36.0231
2019-06-02 17-35-53,423,19.9509,36.1192
2019-06-02 17-35-55,423,19.8669,36.178
2019-06-02 17-35-57,423,19.8364,36.2501
2019-06-02 17-35-59,424,19.7495,36.2768
2019-06-02 17-36-03,425,19.7342,36.3062
2019-06-02 17-36-05,425,19.7159,36.2928
2019-06-02 17-36-07,425,19.6808,36.3062
2019-06-02 17-36-09,425,19.6945,36.2635
2019-06-02 17-36-11,426,19.7479,36.2367
2019-06-02 17-36-13,426,19.7113,36.2367
2019-06-02 17-36-15,427,19.7983,36.2207
2019-06-02 17-36-19,427,19.7983,36.2207
2019-06-02 17-36-21,427,19.78,36.194
2019-06-02 17-36-23,427,19.8502,36.178
2019-06-02 17-36-25,428,19.8669,36.1513
2019-06-02 17-36-27,428,19.9371,36.178
2019-06-02 17-36-29,428,19.9371,36.1646
2019-06-02 17-36-31,428,19.9219,36.2074
2019-06-02 17-36-33,427,19.9036,36.178
2019-06-02 17-36-37,427,19.9371,36.1646
2019-06-02 17-36-39,427,19.9036,36.178
2019-06-02 17-36-41,428,19.9005,36.1379
2019-06-02 17-36-43,428,19.9036,36.194
2019-06-02 17-36-45,428,19.8669,36.1646
2019-06-02 17-36-47,428,19.8303,36.1379
2019-06-02 17-36-49,428,19.8303,36.1192
2019-06-02 17-36-51,428,19.809,36.1059
2019-06-02 17-36-55,428,19.8456,36.0925
2019-06-02 17-36-57,427,19.8456,36.0925
2019-06-02 17-37-00,427,19.7891,36.0632
2019-06-02 17-37-02,427,19.8639,36.1192
2019-06-02 17-37-04,427,19.8456,36.1059
2019-06-02 17-37-06,428,19.8486,36.1379
2019-06-02 17-37-08,428,19.7937,36.1513
2019-06-02 17-37-12,428,19.812,36.1646
2019-06-02 17-37-14,428,19.7952,36.178
2019-06-02 17-37-16,429,19.7769,36.178
2019-06-02 17-37-18,429,19.7937,36.1513
2019-06-02 17-37-20,429,19.7403,36.1513
2019-06-02 17-37-22,429,19.7067,36.1379
2019-06-02 17-37-24,429,19.7754,36.1379
2019-06-02 17-37-26,429,19.7754,36.1379
2019-06-02 17-37-30,429,19.7906,36.1059
2019-06-02 17-37-32,429,19.809,36.1059
2019-06-02 17-37-34,429,19.7388,36.1192
2019-06-02 17-37-36,429,19.7937,36.1513
2019-06-02 17-37-38,429,19.725,36.1646
2019-06-02 17-37-40,430,19.7617,36.194
2019-06-02 17-37-42,429,19.7083,36.194
2019-06-02 17-37-44,430,19.812,36.1646
2019-06-02 17-37-48,429,19.8349,36.194
2019-06-02 17-37-50,429,19.8669,36.1646
2019-06-02 17-37-52,429,19.8853,36.1646
2019-06-02 17-37-54,429,19.9005,36.1646
2019-06-02 17-37-56,429,19.8685,36.194
2019-06-02 17-37-58,429,19.8639,36.1379
2019-06-02 17-38-00,429,19.8486,36.1646
2019-06-02 17-38-04,428,19.812,36.178
2019-06-02 17-38-06,429,19.8685,36.194
2019-06-02 17-38-08,428,19.8502,36.194
2019-06-02 17-38-10,428,19.8135,36.2074
2019-06-02 17-38-12,428,19.8685,36.2074
2019-06-02 17-38-14,428,19.8349,36.2207
2019-06-02 17-38-16,428,19.8532,36.2367
2019-06-02 17-38-18,429,19.78,36.2207
2019-06-02 17-38-22,429,19.7998,36.2501
2019-06-02 17-38-24,429,19.7815,36.2367
2019-06-02 17-38-26,428,19.78,36.2074
2019-06-02 17-38-28,428,19.8349,36.194
2019-06-02 17-38-30,428,19.8502,36.194
2019-06-02 17-38-32,427,19.812,36.1646
2019-06-02 17-38-34,427,19.8318,36.1646
2019-06-02 17-38-36,427,19.812,36.1513
2019-06-02 17-38-40,426,19.7937,36.1379
2019-06-02 17-38-42,427,19.7906,36.1059
2019-06-02 17-38-44,427,19.8807,36.0925
2019-06-02 17-38-46,428,19.8959,36.0925
2019-06-02 17-38-48,427,19.8776,36.0632
2019-06-02 17-38-50,427,19.8593,36.0632
2019-06-02 17-38-52,427,19.9127,36.0632
2019-06-02 17-38-56,427,20.0363,36.0231
2019-06-02 17-38-58,426,19.9997,36.0231
2019-06-02 17-39-00,426,19.96,35.9937
2019-06-02 17-39-02,426,19.9966,35.967
2019-06-02 17-39-04,426,19.9966,35.9804
2019-06-02 17-39-06,426,20.015,35.9804
2019-06-02 17-39-08,425,20.047,35.951
2019-06-02 17-39-10,425,20.0134,35.9377
2019-06-02 17-39-14,424,20.0287,35.911
2019-06-02 17-39-16,425,19.9921,35.911
2019-06-02 17-39-18,424,20.079,35.8949
2019-06-02 17-39-20,424,20.079,35.8949
2019-06-02 17-39-22,424,20.0592,35.8389
2019-06-02 17-39-24,424,20.1141,35.8389
2019-06-02 17-39-26,424,20.1828,35.8255
2019-06-02 17-39-28,423,20.2148,35.7961
2019-06-02 17-39-32,423,20.2515,35.8255
2019-06-02 17-39-34,422,20.2713,35.8122
2019-06-02 17-39-36,422,20.2164,35.8122
2019-06-02 17-39-38,421,20.166,35.8389
2019-06-02 17-39-40,421,20.1828,35.8389
2019-06-02 17-39-42,422,20.2011,35.8389
2019-06-02 17-39-44,422,20.1324,35.8389
2019-06-02 17-39-48,422,20.1843,35.8549
2019-06-02 17-39-50,422,20.253,35.8549
2019-06-02 17-39-52,422,20.253,35.8549
2019-06-02 17-39-54,422,20.2377,35.8549
2019-06-02 17-39-56,421,20.2026,35.8949
2019-06-02 17-39-58,421,20.1187,35.911
2019-06-02 17-40-00,422,20.1553,35.9243
2019-06-02 17-40-02,422,20.134,35.8949
2019-06-02 17-40-06,423,20.1508,35.8816
2019-06-02 17-40-08,423,20.1477,35.8389
2019-06-02 17-40-10,423,20.1828,35.8389
2019-06-02 17-40-12,423,20.1797,35.7961
2019-06-02 17-40-14,423,20.1981,35.7961
2019-06-02 17-40-16,424,20.2148,35.7828
2019-06-02 17-40-18,424,20.2881,35.7828
2019-06-02 17-40-22,425,20.2713,35.7961
2019-06-02 17-40-24,424,20.2148,35.7828
2019-06-02 17-40-26,424,20.2515,35.7961
2019-06-02 17-40-28,424,20.285,35.7561
2019-06-02 17-40-30,424,20.3033,35.7694
2019-06-02 17-40-32,424,20.2698,35.7694
2019-06-02 17-40-34,424,20.3384,35.7694
2019-06-02 17-40-36,424,20.3537,35.7561
2019-06-02 17-40-40,424,20.3033,35.7561
2019-06-02 17-40-42,423,20.3033,35.7561
2019-06-02 17-40-44,423,20.3903,35.7561
2019-06-02 17-40-46,424,20.3537,35.7401
2019-06-02 17-40-48,423,20.3537,35.7561
2019-06-02 17-40-50,423,20.3537,35.7267
2019-06-02 17-40-52,423,20.372,35.7694
2019-06-02 17-40-56,423,20.3201,35.7401
2019-06-02 17-40-58,423,20.3384,35.7561
2019-06-02 17-41-00,423,20.2881,35.7828
2019-06-02 17-41-02,423,20.2881,35.7828
2019-06-02 17-41-04,423,20.2713,35.7961
2019-06-02 17-41-06,423,20.2896,35.8389
2019-06-02 17-41-08,423,20.2194,35.8682
2019-06-02 17-41-10,423,20.1874,35.8949
2019-06-02 17-41-14,423,20.137,35.9243
2019-06-02 17-41-16,423,20.1202,35.951
2019-06-02 17-41-18,423,20.05,35.9937
2019-06-02 17-41-20,422,19.9631,36.0231
2019-06-02 17-41-22,423,19.9493,36.0792
2019-06-02 17-41-24,423,19.9539,36.1513
2019-06-02 17-41-26,423,19.8685,36.194
2019-06-02 17-41-30,424,19.8349,36.2074
2019-06-02 17-41-32,424,19.8685,36.194
2019-06-02 17-41-34,424,19.8166,36.2207
2019-06-02 17-41-36,425,19.7998,36.2501
2019-06-02 17-41-38,426,19.7296,36.2367
2019-06-02 17-41-40,426,19.78,36.2074
2019-06-02 17-41-42,426,19.8364,36.2501
2019-06-02 17-41-44,426,19.7632,36.2367
2019-06-02 17-41-48,426,19.7815,36.2635
2019-06-02 17-41-50,426,19.7815,36.2501
2019-06-02 17-41-52,426,19.7479,36.2635
2019-06-02 17-41-54,426,19.7662,36.2768
2019-06-02 17-41-56,426,19.7495,36.3062
2019-06-02 17-41-58,427,19.6976,36.2768
2019-06-02 17-42-00,427,19.7678,36.2928
2019-06-02 17-42-04,428,19.6976,36.2768
2019-06-02 17-42-06,428,19.7678,36.2928
2019-06-02 17-42-08,428,19.7311,36.2928
2019-06-02 17-42-10,428,19.7159,36.2928
2019-06-02 17-42-12,428,19.6426,36.2928
2019-06-02 17-42-14,428,19.7159,36.3062
2019-06-02 17-42-16,429,19.6625,36.3329
2019-06-02 17-42-18,429,19.6884,36.405
2019-06-02 17-42-22,429,19.6487,36.405
2019-06-02 17-42-24,429,19.5831,36.4611
2019-06-02 17-42-26,429,19.5297,36.5011
2019-06-02 17-42-28,430,19.4794,36.5438
2019-06-02 17-42-30,430,19.4473,36.5599
2019-06-02 17-42-32,430,19.4839,36.6026
2019-06-02 17-42-34,430,19.397,36.6026
2019-06-02 17-42-38,430,19.4138,36.6026
2019-06-02 17-42-40,430,19.4504,36.6186
2019-06-02 17-42-42,430,19.429,36.5732
2019-06-02 17-42-44,431,19.4321,36.5866
2019-06-02 17-42-47,431,19.3924,36.5438
2019-06-02 17-42-49,432,19.3726,36.5171
2019-06-02 17-42-51,432,19.4611,36.5171
2019-06-02 17-42-53,432,19.4778,36.4878
2019-06-02 17-42-57,432,19.5618,36.4183
2019-06-02 17-42-59,432,19.6167,36.4317
2019-06-02 17-43-01,432,19.6304,36.405
2019-06-02 17-43-03,433,19.6304,36.389
2019-06-02 17-43-05,433,19.6671,36.405
2019-06-02 17-43-07,432,19.6304,36.405
2019-06-02 17-43-09,432,19.6655,36.389
2019-06-02 17-43-11,431,19.6304,36.3756
2019-06-02 17-43-15,431,19.6304,36.389
2019-06-02 17-43-17,431,19.5938,36.3623
2019-06-02 17-43-19,431,19.6289,36.3329
2019-06-02 17-43-21,431,19.6442,36.3195
2019-06-02 17-43-23,432,19.7159,36.2928
2019-06-02 17-43-25,432,19.6945,36.2367
2019-06-02 17-43-27,432,19.7113,36.2367
2019-06-02 17-43-31,432,19.7617,36.194
2019-06-02 17-43-33,431,19.7769,36.1646
2019-06-02 17-43-35,431,19.7937,36.1379
2019-06-02 17-43-37,431,19.8624,36.0925
2019-06-02 17-43-39,431,19.9127,36.0632
2019-06-02 17-43-41,431,19.9646,36.0498
2019-06-02 17-43-43,430,19.9631,36.0365
2019-06-02 17-43-45,430,19.9448,36.0071
2019-06-02 17-43-49,430,19.9783,35.951
2019-06-02 17-43-51,430,20.05,35.967
2019-06-02 17-43-53,431,19.9951,35.951
2019-06-02 17-43-55,430,20.0134,35.9377
2019-06-02 17-43-57,430,20.015,35.967
2019-06-02 17-43-59,430,20.0287,35.9243
2019-06-02 17-44-01,428,20.0653,35.951
2019-06-02 17-44-05,428,20.05,35.9804
2019-06-02 17-44-07,428,20.018,36.0231
2019-06-02 17-44-09,427,19.9677,36.0925
2019-06-02 17-44-11,426,19.9722,36.1646
2019-06-02 17-44-13,426,19.8868,36.2074
2019-06-02 17-44-15,426,19.8181,36.2635
2019-06-02 17-44-17,426,19.7845,36.2768
2019-06-02 17-44-19,427,19.7845,36.2768
2019-06-02 17-44-23,427,19.7495,36.2768
2019-06-02 17-44-25,426,19.6991,36.3195
2019-06-02 17-44-27,427,19.6991,36.3195
2019-06-02 17-44-29,428,19.6793,36.2635
2019-06-02 17-44-31,429,19.7479,36.2635
2019-06-02 17-44-33,429,19.693,36.2207
2019-06-02 17-44-35,429,19.7617,36.194
2019-06-02 17-44-37,429,19.7617,36.178
2019-06-02 17-44-41,429,19.8669,36.1646
2019-06-02 17-44-43,429,19.8639,36.1379
2019-06-02 17-44-45,429,19.8853,36.178
2019-06-02 17-44-47,429,19.9036,36.178
2019-06-02 17-44-49,429,19.8868,36.194
2019-06-02 17-44-51,429,19.9402,36.2074
2019-06-02 17-44-53,429,19.9036,36.2074
2019-06-02 17-44-57,429,19.8715,36.2207
2019-06-02 17-44-59,429,19.8532,36.2207
2019-06-02 17-45-01,429,19.7983,36.2207
2019-06-02 17-45-03,429,19.8868,36.194
2019-06-02 17-45-05,429,19.8349,36.2074
2019-06-02 17-45-07,429,19.8685,36.2074
2019-06-02 17-45-09,430,19.7983,36.2074
2019-06-02 17-45-11,430,19.8349,36.194
2019-06-02 17-45-15,430,19.8685,36.194
2019-06-02 17-45-17,430,19.8532,36.2207
2019-06-02 17-45-19,430,19.8532,36.2207
2019-06-02 17-45-21,430,19.8685,36.2074
2019-06-02 17-45-23,430,19.8135,36.194
2019-06-02 17-45-25,430,19.8135,36.194
2019-06-02 17-45-27,431,19.7937,36.1646
2019-06-02 17-45-31,431,19.8486,36.1379
2019-06-02 17-45-33,430,19.8456,36.1192
2019-06-02 17-45-35,431,19.8807,36.0925
2019-06-02 17-45-37,430,19.9142,36.0792
2019-06-02 17-45-39,430,19.9127,36.0498
2019-06-02 17-45-41,430,19.928,36.0365
2019-06-02 17-45-43,430,19.9448,36.0231
2019-06-02 17-45-45,430,19.9631,36.0231
2019-06-02 17-45-49,429,19.9417,35.9804
2019-06-02 17-45-51,430,20.0653,35.967
2019-06-02 17-45-53,429,19.9951,35.951
2019-06-02 17-45-55,429,20.0653,35.9377
2019-06-02 17-45-57,429,20.047,35.9243
2019-06-02 17-45-59,428,20.0974,35.911
2019-06-02 17-46-01,428,20.0607,35.8816
2019-06-02 17-46-05,428,20.1508,35.8549
2019-06-02 17-46-07,428,20.1477,35.8389
2019-06-02 17-46-09,428,20.1828,35.8389
2019-06-02 17-46-11,428,20.2011,35.8389
2019-06-02 17-46-13,429,20.2164,35.8122
2019-06-02 17-46-15,428,20.2347,35.8255
2019-06-02 17-46-17,428,20.1324,35.8389
2019-06-02 17-46-19,427,20.2377,35.8549
2019-06-02 17-46-23,427,20.1843,35.8682
2019-06-02 17-46-25,425,20.2423,35.9377
2019-06-02 17-46-27,422,20.1416,35.9937
2019-06-02 17-46-29,420,20.0546,36.0498
2019-06-02 17-46-31,413,20.0043,36.0925
2019-06-02 17-46-33,410,19.9539,36.1646
2019-06-02 17-46-35,407,19.8853,36.178
2019-06-02 17-46-39,409,19.873,36.2635
2019-06-02 17-46-41,412,19.8029,36.2928
2019-06-02 17-46-43,412,19.7159,36.2928
2019-06-02 17-46-45,413,19.7495,36.2928
2019-06-02 17-46-47,417,19.7495,36.2928
2019-06-02 17-46-49,418,19.6808,36.3062
2019-06-02 17-46-51,423,19.7311,36.2928
2019-06-02 17-46-53,424,19.7845,36.2768
2019-06-02 17-46-57,426,19.7632,36.2207
2019-06-02 17-46-59,428,19.7769,36.178
2019-06-02 17-47-01,430,19.8318,36.1646
2019-06-02 17-47-03,432,19.8669,36.178
2019-06-02 17-47-05,431,19.9173,36.1192
2019-06-02 17-47-07,431,19.9142,36.0925
2019-06-02 17-47-09,431,19.9463,36.0632
2019-06-02 17-47-13,430,20.0363,36.0231
2019-06-02 17-47-15,428,20.018,36.0365
2019-06-02 17-47-17,427,20.0516,36.0071
2019-06-02 17-47-19,426,20.0684,35.9937
2019-06-02 17-47-21,425,20.1248,36.0231
2019-06-02 17-47-23,424,20.0333,36.0071
2019-06-02 17-47-25,423,20.1248,36.0071
2019-06-02 17-47-27,423,20.1248,36.0365
2019-06-02 17-47-31,422,20.0729,36.0792
2019-06-02 17-47-33,422,20.0043,36.0925
2019-06-02 17-47-35,421,20.0043,36.0925
2019-06-02 17-47-37,422,19.9356,36.1513
2019-06-02 17-47-39,422,19.9188,36.1646
2019-06-02 17-47-41,421,19.9402,36.2074
2019-06-02 17-47-43,421,19.9081,36.2501
2019-06-02 17-47-45,422,19.8395,36.2768
2019-06-02 17-47-49,422,19.7495,36.3062
2019-06-02 17-47-51,422,19.7525,36.3329
2019-06-02 17-47-53,423,19.7357,36.3623
2019-06-02 17-47-55,423,19.7021,36.3489
2019-06-02 17-47-57,423,19.7159,36.2928
2019-06-02 17-47-59,423,19.7708,36.3329
2019-06-02 17-48-01,424,19.7311,36.2928
2019-06-02 17-48-05,425,19.7815,36.2501
2019-06-02 17-48-07,424,19.7983,36.2207
2019-06-02 17-48-09,425,19.9036,36.194
2019-06-02 17-48-11,426,19.8669,36.178
2019-06-02 17-48-13,427,19.8669,36.1513
2019-06-02 17-48-15,427,19.9173,36.1192
2019-06-02 17-48-17,427,19.9188,36.1513
2019-06-02 17-48-19,427,19.9677,36.1059
2019-06-02 17-48-23,427,19.986,36.0632
2019-06-02 17-48-25,427,20.0195,36.0498
2019-06-02 17-48-27,426,20.0378,36.0632
2019-06-02 17-48-29,426,20.0592,36.1059
2019-06-02 17-48-31,425,19.9905,36.1379
2019-06-02 17-48-34,425,20.0058,36.1059
2019-06-02 17-48-36,425,20.0562,36.0925
2019-06-02 17-48-40,425,20.0043,36.0792
2019-06-02 17-48-42,425,19.9875,36.0925
2019-06-02 17-48-44,425,20.0043,36.0632
2019-06-02 17-48-46,425,20.0562,36.0792
2019-06-02 17-48-48,425,19.9326,36.0925
2019-06-02 17-48-50,424,19.9677,36.0925
2019-06-02 17-48-52,424,19.9005,36.1379
2019-06-02 17-48-54,424,19.8868,36.2074
2019-06-02 17-48-58,424,19.8364,36.2367
2019-06-02 17-49-00,424,19.8395,36.2635
2019-06-02 17-49-02,424,19.7495,36.2928
2019-06-02 17-49-04,423,19.7891,36.3489
2019-06-02 17-49-06,423,19.7021,36.3756
2019-06-02 17-49-08,424,19.6304,36.389
2019-06-02 17-49-10,425,19.6671,36.405
2019-06-02 17-49-14,425,19.6304,36.405
2019-06-02 17-49-16,426,19.6304,36.3756
2019-06-02 17-49-18,426,19.6838,36.3489
2019-06-02 17-49-20,427,19.6976,36.2928
2019-06-02 17-49-22,428,19.7479,36.2501
2019-06-02 17-49-24,428,19.78,36.2207
2019-06-02 17-49-26,428,19.7952,36.178
2019-06-02 17-49-28,429,19.8822,36.1513
2019-06-02 17-49-32,429,19.8639,36.1192
2019-06-02 17-49-34,429,19.9142,36.1059
2019-06-02 17-49-36,428,19.9646,36.0632
2019-06-02 17-49-38,428,19.928,36.0365
2019-06-02 17-49-40,428,20.018,36.0365
2019-06-02 17-49-42,427,19.9997,36.0231
2019-06-02 17-49-44,426,20.05,35.9937
2019-06-02 17-49-48,426,20.0333,35.9937
2019-06-02 17-49-50,426,20.1202,35.967
2019-06-02 17-49-52,426,20.0836,35.951
2019-06-02 17-49-54,425,20.1202,35.951
2019-06-02 17-49-56,424,20.1553,35.951
2019-06-02 17-49-58,422,20.1553,35.951
2019-06-02 17-50-00,421,20.1248,36.0071
2019-06-02 17-50-02,420,20.1279,36.0498
2019-06-02 17-50-06,417,20.0745,36.0925
2019-06-02 17-50-08,417,19.9509,36.1379
2019-06-02 17-50-10,416,20.0134,36.2207
2019-06-02 17-50-12,416,19.9951,36.2074
2019-06-02 17-50-14,415,19.9402,36.2074
2019-06-02 17-50-16,416,19.9554,36.2074
2019-06-02 17-50-18,416,19.8715,36.2207
2019-06-02 17-50-20,415,19.8364,36.2501
2019-06-02 17-50-24,417,19.8578,36.2768
2019-06-02 17-50-26,417,19.8761,36.3195
2019-06-02 17-50-28,418,19.7891,36.3756
2019-06-02 17-50-30,418,19.7205,36.389
2019-06-02 17-50-32,419,19.6304,36.405
2019-06-02 17-50-34,420,19.6884,36.405
2019-06-02 17-50-36,420,19.6335,36.4183
2019-06-02 17-50-40,420,19.6487,36.405
2019-06-02 17-50-42,421,19.6854,36.389
2019-06-02 17-50-44,421,19.6854,36.389
2019-06-02 17-50-46,421,19.6472,36.3756
2019-06-02 17-50-48,421,19.7174,36.3489
2019-06-02 17-50-50,422,19.6991,36.3062
2019-06-02 17-50-52,422,19.7678,36.3195
2019-06-02 17-50-54,421,19.7342,36.3329
2019-06-02 17-50-58,421,19.7357,36.3489
2019-06-02 17-51-00,421,19.7708,36.3329
2019-06-02 17-51-02,421,19.7342,36.3195
2019-06-02 17-51-04,421,19.8227,36.3329
2019-06-02 17-51-06,421,19.7861,36.3329
2019-06-02 17-51-08,422,19.7174,36.3195
2019-06-02 17-51-10,423,19.7525,36.3329
2019-06-02 17-51-14,423,19.7891,36.3489
2019-06-02 17-51-16,424,19.7342,36.3329
2019-06-02 17-51-18,424,19.7861,36.3195
2019-06-02 17-51-20,424,19.7861,36.3195
2019-06-02 17-51-22,424,19.7525,36.3195
2019-06-02 17-51-24,423,19.7662,36.2768
2019-06-02 17-51-26,423,19.8029,36.2928
2019-06-02 17-51-28,424,19.7159,36.2928
2019-06-02 17-51-32,424,19.8029,36.2928
2019-06-02 17-51-34,423,19.7342,36.3329
2019-06-02 17-51-36,423,19.7205,36.3756
2019-06-02 17-51-38,423,19.6854,36.389
2019-06-02 17-51-40,422,19.6487,36.4183
2019-06-02 17-51-42,422,19.5984,36.4317
2019-06-02 17-51-44,422,19.5984,36.4183
2019-06-02 17-51-46,423,19.5969,36.405
2019-06-02 17-51-50,423,19.5969,36.405
2019-06-02 17-51-52,424,19.6655,36.3756
2019-06-02 17-51-54,424,19.6625,36.3329
2019-06-02 17-51-56,423,19.7342,36.3062
2019-06-02 17-51-58,423,19.7845,36.2768
2019-06-02 17-52-00,423,19.7632,36.2501
2019-06-02 17-52-02,424,19.8166,36.2367
2019-06-02 17-52-06,423,19.78,36.2074
2019-06-02 17-52-08,423,19.8532,36.2367
2019-06-02 17-52-10,422,19.8715,36.2207
2019-06-02 17-52-12,422,19.8502,36.194
2019-06-02 17-52-14,422,19.8868,36.194
2019-06-02 17-52-16,421,19.8822,36.1513
2019-06-02 17-52-18,421,19.9371,36.178
2019-06-02 17-52-20,421,19.9005,36.1379
2019-06-02 17-52-24,421,19.9509,36.1059
2019-06-02 17-52-26,421,19.9326,36.1192
2019-06-02 17-52-28,421,20.0043,36.0925
2019-06-02 17-52-30,421,20.0043,36.0925
2019-06-02 17-52-32,422,20.0043,36.0792
2019-06-02 17-52-34,421,20.0546,36.0632
2019-06-02 17-52-36,421,20.0195,36.0632
2019-06-02 17-52-40,422,20.0745,36.0925
2019-06-02 17-52-42,422,20.0592,36.1059
2019-06-02 17-52-44,422,20.0043,36.0792
2019-06-02 17-52-46,421,20.0409,36.1192
2019-06-02 17-52-48,421,20.0745,36.1059
2019-06-02 17-52-50,420,19.9692,36.1379
2019-06-02 17-52-52,420,19.9692,36.1513
2019-06-02 17-52-54,420,19.9921,36.178
2019-06-02 17-52-58,419,19.9402,36.2367
2019-06-02 17-53-00,420,19.8914,36.2768
2019-06-02 17-53-02,420,19.8578,36.3062
2019-06-02 17-53-04,419,19.8593,36.3329
2019-06-02 17-53-06,420,19.841,36.3329
2019-06-02 17-53-08,421,19.8044,36.3489
2019-06-02 17-53-10,421,19.7891,36.3489
2019-06-02 17-53-12,421,19.7525,36.3195
2019-06-02 17-53-16,421,19.8227,36.3489
2019-06-02 17-53-18,421,19.7861,36.3329
2019-06-02 17-53-20,422,19.7495,36.3062
2019-06-02 17-53-22,422,19.8029,36.3062
2019-06-02 17-53-24,423,19.7678,36.3062
2019-06-02 17-53-26,423,19.7678,36.3062
2019-06-02 17-53-28,423,19.7861,36.3195
2019-06-02 17-53-32,423,19.7342,36.3329
2019-06-02 17-53-34,423,19.7357,36.3623
2019-06-02 17-53-36,423,19.7708,36.3489
2019-06-02 17-53-38,422,19.7525,36.3329
2019-06-02 17-53-40,423,19.7708,36.3489
2019-06-02 17-53-42,423,19.7525,36.3329
2019-06-02 17-53-44,423,19.7021,36.3756
2019-06-02 17-53-46,424,19.6854,36.389
2019-06-02 17-53-50,424,19.7037,36.405
2019-06-02 17-53-52,423,19.6671,36.405
2019-06-02 17-53-54,423,19.6167,36.4317
2019-06-02 17-53-56,423,19.6198,36.4878
2019-06-02 17-53-58,422,19.5694,36.5011
2019-06-02 17-54-00,423,19.5526,36.5305
2019-06-02 17-54-02,423,19.5526,36.5305
2019-06-02 17-54-06,423,19.5328,36.5438
2019-06-02 17-54-08,423,19.5007,36.5732
2019-06-02 17-54-11,423,19.4473,36.5599
2019-06-02 17-54-13,424,19.429,36.5438
2019-06-02 17-54-15,424,19.516,36.5599
2019-06-02 17-54-17,424,19.4794,36.5438
2019-06-02 17-54-19,424,19.4977,36.5305
2019-06-02 17-54-21,424,19.516,36.5438
2019-06-02 17-54-25,424,19.5847,36.4878
2019-06-02 17-54-27,425,19.5694,36.5011
2019-06-02 17-54-29,425,19.6198,36.4878
2019-06-02 17-54-31,425,19.6152,36.405
2019-06-02 17-54-33,425,19.6671,36.405
2019-06-02 17-54-35,425,19.7037,36.389
2019-06-02 17-54-37,425,19.6609,36.3195
2019-06-02 17-54-39,425,19.7495,36.2928
2019-06-02 17-54-43,425,19.8166,36.2501
2019-06-02 17-54-45,425,19.7983,36.2074
2019-06-02 17-54-47,425,19.78,36.194
2019-06-02 17-54-49,425,19.8502,36.178
2019-06-02 17-54-51,424,19.8822,36.1513
2019-06-02 17-54-53,424,19.9188,36.178
2019-06-02 17-54-55,423,19.9539,36.1513
2019-06-02 17-54-59,423,19.9188,36.1513
2019-06-02 17-55-01,423,19.9356,36.1513
2019-06-02 17-55-03,422,19.9356,36.1379
2019-06-02 17-55-05,422,19.9005,36.1513
2019-06-02 17-55-07,422,19.8853,36.1646
2019-06-02 17-55-09,421,19.9905,36.1513
2019-06-02 17-55-11,421,19.9539,36.1646
2019-06-02 17-55-13,421,19.9554,36.178
2019-06-02 17-55-17,421,19.9219,36.2207
2019-06-02 17-55-19,420,19.8898,36.2501
2019-06-02 17-55-21,420,19.873,36.2635
2019-06-02 17-55-23,419,19.8395,36.2635
2019-06-02 17-55-25,419,19.7632,36.2501
2019-06-02 17-55-27,419,19.7815,36.2501
2019-06-02 17-55-29,420,19.8685,36.2074
2019-06-02 17-55-33,419,19.8349,36.2207
2019-06-02 17-55-35,419,19.7998,36.2501
2019-06-02 17-55-37,419,19.8166,36.2367
2019-06-02 17-55-39,419,19.8715,36.2501
2019-06-02 17-55-41,419,19.873,36.2635
2019-06-02 17-55-43,419,19.8395,36.2635
2019-06-02 17-55-45,419,19.8715,36.2501
2019-06-02 17-55-47,419,19.8547,36.2501
2019-06-02 17-55-51,420,19.9036,36.2074
2019-06-02 17-55-53,420,19.9036,36.194
2019-06-02 17-55-55,420,19.9371,36.1646
2019-06-02 17-55-57,421,19.9356,36.1379
2019-06-02 17-55-59,421,19.9493,36.0792
2019-06-02 17-56-01,422,20.0195,36.0498
2019-06-02 17-56-03,422,19.9463,36.0498
2019-06-02 17-56-05,422,20.0363,36.0365
2019-06-02 17-56-09,422,20.0836,35.9804
2019-06-02 17-56-11,422,20.0867,35.9937
2019-06-02 17-56-13,423,20.1202,35.967
2019-06-02 17-56-15,424,20.1553,35.951
2019-06-02 17-56-17,424,20.2606,35.951
2019-06-02 17-56-19,424,20.1706,35.9377
2019-06-02 17-56-21,424,20.224,35.9377
2019-06-02 17-56-25,423,20.1523,35.8949
2019-06-02 17-56-27,423,20.2026,35.8949
2019-06-02 17-56-29,423,20.2209,35.8949
2019-06-02 17-56-31,422,20.1874,35.8949
2019-06-02 17-56-33,422,20.2026,35.8816
2019-06-02 17-56-35,421,20.1889,35.9243
2019-06-02 17-56-37,421,20.224,35.9377
2019-06-02 17-56-39,419,20.2103,35.9937
2019-06-02 17-56-43,418,20.0867,36.0231
2019-06-02 17-56-45,417,20.1279,36.0792
2019-06-02 17-56-47,416,20.0729,36.0792
2019-06-02 17-56-49,416,20.0058,36.1192
2019-06-02 17-56-51,415,19.9921,36.1646
2019-06-02 17-56-53,413,19.9188,36.178
2019-06-02 17-56-55,414,19.8166,36.2501
2019-06-02 17-56-59,416,19.8181,36.2928
2019-06-02 17-57-01,415,19.8227,36.3329
2019-06-02 17-57-03,415,19.7571,36.389
2019-06-02 17-57-05,415,19.6335,36.4317
2019-06-02 17-57-07,415,19.6899,36.445
2019-06-02 17-57-09,416,19.603,36.5011
2019-06-02 17-57-11,418,19.5877,36.5305
2019-06-02 17-57-13,418,19.4824,36.5732
2019-06-02 17-57-17,420,19.519,36.6026
2019-06-02 17-57-19,420,19.4839,36.5866
2019-06-02 17-57-21,421,19.4794,36.5438
2019-06-02 17-57-23,424,19.5328,36.5171
2019-06-02 17-57-25,427,19.5663,36.4611
2019-06-02 17-57-27,429,19.5801,36.4183
2019-06-02 17-57-29,434,19.6655,36.3756
2019-06-02 17-57-31,434,19.7678,36.3195
2019-06-02 17-57-35,434,19.841,36.3062
2019-06-02 17-57-37,433,19.8898,36.2635
2019-06-02 17-57-39,432,19.8898,36.2501
2019-06-02 17-57-41,431,19.9051,36.2367
2019-06-02 17-57-43,431,19.9234,36.2501
2019-06-02 17-57-45,430,19.9554,36.2074
2019-06-02 17-57-47,431,19.9081,36.2501
2019-06-02 17-57-51,429,19.9234,36.2501
2019-06-02 17-57-53,429,19.8898,36.2501
2019-06-02 17-57-55,430,19.9081,36.2635
2019-06-02 17-57-57,428,19.8761,36.2928
2019-06-02 17-57-59,427,19.8578,36.3062
2019-06-02 17-58-01,427,19.7205,36.389
2019-06-02 17-58-03,425,19.7433,36.4611
2019-06-02 17-58-05,425,19.6564,36.5011
2019-06-02 17-58-09,425,19.4977,36.5305
2019-06-02 17-58-11,424,19.5557,36.5732
2019-06-02 17-58-13,423,19.4839,36.6186
2019-06-02 17-58-15,424,19.5053,36.6453
2019-06-02 17-58-17,424,19.487,36.632
2019-06-02 17-58-19,426,19.4519,36.6587
2019-06-02 17-58-21,426,19.5023,36.6186
2019-06-02 17-58-25,427,19.5023,36.6186
2019-06-02 17-58-27,427,19.4839,36.6186
2019-06-02 17-58-29,427,19.5343,36.5732
2019-06-02 17-58-31,429,19.5694,36.5305
2019-06-02 17-58-33,429,19.5663,36.4878
2019-06-02 17-58-35,429,19.6167,36.4317
2019-06-02 17-58-37,430,19.6304,36.405
2019-06-02 17-58-39,431,19.6991,36.3329
2019-06-02 17-58-43,432,19.6808,36.3195
2019-06-02 17-58-45,432,19.7815,36.2635
2019-06-02 17-58-47,433,19.8166,36.2501
2019-06-02 17-58-49,433,19.78,36.194
2019-06-02 17-58-51,433,19.812,36.1646
2019-06-02 17-58-53,432,19.8486,36.1646
2019-06-02 17-58-55,430,19.8868,36.194
2019-06-02 17-58-57,429,19.8135,36.2074
2019-06-02 17-59-01,427,19.8532,36.2367
2019-06-02 17-59-03,424,19.7845,36.2928
2019-06-02 17-59-05,420,19.7525,36.3329
2019-06-02 17-59-07,420,19.722,36.4183
2019-06-02 17-59-09,422,19.6533,36.4611
2019-06-02 17-59-11,422,19.6198,36.4744
2019-06-02 17-59-13,423,19.5694,36.5011
2019-06-02 17-59-17,422,19.5694,36.5171
2019-06-02 17-59-19,424,19.5526,36.5305
2019-06-02 17-59-21,426,19.5145,36.5011
2019-06-02 17-59-23,426,19.5511,36.5011
2019-06-02 17-59-25,425,19.5694,36.5011
2019-06-02 17-59-27,427,19.5847,36.4744
2019-06-02 17-59-29,428,19.5511,36.4878
2019-06-02 17-59-31,428,19.5511,36.5011
2019-06-02 17-59-35,427,19.5282,36.4611
2019-06-02 17-59-37,428,19.5847,36.4744
2019-06-02 17-59-40,427,19.5984,36.445
2019-06-02 17-59-42,427,19.6533,36.4611
2019-06-02 17-59-44,428,19.5984,36.4183
2019-06-02 17-59-46,427,19.6487,36.4183
2019-06-02 17-59-48,427,19.6671,36.4317
2019-06-02 17-59-52,427,19.6899,36.445
2019-06-02 17-59-54,427,19.6884,36.4317
2019-06-02 17-59-56,426,19.6518,36.445
2019-06-02 17-59-58,426,19.6167,36.445
2019-06-02 18-00-00,427,19.6701,36.4611
2019-06-02 18-00-02,427,19.7403,36.445
2019-06-02 18-00-04,427,19.7067,36.445
2019-06-02 18-00-06,428,19.725,36.445
2019-06-02 18-00-10,429,19.6671,36.4317
2019-06-02 18-00-12,429,19.725,36.4317
2019-06-02 18-00-14,429,19.6884,36.4183
2019-06-02 18-00-16,427,19.725,36.445
2019-06-02 18-00-18,427,19.6884,36.4317
2019-06-02 18-00-20,426,19.7403,36.445
2019-06-02 18-00-22,425,19.6899,36.445
2019-06-02 18-00-24,426,19.6884,36.4317
2019-06-02 18-00-28,426,19.6518,36.445
2019-06-02 18-00-30,426,19.6701,36.445
2019-06-02 18-00-32,426,19.6701,36.445
2019-06-02 18-00-34,426,19.6304,36.405
2019-06-02 18-00-36,425,19.6487,36.389
2019-06-02 18-00-38,425,19.7021,36.3623
2019-06-02 18-00-40,425,19.7205,36.3623
2019-06-02 18-00-44,425,19.7174,36.3489
2019-06-02 18-00-46,425,19.7311,36.2928
2019-06-02 18-00-48,424,19.6838,36.3329
2019-06-02 18-00-50,425,19.7159,36.2928
2019-06-02 18-00-52,424,19.7311,36.2635
2019-06-02 18-00-54,423,19.7128,36.2635
2019-06-02 18-00-56,423,19.7342,36.3195
2019-06-02 18-00-58,423,19.7678,36.2928
2019-06-02 18-01-02,422,19.7495,36.3062
2019-06-02 18-01-04,422,19.7342,36.3329
2019-06-02 18-01-06,422,19.754,36.3489
2019-06-02 18-01-08,422,19.6838,36.3623
2019-06-02 18-01-10,422,19.6335,36.4317
2019-06-02 18-01-12,422,19.6487,36.4183
2019-06-02 18-01-14,423,19.5831,36.4611
2019-06-02 18-01-18,423,19.5511,36.4878
2019-06-02 18-01-20,424,19.4962,36.5171
2019-06-02 18-01-22,424,19.516,36.5599
2019-06-02 18-01-24,424,19.4824,36.5732
2019-06-02 18-01-26,425,19.4153,36.6186
2019-06-02 18-01-28,425,19.4,36.6587
2019-06-02 18-01-30,425,19.3634,36.6747
2019-06-02 18-01-32,425,19.3451,36.6453
2019-06-02 18-01-36,425,19.3451,36.6587
2019-06-02 18-01-38,425,19.4,36.6587
2019-06-02 18-01-40,425,19.3634,36.6587
2019-06-02 18-01-42,427,19.3787,36.6453
2019-06-02 18-01-44,428,19.3588,36.6026
2019-06-02 18-01-46,430,19.4656,36.5732
2019-06-02 18-01-48,436,19.4611,36.5011
2019-06-02 18-01-50,438,19.4733,36.4317
2019-06-02 18-01-54,441,19.5618,36.4183
2019-06-02 18-01-56,437,19.5969,36.405
2019-06-02 18-01-58,435,19.6625,36.3489
2019-06-02 18-02-00,434,19.7174,36.3489
2019-06-02 18-02-02,430,19.7342,36.3329
2019-06-02 18-02-04,427,19.7525,36.3329
2019-06-02 18-02-06,424,19.754,36.3756
2019-06-02 18-02-10,423,19.7205,36.3756
2019-06-02 18-02-12,422,19.722,36.4183
2019-06-02 18-02-14,422,19.7906,36.389
2019-06-02 18-02-16,422,19.7037,36.405
2019-06-02 18-02-18,423,19.7037,36.405
2019-06-02 18-02-20,424,19.6884,36.405
2019-06-02 18-02-22,423,19.6487,36.4183
2019-06-02 18-02-24,425,19.6671,36.4317
2019-06-02 18-02-28,424,19.6487,36.4183
2019-06-02 18-02-30,423,19.6335,36.4183
2019-06-02 18-02-32,423,19.6152,36.4183
2019-06-02 18-02-34,422,19.5618,36.4183
2019-06-02 18-02-36,422,19.6518,36.445
2019-06-02 18-02-38,423,19.635,36.4611
2019-06-02 18-02-40,423,19.5984,36.4317
2019-06-02 18-02-42,423,19.5648,36.445
2019-06-02 18-02-46,423,19.5984,36.4317
2019-06-02 18-02-48,423,19.5831,36.445
2019-06-02 18-02-50,423,19.6671,36.4183
2019-06-02 18-02-52,423,19.6335,36.4317
2019-06-02 18-02-54,423,19.6854,36.3756
2019-06-02 18-02-56,423,19.6625,36.3489
2019-06-02 18-02-58,424,19.6976,36.2928
2019-06-02 18-03-02,425,19.7495,36.3062
2019-06-02 18-03-04,425,19.7815,36.2501
2019-06-02 18-03-06,425,19.7983,36.2207
2019-06-02 18-03-08,425,19.8868,36.2207
2019-06-02 18-03-10,425,19.9371,36.194
2019-06-02 18-03-12,424,19.9738,36.194
2019-06-02 18-03-14,423,19.9188,36.1646
2019-06-02 18-03-16,423,19.9188,36.1513
2019-06-02 18-03-20,422,19.9539,36.1513
2019-06-02 18-03-22,421,19.9539,36.1646
2019-06-02 18-03-24,421,19.9921,36.178
2019-06-02 18-03-26,420,19.9371,36.178
2019-06-02 18-03-28,420,19.9219,36.2207
2019-06-02 18-03-30,420,19.9051,36.2367
2019-06-02 18-03-32,420,19.8715,36.2501
2019-06-02 18-03-36,421,19.8395,36.2768
2019-06-02 18-03-38,421,19.8212,36.3062
2019-06-02 18-03-40,421,19.7708,36.3329
2019-06-02 18-03-42,421,19.7388,36.3756
2019-06-02 18-03-44,421,19.7021,36.3756
2019-06-02 18-03-46,422,19.7037,36.405
2019-06-02 18-03-48,421,19.6884,36.405
2019-06-02 18-03-50,421,19.6884,36.405
2019-06-02 18-03-54,422,19.6335,36.4183
2019-06-02 18-03-56,422,19.6335,36.4183
2019-06-02 18-03-58,422,19.6518,36.445
2019-06-02 18-04-00,422,19.6533,36.4744
2019-06-02 18-04-02,423,19.6899,36.445
2019-06-02 18-04-04,423,19.6701,36.4611
2019-06-02 18-04-06,423,19.725,36.4317
2019-06-02 18-04-08,423,19.7571,36.4183
2019-06-02 18-04-12,423,19.6884,36.4317
2019-06-02 18-04-14,423,19.6899,36.4744
2019-06-02 18-04-16,423,19.6564,36.5171
2019-06-02 18-04-18,423,19.603,36.5171
2019-06-02 18-04-20,423,19.5877,36.5305
2019-06-02 18-04-22,423,19.5526,36.5305
2019-06-02 18-04-24,424,19.5847,36.5011
2019-06-02 18-04-28,424,19.6213,36.5171
2019-06-02 18-04-30,423,19.5511,36.5011
2019-06-02 18-04-32,424,19.6381,36.4878
2019-06-02 18-04-34,424,19.6014,36.4878
2019-06-02 18-04-36,424,19.6518,36.445
2019-06-02 18-04-38,424,19.6152,36.4183
2019-06-02 18-04-40,424,19.6671,36.4183
2019-06-02 18-04-42,424,19.722,36.405
2019-06-02 18-04-46,424,19.7906,36.389
2019-06-02 18-04-48,424,19.7571,36.405
2019-06-02 18-04-50,423,19.6854,36.3756
2019-06-02 18-04-52,423,19.7891,36.3489
2019-06-02 18-04-54,423,19.6838,36.3329
2019-06-02 18-04-56,424,19.7495,36.3062
2019-06-02 18-04-58,424,19.7708,36.3329
2019-06-02 18-05-02,424,19.7845,36.2768
2019-06-02 18-05-04,424,19.7998,36.2768
2019-06-02 18-05-06,424,19.7998,36.2635
2019-06-02 18-05-08,424,19.8547,36.2501
2019-06-02 18-05-10,423,19.7998,36.2768
2019-06-02 18-05-12,423,19.8181,36.2635
2019-06-02 18-05-14,423,19.7342,36.3062
2019-06-02 18-05-16,423,19.754,36.3623
2019-06-02 18-05-20,423,19.6884,36.4183
2019-06-02 18-05-23,422,19.635,36.4744
2019-06-02 18-05-25,422,19.6243,36.5438
2019-06-02 18-05-27,422,19.5343,36.5732
2019-06-02 18-05-29,423,19.4839,36.5866
2019-06-02 18-05-31,423,19.5557,36.5866
2019-06-02 18-05-33,423,19.487,36.632
2019-06-02 18-05-35,424,19.4519,36.6587
2019-06-02 18-05-39,424,19.4366,36.6747
2019-06-02 18-05-41,424,19.4565,36.7147
2019-06-02 18-05-43,424,19.3649,36.7147
2019-06-02 18-05-45,425,19.3649,36.7147
2019-06-02 18-05-47,425,19.3512,36.7575
2019-06-02 18-05-49,425,19.3329,36.7441
2019-06-02 18-05-51,426,19.4046,36.7308
2019-06-02 18-05-55,426,19.3314,36.7147
2019-06-02 18-05-57,427,19.3832,36.7147
2019-06-02 18-05-59,428,19.4199,36.7014
2019-06-02 18-06-01,428,19.4016,36.688
2019-06-02 18-06-03,427,19.4687,36.632
2019-06-02 18-06-05,427,19.5206,36.6186
2019-06-02 18-06-07,427,19.574,36.6026
2019-06-02 18-06-09,426,19.5343,36.5732
2019-06-02 18-06-13,427,19.5709,36.5438
2019-06-02 18-06-15,427,19.603,36.5011
2019-06-02 18-06-17,427,19.5847,36.4878
2019-06-02 18-06-19,427,19.635,36.4611
2019-06-02 18-06-21,428,19.6167,36.445
2019-06-02 18-06-23,428,19.6671,36.4183
2019-06-02 18-06-25,429,19.7388,36.389
2019-06-02 18-06-27,429,19.7205,36.3756
2019-06-02 18-06-31,429,19.7021,36.3756
2019-06-02 18-06-33,428,19.754,36.3489
2019-06-02 18-06-35,429,19.7891,36.3623
2019-06-02 18-06-37,428,19.7205,36.3623
2019-06-02 18-06-39,429,19.8441,36.3489
2019-06-02 18-06-41,430,19.7525,36.3195
2019-06-02 18-06-43,430,19.7708,36.3489
2019-06-02 18-06-47,428,19.7159,36.3062
2019-06-02 18-06-49,428,19.7708,36.3489
2019-06-02 18-06-51,427,19.7678,36.3062
2019-06-02 18-06-53,426,19.8044,36.3195
2019-06-02 18-06-55,426,19.7174,36.3329
2019-06-02 18-06-57,426,19.7342,36.3062
2019-06-02 18-06-59,426,19.7861,36.3062
2019-06-02 18-07-01,426,19.7708,36.3329
2019-06-02 18-07-05,426,19.7525,36.3195
2019-06-02 18-07-07,425,19.7174,36.3195
2019-06-02 18-07-09,425,19.7861,36.3062
2019-06-02 18-07-11,425,19.8029,36.2928
2019-06-02 18-07-13,425,19.8181,36.2928
2019-06-02 18-07-15,424,19.8029,36.2928
2019-06-02 18-07-17,425,19.7845,36.2768
2019-06-02 18-07-19,424,19.7861,36.3062
2019-06-02 18-07-23,425,19.7845,36.2768
2019-06-02 18-07-25,425,19.7495,36.2768
2019-06-02 18-07-27,425,19.8166,36.2501
2019-06-02 18-07-29,426,19.7998,36.2635
2019-06-02 18-07-31,426,19.7998,36.2635
2019-06-02 18-07-33,425,19.7815,36.2367
2019-06-02 18-07-35,425,19.8547,36.2635
2019-06-02 18-07-39,425,19.8364,36.2367
2019-06-02 18-07-41,425,19.8898,36.2367
2019-06-02 18-07-43,425,19.8166,36.2367
2019-06-02 18-07-45,426,19.8868,36.2207
2019-06-02 18-07-47,426,19.8868,36.2207
2019-06-02 18-07-49,426,19.9036,36.194
2019-06-02 18-07-51,427,19.8685,36.194
2019-06-02 18-07-53,426,19.8868,36.2207
2019-06-02 18-07-57,426,19.8532,36.2074
2019-06-02 18-07-59,426,19.8715,36.2207
2019-06-02 18-08-01,426,19.8715,36.2207
2019-06-02 18-08-03,426,19.9219,36.2207
2019-06-02 18-08-05,426,19.9402,36.2207
2019-06-02 18-08-07,425,19.9234,36.2367
2019-06-02 18-08-09,425,19.9234,36.2501
2019-06-02 18-08-13,425,19.9051,36.2207
2019-06-02 18-08-15,425,19.9051,36.2207
2019-06-02 18-08-17,425,19.8715,36.2501
2019-06-02 18-08-19,425,19.8685,36.194
2019-06-02 18-08-21,424,19.8715,36.2207
2019-06-02 18-08-23,425,19.9219,36.2074
2019-06-02 18-08-25,425,19.8685,36.2074
2019-06-02 18-08-27,425,19.9585,36.2207
2019-06-02 18-08-31,425,19.9051,36.2207
2019-06-02 18-08-33,425,19.9051,36.2207
2019-06-02 18-08-35,425,19.9036,36.194
2019-06-02 18-08-37,425,19.9738,36.2074
2019-06-02 18-08-39,425,19.8898,36.2367
2019-06-02 18-08-41,425,19.8547,36.2501
2019-06-02 18-08-43,426,19.873,36.2635
2019-06-02 18-08-45,425,19.8364,36.2501
2019-06-02 18-08-49,426,19.8135,36.2074
2019-06-02 18-08-51,426,19.8364,36.2501
2019-06-02 18-08-53,426,19.7998,36.2501
2019-06-02 18-08-55,426,19.7998,36.2635
2019-06-02 18-08-57,425,19.873,36.2768
2019-06-02 18-08-59,426,19.8029,36.2928
2019-06-02 18-09-01,426,19.7678,36.2928
2019-06-02 18-09-05,426,19.8364,36.2501
2019-06-02 18-09-07,427,19.7998,36.2635
2019-06-02 18-09-09,427,19.8181,36.2635
2019-06-02 18-09-11,427,19.841,36.3062
2019-06-02 18-09-13,427,19.8227,36.3329
2019-06-02 18-09-15,427,19.754,36.3623
2019-06-02 18-09-17,426,19.7754,36.405
2019-06-02 18-09-19,426,19.6884,36.405
2019-06-02 18-09-23,426,19.6518,36.445
2019-06-02 18-09-25,426,19.6899,36.445
2019-06-02 18-09-27,426,19.6198,36.4744
2019-06-02 18-09-29,425,19.6564,36.5011
2019-06-02 18-09-31,425,19.5694,36.5171
2019-06-02 18-09-33,425,19.606,36.5305
2019-06-02 18-09-35,425,19.5526,36.5438
2019-06-02 18-09-37,425,19.5877,36.5171
2019-06-02 18-09-41,425,19.6198,36.5011
2019-06-02 18-09-43,426,19.6899,36.4744
2019-06-02 18-09-45,426,19.6899,36.4744
2019-06-02 18-09-47,425,19.7403,36.4183
2019-06-02 18-09-49,425,19.6884,36.405
2019-06-02 18-09-51,425,19.7754,36.405
2019-06-02 18-09-53,425,19.7723,36.3756
2019-06-02 18-09-57,425,19.754,36.3623
2019-06-02 18-09-59,424,19.8257,36.3756
2019-06-02 18-10-01,425,19.8044,36.3329
2019-06-02 18-10-03,424,19.8181,36.2928
2019-06-02 18-10-05,424,19.8578,36.2928
2019-06-02 18-10-07,424,19.8898,36.2367
2019-06-02 18-10-09,425,19.9219,36.2207
2019-06-02 18-10-11,425,19.9539,36.1646
2019-06-02 18-10-15,425,19.9539,36.1646
2019-06-02 18-10-17,425,19.9326,36.1192
2019-06-02 18-10-19,425,19.9905,36.1379
2019-06-02 18-10-21,425,19.9875,36.1192
2019-06-02 18-10-23,424,20.1096,36.1059
2019-06-02 18-10-25,424,20.0378,36.0792
2019-06-02 18-10-27,423,20.0043,36.0632
2019-06-02 18-10-31,423,20.0745,36.0925
2019-06-02 18-10-33,422,20.0409,36.1059
2019-06-02 18-10-35,422,20.0089,36.1379
2019-06-02 18-10-37,421,19.9921,36.1646
2019-06-02 18-10-39,421,19.9692,36.1192
2019-06-02 18-10-41,421,20.0272,36.1646
2019-06-02 18-10-43,422,19.9554,36.178
2019-06-02 18-10-45,421,19.9402,36.2207
2019-06-02 18-10-49,421,19.9738,36.2074
2019-06-02 18-10-51,421,19.9585,36.2501
2019-06-02 18-10-53,421,19.873,36.2635
2019-06-02 18-10-55,421,19.8395,36.2928
2019-06-02 18-10-57,422,19.7861,36.3195
2019-06-02 18-10-59,422,19.8044,36.3195
2019-06-02 18-11-01,423,19.7891,36.3489
2019-06-02 18-11-05,423,19.7357,36.3489
2019-06-02 18-11-08,423,19.8227,36.3623
2019-06-02 18-11-10,424,19.7357,36.3489
2019-06-02 18-11-12,424,19.6991,36.3329
2019-06-02 18-11-14,424,19.7342,36.3062
2019-06-02 18-11-16,424,19.8181,36.2768
2019-06-02 18-11-18,425,19.7998,36.2635
2019-06-02 18-11-20,425,19.8166,36.2501
2019-06-02 18-11-24,425,19.8502,36.178
2019-06-02 18-11-26,425,19.8853,36.178
2019-06-02 18-11-28,425,19.9188,36.1646
2019-06-02 18-11-30,425,19.9677,36.1059
2019-06-02 18-11-32,426,20.0729,36.0792
2019-06-02 18-11-34,426,20.0378,36.0792
2019-06-02 18-11-36,426,20.0378,36.0792
2019-06-02 18-11-38,425,20.105,36.0365
2019-06-02 18-11-42,425,20.1065,36.0498
2019-06-02 18-11-44,424,20.1065,36.0632
2019-06-02 18-11-46,424,20.1096,36.1059
2019-06-02 18-11-48,423,20.0775,36.1192
2019-06-02 18-11-50,423,20.0607,36.1646
2019-06-02 18-11-52,423,19.9905,36.1513
2019-06-02 18-11-54,423,19.9738,36.194
2019-06-02 18-11-58,423,19.9921,36.194
2019-06-02 18-12-00,423,19.9738,36.2207
2019-06-02 18-12-02,424,19.9738,36.2074
2019-06-02 18-12-04,424,19.9554,36.2074
2019-06-02 18-12-06,424,19.9921,36.194
2019-06-02 18-12-08,424,19.9402,36.2074
2019-06-02 18-12-10,424,19.9722,36.178
2019-06-02 18-12-12,424,19.9905,36.1513
2019-06-02 18-12-16,424,20.0424,36.1513
2019-06-02 18-12-18,424,20.0241,36.1379
2019-06-02 18-12-20,424,20.0592,36.1192
2019-06-02 18-12-22,424,20.0745,36.0925
2019-06-02 18-12-24,425,20.0928,36.1059
2019-06-02 18-12-26,425,20.0729,36.0792
2019-06-02 18-12-28,425,20.0912,36.0632
2019-06-02 18-12-30,425,20.1248,36.0365
2019-06-02 18-12-34,425,20.105,36.0231
2019-06-02 18-12-36,426,20.105,36.0071
2019-06-02 18-12-38,426,20.2103,35.9937
2019-06-02 18-12-40,426,20.192,35.9804
2019-06-02 18-12-42,426,20.2423,35.951
2019-06-02 18-12-44,426,20.1889,35.9243
2019-06-02 18-12-46,426,20.2393,35.911
2019-06-02 18-12-50,426,20.256,35.8949
2019-06-02 18-12-52,426,20.2942,35.911
2019-06-02 18-12-54,426,20.311,35.8682
2019-06-02 18-12-56,426,20.3262,35.8682
2019-06-02 18-12-58,425,20.2377,35.8816
2019-06-02 18-13-00,425,20.2209,35.8816
2019-06-02 18-13-02,425,20.2759,35.8949
2019-06-02 18-13-04,425,20.2377,35.8816
2019-06-02 18-13-08,424,20.2423,35.9243
2019-06-02 18-13-10,424,20.2576,35.911
2019-06-02 18-13-12,424,20.2072,35.9377
2019-06-02 18-13-14,423,20.1523,35.911
2019-06-02 18-13-16,422,20.1874,35.911
2019-06-02 18-13-18,422,20.1508,35.8816
2019-06-02 18-13-20,422,20.2026,35.8949
2019-06-02 18-13-24,422,20.1324,35.8682
2019-06-02 18-13-26,422,20.2377,35.8816
2019-06-02 18-13-28,422,20.3293,35.8816
2019-06-02 18-13-30,422,20.2744,35.8682
2019-06-02 18-13-32,421,20.2759,35.8816
2019-06-02 18-13-34,421,20.2393,35.8949
2019-06-02 18-13-36,420,20.2759,35.8816
2019-06-02 18-13-38,421,20.1874,35.8816
2019-06-02 18-13-42,421,20.2377,35.8816
2019-06-02 18-13-44,421,20.2026,35.8682
2019-06-02 18-13-46,421,20.2194,35.8682
2019-06-02 18-13-48,421,20.2026,35.8682
2019-06-02 18-13-50,420,20.166,35.8549
2019-06-02 18-13-52,420,20.1324,35.8682
2019-06-02 18-13-54,420,20.2011,35.8549
2019-06-02 18-13-56,421,20.1645,35.8255
2019-06-02 18-14-00,422,20.2164,35.8255
2019-06-02 18-14-02,422,20.2332,35.7961
2019-06-02 18-14-04,422,20.2301,35.7694
2019-06-02 18-14-06,423,20.2698,35.7694
2019-06-02 18-14-08,422,20.285,35.7561
2019-06-02 18-14-10,422,20.3354,35.7267
2019-06-02 18-14-12,423,20.285,35.7401
2019-06-02 18-14-16,423,20.3354,35.7134
2019-06-02 18-14-18,423,20.3354,35.7134
2019-06-02 18-14-20,423,20.4254,35.7134
2019-06-02 18-14-22,423,20.462,35.7267
2019-06-02 18-14-24,422,20.4041,35.7267
2019-06-02 18-14-26,421,20.4453,35.7561
2019-06-02 18-14-28,421,20.3903,35.7828
2019-06-02 18-14-30,420,20.253,35.8549
2019-06-02 18-14-34,420,20.1874,35.8949
2019-06-02 18-14-36,420,20.1523,35.911
2019-06-02 18-14-38,420,20.137,35.911
2019-06-02 18-14-40,421,20.2057,35.9243
2019-06-02 18-14-42,421,20.1736,35.951
2019-06-02 18-14-44,422,20.1233,35.9937
2019-06-02 18-14-46,422,20.0882,36.0498
2019-06-02 18-14-50,422,20.0043,36.0925
2019-06-02 18-14-52,422,19.9921,36.1646
2019-06-02 18-14-54,423,19.8532,36.2367
2019-06-02 18-14-56,422,19.8715,36.2501
2019-06-02 18-14-58,422,19.7861,36.3062
2019-06-02 18-15-00,423,19.7525,36.3329
2019-06-02 18-15-02,423,19.6838,36.3623
2019-06-02 18-15-04,423,19.6671,36.4317
2019-06-02 18-15-08,424,19.6701,36.4611
2019-06-02 18-15-10,425,19.5801,36.4183
2019-06-02 18-15-12,425,19.5435,36.3756
2019-06-02 18-15-14,426,19.5206,36.3489
2019-06-02 18-15-16,427,19.6426,36.2768
2019-06-02 18-15-18,430,19.7113,36.2207
2019-06-02 18-15-20,434,19.8135,36.2074
2019-06-02 18-15-24,435,19.7952,36.178
2019-06-02 18-15-26,433,19.899,36.1059
2019-06-02 18-15-28,430,19.8807,36.0925
2019-06-02 18-15-30,430,19.9127,36.0632
2019-06-02 18-15-32,429,20.0012,36.0498
2019-06-02 18-15-34,429,20.0516,36.0071
2019-06-02 18-15-36,425,20.0333,35.9804
2019-06-02 18-15-38,424,20.05,35.9937
2019-06-02 18-15-42,424,20.1019,35.9937
2019-06-02 18-15-44,420,20.1202,35.9377
2019-06-02 18-15-46,420,20.1736,35.967
2019-06-02 18-15-48,419,20.1736,35.951
2019-06-02 18-15-50,420,20.1385,35.967
2019-06-02 18-15-52,419,20.2072,35.951
2019-06-02 18-15-54,419,20.1202,35.951
2019-06-02 18-15-56,418,20.1889,35.951
2019-06-02 18-16-00,418,20.137,35.9377
2019-06-02 18-16-02,418,20.1889,35.951
2019-06-02 18-16-04,419,20.1202,35.967
2019-06-02 18-16-06,420,20.1233,35.9804
2019-06-02 18-16-08,419,20.05,35.9804
2019-06-02 18-16-10,418,19.9951,35.951
2019-06-02 18-16-12,419,20.0653,35.951
2019-06-02 18-16-16,418,20.0653,35.951
2019-06-02 18-16-18,420,20.0821,35.9377
2019-06-02 18-16-20,420,19.9951,35.9243
2019-06-02 18-16-22,419,20.0455,35.8949
2019-06-02 18-16-24,418,20.015,35.967
2019-06-02 18-16-26,418,20.0638,35.9243
2019-06-02 18-16-28,417,20.0287,35.9243
2019-06-02 18-16-30,418,20.0653,35.9377
2019-06-02 18-16-34,418,20.0638,35.9243
2019-06-02 18-16-36,418,19.9768,35.911
2019-06-02 18-16-38,419,20.0974,35.8949
2019-06-02 18-16-40,419,20.0089,35.8816
2019-06-02 18-16-42,419,19.9722,35.8549
2019-06-02 18-16-44,420,19.9356,35.8549
2019-06-02 18-16-46,420,20.0409,35.8389
2019-06-02 18-16-50,420,19.986,35.7961
2019-06-02 18-16-53,420,20.0546,35.7828
2019-06-02 18-16-55,420,20.0882,35.7694
2019-06-02 18-16-57,421,20.0729,35.7694
2019-06-02 18-16-59,420,20.1096,35.7694
2019-06-02 18-17-01,420,20.1965,35.7828
2019-06-02 18-17-03,419,20.1096,35.7694
2019-06-02 18-17-05,419,20.1294,35.8122
2019-06-02 18-17-09,419,20.1614,35.7828
2019-06-02 18-17-11,419,20.1141,35.8255
2019-06-02 18-17-13,419,20.0226,35.8122
2019-06-02 18-17-15,418,20.0912,35.7961
2019-06-02 18-17-17,419,20.0378,35.7961
2019-06-02 18-17-19,419,20.0546,35.7828
2019-06-02 18-17-21,420,20.0882,35.7561
2019-06-02 18-17-25,420,20.1096,35.7828
2019-06-02 18-17-27,420,20.1248,35.7561
2019-06-02 18-17-29,421,20.1248,35.7561
2019-06-02 18-17-31,422,20.1248,35.7401
2019-06-02 18-17-33,422,20.1752,35.7267
2019-06-02 18-17-35,422,20.1233,35.7134
2019-06-02 18-17-37,423,20.2286,35.7134
2019-06-02 18-17-39,423,20.1935,35.7401
2019-06-02 18-17-43,423,20.2469,35.7401
2019-06-02 18-17-45,424,20.2652,35.7134
2019-06-02 18-17-47,424,20.2469,35.7267
2019-06-02 18-17-49,424,20.3018,35.7267
2019-06-02 18-17-51,424,20.3171,35.7134
2019-06-02 18-17-53,425,20.2667,35.7267
2019-06-02 18-17-55,426,20.3857,35.7
2019-06-02 18-17-57,426,20.3339,35.7
2019-06-02 18-18-01,426,20.2988,35.7
2019-06-02 18-18-03,426,20.1752,35.7134
2019-06-02 18-18-05,426,20.192,35.6813
2019-06-02 18-18-07,426,20.2621,35.6813
2019-06-02 18-18-09,427,20.3308,35.668
2019-06-02 18-18-11,427,20.2972,35.6546
2019-06-02 18-18-13,428,20.3156,35.6546
2019-06-02 18-18-17,428,20.3491,35.6546
2019-06-02 18-18-19,428,20.3491,35.6546
2019-06-02 18-18-21,428,20.3659,35.6252
2019-06-02 18-18-23,428,20.2972,35.6413
2019-06-02 18-18-25,427,20.2942,35.6252
2019-06-02 18-18-27,427,20.2621,35.6813
2019-06-02 18-18-29,426,20.2789,35.6546
2019-06-02 18-18-31,426,20.2393,35.6252
2019-06-02 18-18-35,425,20.2972,35.668
2019-06-02 18-18-37,423,20.2148,35.7694
2019-06-02 18-18-39,423,20.1324,35.8549
2019-06-02 18-18-41,423,20.0638,35.9243
2019-06-02 18-18-43,423,19.9127,36.0365
2019-06-02 18-18-45,423,19.8959,36.0792
2019-06-02 18-18-47,424,19.8639,36.1379
2019-06-02 18-18-51,424,19.7586,36.1513
2019-06-02 18-18-53,424,19.7266,36.194
2019-06-02 18-18-55,425,19.7433,36.194
2019-06-02 18-18-57,425,19.6716,36.178
2019-06-02 18-18-59,426,19.635,36.1646
2019-06-02 18-19-01,427,19.722,36.1379
2019-06-02 18-19-03,428,19.6701,36.1059
2019-06-02 18-19-05,428,19.7388,36.1059
2019-06-02 18-19-09,429,19.6854,36.1059
2019-06-02 18-19-11,430,19.7708,36.0498
2019-06-02 18-19-13,430,19.6838,36.0498
2019-06-02 18-19-15,430,19.7708,36.0498
2019-06-02 18-19-17,431,19.8044,36.0498
2019-06-02 18-19-19,431,19.7678,36.0231
2019-06-02 18-19-21,431,19.7708,36.0632
2019-06-02 18-19-23,431,19.7357,36.0792
2019-06-02 18-19-27,430,19.6701,36.1192
2019-06-02 18-19-29,430,19.693,36.194
2019-06-02 18-19-31,429,19.6762,36.2207
2019-06-02 18-19-33,428,19.6075,36.2928
2019-06-02 18-19-35,429,19.6106,36.3329
2019-06-02 18-19-37,429,19.5786,36.3756
2019-06-02 18-19-39,429,19.5801,36.4317
2019-06-02 18-19-43,429,19.4916,36.445
2019-06-02 18-19-45,429,19.4595,36.4744
2019-06-02 18-19-47,430,19.4275,36.5171
2019-06-02 18-19-49,431,19.4458,36.5305
2019-06-02 18-19-51,431,19.3542,36.5171
2019-06-02 18-19-53,432,19.3924,36.5305
2019-06-02 18-19-55,432,19.3542,36.5171
2019-06-02 18-19-57,433,19.4061,36.4878
2019-06-02 18-20-01,433,19.4199,36.4183
2019-06-02 18-20-03,433,19.4382,36.405
2019-06-02 18-20-05,433,19.4885,36.389
2019-06-02 18-20-07,433,19.5236,36.3756
2019-06-02 18-20-09,433,19.5236,36.3756
2019-06-02 18-20-11,433,19.5023,36.3195
2019-06-02 18-20-13,433,19.574,36.3062
2019-06-02 18-20-17,432,19.606,36.2635
2019-06-02 18-20-19,432,19.5892,36.2928
2019-06-02 18-20-21,431,19.6793,36.2635
2019-06-02 18-20-23,432,19.7479,36.2501
2019-06-02 18-20-25,432,19.7296,36.2501
2019-06-02 18-20-27,432,19.7998,36.2501
2019-06-02 18-20-29,431,19.7113,36.2207
2019-06-02 18-20-31,432,19.7113,36.2074
2019-06-02 18-20-35,432,19.7433,36.178
2019-06-02 18-20-37,431,19.7433,36.178
2019-06-02 18-20-39,432,19.7403,36.1513
2019-06-02 18-20-41,431,19.7067,36.1379
2019-06-02 18-20-43,431,19.7754,36.1192
2019-06-02 18-20-45,431,19.754,36.0925
2019-06-02 18-20-47,431,19.754,36.0632
2019-06-02 18-20-51,431,19.7357,36.0792
2019-06-02 18-20-53,431,19.754,36.0632
2019-06-02 18-20-55,431,19.841,36.0365
2019-06-02 18-20-57,431,19.8029,36.0071
2019-06-02 18-20-59,431,19.8212,35.9937
2019-06-02 18-21-01,431,19.7998,35.9937
2019-06-02 18-21-03,431,19.8364,35.951
2019-06-02 18-21-05,431,19.78,35.9377
2019-06-02 18-21-09,430,19.7983,35.9243
2019-06-02 18-21-11,430,19.8502,35.911
2019-06-02 18-21-13,430,19.9371,35.911
2019-06-02 18-21-15,430,19.9371,35.8949
2019-06-02 18-21-17,430,19.9539,35.8682
2019-06-02 18-21-19,430,19.9539,35.8682
2019-06-02 18-21-21,430,20.0424,35.8549
2019-06-02 18-21-25,429,20.0775,35.8682
2019-06-02 18-21-27,429,20.0241,35.8389
2019-06-02 18-21-29,428,20.0775,35.8549
2019-06-02 18-21-31,428,19.9509,35.8389
2019-06-02 18-21-33,428,20.0424,35.8549
2019-06-02 18-21-35,427,20.079,35.8816
2019-06-02 18-21-37,427,20.0104,35.8949
2019-06-02 18-21-39,427,20.0821,35.9377
2019-06-02 18-21-43,427,19.9265,35.9937
2019-06-02 18-21-45,427,19.8944,36.0231
2019-06-02 18-21-47,427,19.841,36.0231
2019-06-02 18-21-49,427,19.8593,36.0365
2019-06-02 18-21-51,427,19.841,36.0231
2019-06-02 18-21-53,427,19.8593,36.0365
2019-06-02 18-21-55,428,19.8395,35.9937
2019-06-02 18-21-59,429,19.8212,35.967
2019-06-02 18-22-01,429,19.9417,35.9804
2019-06-02 18-22-03,429,20.047,35.9377
2019-06-02 18-22-05,429,20.0653,35.9377
2019-06-02 18-22-07,430,20.047,35.9243
2019-06-02 18-22-09,430,20.1187,35.911
2019-06-02 18-22-11,430,20.079,35.8949
2019-06-02 18-22-13,430,20.1187,35.9243
2019-06-02 18-22-17,430,20.047,35.9243
2019-06-02 18-22-19,430,20.047,35.951
2019-06-02 18-22-21,430,19.9585,35.951
2019-06-02 18-22-23,430,20.0317,35.951
2019-06-02 18-22-25,430,19.9417,35.9804
2019-06-02 18-22-27,430,19.9417,35.9804
2019-06-02 18-22-30,430,19.8898,35.9804
2019-06-02 18-22-32,431,19.9951,35.9243
2019-06-02 18-22-36,431,19.9402,35.9377
2019-06-02 18-22-38,431,20.0104,35.9243
2019-06-02 18-22-40,431,19.9554,35.911
2019-06-02 18-22-42,431,20.0607,35.8816
2019-06-02 18-22-44,431,19.9921,35.8816
2019-06-02 18-22-46,431,20.0592,35.8549
2019-06-02 18-22-48,431,20.0058,35.8389
2019-06-02 18-22-52,431,20.0409,35.8389
2019-06-02 18-22-54,431,19.9875,35.8255
2019-06-02 18-22-56,431,19.9127,35.7694
2019-06-02 18-22-58,431,19.9677,35.7561
2019-06-02 18-23-00,431,20.018,35.7401
2019-06-02 18-23-02,431,19.9814,35.7267
2019-06-02 18-23-04,431,19.9814,35.7134
2019-06-02 18-23-06,431,20.05,35.7134
2019-06-02 18-23-10,432,20.0317,35.7
2019-06-02 18-23-12,431,20.0653,35.6813
2019-06-02 18-23-14,431,20.0134,35.6813
2019-06-02 18-23-16,431,20.0134,35.6546
2019-06-02 18-23-18,432,20.0836,35.668
2019-06-02 18-23-20,432,20.047,35.668
2019-06-02 18-23-22,432,20.0638,35.6252
2019-06-02 18-23-24,431,20.0287,35.6546
2019-06-02 18-23-28,431,20.0821,35.6546
2019-06-02 18-23-30,431,20.0653,35.6546
2019-06-02 18-23-32,430,20.0638,35.6413
2019-06-02 18-23-34,430,20.1553,35.6546
2019-06-02 18-23-36,430,20.2255,35.6813
2019-06-02 18-23-38,429,20.1569,35.6813
2019-06-02 18-23-40,429,20.1599,35.7401
2019-06-02 18-23-44,429,20.0729,35.7828
2019-06-02 18-23-46,428,19.9692,35.7961
2019-06-02 18-23-48,428,19.9875,35.8389
2019-06-02 18-23-50,428,19.9219,35.911
2019-06-02 18-23-52,428,19.8547,35.967
2019-06-02 18-23-54,428,19.8227,36.0071
2019-06-02 18-23-56,428,19.7861,36.0365
2019-06-02 18-23-58,429,19.6838,36.0498
2019-06-02 18-24-02,430,19.754,36.0925
2019-06-02 18-24-04,430,19.7037,36.0925
2019-06-02 18-24-06,431,19.7891,36.0632
2019-06-02 18-24-08,431,19.7708,36.0498
2019-06-02 18-24-10,432,19.7357,36.0498
2019-06-02 18-24-12,432,19.7495,36.0071
2019-06-02 18-24-14,432,19.7128,35.9804
2019-06-02 18-24-16,432,19.7479,35.967
2019-06-02 18-24-20,432,19.7815,35.951
2019-06-02 18-24-22,433,19.7449,35.951
2019-06-02 18-24-24,433,19.7815,35.967
2019-06-02 18-24-26,433,19.8166,35.9243
2019-06-02 18-24-28,433,19.78,35.9243
2019-06-02 18-24-30,432,19.9036,35.8949
2019-06-02 18-24-32,432,19.8669,35.8816
2019-06-02 18-24-36,432,19.9539,35.8682
2019-06-02 18-24-38,432,19.8639,35.8255
2019-06-02 18-24-40,433,19.9875,35.8255
2019-06-02 18-24-42,432,19.9493,35.7961
2019-06-02 18-24-44,432,20.0195,35.7828
2019-06-02 18-24-46,432,20.1111,35.7961
2019-06-02 18-24-48,432,20.1279,35.7961
2019-06-02 18-24-50,432,20.1431,35.7694
2019-06-02 18-24-54,431,20.1431,35.7694
2019-06-02 18-24-56,431,20.1797,35.7828
2019-06-02 18-24-58,431,20.1797,35.7828
2019-06-02 18-25-00,431,20.1096,35.7828
2019-06-02 18-25-02,431,20.1096,35.7561
2019-06-02 18-25-04,431,20.0912,35.7828
2019-06-02 18-25-06,431,20.0912,35.7828
2019-06-02 18-25-10,431,20.0729,35.7694
2019-06-02 18-25-12,431,20.1416,35.7401
2019-06-02 18-25-14,431,20.0699,35.7561
2019-06-02 18-25-16,431,20.0699,35.7561
2019-06-02 18-25-18,431,20.0363,35.7401
2019-06-02 18-25-20,431,20.0684,35.7
2019-06-02 18-25-22,431,20.1248,35.7561
2019-06-02 18-25-24,431,20.1233,35.7134
2019-06-02 18-25-28,431,20.1233,35.7134
2019-06-02 18-25-30,430,20.1752,35.7267
2019-06-02 18-25-32,430,20.2103,35.7134
2019-06-02 18-25-34,430,20.2103,35.7134
2019-06-02 18-25-36,431,20.1736,35.6813
2019-06-02 18-25-38,431,20.2103,35.7
2019-06-02 18-25-40,431,20.1385,35.7
2019-06-02 18-25-42,431,20.1569,35.7134
2019-06-02 18-25-46,431,20.1248,35.7401
2019-06-02 18-25-48,431,20.1065,35.7401
2019-06-02 18-25-50,430,20.0699,35.7401
2019-06-02 18-25-52,430,20.0333,35.7134
2019-06-02 18-25-54,431,20.015,35.7134
2019-06-02 18-25-56,430,19.9448,35.7267
2019-06-02 18-25-58,430,19.928,35.7561
2019-06-02 18-26-02,430,19.9127,35.7828
2019-06-02 18-26-04,430,19.8776,35.7828
2019-06-02 18-26-06,430,19.8273,35.7961
2019-06-02 18-26-08,429,19.8441,35.7961
2019-06-02 18-26-10,429,19.8639,35.8255
2019-06-02 18-26-12,429,19.8822,35.8389
2019-06-02 18-26-14,429,19.8486,35.8682
2019-06-02 18-26-16,429,19.8318,35.8816
2019-06-02 18-26-20,429,19.8502,35.8816
2019-06-02 18-26-22,429,19.8135,35.8549
2019-06-02 18-26-24,429,19.8486,35.8682
2019-06-02 18-26-26,429,19.812,35.8255
2019-06-02 18-26-28,430,19.8456,35.8122
2019-06-02 18-26-30,430,19.8807,35.8122
2019-06-02 18-26-32,430,19.9142,35.8122
2019-06-02 18-26-36,430,19.9493,35.7961
2019-06-02 18-26-38,430,20.0409,35.8255
2019-06-02 18-26-40,430,20.0226,35.8122
2019-06-02 18-26-42,430,20.0012,35.7694
2019-06-02 18-26-44,430,20.0912,35.7961
2019-06-02 18-26-46,430,20.0195,35.7694
2019-06-02 18-26-48,430,19.986,35.7694
2019-06-02 18-26-50,430,20.0363,35.7694
2019-06-02 18-26-54,430,20.0012,35.7694
2019-06-02 18-26-56,430,20.0378,35.7961
2019-06-02 18-26-58,430,20.0729,35.7694
2019-06-02 18-27-00,429,20.1096,35.7561
2019-06-02 18-27-02,430,20.1065,35.7401
2019-06-02 18-27-04,430,20.0729,35.7828
2019-06-02 18-27-06,430,20.0699,35.7561
2019-06-02 18-27-08,430,20.0363,35.7401
2019-06-02 18-27-12,430,20.0546,35.7561
2019-06-02 18-27-14,430,20.1248,35.7401
2019-06-02 18-27-16,430,20.0363,35.7401
2019-06-02 18-27-18,430,20.1599,35.7267
2019-06-02 18-27-20,430,20.0333,35.7267
2019-06-02 18-27-22,430,20.0684,35.7267
2019-06-02 18-27-24,430,20.0516,35.7401
2019-06-02 18-27-28,430,20.0684,35.7267
2019-06-02 18-27-30,430,20.018,35.7561
2019-06-02 18-27-32,430,20.0012,35.7694
2019-06-02 18-27-34,430,19.9692,35.8122
2019-06-02 18-27-36,429,19.9692,35.7961
2019-06-02 18-27-38,429,19.9493,35.8122
2019-06-02 18-27-40,429,19.9371,35.8816
2019-06-02 18-27-42,430,19.9188,35.8682
2019-06-02 18-27-46,429,19.8822,35.8389
2019-06-02 18-27-48,430,19.8486,35.8682
2019-06-02 18-27-50,429,19.8639,35.8549
2019-06-02 18-27-52,430,19.8486,35.8682
2019-06-02 18-27-54,430,19.8669,35.8816
2019-06-02 18-27-56,430,19.8822,35.8682
2019-06-02 18-27-59,429,19.8669,35.8949
2019-06-02 18-28-03,429,19.78,35.911
2019-06-02 18-28-05,429,19.7433,35.911
2019-06-02 18-28-07,429,19.7632,35.951
2019-06-02 18-28-09,429,19.6762,35.9377
2019-06-02 18-28-11,429,19.7311,35.9804
2019-06-02 18-28-13,429,19.6442,36.0231
2019-06-02 18-28-15,429,19.6106,36.0498
2019-06-02 18-28-17,430,19.5618,36.1192
2019-06-02 18-28-21,430,19.4778,36.194
2019-06-02 18-28-23,430,19.4427,36.2074
2019-06-02 18-28-25,430,19.4275,36.2501
2019-06-02 18-28-27,430,19.3039,36.2635
2019-06-02 18-28-29,431,19.3237,36.2928
2019-06-02 18-28-31,431,19.3924,36.2635
2019-06-02 18-28-33,432,19.3558,36.2501
2019-06-02 18-28-37,432,19.3542,36.2207
2019-06-02 18-28-39,432,19.4244,36.194
2019-06-02 18-28-41,432,19.4916,36.1379
2019-06-02 18-28-43,433,19.5618,36.1059
2019-06-02 18-28-45,434,19.5938,36.0792
2019-06-02 18-28-47,434,19.5938,36.0632
2019-06-02 18-28-49,434,19.6808,36.0231
2019-06-02 18-28-51,434,19.6243,35.9937
2019-06-02 18-28-55,434,19.6793,35.967
2019-06-02 18-28-57,434,19.6609,35.967
2019-06-02 18-28-59,434,19.7296,35.967
2019-06-02 18-29-01,433,19.7113,35.9243
2019-06-02 18-29-03,433,19.7617,35.911
2019-06-02 18-29-05,433,19.725,35.8949
2019-06-02 18-29-07,433,19.7937,35.8682
2019-06-02 18-29-09,433,19.7754,35.8549
2019-06-02 18-29-13,432,19.8303,35.8549
2019-06-02 18-29-15,432,19.8456,35.8255
2019-06-02 18-29-17,433,19.8807,35.8255
2019-06-02 18-29-19,432,19.8624,35.7961
2019-06-02 18-29-21,432,19.9493,35.7961
2019-06-02 18-29-23,431,19.986,35.7961
2019-06-02 18-29-25,431,20.0226,35.7961
2019-06-02 18-29-29,430,20.0058,35.8255
2019-06-02 18-29-31,430,20.0058,35.8255
2019-06-02 18-29-33,429,20.0226,35.8255
2019-06-02 18-29-35,429,20.0089,35.8549
2019-06-02 18-29-37,428,19.9921,35.8816
2019-06-02 18-29-39,428,20.0607,35.8816
2019-06-02 18-29-41,428,20.0455,35.911
2019-06-02 18-29-43,427,20.0287,35.9243
2019-06-02 18-29-47,427,19.9585,35.951
2019-06-02 18-29-49,427,19.9951,35.9243
2019-06-02 18-29-51,428,19.9219,35.9243
2019-06-02 18-29-53,428,19.8868,35.911
2019-06-02 18-29-55,428,19.8685,35.911
2019-06-02 18-29-57,428,19.8853,35.8816
2019-06-02 18-29-59,428,19.8669,35.8816
2019-06-02 18-30-03,428,19.8502,35.8816
2019-06-02 18-30-05,428,19.8502,35.8816
2019-06-02 18-30-07,428,19.8502,35.8816
2019-06-02 18-30-09,428,19.8318,35.8949
2019-06-02 18-30-11,429,19.8349,35.9243
2019-06-02 18-30-13,429,19.7433,35.911
2019-06-02 18-30-15,428,19.7617,35.911
2019-06-02 18-30-17,428,19.7952,35.911
2019-06-02 18-30-21,428,19.7433,35.911
2019-06-02 18-30-23,427,19.7113,35.951
2019-06-02 18-30-25,427,19.6762,35.951
2019-06-02 18-30-27,427,19.6808,36.0231
2019-06-02 18-30-29,427,19.6472,36.0632
2019-06-02 18-30-31,427,19.6472,36.0792
2019-06-02 18-30-33,427,19.6701,36.1059
2019-06-02 18-30-35,427,19.5618,36.1059
2019-06-02 18-30-39,427,19.5099,36.178
2019-06-02 18-30-41,427,19.4794,36.2501
2019-06-02 18-30-43,427,19.4473,36.2928
2019-06-02 18-30-45,427,19.3604,36.3329
2019-06-02 18-30-47,428,19.3466,36.405
2019-06-02 18-30-49,428,19.2993,36.4744
2019-06-02 18-30-51,428,19.2093,36.4878
2019-06-02 18-30-55,428,19.162,36.5438
2019-06-02 18-30-57,429,19.075,36.5599
2019-06-02 18-30-59,430,19.0933,36.5732
2019-06-02 18-31-01,430,19.1269,36.5732
2019-06-02 18-31-03,431,19.0903,36.5305
2019-06-02 18-31-05,431,18.9987,36.5171
2019-06-02 18-31-07,432,19.072,36.5011
2019-06-02 18-31-09,433,19.0704,36.4744
2019-06-02 18-31-13,434,19.0475,36.4317
2019-06-02 18-31-15,434,19.1345,36.389
2019-06-02 18-31-17,434,19.1864,36.389
2019-06-02 18-31-19,434,19.2398,36.3329
2019-06-02 18-31-21,434,19.2352,36.2928
2019-06-02 18-31-23,434,19.2505,36.2635
2019-06-02 18-31-25,433,19.2688,36.2501
2019-06-02 18-31-29,433,19.3192,36.2501
2019-06-02 18-31-31,433,19.3192,36.2207
2019-06-02 18-31-33,432,19.3512,36.194
2019-06-02 18-31-35,432,19.3726,36.2074
2019-06-02 18-31-37,431,19.3726,36.178
2019-06-02 18-31-39,431,19.3726,36.194
2019-06-02 18-31-41,431,19.3726,36.194
2019-06-02 18-31-43,431,19.3314,36.1513
2019-06-02 18-31-47,431,19.3497,36.1379
2019-06-02 18-31-49,430,19.3832,36.0925
2019-06-02 18-31-51,430,19.4366,36.0925
2019-06-02 18-31-53,430,19.4687,36.0498
2019-06-02 18-31-55,430,19.4687,36.0365
2019-06-02 18-31-57,430,19.5007,36.0071
2019-06-02 18-31-59,429,19.574,36.0231
2019-06-02 18-32-01,429,19.6243,36.0071
2019-06-02 18-32-05,428,19.6426,35.9937
2019-06-02 18-32-07,428,19.7525,36.0365
2019-06-02 18-32-09,427,19.6991,36.0231
2019-06-02 18-32-11,427,19.6838,36.0792
2019-06-02 18-32-13,426,19.6854,36.0925
2019-06-02 18-32-15,426,19.5465,36.1379
2019-06-02 18-32-17,426,19.5465,36.1513
2019-06-02 18-32-21,426,19.4565,36.1646
2019-06-02 18-32-23,426,19.3726,36.178
2019-06-02 18-32-25,427,19.3512,36.178
2019-06-02 18-32-27,427,19.4199,36.1379
2019-06-02 18-32-29,427,19.455,36.1192
2019-06-02 18-32-31,428,19.5419,36.0792
2019-06-02 18-32-33,427,19.5572,36.0498
2019-06-02 18-32-35,427,19.6259,36.0365
2019-06-02 18-32-39,428,19.6472,36.0792
2019-06-02 18-32-41,427,19.6854,36.0925
2019-06-02 18-32-43,427,19.7021,36.0632
2019-06-02 18-32-45,427,19.7021,36.0632
2019-06-02 18-32-47,427,19.6671,36.0792
2019-06-02 18-32-49,427,19.6838,36.0632
2019-06-02 18-32-51,427,19.6472,36.0792
2019-06-02 18-32-55,427,19.6991,36.0231
2019-06-02 18-32-57,427,19.6442,36.0498
2019-06-02 18-32-59,427,19.6808,36.0365
2019-06-02 18-33-01,427,19.6976,36.0071
2019-06-02 18-33-03,427,19.6426,36.0071
2019-06-02 18-33-05,427,19.6625,36.0071
2019-06-02 18-33-07,427,19.6609,35.9804
2019-06-02 18-33-09,427,19.6213,35.967
2019-06-02 18-33-13,427,19.6213,35.9377
2019-06-02 18-33-15,427,19.5847,35.9243
2019-06-02 18-33-17,427,19.7113,35.9377
2019-06-02 18-33-19,427,19.6564,35.911
2019-06-02 18-33-21,427,19.6747,35.8949
2019-06-02 18-33-23,427,19.6167,35.8816
2019-06-02 18-33-25,427,19.6335,35.8549
2019-06-02 18-33-27,427,19.5801,35.8549
2019-06-02 18-33-31,427,19.6121,35.8122
2019-06-02 18-33-33,427,19.7021,35.7961
2019-06-02 18-33-35,427,19.7205,35.7961
2019-06-02 18-33-37,427,19.6838,35.7828
2019-06-02 18-33-39,427,19.6655,35.7694
2019-06-02 18-33-41,427,19.6671,35.7828
2019-06-02 18-33-43,426,19.7174,35.7828
2019-06-02 18-33-47,426,19.8044,35.7401
2019-06-02 18-33-50,426,19.841,35.7561
2019-06-02 18-33-52,425,19.7708,35.7694
2019-06-02 18-33-54,424,19.8044,35.7401
2019-06-02 18-33-56,424,19.8074,35.7694
2019-06-02 18-33-58,424,19.7357,35.7694
2019-06-02 18-34-00,424,19.7708,35.7828
2019-06-02 18-34-02,423,19.7205,35.8122
2019-06-02 18-34-06,423,19.7037,35.8255
2019-06-02 18-34-08,422,19.725,35.8949
2019-06-02 18-34-10,422,19.6381,35.911
2019-06-02 18-34-12,422,19.6213,35.9377
2019-06-02 18-34-14,422,19.603,35.9377
2019-06-02 18-34-16,422,19.6564,35.8949
2019-06-02 18-34-18,422,19.6014,35.911
2019-06-02 18-34-22,422,19.6579,35.9243
2019-06-02 18-34-24,422,19.603,35.951
2019-06-02 18-34-26,422,19.5206,36.0071
2019-06-02 18-34-28,422,19.5206,36.0071
2019-06-02 18-34-30,423,19.5389,36.0231
2019-06-02 18-34-32,424,19.5374,35.9804
2019-06-02 18-34-34,424,19.5526,35.951
2019-06-02 18-34-36,425,19.5877,35.951
2019-06-02 18-34-40,425,19.6381,35.9377
2019-06-02 18-34-42,425,19.7266,35.911
2019-06-02 18-34-44,425,19.7433,35.8949
2019-06-02 18-34-46,425,19.725,35.8816
2019-06-02 18-34-48,425,19.6716,35.8682
2019-06-02 18-34-50,425,19.7067,35.8549
2019-06-02 18-34-52,425,19.7037,35.8255
2019-06-02 18-34-54,425,19.7906,35.8389
2019-06-02 18-34-58,425,19.754,35.8122
2019-06-02 18-35-00,425,19.6854,35.8122
2019-06-02 18-35-02,425,19.754,35.8122
2019-06-02 18-35-04,425,19.6671,35.8122
2019-06-02 18-35-06,426,19.7174,35.7694
2019-06-02 18-35-08,426,19.7708,35.7828
2019-06-02 18-35-10,426,19.8441,35.7828
2019-06-02 18-35-14,426,19.8074,35.7694
2019-06-02 18-35-16,426,19.8959,35.7961
2019-06-02 18-35-18,426,19.8776,35.7828
2019-06-02 18-35-20,425,19.9127,35.7694
2019-06-02 18-35-22,426,19.9127,35.7828
2019-06-02 18-35-24,425,19.9127,35.7828
2019-06-02 18-35-26,426,19.8441,35.7828
2019-06-02 18-35-28,426,19.7678,35.7561
2019-06-02 18-35-32,426,19.809,35.7961
2019-06-02 18-35-34,427,19.841,35.7694
2019-06-02 18-35-36,427,19.8761,35.7561
2019-06-02 18-35-38,428,19.8776,35.7694
2019-06-02 18-35-40,427,19.8593,35.7561
2019-06-02 18-35-42,427,19.9463,35.7694
2019-06-02 18-35-44,427,19.8944,35.7561
2019-06-02 18-35-46,427,19.9463,35.7694
2019-06-02 18-35-50,426,19.931,35.7828
2019-06-02 18-35-52,426,19.9493,35.7961
2019-06-02 18-35-54,426,19.8776,35.7828
2019-06-02 18-35-56,426,19.8456,35.8122
2019-06-02 18-35-58,426,19.812,35.8389
2019-06-02 18-36-00,425,19.7403,35.8682
2019-06-02 18-36-02,425,19.722,35.8255
2019-06-02 18-36-06,424,19.722,35.8255
2019-06-02 18-36-08,424,19.754,35.8122
2019-06-02 18-36-10,424,19.6884,35.8549
2019-06-02 18-36-12,424,19.6716,35.8682
2019-06-02 18-36-14,423,19.6716,35.8816
2019-06-02 18-36-16,423,19.6198,35.911
2019-06-02 18-36-18,423,19.6396,35.9804
2019-06-02 18-36-20,423,19.6106,36.0365
2019-06-02 18-36-24,423,19.5618,36.1192
2019-06-02 18-36-26,423,19.5465,36.1379
2019-06-02 18-36-28,423,19.4962,36.2074
2019-06-02 18-36-30,423,19.4244,36.2074
2019-06-02 18-36-32,424,19.3726,36.2074
2019-06-02 18-36-34,424,19.4061,36.194
2019-06-02 18-36-36,425,19.3329,36.178
2019-06-02 18-36-38,425,19.3878,36.178
2019-06-02 18-36-42,426,19.4412,36.194
2019-06-02 18-36-44,427,19.4046,36.1646
2019-06-02 18-36-46,427,19.4199,36.1379
2019-06-02 18-36-48,428,19.3863,36.1192
2019-06-02 18-36-50,428,19.4183,36.0925
2019-06-02 18-36-52,429,19.4519,36.0792
2019-06-02 18-36-54,429,19.4839,36.0231
2019-06-02 18-36-58,430,19.4656,36.0071
2019-06-02 18-37-00,430,19.4977,35.9804
2019-06-02 18-37-02,429,19.4778,35.9243
2019-06-02 18-37-04,430,19.6579,35.9243
2019-06-02 18-37-06,429,19.6167,35.8949
2019-06-02 18-37-08,430,19.6167,35.8949
2019-06-02 18-37-10,430,19.7067,35.8682
2019-06-02 18-37-12,429,19.7067,35.8682
2019-06-02 18-37-16,429,19.7754,35.8682
2019-06-02 18-37-18,428,19.7571,35.8549
2019-06-02 18-37-20,428,19.7754,35.8682
2019-06-02 18-37-22,428,19.7433,35.8949
2019-06-02 18-37-24,427,19.7433,35.8816
2019-06-02 18-37-26,427,19.8166,35.911
2019-06-02 18-37-28,427,19.8166,35.911
2019-06-02 18-37-32,427,19.7937,35.8816
2019-06-02 18-37-34,427,19.7937,35.8816
2019-06-02 18-37-36,427,19.8685,35.9243
2019-06-02 18-37-38,427,19.8532,35.9243
2019-06-02 18-37-40,428,19.78,35.9243
2019-06-02 18-37-42,428,19.7433,35.8949
2019-06-02 18-37-44,428,19.693,35.911
2019-06-02 18-37-46,428,19.6899,35.8949
2019-06-02 18-37-50,429,19.6747,35.8949
2019-06-02 18-37-52,429,19.722,35.8549
2019-06-02 18-37-54,429,19.6533,35.8682
2019-06-02 18-37-56,429,19.7586,35.8816
2019-06-02 18-37-58,429,19.8135,35.8682
2019-06-02 18-38-00,428,19.7403,35.8549
2019-06-02 18-38-02,429,19.7586,35.8682
2019-06-02 18-38-04,428,19.725,35.8682
2019-06-02 18-38-08,429,19.722,35.8549
2019-06-02 18-38-10,429,19.7754,35.8682
2019-06-02 18-38-12,429,19.8135,35.8682
2019-06-02 18-38-14,429,19.7754,35.8549
2019-06-02 18-38-16,429,19.8273,35.8255
2019-06-02 18-38-18,429,19.8273,35.8255
2019-06-02 18-38-20,429,19.812,35.8389
2019-06-02 18-38-24,428,19.812,35.8389
2019-06-02 18-38-26,428,19.809,35.7961
2019-06-02 18-38-28,428,19.7723,35.8255
2019-06-02 18-38-30,428,19.812,35.8255
2019-06-02 18-38-32,428,19.7937,35.8549
2019-06-02 18-38-34,428,19.7571,35.8255
2019-06-02 18-38-36,429,19.7403,35.8549
2019-06-02 18-38-38,429,19.6701,35.8255
2019-06-02 18-38-42,430,19.7037,35.8255
2019-06-02 18-38-44,431,19.6854,35.8255
2019-06-02 18-38-46,430,19.6854,35.8255
2019-06-02 18-38-48,431,19.7571,35.8389
2019-06-02 18-38-50,431,19.6701,35.8255
2019-06-02 18-38-52,431,19.7037,35.8122
2019-06-02 18-38-54,430,19.6838,35.7828
2019-06-02 18-38-56,430,19.7037,35.8122
2019-06-02 18-39-00,430,19.7205,35.7961
2019-06-02 18-39-02,430,19.7021,35.7828
2019-06-02 18-39-04,430,19.754,35.7961
2019-06-02 18-39-06,429,19.7525,35.7694
2019-06-02 18-39-08,429,19.7037,35.8122
2019-06-02 18-39-10,429,19.7571,35.8255
2019-06-02 18-39-12,428,19.6854,35.8255
2019-06-02 18-39-16,428,19.6671,35.7961
2019-06-02 18-39-18,428,19.7037,35.8122
2019-06-02 18-39-20,429,19.7906,35.8255
2019-06-02 18-39-22,429,19.722,35.8255
2019-06-02 18-39-24,429,19.6854,35.7961
2019-06-02 18-39-26,428,19.7037,35.8255
2019-06-02 18-39-28,428,19.7571,35.8255
2019-06-02 18-39-31,427,19.754,35.8122
2019-06-02 18-39-35,427,19.809,35.7961
2019-06-02 18-39-37,428,19.7723,35.7961
2019-06-02 18-39-39,427,19.7388,35.8389
2019-06-02 18-39-41,427,19.7723,35.8255
2019-06-02 18-39-43,426,19.8456,35.8255
2019-06-02 18-39-45,427,19.8273,35.8255
2019-06-02 18-39-47,427,19.7906,35.8389
2019-06-02 18-39-51,427,19.7571,35.8389
2019-06-02 18-39-53,427,19.6884,35.8389
2019-06-02 18-39-55,427,19.7403,35.8549
2019-06-02 18-39-57,427,19.7403,35.8549
2019-06-02 18-39-59,427,19.6854,35.8255
2019-06-02 18-40-01,427,19.6518,35.8255
2019-06-02 18-40-03,427,19.7388,35.8122
2019-06-02 18-40-05,427,19.7021,35.7961
2019-06-02 18-40-09,427,19.7906,35.8122
2019-06-02 18-40-11,426,19.809,35.8122
2019-06-02 18-40-13,426,19.8624,35.8122
2019-06-02 18-40-15,426,19.8456,35.8122
2019-06-02 18-40-17,426,19.9326,35.8255
2019-06-02 18-40-19,426,19.8639,35.8255
2019-06-02 18-40-21,426,19.8822,35.8682
2019-06-02 18-40-23,426,19.9188,35.8816
2019-06-02 18-40-27,426,19.8669,35.8949
2019-06-02 18-40-29,426,19.8532,35.9243
2019-06-02 18-40-31,426,19.8532,35.9377
2019-06-02 18-40-33,426,19.7815,35.951
2019-06-02 18-40-35,426,19.7479,35.9804
2019-06-02 18-40-37,426,19.7662,35.9937
2019-06-02 18-40-39,426,19.7311,35.9804
2019-06-02 18-40-43,426,19.6991,36.0365
2019-06-02 18-40-45,426,19.6472,36.0632
2019-06-02 18-40-47,426,19.6289,36.0498
2019-06-02 18-40-49,427,19.6121,36.0792
2019-06-02 18-40-51,427,19.5969,36.0925
2019-06-02 18-40-53,427,19.5419,36.0792
2019-06-02 18-40-55,427,19.6106,36.0632
2019-06-02 18-40-57,428,19.5419,36.0498
2019-06-02 18-41-01,428,19.574,36.0231
2019-06-02 18-41-03,428,19.6793,35.9804
2019-06-02 18-41-05,429,19.7128,35.967
2019-06-02 18-41-07,429,19.7998,35.967
2019-06-02 18-41-09,429,19.8181,35.951
2019-06-02 18-41-11,429,19.78,35.9243
2019-06-02 18-41-13,430,19.78,35.9377
2019-06-02 18-41-15,429,19.7983,35.9243
2019-06-02 18-41-19,429,19.8135,35.8816
2019-06-02 18-41-21,429,19.7617,35.8949
2019-06-02 18-41-23,429,19.8166,35.8949
2019-06-02 18-41-25,429,19.8318,35.8816
2019-06-02 18-41-27,429,19.8318,35.8816
2019-06-02 18-41-29,429,19.78,35.911
2019-06-02 18-41-31,429,19.8166,35.9243
2019-06-02 18-41-35,429,19.7632,35.951
2019-06-02 18-41-37,429,19.7449,35.951
2019-06-02 18-41-39,428,19.7311,35.9937
2019-06-02 18-41-41,429,19.7662,35.9804
2019-06-02 18-41-43,429,19.6945,35.967
2019-06-02 18-41-45,428,19.7662,35.9804
2019-06-02 18-41-47,429,19.6793,35.9804
2019-06-02 18-41-49,429,19.6609,35.967
2019-06-02 18-41-53,429,19.7311,35.9937
2019-06-02 18-41-55,428,19.7128,35.967
2019-06-02 18-41-57,429,19.7449,35.951
2019-06-02 18-41-59,429,19.7449,35.951
2019-06-02 18-42-01,429,19.8181,35.9377
2019-06-02 18-42-03,430,19.7983,35.9243
2019-06-02 18-42-05,430,19.7983,35.9377
2019-06-02 18-42-09,430,19.78,35.9243
2019-06-02 18-42-11,430,19.78,35.9243
2019-06-02 18-42-13,430,19.78,35.9243
2019-06-02 18-42-15,430,19.8364,35.951
2019-06-02 18-42-17,431,19.7983,35.9377
2019-06-02 18-42-19,431,19.7983,35.9243
2019-06-02 18-42-21,431,19.7983,35.9243
2019-06-02 18-42-23,431,19.78,35.9377
2019-06-02 18-42-27,430,19.7632,35.9377
2019-06-02 18-42-29,430,19.7311,35.9804
2019-06-02 18-42-31,430,19.6991,36.0231
2019-06-02 18-42-33,430,19.6304,36.0925
2019-06-02 18-42-35,429,19.6152,36.1379
2019-06-02 18-42-37,430,19.6014,36.178
2019-06-02 18-42-39,429,19.4611,36.2367
2019-06-02 18-42-41,429,19.4977,36.2501
2019-06-02 18-42-45,430,19.4107,36.2635
2019-06-02 18-42-47,430,19.4153,36.3195
2019-06-02 18-42-49,430,19.3268,36.3329
2019-06-02 18-42-51,431,19.3604,36.3489
2019-06-02 18-42-53,431,19.3451,36.3623
2019-06-02 18-42-55,432,19.342,36.3329
2019-06-02 18-42-57,432,19.342,36.3329
2019-06-02 18-43-01,433,19.4321,36.3195
2019-06-02 18-43-03,434,19.4504,36.3195
2019-06-02 18-43-05,434,19.4656,36.2928
2019-06-02 18-43-07,435,19.5007,36.2928
2019-06-02 18-43-09,436,19.4824,36.2635
2019-06-02 18-43-11,436,19.4824,36.2768
2019-06-02 18-43-13,435,19.5145,36.2367
2019-06-02 18-43-15,436,19.4962,36.2074
2019-06-02 18-43-19,436,19.5847,36.194
2019-06-02 18-43-21,436,19.6198,36.194
2019-06-02 18-43-23,436,19.603,36.2074
2019-06-02 18-43-25,436,19.6014,36.194
2019-06-02 18-43-27,436,19.603,36.2074
2019-06-02 18-43-29,436,19.5847,36.2074
2019-06-02 18-43-31,436,19.5663,36.2074
2019-06-02 18-43-35,435,19.5328,36.194
2019-06-02 18-43-37,435,19.635,36.194
2019-06-02 18-43-39,435,19.6518,36.1379
2019-06-02 18-43-41,435,19.6884,36.1379
2019-06-02 18-43-43,435,19.6838,36.0792
2019-06-02 18-43-45,434,19.7205,36.0792
2019-06-02 18-43-47,434,19.7708,36.0498
2019-06-02 18-43-49,435,19.6655,36.0365
2019-06-02 18-43-53,435,19.7678,36.0365
2019-06-02 18-43-55,435,19.7311,35.9937
2019-06-02 18-43-57,436,19.7342,36.0231
2019-06-02 18-43-59,435,19.7479,35.9804
2019-06-02 18-44-01,435,19.7479,35.967
2019-06-02 18-44-03,435,19.7845,35.9804
2019-06-02 18-44-05,435,19.7449,35.9377
2019-06-02 18-44-07,435,19.78,35.9243
2019-06-02 18-44-11,434,19.7952,35.911
2019-06-02 18-44-13,434,19.7952,35.8949
2019-06-02 18-44-15,434,19.7769,35.8949
2019-06-02 18-44-17,434,19.7617,35.8949
2019-06-02 18-44-19,434,19.7586,35.8682
2019-06-02 18-44-21,433,19.812,35.8255
2019-06-02 18-44-23,433,19.7571,35.8255
2019-06-02 18-44-27,433,19.809,35.8122
2019-06-02 18-44-29,433,19.8273,35.8122
2019-06-02 18-44-31,433,19.8273,35.7961
2019-06-02 18-44-33,432,19.7906,35.8122
2019-06-02 18-44-35,432,19.8624,35.8122
2019-06-02 18-44-37,432,19.8257,35.7828
2019-06-02 18-44-39,432,19.809,35.7961
2019-06-02 18-44-41,431,19.8074,35.7694
2019-06-02 18-44-45,431,19.841,35.7561
2019-06-02 18-44-47,431,19.8761,35.7561
2019-06-02 18-44-49,431,19.8761,35.7561
2019-06-02 18-44-51,432,19.9097,35.7401
2019-06-02 18-44-53,431,19.9097,35.7401
2019-06-02 18-44-55,432,19.9448,35.7401
2019-06-02 18-44-57,432,19.9097,35.7401
2019-06-02 18-45-01,432,19.8944,35.7561
2019-06-02 18-45-03,432,19.9829,35.7401
2019-06-02 18-45-05,432,19.928,35.7401
2019-06-02 18-45-07,432,19.8776,35.7694
2019-06-02 18-45-09,433,19.931,35.7694
2019-06-02 18-45-11,432,19.8776,35.7694
2019-06-02 18-45-13,432,19.8959,35.7961
2019-06-02 18-45-15,432,19.809,35.8122
2019-06-02 18-45-19,432,19.809,35.8122
2019-06-02 18-45-21,432,19.7906,35.8255
2019-06-02 18-45-24,432,19.8456,35.8122
2019-06-02 18-45-26,432,19.8441,35.7961
2019-06-02 18-45-28,432,19.8273,35.7961
2019-06-02 18-45-30,432,19.931,35.7828
2019-06-02 18-45-32,433,19.931,35.7828
2019-06-02 18-45-34,433,19.931,35.7828
2019-06-02 18-45-38,433,20.018,35.7561
2019-06-02 18-45-40,433,20.0363,35.7694
2019-06-02 18-45-42,433,20.1096,35.7694
2019-06-02 18-45-44,433,20.0546,35.7694
2019-06-02 18-45-46,432,19.9463,35.7694
2019-06-02 18-45-48,432,19.9326,35.8122
2019-06-02 18-45-50,432,19.9463,35.7828
2019-06-02 18-45-54,432,19.9493,35.7961
2019-06-02 18-45-56,432,20.0043,35.7961
2019-06-02 18-45-58,432,19.986,35.7694
2019-06-02 18-46-00,432,19.931,35.7828
2019-06-02 18-46-02,432,19.986,35.7694
2019-06-02 18-46-04,432,19.8624,35.7961
2019-06-02 18-46-06,432,19.8273,35.7961
2019-06-02 18-46-08,433,19.9127,35.7828
2019-06-02 18-46-12,433,19.931,35.7694
2019-06-02 18-46-14,432,19.8624,35.8122
2019-06-02 18-46-16,433,19.8624,35.7961
2019-06-02 18-46-18,433,19.8959,35.7961
2019-06-02 18-46-20,433,19.9127,35.7694
2019-06-02 18-46-22,433,20.0226,35.7961
2019-06-02 18-46-24,432,19.986,35.7828
2019-06-02 18-46-26,432,19.9463,35.7828
2019-06-02 18-46-30,432,19.8944,35.7401
2019-06-02 18-46-32,432,19.9463,35.7694
2019-06-02 18-46-34,432,19.9463,35.7561
2019-06-02 18-46-36,432,19.9646,35.7401
2019-06-02 18-46-38,432,19.9814,35.7267
2019-06-02 18-46-40,432,19.9814,35.7
2019-06-02 18-46-42,432,20.0333,35.7134
2019-06-02 18-46-46,432,19.9814,35.7
2019-06-02 18-46-48,432,19.9814,35.7134
2019-06-02 18-46-50,432,19.9417,35.7
2019-06-02 18-46-52,432,19.9417,35.6813
2019-06-02 18-46-54,432,19.9417,35.6813
2019-06-02 18-46-56,433,19.9417,35.6813
2019-06-02 18-46-58,432,19.96,35.6413
2019-06-02 18-47-00,432,19.9951,35.6546
2019-06-02 18-47-04,432,20.047,35.6413
2019-06-02 18-47-06,432,20.0134,35.668
2019-06-02 18-47-08,432,19.9783,35.668
2019-06-02 18-47-10,432,20.0317,35.7
2019-06-02 18-47-12,431,19.9966,35.7
2019-06-02 18-47-14,432,20.05,35.7
2019-06-02 18-47-16,432,20.0684,35.7
2019-06-02 18-47-18,432,19.9448,35.7134
2019-06-02 18-47-22,431,19.9966,35.7
2019-06-02 18-47-24,431,19.8959,35.7961
2019-06-02 18-47-26,431,19.8959,35.7828
2019-06-02 18-47-28,431,19.7678,35.7401
2019-06-02 18-47-30,431,19.8074,35.7561
2019-06-02 18-47-32,431,19.7678,35.7561
2019-06-02 18-47-34,431,19.7708,35.7828
2019-06-02 18-47-38,431,19.8257,35.7828
2019-06-02 18-47-40,432,19.754,35.7961
2019-06-02 18-47-42,431,19.809,35.7961
2019-06-02 18-47-44,431,19.722,35.8255
2019-06-02 18-47-46,431,19.7433,35.8816
2019-06-02 18-47-48,431,19.6564,35.8949
2019-06-02 18-47-50,431,19.6762,35.9377
2019-06-02 18-47-52,431,19.6793,35.9937
2019-06-02 18-47-56,432,19.7128,35.967
2019-06-02 18-47-58,432,19.6976,35.9804
2019-06-02 18-48-00,433,19.6793,35.967
2019-06-02 18-48-02,433,19.7296,35.951
2019-06-02 18-48-04,434,19.7617,35.911
2019-06-02 18-48-06,435,19.7952,35.8949
2019-06-02 18-48-08,435,19.8853,35.8949
2019-06-02 18-48-10,435,19.8822,35.8549
2019-06-02 18-48-14,435,19.9173,35.8549
2019-06-02 18-48-16,435,19.899,35.8255
2019-06-02 18-48-18,435,19.9005,35.8549
2019-06-02 18-48-20,435,19.9493,35.8122
2019-06-02 18-48-22,434,19.9692,35.8255
2019-06-02 18-48-24,434,19.9692,35.8255
2019-06-02 18-48-26,434,19.9509,35.8255
2019-06-02 18-48-30,434,19.9142,35.7961
2019-06-02 18-48-32,433,19.9692,35.8122
2019-06-02 18-48-34,433,19.9493,35.7961
2019-06-02 18-48-36,433,19.9493,35.7961
2019-06-02 18-48-38,432,19.9677,35.7828
2019-06-02 18-48-40,433,19.9463,35.7828
2019-06-02 18-48-42,433,19.8944,35.7561
2019-06-02 18-48-44,433,19.8944,35.7561
2019-06-02 18-48-48,433,19.8257,35.7694
2019-06-02 18-48-50,432,19.7861,35.7561
2019-06-02 18-48-52,432,19.8776,35.7694
2019-06-02 18-48-54,432,19.8944,35.7401
2019-06-02 18-48-56,432,19.9265,35.7267
2019-06-02 18-48-58,432,19.9448,35.7267
2019-06-02 18-49-00,432,19.9829,35.7561
2019-06-02 18-49-02,432,19.9631,35.7134
2019-06-02 18-49-06,432,19.9966,35.7
2019-06-02 18-49-08,433,19.9417,35.7
2019-06-02 18-49-10,433,19.9631,35.6813
2019-06-02 18-49-12,434,19.873,35.7134
2019-06-02 18-49-14,434,19.8547,35.7
2019-06-02 18-49-16,434,19.8395,35.7
2019-06-02 18-49-18,435,19.8715,35.668
2019-06-02 18-49-22,435,19.8898,35.668
2019-06-02 18-49-24,435,19.9417,35.6813
2019-06-02 18-49-26,435,19.9783,35.668
2019-06-02 18-49-28,435,19.9234,35.6813
2019-06-02 18-49-30,435,20.047,35.6546
2019-06-02 18-49-32,435,20.0836,35.668
2019-06-02 18-49-34,435,20.1736,35.668
2019-06-02 18-49-36,435,20.1187,35.6413
2019-06-02 18-49-40,435,20.1385,35.668
2019-06-02 18-49-42,434,20.1889,35.6546
2019-06-02 18-49-44,434,20.137,35.6546
2019-06-02 18-49-46,433,20.0317,35.6813
2019-06-02 18-49-48,433,20.0317,35.6813
2019-06-02 18-49-50,432,20.05,35.6813
2019-06-02 18-49-52,433,20.0287,35.6546
2019-06-02 18-49-54,432,19.9768,35.6413
2019-06-02 18-49-58,432,20.0638,35.6413
2019-06-02 18-50-00,432,20.0104,35.6413
2019-06-02 18-50-02,432,20.0287,35.6413
2019-06-02 18-50-04,432,20.0455,35.6119
2019-06-02 18-50-06,432,20.1187,35.6252
2019-06-02 18-50-08,432,20.1157,35.6119
2019-06-02 18-50-10,432,20.0455,35.6119
2019-06-02 18-50-14,432,19.9921,35.6252
2019-06-02 18-50-16,432,19.9738,35.5985
2019-06-02 18-50-18,431,19.9356,35.5852
2019-06-02 18-50-20,431,19.9554,35.5852
2019-06-02 18-50-22,431,19.9905,35.5692
2019-06-02 18-50-24,431,19.9738,35.5985
2019-06-02 18-50-26,430,19.9768,35.6413
2019-06-02 18-50-28,430,19.9234,35.6813
2019-06-02 18-50-32,430,19.9097,35.7401
2019-06-02 18-50-34,430,19.8914,35.7134
2019-06-02 18-50-36,430,19.9081,35.7
2019-06-02 18-50-38,430,19.9081,35.7
2019-06-02 18-50-40,431,19.9631,35.7
2019-06-02 18-50-42,431,19.9402,35.668
2019-06-02 18-50-44,430,19.9402,35.6546
2019-06-02 18-50-48,430,19.9036,35.6119
2019-06-02 18-50-50,431,19.9921,35.6119
2019-06-02 18-50-52,431,20.0104,35.6252
2019-06-02 18-50-54,431,19.9768,35.6413
2019-06-02 18-50-56,431,19.9585,35.6252
2019-06-02 18-50-58,431,19.8685,35.6252
2019-06-02 18-51-00,430,19.8715,35.6546
2019-06-02 18-51-02,431,19.8685,35.6119
2019-06-02 18-51-06,431,19.9371,35.6119
2019-06-02 18-51-09,431,19.9005,35.5692
2019-06-02 18-51-11,431,19.9005,35.5692
2019-06-02 18-51-13,430,19.9219,35.6413
2019-06-02 18-51-15,430,20.0867,35.7134
2019-06-02 18-51-17,430,19.9448,35.7267
2019-06-02 18-51-19,431,19.9097,35.7401
2019-06-02 18-51-21,431,19.8944,35.7401
2019-06-02 18-51-25,431,19.841,35.7561
2019-06-02 18-51-27,431,19.812,35.8255
2019-06-02 18-51-29,430,19.7769,35.8949
2019-06-02 18-51-31,430,19.7128,35.9804
2019-06-02 18-51-33,430,19.6976,36.0071
2019-06-02 18-51-35,430,19.5419,36.0792
2019-06-02 18-51-37,431,19.4702,36.0925
2019-06-02 18-51-41,431,19.4199,36.1059
2019-06-02 18-51-43,431,19.4382,36.1513
2019-06-02 18-51-45,432,19.4229,36.1646
2019-06-02 18-51-47,432,19.4244,36.194
2019-06-02 18-51-49,432,19.3497,36.1513
2019-06-02 18-51-51,433,19.3863,36.1379
2019-06-02 18-51-53,433,19.4183,36.0925
2019-06-02 18-51-55,434,19.4336,36.0498
2019-06-02 18-51-59,435,19.4977,35.9804
2019-06-02 18-52-01,435,19.5343,35.967
2019-06-02 18-52-03,435,19.5511,35.9243
2019-06-02 18-52-05,435,19.6213,35.9377
2019-06-02 18-52-07,435,19.7266,35.911
2019-06-02 18-52-09,436,19.7067,35.8816
2019-06-02 18-52-11,435,19.6899,35.8816
2019-06-02 18-52-13,434,19.6381,35.911
2019-06-02 18-52-17,433,19.7067,35.8816
2019-06-02 18-52-19,433,19.6381,35.9377
2019-06-02 18-52-21,432,19.6609,35.9804
2019-06-02 18-52-23,432,19.6442,36.0231
2019-06-02 18-52-25,432,19.5755,36.0498
2019-06-02 18-52-27,431,19.574,36.0231
2019-06-02 18-52-29,431,19.6075,36.0071
2019-06-02 18-52-33,432,19.5557,36.0071
2019-06-02 18-52-35,432,19.5526,35.9804
2019-06-02 18-52-37,432,19.5557,35.9937
2019-06-02 18-52-39,432,19.5709,35.9804
2019-06-02 18-52-41,431,19.6289,36.0498
2019-06-02 18-52-43,431,19.4885,36.1059
2019-06-02 18-52-45,431,19.4061,36.194
2019-06-02 18-52-47,430,19.3787,36.2928
2019-06-02 18-52-51,431,19.2902,36.3329
2019-06-02 18-52-53,432,19.2413,36.389
2019-06-02 18-52-55,432,19.223,36.389
2019-06-02 18-52-57,432,19.1345,36.389
2019-06-02 18-52-59,433,19.1681,36.389
2019-06-02 18-53-01,433,19.1681,36.389
2019-06-02 18-53-03,434,19.1498,36.3623
2019-06-02 18-53-05,434,19.1864,36.3756
2019-06-02 18-53-09,435,19.1818,36.3329
2019-06-02 18-53-11,435,19.1986,36.2928
2019-06-02 18-53-13,436,19.2535,36.2768
2019-06-02 18-53-15,436,19.3192,36.2501
2019-06-02 18-53-17,437,19.3512,36.194
2019-06-02 18-53-19,437,19.4229,36.1513
2019-06-02 18-53-21,437,19.4199,36.1379
2019-06-02 18-53-25,437,19.4733,36.1379
2019-06-02 18-53-27,437,19.5282,36.1379
2019-06-02 18-53-29,436,19.4931,36.1646
2019-06-02 18-53-31,436,19.5297,36.178
2019-06-02 18-53-33,436,19.5847,36.2074
2019-06-02 18-53-35,436,19.4595,36.194
2019-06-02 18-53-37,436,19.4748,36.178
2019-06-02 18-53-39,436,19.5694,36.2207
2019-06-02 18-53-43,436,19.5145,36.2207
2019-06-02 18-53-45,435,19.4931,36.194
2019-06-02 18-53-47,436,19.5145,36.2207
2019-06-02 18-53-49,436,19.4458,36.2367
2019-06-02 18-53-51,436,19.3359,36.2074
2019-06-02 18-53-53,435,19.4611,36.2207
2019-06-02 18-53-55,435,19.3741,36.2207
2019-06-02 18-53-57,435,19.4061,36.194
2019-06-02 18-54-01,436,19.3909,36.2207
2019-06-02 18-54-03,436,19.4061,36.178
2019-06-02 18-54-05,436,19.3695,36.1646
2019-06-02 18-54-07,436,19.3878,36.1646
2019-06-02 18-54-09,435,19.4733,36.1192
2019-06-02 18-54-11,435,19.4046,36.1379
2019-06-02 18-54-13,435,19.455,36.1192
2019-06-02 18-54-17,435,19.3695,36.1379
2019-06-02 18-54-19,435,19.4016,36.0925
2019-06-02 18-54-21,434,19.4366,36.1059
2019-06-02 18-54-23,435,19.4336,36.0632
2019-06-02 18-54-25,434,19.5007,36.0231
2019-06-02 18-54-27,434,19.5389,36.0365
2019-06-02 18-54-29,434,19.5206,36.0231
2019-06-02 18-54-31,434,19.5557,35.9937
2019-06-02 18-54-35,434,19.5709,35.9937
2019-06-02 18-54-37,434,19.5892,36.0071
2019-06-02 18-54-39,433,19.6075,35.9937
2019-06-02 18-54-41,433,19.6426,36.0071
2019-06-02 18-54-43,433,19.6075,36.0071
2019-06-02 18-54-45,433,19.5709,35.9937
2019-06-02 18-54-47,433,19.574,36.0071
2019-06-02 18-54-49,433,19.574,36.0231
2019-06-02 18-54-53,433,19.5892,35.9937
2019-06-02 18-54-55,433,19.6075,36.0231
2019-06-02 18-54-57,433,19.6442,36.0231
2019-06-02 18-54-59,433,19.6426,36.0071
2019-06-02 18-55-01,433,19.7159,36.0231
2019-06-02 18-55-03,432,19.7159,36.0231
2019-06-02 18-55-05,432,19.6808,36.0231
2019-06-02 18-55-09,432,19.6808,36.0231
2019-06-02 18-55-11,432,19.7174,36.0365
2019-06-02 18-55-13,432,19.6075,36.0071
2019-06-02 18-55-15,432,19.6442,36.0231
2019-06-02 18-55-17,432,19.6426,36.0071
2019-06-02 18-55-19,432,19.6625,36.0071
2019-06-02 18-55-21,432,19.6442,36.0231
2019-06-02 18-55-23,431,19.6808,36.0071
2019-06-02 18-55-27,431,19.6976,35.9937
2019-06-02 18-55-29,431,19.7662,35.9804
2019-06-02 18-55-31,431,19.7662,35.967
2019-06-02 18-55-33,431,19.6579,35.9377
2019-06-02 18-55-35,431,19.7113,35.951
2019-06-02 18-55-37,431,19.7113,35.9243
2019-06-02 18-55-39,431,19.6945,35.951
2019-06-02 18-55-41,431,19.6579,35.9243
2019-06-02 18-55-45,431,19.7769,35.8949
2019-06-02 18-55-47,431,19.6884,35.8682
2019-06-02 18-55-49,431,19.7403,35.8682
2019-06-02 18-55-51,431,19.7403,35.8549
2019-06-02 18-55-53,431,19.6533,35.8682
2019-06-02 18-55-55,431,19.7037,35.8255
2019-06-02 18-55-57,431,19.7906,35.8255
2019-06-02 18-56-01,431,19.7037,35.8255
2019-06-02 18-56-03,432,19.6518,35.8255
2019-06-02 18-56-05,432,19.6854,35.8255
2019-06-02 18-56-07,432,19.6854,35.8255
2019-06-02 18-56-09,432,19.6854,35.7961
2019-06-02 18-56-11,432,19.7205,35.8122
2019-06-02 18-56-13,432,19.7586,35.8682
2019-06-02 18-56-15,431,19.7403,35.8682
2019-06-02 18-56-19,430,19.7937,35.8682
2019-06-02 18-56-21,430,19.7449,35.9243
2019-06-02 18-56-24,430,19.6381,35.9243
2019-06-02 18-56-26,430,19.5847,35.9377
2019-06-02 18-56-28,430,19.6396,35.951
2019-06-02 18-56-30,430,19.5709,35.967
2019-06-02 18-56-32,429,19.5526,35.9804
2019-06-02 18-56-36,429,19.5709,35.9937
2019-06-02 18-56-38,429,19.5557,36.0071
2019-06-02 18-56-40,429,19.5557,35.9937
2019-06-02 18-56-42,429,19.5374,35.9804
2019-06-02 18-56-44,430,19.519,35.9937
2019-06-02 18-56-46,431,19.5709,35.9937
2019-06-02 18-56-48,431,19.6243,35.9804
2019-06-02 18-56-50,430,19.606,35.9804
2019-06-02 18-56-54,430,19.5557,36.0071
2019-06-02 18-56-56,431,19.6426,35.9937
2019-06-02 18-56-58,431,19.6075,36.0071
2019-06-02 18-57-00,431,19.606,35.9804
2019-06-02 18-57-02,431,19.606,35.9804
2019-06-02 18-57-04,431,19.6976,36.0071
2019-06-02 18-57-06,432,19.6762,35.9377
2019-06-02 18-57-08,432,19.6396,35.967
2019-06-02 18-57-12,432,19.6762,35.951
2019-06-02 18-57-14,432,19.6747,35.911
2019-06-02 18-57-16,432,19.7266,35.911
2019-06-02 18-57-18,433,19.7983,35.9243
2019-06-02 18-57-20,433,19.8166,35.8949
2019-06-02 18-57-22,432,19.8502,35.8816
2019-06-02 18-57-24,433,19.8318,35.8949
2019-06-02 18-57-28,432,19.9188,35.8816
2019-06-02 18-57-30,431,19.8669,35.8816
2019-06-02 18-57-32,431,19.8318,35.8682
2019-06-02 18-57-34,431,19.8822,35.8549
2019-06-02 18-57-36,431,19.8822,35.8682
2019-06-02 18-57-38,432,19.899,35.8389
2019-06-02 18-57-40,432,19.899,35.8389
2019-06-02 18-57-42,432,19.8639,35.8389
2019-06-02 18-57-46,432,19.8822,35.8389
2019-06-02 18-57-48,432,19.8776,35.7961
2019-06-02 18-57-50,432,19.8639,35.8389
2019-06-02 18-57-52,432,19.8624,35.7961
2019-06-02 18-57-54,432,19.8807,35.8122
2019-06-02 18-57-56,432,19.8959,35.7828
2019-06-02 18-57-58,432,19.8944,35.7694
2019-06-02 18-58-00,432,19.8959,35.7828
2019-06-02 18-58-04,432,19.8776,35.7961
2019-06-02 18-58-06,431,19.9127,35.7694
2019-06-02 18-58-08,432,19.928,35.7561
2019-06-02 18-58-10,432,19.8761,35.7561
2019-06-02 18-58-12,431,19.9097,35.7401
2019-06-02 18-58-14,431,19.986,35.7694
2019-06-02 18-58-16,431,19.9097,35.7401
2019-06-02 18-58-20,431,19.8914,35.7267
2019-06-02 18-58-22,431,19.9097,35.7401
2019-06-02 18-58-24,431,19.873,35.7
2019-06-02 18-58-26,431,19.8761,35.7267
2019-06-02 18-58-28,432,19.8914,35.7267
2019-06-02 18-58-30,432,19.8227,35.7267
2019-06-02 18-58-32,431,19.7525,35.7694
2019-06-02 18-58-34,431,19.841,35.7694
2019-06-02 18-58-38,431,19.754,35.7828
2019-06-02 18-58-40,431,19.7357,35.7961
2019-06-02 18-58-42,431,19.7586,35.8682
2019-06-02 18-58-44,430,19.6899,35.8816
2019-06-02 18-58-46,431,19.6884,35.8682
2019-06-02 18-58-48,431,19.6533,35.8549
2019-06-02 18-58-50,431,19.725,35.8682
2019-06-02 18-58-54,431,19.6701,35.8389
2019-06-02 18-58-56,431,19.7037,35.8122
2019-06-02 18-58-58,431,19.6518,35.8255
2019-06-02 18-59-00,432,19.6671,35.7828
2019-06-02 18-59-02,432,19.7021,35.7828
2019-06-02 18-59-04,432,19.7891,35.7828
2019-06-02 18-59-06,432,19.809,35.8122
2019-06-02 18-59-08,432,19.754,35.8122
2019-06-02 18-59-12,433,19.7388,35.8122
2019-06-02 18-59-14,433,19.7571,35.8549
2019-06-02 18-59-16,432,19.7433,35.8816
2019-06-02 18-59-18,432,19.7571,35.8549
2019-06-02 18-59-20,432,19.6716,35.8816
2019-06-02 18-59-22,432,19.7083,35.911
2019-06-02 18-59-24,433,19.7113,35.9243
2019-06-02 18-59-26,433,19.6747,35.911
2019-06-02 18-59-30,433,19.693,35.9377
2019-06-02 18-59-32,432,19.6625,36.0071
2019-06-02 18-59-34,432,19.6442,36.0231
2019-06-02 18-59-36,432,19.6289,36.0792
2019-06-02 18-59-38,432,19.6472,36.0632
2019-06-02 18-59-40,432,19.5938,36.0632
2019-06-02 18-59-42,433,19.5755,36.0632
2019-06-02 18-59-46,433,19.6259,36.0365
2019-06-02 18-59-48,434,19.5892,36.0071
2019-06-02 18-59-50,434,19.5892,35.9804
2019-06-02 18-59-52,434,19.6579,35.951
2019-06-02 18-59-54,435,19.6381,35.9243
2019-06-02 18-59-56,435,19.6579,35.9377
2019-06-02 18-59-58,435,19.6579,35.9243
2019-06-02 19-00-00,435,19.6381,35.9243
2019-06-02 19-00-04,436,19.5847,35.9377
2019-06-02 19-00-06,435,19.693,35.9243
2019-06-02 19-00-08,435,19.725,35.8949
2019-06-02 19-00-10,435,19.725,35.8949
2019-06-02 19-00-12,435,19.7083,35.8949
2019-06-02 19-00-14,435,19.7937,35.8816
2019-06-02 19-00-16,436,19.8502,35.8816
2019-06-02 19-00-18,435,19.8486,35.8682
2019-06-02 19-00-22,435,19.9005,35.8816
2019-06-02 19-00-24,435,19.8822,35.8682
2019-06-02 19-00-26,435,19.8669,35.8682
2019-06-02 19-00-28,435,19.7906,35.8389
2019-06-02 19-00-30,435,19.8303,35.8549
2019-06-02 19-00-32,435,19.7906,35.8389
2019-06-02 19-00-34,435,19.7723,35.7961
2019-06-02 19-00-38,435,19.8624,35.8122
2019-06-02 19-00-40,435,19.8456,35.8122
2019-06-02 19-00-42,435,19.8776,35.7828
2019-06-02 19-00-44,435,19.8257,35.7828
2019-06-02 19-00-46,435,19.8257,35.7561
2019-06-02 19-00-48,436,19.8761,35.7561
2019-06-02 19-00-50,435,19.7861,35.7561
2019-06-02 19-00-52,435,19.841,35.7561
2019-06-02 19-00-56,435,19.7708,35.7694
2019-06-02 19-00-58,435,19.841,35.7401
2019-06-02 19-01-00,435,19.8044,35.7267
2019-06-02 19-01-02,435,19.9265,35.7267
2019-06-02 19-01-04,435,19.7845,35.7267
2019-06-02 19-01-06,435,19.8578,35.7134
2019-06-02 19-01-08,435,19.8364,35.6813
2019-06-02 19-01-12,435,19.8715,35.668
2019-06-02 19-01-14,435,19.9051,35.6546
2019-06-02 19-01-16,435,19.8868,35.6546
2019-06-02 19-01-18,435,19.9051,35.6413
2019-06-02 19-01-20,435,19.9783,35.6546
2019-06-02 19-01-22,435,19.8868,35.6546
2019-06-02 19-01-24,435,19.9783,35.6546
2019-06-02 19-01-26,434,19.9966,35.7
2019-06-02 19-01-30,435,19.9448,35.7134
2019-06-02 19-01-32,434,19.873,35.7
2019-06-02 19-01-34,434,19.928,35.7401
2019-06-02 19-01-36,434,19.8914,35.7267
2019-06-02 19-01-38,434,19.928,35.7401
2019-06-02 19-01-40,434,19.9966,35.7
2019-06-02 19-01-42,434,19.9448,35.7267
2019-06-02 19-01-46,434,19.9631,35.7134
2019-06-02 19-01-48,434,19.9814,35.7
2019-06-02 19-01-51,433,20.0516,35.7267
2019-06-02 19-01-53,434,20.0516,35.7267
2019-06-02 19-01-55,433,20.0836,35.7
2019-06-02 19-01-57,433,20.0317,35.7
2019-06-02 19-01-59,433,20.1065,35.7134
2019-06-02 19-02-01,433,20.0516,35.7267
2019-06-02 19-02-05,433,20.0684,35.7267
2019-06-02 19-02-07,433,20.0562,35.7961
2019-06-02 19-02-09,433,20.0409,35.8389
2019-06-02 19-02-11,433,19.9188,35.8682
2019-06-02 19-02-13,433,19.9005,35.8682
2019-06-02 19-02-15,433,19.8135,35.8816
2019-06-02 19-02-17,433,19.7113,35.9243
2019-06-02 19-02-21,433,19.7617,35.9243
2019-06-02 19-02-23,433,19.7113,35.9243
2019-06-02 19-02-25,434,19.7586,35.8816
2019-06-02 19-02-27,434,19.8318,35.8816
2019-06-02 19-02-29,434,19.9005,35.8682
2019-06-02 19-02-31,435,19.899,35.8389
2019-06-02 19-02-33,436,19.8456,35.8255
2019-06-02 19-02-35,435,19.931,35.7828
2019-06-02 19-02-39,435,19.8776,35.7828
2019-06-02 19-02-41,435,19.9127,35.7828
2019-06-02 19-02-43,436,19.931,35.7694
2019-06-02 19-02-45,436,19.9646,35.7267
2019-06-02 19-02-47,436,19.9265,35.7267
2019-06-02 19-02-49,436,19.8914,35.7267
2019-06-02 19-02-51,436,19.9631,35.7134
2019-06-02 19-02-53,436,20.015,35.7134
2019-06-02 19-02-57,436,19.9265,35.7
2019-06-02 19-02-59,436,20.015,35.7
2019-06-02 19-03-01,436,19.9997,35.7267
2019-06-02 19-03-03,435,20.018,35.7267
2019-06-02 19-03-05,436,20.05,35.7134
2019-06-02 19-03-07,435,20.0516,35.7267
2019-06-02 19-03-09,435,20.015,35.7
2019-06-02 19-03-13,436,20.0684,35.7267
2019-06-02 19-03-15,435,20.015,35.7134
2019-06-02 19-03-17,435,20.0653,35.6813
2019-06-02 19-03-19,435,20.105,35.7
2019-06-02 19-03-21,435,20.0821,35.6546
2019-06-02 19-03-23,435,19.9966,35.6813
2019-06-02 19-03-25,435,20.0134,35.6546
2019-06-02 19-03-27,435,20.0821,35.6546
2019-06-02 19-03-31,435,19.9768,35.6413
2019-06-02 19-03-33,435,20.047,35.6546
2019-06-02 19-03-35,435,19.9921,35.6252
2019-06-02 19-03-37,434,19.9966,35.7
2019-06-02 19-03-39,434,19.9127,35.7694
2019-06-02 19-03-41,434,19.8807,35.8122
2019-06-02 19-03-43,434,19.9005,35.8549
2019-06-02 19-03-47,433,19.7952,35.911
2019-06-02 19-03-49,434,19.7296,35.967
2019-06-02 19-03-51,434,19.7128,35.9937
2019-06-02 19-03-53,434,19.6793,35.9804
2019-06-02 19-03-55,434,19.6793,35.9804
2019-06-02 19-03-57,434,19.6945,35.951
2019-06-02 19-03-59,435,19.7128,35.967
2019-06-02 19-04-01,435,19.6793,35.967
2019-06-02 19-04-05,435,19.7632,35.951
2019-06-02 19-04-07,435,19.7662,35.967
2019-06-02 19-04-09,435,19.7632,35.9377
2019-06-02 19-04-11,435,19.8181,35.9377
2019-06-02 19-04-13,435,19.7983,35.9243
2019-06-02 19-04-15,436,19.7617,35.9243
2019-06-02 19-04-17,436,19.8685,35.9243
2019-06-02 19-04-21,436,19.8685,35.9243
2019-06-02 19-04-23,436,19.8349,35.911
2019-06-02 19-04-25,436,19.8868,35.911
2019-06-02 19-04-27,436,19.8318,35.8949
2019-06-02 19-04-29,437,19.8639,35.8549
2019-06-02 19-04-31,437,19.8502,35.8816
2019-06-02 19-04-33,437,19.8822,35.8549
2019-06-02 19-04-35,437,19.9173,35.8389
2019-06-02 19-04-41,437,19.9509,35.8389
2019-06-02 19-04-43,437,19.9005,35.8549
2019-06-02 19-04-45,437,19.899,35.8255
2019-06-02 19-04-47,437,19.9173,35.8389
2019-06-02 19-04-49,437,19.8456,35.8389
2019-06-02 19-04-51,437,19.7754,35.8389
2019-06-02 19-04-55,436,19.8822,35.8682
2019-06-02 19-04-57,436,19.8502,35.911
2019-06-02 19-04-59,436,19.8212,35.967
2019-06-02 19-05-01,436,19.7479,35.9804
2019-06-02 19-05-03,436,19.7311,36.0071
2019-06-02 19-05-05,436,19.7342,36.0231
2019-06-02 19-05-07,437,19.6793,35.9937
2019-06-02 19-05-09,437,19.6793,35.9804
2019-06-02 19-05-13,437,19.6579,35.9243
2019-06-02 19-05-15,438,19.7266,35.9243
2019-06-02 19-05-17,438,19.6747,35.911
2019-06-02 19-05-19,438,19.7769,35.8816
2019-06-02 19-05-21,438,19.7769,35.8816
2019-06-02 19-05-23,437,19.8135,35.8549
2019-06-02 19-05-25,437,19.8303,35.8389
2019-06-02 19-05-27,437,19.8456,35.8255
2019-06-02 19-05-31,438,19.8273,35.8122
2019-06-02 19-05-33,437,19.8807,35.8255
2019-06-02 19-05-35,437,19.8807,35.8122
2019-06-02 19-05-37,437,19.8807,35.8122
2019-06-02 19-05-39,437,19.9173,35.8389
2019-06-02 19-05-41,437,19.9005,35.8682
2019-06-02 19-05-43,437,19.9188,35.8682
2019-06-02 19-05-47,437,19.9371,35.8949
2019-06-02 19-05-49,437,19.8349,35.9243
2019-06-02 19-05-51,437,19.8898,35.951
2019-06-02 19-05-53,437,19.7998,35.967
2019-06-02 19-05-55,437,19.8547,35.9804
2019-06-02 19-05-57,437,19.8532,35.951
2019-06-02 19-05-59,437,19.8349,35.9377
2019-06-02 19-06-01,437,19.8532,35.951
2019-06-02 19-06-05,437,19.8715,35.9377
2019-06-02 19-06-07,437,19.9051,35.9243
2019-06-02 19-06-09,437,19.9219,35.911
2019-06-02 19-06-11,437,19.8853,35.8949
2019-06-02 19-06-13,437,19.9219,35.9243
2019-06-02 19-06-15,437,19.8532,35.951
2019-06-02 19-06-17,438,19.8547,35.9804
2019-06-02 19-06-21,438,19.8227,36.0071
2019-06-02 19-06-23,437,19.7815,35.967
2019-06-02 19-06-25,438,19.7845,35.9804
2019-06-02 19-06-27,438,19.7449,35.951
2019-06-02 19-06-29,439,19.7815,35.951
2019-06-02 19-06-31,439,19.7983,35.9243
2019-06-02 19-06-33,439,19.7617,35.9243
2019-06-02 19-06-35,439,19.8669,35.8816
2019-06-02 19-06-39,439,19.8669,35.8816
2019-06-02 19-06-41,440,19.8318,35.8816
2019-06-02 19-06-43,440,19.8669,35.8682
2019-06-02 19-06-45,440,19.8639,35.8549
2019-06-02 19-06-47,439,19.8822,35.8549
2019-06-02 19-06-49,440,19.9509,35.8255
2019-06-02 19-06-51,439,19.8822,35.8389
2019-06-02 19-06-53,439,19.899,35.8389
2019-06-02 19-06-57,439,19.9173,35.8389
2019-06-02 19-06-59,438,19.899,35.8389
2019-06-02 19-07-01,438,19.9173,35.8389
2019-06-02 19-07-03,438,19.9188,35.8682
2019-06-02 19-07-05,437,19.9722,35.8389
2019-06-02 19-07-07,437,19.9326,35.8255
2019-06-02 19-07-09,437,19.9142,35.8122
2019-06-02 19-07-13,438,19.9326,35.8122
2019-06-02 19-07-15,438,19.8959,35.7961
2019-06-02 19-07-17,438,19.9509,35.8255
2019-06-02 19-07-19,437,19.9326,35.8122
2019-06-02 19-07-21,438,19.8959,35.8122
2019-06-02 19-07-23,437,19.9127,35.7828
2019-06-02 19-07-25,437,19.9463,35.7828
2019-06-02 19-07-27,436,19.931,35.7828
2019-06-02 19-07-32,437,19.8959,35.7961
2019-06-02 19-07-34,437,19.9463,35.7694
2019-06-02 19-07-36,437,19.9463,35.7828
2019-06-02 19-07-38,437,19.9127,35.7561
2019-06-02 19-07-40,437,19.8944,35.7561
2019-06-02 19-07-42,437,19.9829,35.7561
2019-06-02 19-07-44,437,19.928,35.7561
2019-06-02 19-07-46,437,19.9463,35.7561
2019-06-02 19-07-50,436,19.9463,35.7694
2019-06-02 19-07-52,436,19.8593,35.7828
2019-06-02 19-07-54,435,19.9142,35.8255
2019-06-02 19-07-56,435,19.8318,35.8682
2019-06-02 19-07-58,434,19.7952,35.911
2019-06-02 19-08-00,434,19.8181,35.951
2019-06-02 19-08-02,434,19.7495,35.9937
2019-06-02 19-08-06,434,19.6808,36.0071
2019-06-02 19-08-08,434,19.7174,36.0365
2019-06-02 19-08-10,434,19.6442,36.0498
2019-06-02 19-08-12,434,19.6671,36.0792
2019-06-02 19-08-14,434,19.6304,36.0925
2019-06-02 19-08-16,434,19.7037,36.1059
2019-06-02 19-08-18,434,19.5068,36.1192
2019-06-02 19-08-20,434,19.5618,36.1059
2019-06-02 19-08-24,434,19.5938,36.0792
2019-06-02 19-08-26,435,19.6472,36.0632
2019-06-02 19-08-28,435,19.6655,36.0365
2019-06-02 19-08-30,435,19.6442,36.0231
2019-06-02 19-08-32,436,19.6259,36.0365
2019-06-02 19-08-34,436,19.6976,35.9937
2019-06-02 19-08-36,436,19.7296,35.967
2019-06-02 19-08-40,436,19.7479,35.9804
2019-06-02 19-08-42,436,19.7998,35.967
2019-06-02 19-08-44,437,19.7815,35.967
2019-06-02 19-08-46,437,19.7632,35.951
2019-06-02 19-08-48,437,19.8364,35.951
2019-06-02 19-08-50,436,19.8364,35.951
2019-06-02 19-08-52,436,19.8547,35.9804
2019-06-02 19-08-54,436,19.7479,35.9804
2019-06-02 19-08-58,436,19.7998,35.967
2019-06-02 19-09-00,436,19.7845,36.0071
2019-06-02 19-09-02,436,19.7525,36.0365
2019-06-02 19-09-04,436,19.7159,36.0071
2019-06-02 19-09-06,436,19.6991,36.0498
2019-06-02 19-09-08,436,19.6991,36.0365
2019-06-02 19-09-10,436,19.7021,36.0792
2019-06-02 19-09-12,437,19.7357,36.0792
2019-06-02 19-09-16,437,19.7037,36.1059
2019-06-02 19-09-18,438,19.5984,36.1379
2019-06-02 19-09-20,438,19.6884,36.1513
2019-06-02 19-09-22,438,19.5801,36.1513
2019-06-02 19-09-24,438,19.5114,36.194
2019-06-02 19-09-26,438,19.4962,36.2207
2019-06-02 19-09-28,438,19.4794,36.2367
2019-06-02 19-09-32,438,19.4458,36.2367
2019-06-02 19-09-34,438,19.429,36.2768
2019-06-02 19-09-36,438,19.3954,36.2768
2019-06-02 19-09-38,438,19.3787,36.2928
2019-06-02 19-09-40,439,19.4107,36.2635
2019-06-02 19-09-42,438,19.3771,36.2768
2019-06-02 19-09-44,439,19.4107,36.2768
2019-06-02 19-09-46,438,19.4275,36.2501
2019-06-02 19-09-50,439,19.4778,36.2207
2019-06-02 19-09-52,439,19.4962,36.2367
2019-06-02 19-09-54,438,19.4962,36.2074
2019-06-02 19-09-56,439,19.4778,36.2074
2019-06-02 19-09-58,438,19.5145,36.2207
2019-06-02 19-10-00,439,19.4778,36.2074
2019-06-02 19-10-02,439,19.4962,36.2074
2019-06-02 19-10-04,439,19.5831,36.178
2019-06-02 19-10-08,438,19.5114,36.2074
2019-06-02 19-10-10,438,19.5099,36.178
2019-06-02 19-10-12,438,19.4962,36.2074
2019-06-02 19-10-14,437,19.5328,36.194
2019-06-02 19-10-16,438,19.5114,36.2074
2019-06-02 19-10-18,437,19.5099,36.178
2019-06-02 19-10-20,437,19.4244,36.194
2019-06-02 19-10-24,436,19.4427,36.2207
2019-06-02 19-10-26,436,19.4641,36.2501
2019-06-02 19-10-28,437,19.4107,36.2501
2019-06-02 19-10-30,436,19.3954,36.2768
2019-06-02 19-10-32,436,19.4138,36.2928
2019-06-02 19-10-34,436,19.3771,36.2635
2019-06-02 19-10-36,437,19.3741,36.2207
2019-06-02 19-10-38,437,19.3924,36.2367
2019-06-02 19-10-42,437,19.4412,36.194
2019-06-02 19-10-44,437,19.4565,36.1513
2019-06-02 19-10-46,437,19.5618,36.1192
2019-06-02 19-10-48,437,19.4885,36.1059
2019-06-02 19-10-50,437,19.5755,36.0632
2019-06-02 19-10-52,436,19.5602,36.0792
2019-06-02 19-10-54,436,19.574,36.0365
2019-06-02 19-10-56,436,19.6442,36.0231
2019-06-02 19-11-00,435,19.574,36.0231
2019-06-02 19-11-02,435,19.6213,35.951
2019-06-02 19-11-04,434,19.6396,35.9804
2019-06-02 19-11-06,434,19.6381,35.9377
2019-06-02 19-11-08,434,19.6747,35.911
2019-06-02 19-11-10,434,19.7266,35.911
2019-06-02 19-11-12,433,19.693,35.911
2019-06-02 19-11-16,433,19.7586,35.8816
2019-06-02 19-11-18,433,19.725,35.8816
2019-06-02 19-11-20,432,19.7754,35.8682
2019-06-02 19-11-22,432,19.812,35.8389
2019-06-02 19-11-24,432,19.8822,35.8682
2019-06-02 19-11-26,431,19.9356,35.8682
2019-06-02 19-11-28,431,19.9005,35.8816
2019-06-02 19-11-30,430,19.8868,35.911
2019-06-02 19-11-34,429,19.8685,35.9243
2019-06-02 19-11-36,428,19.8212,35.9804
2019-06-02 19-11-38,428,19.7678,36.0231
2019-06-02 19-11-40,427,19.7021,36.0632
2019-06-02 19-11-42,427,19.6518,36.1513
2019-06-02 19-11-44,427,19.6152,36.1379
2019-06-02 19-11-46,427,19.5831,36.1646
2019-06-02 19-11-50,428,19.6716,36.178
2019-06-02 19-11-52,429,19.6152,36.1192
2019-06-02 19-11-54,430,19.6487,36.1059
2019-06-02 19-11-56,430,19.5786,36.0925
2019-06-02 19-11-58,429,19.6472,36.0632
2019-06-02 19-12-00,431,19.6106,36.0498
2019-06-02 19-12-02,431,19.7159,36.0071
2019-06-02 19-12-04,431,19.7296,35.967
2019-06-02 19-12-08,431,19.7479,35.967
2019-06-02 19-12-10,432,19.7479,35.9804
2019-06-02 19-12-12,431,19.8181,35.9377
2019-06-02 19-12-14,432,19.7617,35.911
2019-06-02 19-12-16,431,19.8502,35.911
2019-06-02 19-12-18,431,19.8685,35.9243
2019-06-02 19-12-20,430,19.8532,35.9243
2019-06-02 19-12-22,430,19.8502,35.911
2019-06-02 19-12-26,429,19.8532,35.951
2019-06-02 19-12-28,429,19.9219,35.9243
2019-06-02 19-12-30,429,19.8181,35.9377
2019-06-02 19-12-32,429,19.8868,35.9243
2019-06-02 19-12-34,429,19.8349,35.9377
2019-06-02 19-12-36,429,19.8685,35.911
2019-06-02 19-12-38,429,19.8715,35.9377
2019-06-02 19-12-42,429,19.8532,35.9243
2019-06-02 19-12-44,429,19.8532,35.9377
2019-06-02 19-12-46,429,19.8502,35.8949
2019-06-02 19-12-48,430,19.8502,35.8816
2019-06-02 19-12-50,430,19.8853,35.8949
2019-06-02 19-12-52,430,19.8502,35.8816
2019-06-02 19-12-54,430,19.8318,35.8682
2019-06-02 19-12-56,430,19.8502,35.8816
2019-06-02 19-13-00,430,19.8318,35.8682
2019-06-02 19-13-02,430,19.8135,35.8816
2019-06-02 19-13-04,430,19.8669,35.8682
2019-06-02 19-13-07,430,19.7937,35.8816
2019-06-02 19-13-09,430,19.7403,35.8682
2019-06-02 19-13-11,430,19.8135,35.8682
2019-06-02 19-13-13,429,19.7937,35.8816
2019-06-02 19-13-17,429,19.7937,35.8816
2019-06-02 19-13-19,429,19.7952,35.911
2019-06-02 19-13-21,429,19.7617,35.8949
2019-06-02 19-13-23,429,19.7083,35.8949
2019-06-02 19-13-25,429,19.7266,35.9243
2019-06-02 19-13-27,430,19.7586,35.8816
2019-06-02 19-13-29,430,19.7586,35.8816
2019-06-02 19-13-31,430,19.7433,35.8949
2019-06-02 19-13-35,430,19.8318,35.8816
2019-06-02 19-13-37,431,19.8135,35.8549
2019-06-02 19-13-39,431,19.7754,35.8389
2019-06-02 19-13-41,431,19.7937,35.8549
2019-06-02 19-13-43,431,19.8135,35.8549
2019-06-02 19-13-45,432,19.8853,35.8816
2019-06-02 19-13-47,432,19.8303,35.8389
2019-06-02 19-13-49,432,19.8486,35.8549
2019-06-02 19-13-53,432,19.7952,35.8949
2019-06-02 19-13-55,433,19.7754,35.8682
2019-06-02 19-13-57,433,19.7937,35.8816
2019-06-02 19-13-59,433,19.8318,35.8682
2019-06-02 19-14-01,433,19.8318,35.8682
2019-06-02 19-14-03,433,19.8669,35.8682
2019-06-02 19-14-05,434,19.8486,35.8549
2019-06-02 19-14-09,434,19.9005,35.8549
2019-06-02 19-14-11,434,19.8318,35.8816
2019-06-02 19-14-13,434,19.8318,35.8949
2019-06-02 19-14-15,433,19.8639,35.8549
2019-06-02 19-14-17,433,19.8822,35.8389
2019-06-02 19-14-19,433,19.9005,35.8816
2019-06-02 19-14-21,433,19.899,35.8255
2019-06-02 19-14-23,433,19.9173,35.8389
2019-06-02 19-14-27,433,19.9326,35.8122
2019-06-02 19-14-29,433,19.8639,35.8389
2019-06-02 19-14-31,433,19.9142,35.8255
2019-06-02 19-14-33,433,19.8303,35.8549
2019-06-02 19-14-35,434,19.8853,35.8949
2019-06-02 19-14-37,434,19.9005,35.8682
2019-06-02 19-14-39,433,19.9356,35.8549
2019-06-02 19-14-41,433,19.8318,35.8816
2019-06-02 19-14-45,433,19.8502,35.911
2019-06-02 19-14-47,432,19.7815,35.951
2019-06-02 19-14-49,432,19.8212,35.9937
2019-06-02 19-14-51,432,19.7845,35.9937
2019-06-02 19-14-53,432,19.7159,36.0231
2019-06-02 19-14-55,432,19.6655,36.0632
2019-06-02 19-14-57,432,19.6121,36.0925
2019-06-02 19-15-01,432,19.5786,36.0925
2019-06-02 19-15-03,432,19.5801,36.1513
2019-06-02 19-15-05,432,19.5297,36.178
2019-06-02 19-15-07,432,19.5114,36.2074
2019-06-02 19-15-09,432,19.4778,36.2074
2019-06-02 19-15-11,432,19.4962,36.2074
2019-06-02 19-15-13,433,19.548,36.194
2019-06-02 19-15-15,433,19.4931,36.178
2019-06-02 19-15-19,433,19.4565,36.1646
2019-06-02 19-15-21,433,19.4916,36.1513
2019-06-02 19-15-23,434,19.4916,36.1379
2019-06-02 19-15-25,435,19.5435,36.1192
2019-06-02 19-15-27,434,19.5251,36.0925
2019-06-02 19-15-29,434,19.4702,36.0925
2019-06-02 19-15-31,435,19.5053,36.0792
2019-06-02 19-15-33,434,19.5236,36.0632
2019-06-02 19-15-37,435,19.5602,36.0632
2019-06-02 19-15-39,434,19.5602,36.0632
2019-06-02 19-15-41,435,19.5602,36.0792
2019-06-02 19-15-43,435,19.5251,36.0925
2019-06-02 19-15-45,434,19.5251,36.0925
2019-06-02 19-15-47,434,19.4733,36.1192
2019-06-02 19-15-49,434,19.5618,36.1192
2019-06-02 19-15-53,434,19.5068,36.1192
2019-06-02 19-15-55,434,19.5068,36.1379
2019-06-02 19-15-57,434,19.5435,36.0925
2019-06-02 19-15-59,434,19.5602,36.0792
2019-06-02 19-16-01,434,19.487,36.0498
2019-06-02 19-16-03,434,19.5206,36.0231
2019-06-02 19-16-05,434,19.5709,35.9937
2019-06-02 19-16-07,434,19.6243,35.9804
2019-06-02 19-16-11,434,19.603,35.951
2019-06-02 19-16-13,434,19.6396,35.951
2019-06-02 19-16-15,433,19.7113,35.9377
2019-06-02 19-16-17,433,19.7266,35.911
2019-06-02 19-16-19,433,19.693,35.911
2019-06-02 19-16-21,433,19.6899,35.8816
2019-06-02 19-16-23,433,19.725,35.8682
2019-06-02 19-16-25,432,19.6716,35.8816
2019-06-02 19-16-29,431,19.6899,35.8949
2019-06-02 19-16-31,431,19.6701,35.8549
2019-06-02 19-16-33,430,19.7433,35.911
2019-06-02 19-16-35,430,19.7083,35.911
2019-06-02 19-16-37,429,19.6762,35.9377
2019-06-02 19-16-39,429,19.6426,36.0071
2019-06-02 19-16-41,428,19.574,36.0231
2019-06-02 19-16-45,427,19.5435,36.0925
2019-06-02 19-16-47,426,19.5465,36.1379
2019-06-02 19-16-49,426,19.4229,36.178
2019-06-02 19-16-51,426,19.4427,36.2074
2019-06-02 19-16-53,425,19.4275,36.2367
2019-06-02 19-16-55,424,19.3771,36.2635
2019-06-02 19-16-57,424,19.3237,36.3062
2019-06-02 19-16-59,425,19.342,36.3062
2019-06-02 19-17-03,425,19.3085,36.3195
2019-06-02 19-17-05,425,19.2581,36.3623
2019-06-02 19-17-07,426,19.3268,36.3623
2019-06-02 19-17-09,427,19.3604,36.3329
2019-06-02 19-17-11,428,19.3787,36.3062
2019-06-02 19-17-13,428,19.3237,36.3062
2019-06-02 19-17-15,429,19.3924,36.2367
2019-06-02 19-17-17,429,19.3741,36.2207
2019-06-02 19-17-21,429,19.3726,36.194
2019-06-02 19-17-23,429,19.3878,36.1646
2019-06-02 19-17-25,429,19.4916,36.1513
2019-06-02 19-17-27,429,19.4733,36.1379
2019-06-02 19-17-29,429,19.4733,36.1192
2019-06-02 19-17-31,429,19.5053,36.0792
2019-06-02 19-17-33,429,19.5251,36.0792
2019-06-02 19-17-37,428,19.5786,36.0792
2019-06-02 19-17-39,429,19.5602,36.0632
2019-06-02 19-17-41,429,19.6106,36.0632
2019-06-02 19-17-43,429,19.6655,36.0365
2019-06-02 19-17-45,429,19.6442,36.0365
2019-06-02 19-17-47,429,19.6106,36.0498
2019-06-02 19-17-49,430,19.6472,36.0632
2019-06-02 19-17-51,429,19.6838,36.0792
2019-06-02 19-17-55,430,19.6304,36.0925
2019-06-02 19-17-57,430,19.6304,36.0925
2019-06-02 19-17-59,429,19.6304,36.1059
2019-06-02 19-18-01,429,19.5648,36.1379
2019-06-02 19-18-03,428,19.5648,36.1513
2019-06-02 19-18-05,429,19.5984,36.1646
2019-06-02 19-18-07,429,19.5663,36.178
2019-06-02 19-18-09,429,19.5297,36.1513
2019-06-02 19-18-13,429,19.5297,36.1646
2019-06-02 19-18-15,429,19.4595,36.194
2019-06-02 19-18-17,429,19.5328,36.194
2019-06-02 19-18-19,430,19.4931,36.1646
2019-06-02 19-18-21,430,19.5328,36.2074
2019-06-02 19-18-23,430,19.548,36.1646
2019-06-02 19-18-25,430,19.5465,36.1513
2019-06-02 19-18-29,430,19.5099,36.1646
2019-06-02 19-18-31,430,19.4916,36.1379
2019-06-02 19-18-34,430,19.4916,36.1379
2019-06-02 19-18-36,430,19.4733,36.1379
2019-06-02 19-18-38,431,19.4916,36.1379
2019-06-02 19-18-40,430,19.455,36.1059
2019-06-02 19-18-42,430,19.4702,36.0925
2019-06-02 19-18-44,430,19.5419,36.0632
2019-06-02 19-18-48,430,19.5053,36.0792
2019-06-02 19-18-50,430,19.5419,36.0632
2019-06-02 19-18-52,430,19.5572,36.0498
2019-06-02 19-18-54,430,19.4702,36.0792
2019-06-02 19-18-56,430,19.5419,36.0792
2019-06-02 19-18-58,430,19.5602,36.0792
2019-06-02 19-19-00,429,19.5923,36.0365
2019-06-02 19-19-04,429,19.5389,36.0365
2019-06-02 19-19-06,429,19.5557,36.0231
2019-06-02 19-19-08,429,19.6075,35.9937
2019-06-02 19-19-10,429,19.5709,35.967
2019-06-02 19-19-12,429,19.6579,35.9377
2019-06-02 19-19-14,430,19.6762,35.951
2019-06-02 19-19-16,429,19.6381,35.9377
2019-06-02 19-19-18,429,19.6579,35.9243
2019-06-02 19-19-22,429,19.7617,35.911
2019-06-02 19-19-24,428,19.7403,35.8682
2019-06-02 19-19-26,429,19.7433,35.8816
2019-06-02 19-19-28,428,19.7586,35.8816
2019-06-02 19-19-30,428,19.7586,35.8682
2019-06-02 19-19-32,428,19.7571,35.8389
2019-06-02 19-19-34,428,19.7754,35.8389
2019-06-02 19-19-36,428,19.7571,35.8389
2019-06-02 19-19-40,428,19.8273,35.8255
2019-06-02 19-19-42,427,19.809,35.8122
2019-06-02 19-19-44,427,19.7891,35.7961
2019-06-02 19-19-46,427,19.8776,35.7961
2019-06-02 19-19-48,427,19.7891,35.7961
2019-06-02 19-19-50,427,19.8441,35.7961
2019-06-02 19-19-52,426,19.809,35.7961
2019-06-02 19-19-54,426,19.8257,35.7694
2019-06-02 19-19-58,427,19.8624,35.7961
2019-06-02 19-20-00,426,19.8776,35.7828
2019-06-02 19-20-02,426,19.8776,35.7961
2019-06-02 19-20-04,427,19.8776,35.7961
2019-06-02 19-20-06,426,19.8776,35.7828
2019-06-02 19-20-08,426,19.8441,35.7828
2019-06-02 19-20-10,427,19.8776,35.7694
2019-06-02 19-20-14,427,19.8776,35.7828
2019-06-02 19-20-16,427,19.841,35.7694
2019-06-02 19-20-18,427,19.8593,35.7694
2019-06-02 19-20-20,427,19.9127,35.7561
2019-06-02 19-20-22,427,19.8776,35.7694
2019-06-02 19-20-24,427,19.9463,35.7561
2019-06-02 19-20-26,427,19.8776,35.7828
2019-06-02 19-20-28,427,19.9265,35.7267
2019-06-02 19-20-32,427,19.8944,35.7561
2019-06-02 19-20-34,427,19.8944,35.7401
2019-06-02 19-20-36,427,19.9265,35.7134
2019-06-02 19-20-38,427,19.928,35.7401
2019-06-02 19-20-40,427,19.9631,35.7134
2019-06-02 19-20-42,427,19.9417,35.7
2019-06-02 19-20-44,428,19.9966,35.7
2019-06-02 19-20-48,427,19.9997,35.7267
2019-06-02 19-20-50,427,20.0317,35.7
2019-06-02 19-20-52,427,19.9997,35.7134
2019-06-02 19-20-54,427,20.0317,35.7
2019-06-02 19-20-56,427,20.0134,35.6813
2019-06-02 19-20-58,427,20.0653,35.6813
2019-06-02 19-21-00,428,20.105,35.7
2019-06-02 19-21-02,428,20.0317,35.7
2019-06-02 19-21-06,428,19.9966,35.7
2019-06-02 19-21-08,427,20.0867,35.7267
2019-06-02 19-21-10,427,20.018,35.7267
2019-06-02 19-21-12,427,19.9829,35.7401
2019-06-02 19-21-14,427,19.9814,35.7267
2019-06-02 19-21-16,428,20.018,35.7401
2019-06-02 19-21-18,428,20.0516,35.7401
2019-06-02 19-21-20,429,20.0729,35.7694
2019-06-02 19-21-24,429,20.0546,35.7694
2019-06-02 19-21-26,429,19.9829,35.7561
2019-06-02 19-21-28,429,19.9829,35.7561
2019-06-02 19-21-30,429,19.9493,35.7961
2019-06-02 19-21-32,429,19.931,35.7828
2019-06-02 19-21-34,430,19.9463,35.7828
2019-06-02 19-21-36,430,19.9493,35.7961
2019-06-02 19-21-40,430,19.8959,35.7828
2019-06-02 19-21-42,431,20.0043,35.7828
2019-06-02 19-21-44,431,20.0043,35.7961
2019-06-02 19-21-46,431,19.931,35.7694
2019-06-02 19-21-48,431,20.0546,35.7694
2019-06-02 19-21-50,431,20.0012,35.7561
2019-06-02 19-21-52,431,20.0363,35.7561
2019-06-02 19-21-54,431,20.0195,35.7828
2019-06-02 19-21-58,431,19.931,35.7828
2019-06-02 19-22-00,432,20.0912,35.7961
2019-06-02 19-22-02,432,20.0562,35.8122
2019-06-02 19-22-04,432,20.0226,35.8122
2019-06-02 19-22-06,432,19.9463,35.7828
2019-06-02 19-22-08,432,20.0546,35.7561
2019-06-02 19-22-10,432,20.0012,35.7694
2019-06-02 19-22-12,432,20.0363,35.7561
2019-06-02 19-22-16,432,20.0699,35.7561
2019-06-02 19-22-18,432,20.0699,35.7401
2019-06-02 19-22-20,432,20.0867,35.7267
2019-06-02 19-22-22,433,20.0516,35.7267
2019-06-02 19-22-24,433,20.1065,35.7401
2019-06-02 19-22-26,433,20.0516,35.7401
2019-06-02 19-22-28,432,20.0363,35.7401
2019-06-02 19-22-32,432,20.1416,35.7134
2019-06-02 19-22-34,432,20.1935,35.7267
2019-06-02 19-22-36,432,20.1233,35.7267
2019-06-02 19-22-38,431,20.0867,35.7401
2019-06-02 19-22-40,431,20.0363,35.7401
2019-06-02 19-22-42,431,20.0699,35.7561
2019-06-02 19-22-44,431,20.0699,35.7561
2019-06-02 19-22-46,431,20.0729,35.7828
2019-06-02 19-22-50,431,20.1065,35.7401
2019-06-02 19-22-52,431,20.0333,35.7267
2019-06-02 19-22-54,431,20.1065,35.7267
2019-06-02 19-22-56,431,20.0867,35.7134
2019-06-02 19-22-58,431,20.1065,35.7267
2019-06-02 19-23-00,431,20.1248,35.7401
2019-06-02 19-23-02,432,20.1233,35.7267
2019-06-02 19-23-04,431,20.1233,35.7134
2019-06-02 19-23-08,432,20.0684,35.7267
2019-06-02 19-23-10,431,20.1416,35.7134
2019-06-02 19-23-12,431,20.1416,35.7134
2019-06-02 19-23-14,431,20.1752,35.7134
2019-06-02 19-23-16,431,20.1416,35.7267
2019-06-02 19-23-18,431,20.1065,35.7134
2019-06-02 19-23-20,431,20.1233,35.7134
2019-06-02 19-23-24,431,20.1065,35.7401
2019-06-02 19-23-26,431,20.0867,35.7134
2019-06-02 19-23-28,431,20.0684,35.7134
2019-06-02 19-23-30,431,20.0867,35.7134
2019-06-02 19-23-32,430,20.1065,35.7267
2019-06-02 19-23-34,430,20.0516,35.7267
2019-06-02 19-23-36,430,20.0867,35.7134
2019-06-02 19-23-38,430,20.0546,35.7561
2019-06-02 19-23-42,429,20.0516,35.7401
2019-06-02 19-23-44,428,20.0378,35.7961
2019-06-02 19-23-46,428,19.9722,35.8549
2019-06-02 19-23-48,428,19.9051,35.9377
2019-06-02 19-23-50,428,19.8578,36.0231
2019-06-02 19-23-52,428,19.7723,36.1059
2019-06-02 19-23-54,428,19.7067,36.1646
2019-06-02 19-23-56,428,19.5694,36.2207
2019-06-02 19-24-00,428,19.5374,36.2635
2019-06-02 19-24-02,429,19.4839,36.3062
2019-06-02 19-24-04,428,19.4,36.3623
2019-06-02 19-24-06,428,19.3649,36.4183
2019-06-02 19-24-08,429,19.3649,36.4317
2019-06-02 19-24-10,429,19.3176,36.4878
2019-06-02 19-24-12,430,19.3192,36.5171
2019-06-02 19-24-16,430,19.2505,36.5438
2019-06-02 19-24-19,431,19.2352,36.5438
2019-06-02 19-24-21,432,19.2352,36.5599
2019-06-02 19-24-23,432,19.1483,36.6026
2019-06-02 19-24-25,432,19.1666,36.632
2019-06-02 19-24-27,433,19.0994,36.6747
2019-06-02 19-24-29,433,19.1666,36.6453
2019-06-02 19-24-31,434,19.0811,36.6747
2019-06-02 19-24-35,434,19.0628,36.688
2019-06-02 19-24-37,435,19.0842,36.7147
2019-06-02 19-24-39,435,19.0842,36.7147
2019-06-02 19-24-41,435,19.0475,36.7441
2019-06-02 19-24-43,435,19.0125,36.7441
2019-06-02 19-24-45,436,18.9438,36.7708
2019-06-02 19-24-47,436,18.9438,36.7575
2019-06-02 19-24-49,436,18.9972,36.7575
2019-06-02 19-24-53,436,18.9789,36.7575
2019-06-02 19-24-55,437,18.9468,36.7868
2019-06-02 19-24-57,437,18.9804,36.7868
2019-06-02 19-24-59,437,18.9804,36.7868
2019-06-02 19-25-01,438,18.9255,36.7708
2019-06-02 19-25-03,437,18.9621,36.7868
2019-06-02 19-25-05,437,19.0155,36.7868
2019-06-02 19-25-07,437,18.9484,36.8135
2019-06-02 19-25-11,437,18.9102,36.8002
2019-06-02 19-25-13,438,18.9255,36.8002
2019-06-02 19-25-15,438,18.9621,36.7868
2019-06-02 19-25-17,438,18.9072,36.7708
2019-06-02 19-25-19,438,19.0125,36.7308
2019-06-02 19-25-21,438,19.0445,36.7014
2019-06-02 19-25-23,438,19.1528,36.688
2019-06-02 19-25-25,438,19.1345,36.6747
2019-06-02 19-25-29,438,19.1498,36.6453
2019-06-02 19-25-31,438,19.1666,36.6186
2019-06-02 19-25-33,438,19.1635,36.6026
2019-06-02 19-25-35,438,19.1818,36.6026
2019-06-02 19-25-37,438,19.2368,36.5866
2019-06-02 19-25-39,438,19.2169,36.5866
2019-06-02 19-25-41,438,19.1803,36.5732
2019-06-02 19-25-45,438,19.2871,36.5599
2019-06-02 19-25-47,438,19.2505,36.5438
2019-06-02 19-25-49,437,19.2352,36.5599
2019-06-02 19-25-51,437,19.3039,36.5305
2019-06-02 19-25-53,437,19.3192,36.5171
2019-06-02 19-25-55,437,19.2825,36.5011
2019-06-02 19-25-57,437,19.3695,36.5011
2019-06-02 19-25-59,437,19.3695,36.4744
2019-06-02 19-26-03,437,19.3176,36.5011
2019-06-02 19-26-05,437,19.3695,36.5011
2019-06-02 19-26-07,437,19.2673,36.5171
2019-06-02 19-26-09,436,19.2673,36.5011
2019-06-02 19-26-11,436,19.3039,36.5305
2019-06-02 19-26-13,436,19.2673,36.5305
2019-06-02 19-26-15,436,19.2856,36.5305
2019-06-02 19-26-17,437,19.2688,36.5438
2019-06-02 19-26-21,437,19.2688,36.5599
2019-06-02 19-26-23,436,19.1437,36.5305
2019-06-02 19-26-25,435,19.1986,36.5866
2019-06-02 19-26-27,435,19.1452,36.5732
2019-06-02 19-26-29,435,19.1452,36.5732
2019-06-02 19-26-31,436,19.1452,36.5599
2019-06-02 19-26-33,436,19.1772,36.5438
2019-06-02 19-26-35,436,19.2139,36.5438
2019-06-02 19-26-39,436,19.2322,36.5171
2019-06-02 19-26-41,436,19.2825,36.4878
2019-06-02 19-26-43,436,19.2825,36.4744
2019-06-02 19-26-45,437,19.3146,36.4611
2019-06-02 19-26-47,436,19.3329,36.445
2019-06-02 19-26-49,436,19.3283,36.389
2019-06-02 19-26-51,436,19.3604,36.3489
2019-06-02 19-26-55,436,19.4366,36.3756
2019-06-02 19-26-57,435,19.4702,36.3623
2019-06-02 19-26-59,436,19.4138,36.3062
2019-06-02 19-27-01,436,19.519,36.2928
2019-06-02 19-27-03,436,19.4824,36.2635
2019-06-02 19-27-05,436,19.516,36.2635
2019-06-02 19-27-07,435,19.5847,36.2207
2019-06-02 19-27-09,434,19.603,36.2207
2019-06-02 19-27-13,434,19.6213,36.2367
2019-06-02 19-27-15,433,19.5526,36.2367
2019-06-02 19-27-17,433,19.6396,36.2367
2019-06-02 19-27-19,432,19.603,36.2207
2019-06-02 19-27-21,432,19.5847,36.2074
2019-06-02 19-27-23,432,19.548,36.194
2019-06-02 19-27-25,432,19.603,36.2074
2019-06-02 19-27-27,432,19.603,36.2074
2019-06-02 19-27-31,432,19.603,36.2207
2019-06-02 19-27-33,431,19.603,36.2367
2019-06-02 19-27-35,432,19.5877,36.2501
2019-06-02 19-27-37,431,19.6396,36.2635
2019-06-02 19-27-39,432,19.5694,36.2501
2019-06-02 19-27-41,432,19.5694,36.2501
2019-06-02 19-27-43,432,19.5511,36.2074
2019-06-02 19-27-47,433,19.5663,36.2074
2019-06-02 19-27-49,433,19.6167,36.178
2019-06-02 19-27-51,432,19.5801,36.1513
2019-06-02 19-27-53,433,19.6167,36.1513
2019-06-02 19-27-55,433,19.6335,36.1513
2019-06-02 19-27-57,432,19.6487,36.1192
2019-06-02 19-27-59,432,19.6854,36.1059
2019-06-02 19-28-01,433,19.7357,36.0792
2019-06-02 19-28-05,433,19.7723,36.0925
2019-06-02 19-28-07,433,19.7891,36.0792
2019-06-02 19-28-09,433,19.8257,36.0632
2019-06-02 19-28-11,433,19.8441,36.0632
2019-06-02 19-28-13,433,19.8227,36.0365
2019-06-02 19-28-15,433,19.8593,36.0365
2019-06-02 19-28-17,433,19.8044,36.0365
2019-06-02 19-28-19,433,19.8227,36.0231
2019-06-02 19-28-23,432,19.7678,36.0231
2019-06-02 19-28-25,432,19.8593,36.0365
2019-06-02 19-28-27,432,19.7891,36.0632
2019-06-02 19-28-29,432,19.8257,36.0498
2019-06-02 19-28-31,432,19.8029,36.0231
2019-06-02 19-28-33,432,19.8227,36.0231
2019-06-02 19-28-35,431,19.8395,35.9937
2019-06-02 19-28-39,431,19.8227,36.0231
2019-06-02 19-28-41,431,19.8212,35.9804
2019-06-02 19-28-43,431,19.8914,35.9937
2019-06-02 19-28-45,432,19.8227,36.0365
2019-06-02 19-28-47,432,19.841,36.0365
2019-06-02 19-28-49,431,19.7891,36.0632
2019-06-02 19-28-51,431,19.754,36.0925
2019-06-02 19-28-53,431,19.6884,36.1513
2019-06-02 19-28-57,431,19.6899,36.178
2019-06-02 19-28-59,431,19.6533,36.2074
2019-06-02 19-29-01,431,19.5877,36.2367
2019-06-02 19-29-03,432,19.603,36.2367
2019-06-02 19-29-05,432,19.5694,36.2207
2019-06-02 19-29-07,432,19.5877,36.2635
2019-06-02 19-29-09,432,19.5709,36.2635
2019-06-02 19-29-13,432,19.5709,36.2635
2019-06-02 19-29-15,433,19.5374,36.2635
2019-06-02 19-29-17,433,19.5709,36.2635
2019-06-02 19-29-19,433,19.5847,36.2207
2019-06-02 19-29-21,434,19.693,36.2207
2019-06-02 19-29-23,434,19.6564,36.2367
2019-06-02 19-29-25,435,19.6564,36.2207
2019-06-02 19-29-27,435,19.6213,36.2207
2019-06-02 19-29-31,435,19.6945,36.2367
2019-06-02 19-29-33,435,19.6243,36.2635
2019-06-02 19-29-35,435,19.6259,36.3062
2019-06-02 19-29-37,435,19.5694,36.2501
2019-06-02 19-29-39,434,19.6442,36.3195
2019-06-02 19-29-41,434,19.574,36.3195
2019-06-02 19-29-43,435,19.6075,36.3062
2019-06-02 19-29-46,435,19.5602,36.3623
2019-06-02 19-29-50,435,19.519,36.3195
2019-06-02 19-29-52,435,19.5572,36.3195
2019-06-02 19-29-54,436,19.574,36.2928
2019-06-02 19-29-56,436,19.5389,36.3062
2019-06-02 19-29-58,437,19.5892,36.2928
2019-06-02 19-30-00,437,19.5007,36.2928
2019-06-02 19-30-02,437,19.5557,36.2928
2019-06-02 19-30-06,436,19.5694,36.2501
2019-06-02 19-30-08,437,19.5709,36.2635
2019-06-02 19-30-10,437,19.5374,36.2768
2019-06-02 19-30-12,437,19.519,36.2928
2019-06-02 19-30-14,438,19.5557,36.2928
2019-06-02 19-30-16,437,19.5892,36.2768
2019-06-02 19-30-18,437,19.5145,36.2501
2019-06-02 19-30-20,437,19.5877,36.2367
2019-06-02 19-30-24,438,19.548,36.194
2019-06-02 19-30-26,438,19.5114,36.2074
2019-06-02 19-30-28,438,19.6533,36.178
2019-06-02 19-30-30,439,19.5831,36.178
2019-06-02 19-30-32,439,19.6701,36.1379
2019-06-02 19-30-34,439,19.6701,36.1059
2019-06-02 19-30-36,439,19.6838,36.0632
2019-06-02 19-30-38,438,19.6838,36.0632
2019-06-02 19-30-42,438,19.6838,36.0632
2019-06-02 19-30-44,439,19.7342,36.0365
2019-06-02 19-30-46,438,19.7678,36.0231
2019-06-02 19-30-48,438,19.8227,36.0231
2019-06-02 19-30-50,438,19.7845,35.9804
2019-06-02 19-30-52,438,19.8395,35.9804
2019-06-02 19-30-54,437,19.8547,35.9804
2019-06-02 19-30-58,436,19.8898,35.967
2019-06-02 19-31-00,436,19.8898,35.951
2019-06-02 19-31-02,435,19.8898,35.967
2019-06-02 19-31-04,435,19.9768,35.9243
2019-06-02 19-31-06,435,20.015,35.9804
2019-06-02 19-31-08,434,19.9402,35.951
2019-06-02 19-31-10,434,20.015,35.967
2019-06-02 19-31-12,434,19.9585,35.967
2019-06-02 19-31-16,434,19.9417,35.9804
2019-06-02 19-31-18,434,19.96,35.9804
2019-06-02 19-31-20,433,19.9417,35.9804
2019-06-02 19-31-22,433,19.8898,35.967
2019-06-02 19-31-24,433,19.9585,35.967
2019-06-02 19-31-26,433,19.96,35.9804
2019-06-02 19-31-28,433,19.9081,35.967
2019-06-02 19-31-30,433,19.9585,35.9377
2019-06-02 19-31-34,433,19.9081,35.9804
2019-06-02 19-31-36,433,19.9081,35.9937
2019-06-02 19-31-38,433,19.9417,35.967
2019-06-02 19-31-40,433,19.8029,36.0071
2019-06-02 19-31-42,433,19.9081,35.9937
2019-06-02 19-31-44,433,19.8914,35.9937
2019-06-02 19-31-46,432,19.9265,35.9937
2019-06-02 19-31-50,432,19.8761,36.0071
2019-06-02 19-31-52,433,19.9265,35.9937
2019-06-02 19-31-54,433,19.8578,36.0231
2019-06-02 19-31-56,433,19.8395,36.0071
2019-06-02 19-31-58,432,19.8761,36.0231
2019-06-02 19-32-00,432,19.841,36.0498
2019-06-02 19-32-02,433,19.8593,36.0498
2019-06-02 19-32-04,433,19.8776,36.0498
2019-06-02 19-32-08,433,19.8578,36.0231
2019-06-02 19-32-10,433,19.8029,36.0231
2019-06-02 19-32-12,433,19.8227,36.0231
2019-06-02 19-32-14,433,19.8212,35.9937
2019-06-02 19-32-16,434,19.8395,35.9804
2019-06-02 19-32-18,434,19.8547,35.9804
2019-06-02 19-32-20,434,19.8547,35.9804
2019-06-02 19-32-22,434,19.8898,35.967
2019-06-02 19-32-26,434,19.9234,35.951
2019-06-02 19-32-28,435,19.8868,35.9377
2019-06-02 19-32-30,435,19.8898,35.967
2019-06-02 19-32-32,435,19.8715,35.951
2019-06-02 19-32-34,435,19.9051,35.951
2019-06-02 19-32-36,435,19.9265,35.9804
2019-06-02 19-32-38,434,19.841,36.0231
2019-06-02 19-32-42,434,19.8257,36.0632
2019-06-02 19-32-44,434,19.809,36.1192
2019-06-02 19-32-46,434,19.7388,36.1192
2019-06-02 19-32-48,435,19.7067,36.1646
2019-06-02 19-32-50,435,19.6381,36.2074
2019-06-02 19-32-52,435,19.6167,36.178
2019-06-02 19-32-54,435,19.6381,36.2207
2019-06-02 19-32-56,435,19.6716,36.1513
2019-06-02 19-33-00,435,19.6899,36.1646
2019-06-02 19-33-02,436,19.7037,36.1059
2019-06-02 19-33-04,436,19.7037,36.0925
2019-06-02 19-33-06,436,19.7342,36.0365
2019-06-02 19-33-08,437,19.7495,36.0231
2019-06-02 19-33-10,436,19.8212,35.9937
2019-06-02 19-33-12,436,19.8364,35.967
2019-06-02 19-33-16,436,19.8532,35.9377
2019-06-02 19-33-18,436,19.7998,35.967
2019-06-02 19-33-20,436,19.873,35.9804
2019-06-02 19-33-22,435,19.8364,35.967
2019-06-02 19-33-24,435,19.9265,35.9937
2019-06-02 19-33-26,434,19.8761,36.0071
2019-06-02 19-33-28,434,19.8227,36.0231
2019-06-02 19-33-30,434,19.8593,36.0498
2019-06-02 19-33-34,434,19.8441,36.0632
2019-06-02 19-33-36,434,19.7891,36.0632
2019-06-02 19-33-38,434,19.7723,36.0925
2019-06-02 19-33-40,434,19.7906,36.1059
2019-06-02 19-33-42,434,19.7754,36.1192
2019-06-02 19-33-44,434,19.7937,36.1513
2019-06-02 19-33-46,434,19.7586,36.1379
2019-06-02 19-33-48,434,19.725,36.1513
2019-06-02 19-33-52,435,19.6701,36.1379
2019-06-02 19-33-54,435,19.7571,36.1059
2019-06-02 19-33-56,436,19.7723,36.1059
2019-06-02 19-33-58,436,19.7906,36.1059
2019-06-02 19-34-00,435,19.7388,36.0925
2019-06-02 19-34-02,435,19.7525,36.0498
2019-06-02 19-34-04,436,19.8044,36.0365
2019-06-02 19-34-08,435,19.7678,36.0365
2019-06-02 19-34-10,436,19.7861,36.0231
2019-06-02 19-34-12,436,19.8395,36.0071
2019-06-02 19-34-14,436,19.841,36.0231
2019-06-02 19-34-16,436,19.8578,36.0231
2019-06-02 19-34-18,436,19.8227,36.0071
2019-06-02 19-34-20,436,19.8395,36.0071
2019-06-02 19-34-22,435,19.8029,36.0071
2019-06-02 19-34-26,435,19.841,36.0231
2019-06-02 19-34-28,434,19.841,36.0365
2019-06-02 19-34-30,435,19.8044,36.0365
2019-06-02 19-34-32,435,19.7525,36.0498
2019-06-02 19-34-34,434,19.7525,36.0498
2019-06-02 19-34-36,434,19.7891,36.0632
2019-06-02 19-34-38,434,19.7388,36.1059
2019-06-02 19-34-40,434,19.7403,36.1379
2019-06-02 19-34-44,434,19.6716,36.1513
2019-06-02 19-34-46,434,19.6747,36.194
2019-06-02 19-34-48,434,19.6381,36.2207
2019-06-02 19-34-50,434,19.6213,36.2367
2019-06-02 19-34-52,435,19.606,36.2768
2019-06-02 19-34-54,435,19.5709,36.2635
2019-06-02 19-34-56,435,19.5557,36.3062
2019-06-02 19-35-00,435,19.4977,36.2501
2019-06-02 19-35-02,436,19.5892,36.2768
2019-06-02 19-35-04,436,19.606,36.2635
2019-06-02 19-35-06,436,19.5663,36.194
2019-06-02 19-35-08,437,19.5847,36.2207
2019-06-02 19-35-10,437,19.6518,36.1513
2019-06-02 19-35-12,437,19.6167,36.1513
2019-06-02 19-35-14,437,19.635,36.1646
2019-06-02 19-35-18,437,19.7433,36.1646
2019-06-02 19-35-20,437,19.725,36.1513
2019-06-02 19-35-22,437,19.6716,36.178
2019-06-02 19-35-24,437,19.7067,36.1379
2019-06-02 19-35-26,437,19.6716,36.1646
2019-06-02 19-35-28,437,19.6884,36.1513
2019-06-02 19-35-30,437,19.6884,36.1513
2019-06-02 19-35-34,437,19.6716,36.1513
2019-06-02 19-35-37,437,19.7205,36.0925
2019-06-02 19-35-39,437,19.7205,36.0925
2019-06-02 19-35-41,437,19.7357,36.0498
2019-06-02 19-35-43,438,19.7861,36.0365
2019-06-02 19-35-45,437,19.841,36.0231
2019-06-02 19-35-47,438,19.7662,35.9937
2019-06-02 19-35-49,438,19.8395,35.9804
2019-06-02 19-35-53,437,19.8547,35.9804
2019-06-02 19-35-55,437,19.8212,35.967
2019-06-02 19-35-57,436,19.8395,35.9937
2019-06-02 19-35-59,436,19.8395,36.0071
2019-06-02 19-36-01,435,19.7678,36.0231
2019-06-02 19-36-03,435,19.8044,36.0632
2019-06-02 19-36-05,435,19.8257,36.0498
2019-06-02 19-36-09,435,19.7861,36.0231
2019-06-02 19-36-11,435,19.8029,36.0231
2019-06-02 19-36-13,435,19.7861,36.0231
2019-06-02 19-36-15,434,19.8227,36.0071
2019-06-02 19-36-17,434,19.7998,35.967
2019-06-02 19-36-19,434,19.8898,35.9804
2019-06-02 19-36-21,435,19.8898,35.967
2019-06-02 19-36-23,435,19.8898,35.951
2019-06-02 19-36-27,435,19.9081,35.967
2019-06-02 19-36-29,436,19.8532,35.9377
2019-06-02 19-36-31,436,19.8349,35.9243
2019-06-02 19-36-33,436,19.9051,35.9377
2019-06-02 19-36-35,436,19.8349,35.9243
2019-06-02 19-36-37,435,19.8685,35.911
2019-06-02 19-36-39,435,19.9188,35.8816
2019-06-02 19-36-41,435,19.8502,35.8949
2019-06-02 19-36-45,435,19.9356,35.8682
2019-06-02 19-36-47,435,19.9905,35.8549
2019-06-02 19-36-49,434,19.9173,35.8549
2019-06-02 19-36-51,434,19.9722,35.8549
2019-06-02 19-36-53,434,20.0058,35.8389
2019-06-02 19-36-55,433,19.9875,35.8255
2019-06-02 19-36-57,433,20.0409,35.8255
2019-06-02 19-36-59,433,20.0058,35.8255
2019-06-02 19-37-03,433,19.9875,35.8389
2019-06-02 19-37-05,433,20.0562,35.8122
2019-06-02 19-37-07,433,20.0409,35.8255
2019-06-02 19-37-09,433,20.0226,35.7961
2019-06-02 19-37-11,432,20.0409,35.8255
2019-06-02 19-37-13,432,20.0226,35.8122
2019-06-02 19-37-15,432,20.0409,35.8122
2019-06-02 19-37-19,432,20.0409,35.8255
2019-06-02 19-37-21,432,20.0409,35.8122
2019-06-02 19-37-23,432,20.0043,35.7961
2019-06-02 19-37-25,432,20.0043,35.7961
2019-06-02 19-37-27,432,20.0546,35.7828
2019-06-02 19-37-29,432,20.0729,35.7828
2019-06-02 19-37-31,432,20.0546,35.7694
2019-06-02 19-37-33,432,20.0699,35.7401
2019-06-02 19-37-37,432,20.0363,35.7561
2019-06-02 19-37-39,432,20.0546,35.7561
2019-06-02 19-37-41,433,20.1065,35.7401
2019-06-02 19-37-43,433,20.0867,35.7267
2019-06-02 19-37-45,433,20.1065,35.7267
2019-06-02 19-37-47,432,20.1416,35.7267
2019-06-02 19-37-49,432,20.1233,35.7267
2019-06-02 19-37-51,432,20.1416,35.7267
2019-06-02 19-37-55,432,20.1065,35.7134
2019-06-02 19-37-57,432,20.105,35.7
2019-06-02 19-37-59,432,20.1385,35.7
2019-06-02 19-38-01,431,20.1233,35.7134
2019-06-02 19-38-03,431,20.105,35.6813
2019-06-02 19-38-05,431,20.1569,35.7
2019-06-02 19-38-07,431,20.1569,35.7
2019-06-02 19-38-11,432,20.105,35.7
2019-06-02 19-38-13,432,20.2255,35.6813
2019-06-02 19-38-15,432,20.192,35.6813
2019-06-02 19-38-17,432,20.192,35.7
2019-06-02 19-38-19,432,20.192,35.7
2019-06-02 19-38-21,432,20.1569,35.6813
2019-06-02 19-38-23,432,20.2072,35.6813
2019-06-02 19-38-25,433,20.2438,35.7
2019-06-02 19-38-29,432,20.1752,35.7134
2019-06-02 19-38-31,432,20.2072,35.668
2019-06-02 19-38-33,433,20.2652,35.7
2019-06-02 19-38-35,433,20.192,35.6813
2019-06-02 19-38-37,434,20.2072,35.6813
2019-06-02 19-38-39,434,20.1889,35.668
2019-06-02 19-38-41,433,20.1889,35.668
2019-06-02 19-38-43,434,20.3156,35.6546
2019-06-02 19-38-47,435,20.224,35.6546
2019-06-02 19-38-49,434,20.2789,35.6413
2019-06-02 19-38-51,434,20.2072,35.668
2019-06-02 19-38-53,434,20.2255,35.6813
2019-06-02 19-38-55,434,20.2072,35.6813
2019-06-02 19-38-57,434,20.224,35.6413
2019-06-02 19-38-59,435,20.2072,35.668
2019-06-02 19-39-03,434,20.2438,35.6813
2019-06-02 19-39-05,434,20.2621,35.6546
2019-06-02 19-39-07,434,20.2072,35.668
2019-06-02 19-39-09,434,20.2805,35.668
2019-06-02 19-39-11,434,20.2072,35.668
2019-06-02 19-39-13,434,20.1752,35.7
2019-06-02 19-39-15,434,20.1889,35.6546
2019-06-02 19-39-17,434,20.2255,35.6813
2019-06-02 19-39-21,434,20.2621,35.6813
2019-06-02 19-39-23,434,20.192,35.6813
2019-06-02 19-39-25,434,20.1752,35.7134
2019-06-02 19-39-27,434,20.2072,35.6813
2019-06-02 19-39-29,434,20.2103,35.7
2019-06-02 19-39-31,434,20.1569,35.7134
2019-06-02 19-39-33,434,20.2103,35.7
2019-06-02 19-39-35,434,20.192,35.7
2019-06-02 19-39-39,434,20.1752,35.7
2019-06-02 19-39-41,434,20.1569,35.7134
2019-06-02 19-39-43,433,20.2255,35.7
2019-06-02 19-39-45,434,20.1752,35.7
2019-06-02 19-39-47,435,20.1569,35.6813
2019-06-02 19-39-49,435,20.1889,35.668
2019-06-02 19-39-51,435,20.2072,35.6546
2019-06-02 19-39-55,435,20.2072,35.6546
2019-06-02 19-39-57,436,20.2072,35.668
2019-06-02 19-39-59,435,20.1706,35.6413
2019-06-02 19-40-01,435,20.224,35.6546
2019-06-02 19-40-03,435,20.2606,35.6413
2019-06-02 19-40-05,435,20.2789,35.6546
2019-06-02 19-40-07,435,20.2072,35.6546
2019-06-02 19-40-09,435,20.224,35.6413
2019-06-02 19-40-13,435,20.2606,35.6413
2019-06-02 19-40-15,435,20.2423,35.6546
2019-06-02 19-40-17,435,20.2972,35.6546
2019-06-02 19-40-19,435,20.2057,35.6252
2019-06-02 19-40-21,436,20.2393,35.6413
2019-06-02 19-40-23,436,20.2209,35.6252
2019-06-02 19-40-25,435,20.2606,35.6252
2019-06-02 19-40-27,435,20.2057,35.6413
2019-06-02 19-40-31,435,20.224,35.6546
2019-06-02 19-40-33,436,20.2072,35.6546
2019-06-02 19-40-35,436,20.2789,35.6413
2019-06-02 19-40-37,435,20.224,35.6546
2019-06-02 19-40-39,435,20.2072,35.668
2019-06-02 19-40-41,436,20.224,35.6413
2019-06-02 19-40-43,435,20.2209,35.6252
2019-06-02 19-40-47,436,20.2057,35.6413
2019-06-02 19-40-49,436,20.2789,35.6413
2019-06-02 19-40-51,436,20.2606,35.6119
2019-06-02 19-40-53,436,20.2393,35.6252
2019-06-02 19-40-55,437,20.311,35.5985
2019-06-02 19-40-57,436,20.2606,35.6252
2019-06-02 19-40-59,436,20.311,35.6119
2019-06-02 19-41-01,437,20.2759,35.6119
2019-06-02 19-41-05,437,20.3445,35.5852
2019-06-02 19-41-07,436,20.2576,35.5985
2019-06-02 19-41-09,437,20.3476,35.6252
2019-06-02 19-41-11,437,20.311,35.5985
2019-06-02 19-41-13,436,20.3445,35.5852
2019-06-02 19-41-15,437,20.3613,35.5852
2019-06-02 19-41-17,437,20.3979,35.6119
2019-06-02 19-41-20,437,20.3629,35.6119
2019-06-02 19-41-24,437,20.3979,35.5985
2019-06-02 19-41-26,436,20.311,35.5852
2019-06-02 19-41-28,436,20.2927,35.5985
2019-06-02 19-41-30,436,20.311,35.5852
2019-06-02 19-41-32,436,20.3796,35.5692
2019-06-02 19-41-34,436,20.3476,35.6119
2019-06-02 19-41-36,437,20.3293,35.5985
2019-06-02 19-41-40,437,20.2942,35.6119
2019-06-02 19-41-42,437,20.3629,35.6119
2019-06-02 19-41-44,436,20.3293,35.6119
2019-06-02 19-41-46,436,20.3293,35.6119
2019-06-02 19-41-48,436,20.3796,35.5985
2019-06-02 19-41-50,436,20.3445,35.5985
2019-06-02 19-41-52,436,20.3445,35.5985
2019-06-02 19-41-54,435,20.3613,35.5852
2019-06-02 19-41-58,435,20.3476,35.6252
2019-06-02 19-42-00,435,20.3629,35.5985
2019-06-02 19-42-02,435,20.3445,35.5985
2019-06-02 19-42-04,435,20.3629,35.5985
2019-06-02 19-42-06,435,20.3629,35.6119
2019-06-02 19-42-08,435,20.311,35.5985
2019-06-02 19-42-10,435,20.3979,35.5852
2019-06-02 19-42-12,435,20.2942,35.6119
2019-06-02 19-42-16,436,20.311,35.5985
2019-06-02 19-42-18,436,20.3979,35.5985
2019-06-02 19-42-20,436,20.3262,35.5852
2019-06-02 19-42-22,436,20.343,35.5692
2019-06-02 19-42-24,436,20.3629,35.5985
2019-06-02 19-42-26,436,20.3262,35.5692
2019-06-02 19-42-28,435,20.3629,35.5985
2019-06-02 19-42-32,436,20.3796,35.5852
2019-06-02 19-42-34,436,20.3796,35.5692
2019-06-02 19-42-36,435,20.3796,35.5692
2019-06-02 19-42-38,436,20.3949,35.5558
2019-06-02 19-42-40,436,20.3583,35.5425
2019-06-02 19-42-42,436,20.3766,35.5558
2019-06-02 19-42-44,436,20.4132,35.5425
2019-06-02 19-42-46,436,20.4132,35.5425
2019-06-02 19-42-50,435,20.4132,35.5291
2019-06-02 19-42-52,436,20.4315,35.5291
2019-06-02 19-42-54,436,20.3751,35.5131
2019-06-02 19-42-56,436,20.3751,35.5131
2019-06-02 19-42-58,437,20.4483,35.5291
2019-06-02 19-43-00,437,20.34,35.5131
2019-06-02 19-43-02,437,20.3903,35.4997
2019-06-02 19-43-04,437,20.4132,35.5131
2019-06-02 19-43-08,437,20.4483,35.5131
2019-06-02 19-43-10,437,20.4819,35.5291
2019-06-02 19-43-12,436,20.4132,35.5425
2019-06-02 19-43-14,436,20.4666,35.5291
2019-06-02 19-43-16,436,20.4498,35.5558
2019-06-02 19-43-18,436,20.43,35.5131
2019-06-02 19-43-20,436,20.4132,35.5291
2019-06-02 19-43-22,436,20.4666,35.5291
2019-06-02 19-43-26,436,20.4819,35.5291
2019-06-02 19-43-28,436,20.4819,35.5131
2019-06-02 19-43-30,437,20.4483,35.5291
2019-06-02 19-43-32,437,20.3934,35.5131
2019-06-02 19-43-34,438,20.5322,35.4997
2019-06-02 19-43-36,437,20.4483,35.5131
2019-06-02 19-43-38,437,20.4636,35.4997
2019-06-02 19-43-42,437,20.4803,35.4997
2019-06-02 19-43-44,437,20.4269,35.473
2019-06-02 19-43-46,437,20.4453,35.4864
2019-06-02 19-43-48,437,20.4803,35.4864
2019-06-02 19-43-50,437,20.4987,35.4864
2019-06-02 19-43-52,437,20.4987,35.4997
2019-06-02 19-43-54,437,20.4803,35.4864
2019-06-02 19-43-56,436,20.4803,35.4864
2019-06-02 19-44-00,437,20.4987,35.4864
2019-06-02 19-44-02,436,20.4803,35.4864
2019-06-02 19-44-04,437,20.4987,35.4864
2019-06-02 19-44-06,436,20.4803,35.4864
2019-06-02 19-44-08,436,20.462,35.457
2019-06-02 19-44-10,436,20.4803,35.4864
2019-06-02 19-44-12,436,20.4803,35.473
2019-06-02 19-44-14,436,20.5322,35.473
2019-06-02 19-44-18,435,20.5139,35.473
2019-06-02 19-44-20,435,20.5322,35.4864
2019-06-02 19-44-22,435,20.4956,35.457
2019-06-02 19-44-24,434,20.4437,35.457
2019-06-02 19-44-26,434,20.4773,35.457
2019-06-02 19-44-28,434,20.4956,35.457
2019-06-02 19-44-30,435,20.372,35.473
2019-06-02 19-44-32,435,20.5322,35.4997
2019-06-02 19-44-36,435,20.4803,35.473
2019-06-02 19-44-38,435,20.4956,35.473
2019-06-02 19-44-40,436,20.4819,35.5131
2019-06-02 19-44-42,435,20.4453,35.4997
2019-06-02 19-44-44,436,20.4819,35.5131
2019-06-02 19-44-46,435,20.4315,35.5425
2019-06-02 19-44-48,435,20.3934,35.5291
2019-06-02 19-44-52,435,20.4132,35.5425
2019-06-02 19-44-54,435,20.4315,35.5291
2019-06-02 19-44-56,435,20.4819,35.5291
2019-06-02 19-44-58,435,20.4483,35.5131
2019-06-02 19-45-00,435,20.517,35.5131
2019-06-02 19-45-02,436,20.4987,35.4864
2019-06-02 19-45-04,436,20.43,35.4997
2019-06-02 19-45-06,437,20.4453,35.473
2019-06-02 19-45-10,437,20.4956,35.473
2019-06-02 19-45-12,437,20.4773,35.457
2019-06-02 19-45-14,437,20.5139,35.457
2019-06-02 19-45-16,437,20.5276,35.4009
2019-06-02 19-45-18,437,20.546,35.4303
2019-06-02 19-45-20,437,20.5826,35.4143
2019-06-02 19-45-22,437,20.5444,35.4009
2019-06-02 19-45-26,437,20.5643,35.4009
2019-06-02 19-45-28,437,20.5078,35.3582
2019-06-02 19-45-30,437,20.5811,35.3742
2019-06-02 19-45-32,437,20.5627,35.3742
2019-06-02 19-45-34,438,20.6131,35.3315
2019-06-02 19-45-36,438,20.6314,35.3582
2019-06-02 19-45-38,439,20.5994,35.3742
2019-06-02 19-45-40,439,20.5627,35.3742
2019-06-02 19-45-44,438,20.5414,35.3449
2019-06-02 19-45-46,437,20.5963,35.3582
2019-06-02 19-45-48,437,20.5826,35.4009
2019-06-02 19-45-50,437,20.5444,35.4009
2019-06-02 19-45-52,436,20.7062,35.4009
2019-06-02 19-45-54,436,20.6329,35.4009
2019-06-02 19-45-56,436,20.636,35.4303
2019-06-02 19-45-58,435,20.6177,35.4143
2019-06-02 19-46-02,434,20.5826,35.4143
2019-06-02 19-46-04,434,20.5673,35.4437
2019-06-02 19-46-06,433,20.5124,35.4303
2019-06-02 19-46-08,433,20.5688,35.457
2019-06-02 19-46-10,434,20.5322,35.473
2019-06-02 19-46-12,434,20.5139,35.473
2019-06-02 19-46-14,434,20.5139,35.473
2019-06-02 19-46-18,434,20.4956,35.473
2019-06-02 19-46-20,434,20.4803,35.473
2019-06-02 19-46-22,433,20.4987,35.4864
2019-06-02 19-46-24,433,20.4636,35.4997
2019-06-02 19-46-26,433,20.4483,35.5291
2019-06-02 19-46-28,433,20.4636,35.4997
2019-06-02 19-46-30,433,20.4117,35.4864
2019-06-02 19-46-32,433,20.4636,35.4864
2019-06-02 19-46-36,433,20.4636,35.4864
2019-06-02 19-46-38,433,20.4636,35.5131
2019-06-02 19-46-40,432,20.517,35.4997
2019-06-02 19-46-42,432,20.4453,35.4997
2019-06-02 19-46-44,432,20.4987,35.4997
2019-06-02 19-46-46,432,20.517,35.4997
2019-06-02 19-46-48,432,20.4987,35.4997
2019-06-02 19-46-51,432,20.5002,35.5131
2019-06-02 19-46-55,432,20.5002,35.5131
2019-06-02 19-46-57,432,20.5353,35.5131
2019-06-02 19-46-59,432,20.4483,35.5131
2019-06-02 19-47-01,431,20.4636,35.5131
2019-06-02 19-47-03,431,20.4819,35.5131
2019-06-02 19-47-05,431,20.4636,35.5131
2019-06-02 19-47-07,431,20.4819,35.5131
2019-06-02 19-47-11,431,20.517,35.4997
2019-06-02 19-47-13,431,20.5322,35.4997
2019-06-02 19-47-15,432,20.4636,35.4997
2019-06-02 19-47-17,432,20.5002,35.5131
2019-06-02 19-47-19,432,20.4636,35.4864
2019-06-02 19-47-21,432,20.5002,35.5131
2019-06-02 19-47-23,432,20.4453,35.4997
2019-06-02 19-47-25,431,20.4636,35.4864
2019-06-02 19-47-29,431,20.4483,35.5131
2019-06-02 19-47-31,431,20.4269,35.473
2019-06-02 19-47-33,432,20.4803,35.4864
2019-06-02 19-47-35,431,20.4636,35.4864
2019-06-02 19-47-37,431,20.5139,35.4864
2019-06-02 19-47-39,431,20.4956,35.473
2019-06-02 19-47-41,432,20.5139,35.473
2019-06-02 19-47-43,431,20.4773,35.457
2019-06-02 19-47-47,431,20.4941,35.4303
2019-06-02 19-47-49,431,20.546,35.4303
2019-06-02 19-47-51,431,20.5307,35.4437
2019-06-02 19-47-53,432,20.546,35.4437
2019-06-02 19-47-55,432,20.4803,35.473
2019-06-02 19-47-57,432,20.5139,35.457
2019-06-02 19-47-59,432,20.5673,35.4437
2019-06-02 19-48-03,432,20.546,35.4437
2019-06-02 19-48-05,432,20.549,35.457
2019-06-02 19-48-07,432,20.6039,35.457
2019-06-02 19-48-09,432,20.549,35.473
2019-06-02 19-48-11,432,20.549,35.473
2019-06-02 19-48-13,432,20.5856,35.4437
2019-06-02 19-48-15,432,20.546,35.4437
2019-06-02 19-48-17,432,20.549,35.457
2019-06-02 19-48-21,432,20.546,35.4437
2019-06-02 19-48-23,432,20.549,35.457
2019-06-02 19-48-25,433,20.5322,35.473
2019-06-02 19-48-27,432,20.5673,35.4437
2019-06-02 19-48-29,432,20.549,35.457
2019-06-02 19-48-31,432,20.5124,35.4437
2019-06-02 19-48-33,432,20.5307,35.457
2019-06-02 19-48-35,433,20.546,35.4437
2019-06-02 19-48-39,433,20.6009,35.4437
2019-06-02 19-48-41,432,20.6009,35.4303
2019-06-02 19-48-43,432,20.546,35.4437
2019-06-02 19-48-45,432,20.546,35.4437
2019-06-02 19-48-47,433,20.5124,35.4303
2019-06-02 19-48-49,433,20.5124,35.4437
2019-06-02 19-48-51,433,20.5643,35.4143
2019-06-02 19-48-55,433,20.546,35.4303
2019-06-02 19-48-57,433,20.5673,35.4437
2019-06-02 19-48-59,433,20.5276,35.4303
2019-06-02 19-49-01,433,20.462,35.457
2019-06-02 19-49-03,433,20.5276,35.4303
2019-06-02 19-49-05,433,20.5322,35.473
2019-06-02 19-49-07,432,20.5688,35.457
2019-06-02 19-49-09,432,20.6192,35.457
2019-06-02 19-49-13,432,20.5688,35.457
2019-06-02 19-49-15,432,20.5673,35.4437
2019-06-02 19-49-17,432,20.4987,35.4864
2019-06-02 19-49-19,432,20.5322,35.473
2019-06-02 19-49-21,431,20.5322,35.473
2019-06-02 19-49-23,431,20.5139,35.473
2019-06-02 19-49-25,431,20.5673,35.4437
2019-06-02 19-49-27,431,20.4956,35.457
2019-06-02 19-49-31,431,20.5688,35.457
2019-06-02 19-49-33,431,20.5139,35.457
2019-06-02 19-49-35,431,20.5307,35.457
2019-06-02 19-49-37,431,20.6039,35.457
2019-06-02 19-49-39,431,20.5124,35.4437
2019-06-02 19-49-41,431,20.6009,35.4437
2019-06-02 19-49-43,431,20.5307,35.457
2019-06-02 19-49-47,431,20.5673,35.4437
2019-06-02 19-49-49,431,20.5307,35.4437
2019-06-02 19-49-51,431,20.6375,35.4437
2019-06-02 19-49-53,431,20.5688,35.457
2019-06-02 19-49-55,431,20.5688,35.457
2019-06-02 19-49-57,430,20.5856,35.457
2019-06-02 19-49-59,430,20.6039,35.457
2019-06-02 19-50-01,430,20.5856,35.457
2019-06-02 19-50-05,430,20.5307,35.4437
2019-06-02 19-50-07,430,20.5276,35.4303
2019-06-02 19-50-09,430,20.5856,35.457
2019-06-02 19-50-11,430,20.6039,35.473
2019-06-02 19-50-13,429,20.5505,35.4864
2019-06-02 19-50-15,429,20.5872,35.473
2019-06-02 19-50-17,428,20.5872,35.4864
2019-06-02 19-50-21,428,20.4483,35.5291
2019-06-02 19-50-23,428,20.5719,35.4997
2019-06-02 19-50-25,428,20.5353,35.5131
2019-06-02 19-50-27,427,20.4849,35.5425
2019-06-02 19-50-29,427,20.4666,35.5558
2019-06-02 19-50-31,427,20.4895,35.6119
2019-06-02 19-50-33,427,20.3979,35.6119
2019-06-02 19-50-35,428,20.4208,35.6413
2019-06-02 19-50-39,428,20.3308,35.6546
2019-06-02 19-50-41,427,20.3308,35.6413
2019-06-02 19-50-43,428,20.3476,35.6413
2019-06-02 19-50-45,428,20.3308,35.6413
2019-06-02 19-50-47,427,20.3476,35.6119
2019-06-02 19-50-49,427,20.3476,35.6252
2019-06-02 19-50-51,428,20.3979,35.6119
2019-06-02 19-50-53,428,20.3995,35.6252
2019-06-02 19-50-57,428,20.4178,35.6119
2019-06-02 19-50-59,428,20.3613,35.5852
2019-06-02 19-51-01,428,20.3293,35.5985
2019-06-02 19-51-03,428,20.3979,35.5852
2019-06-02 19-51-05,428,20.4666,35.5425
2019-06-02 19-51-07,428,20.4315,35.5558
2019-06-02 19-51-09,429,20.3766,35.5558
2019-06-02 19-51-13,429,20.4483,35.5291
2019-06-02 19-51-15,429,20.43,35.5131
2019-06-02 19-51-17,429,20.43,35.4997
2019-06-02 19-51-19,428,20.3903,35.4997
2019-06-02 19-51-21,428,20.4483,35.5131
2019-06-02 19-51-23,428,20.4315,35.5425
2019-06-02 19-51-25,427,20.4666,35.5425
2019-06-02 19-51-27,427,20.4498,35.5425
2019-06-02 19-51-31,427,20.4849,35.5425
2019-06-02 19-51-33,427,20.4498,35.5425
2019-06-02 19-51-35,427,20.4498,35.5425
2019-06-02 19-51-37,427,20.4666,35.5291
2019-06-02 19-51-39,427,20.4315,35.5425
2019-06-02 19-51-41,427,20.4666,35.5425
2019-06-02 19-51-43,427,20.4498,35.5425
2019-06-02 19-51-47,426,20.4498,35.5558
2019-06-02 19-51-49,426,20.4666,35.5291
2019-06-02 19-51-51,427,20.4498,35.5425
2019-06-02 19-51-53,427,20.5215,35.5852
2019-06-02 19-51-55,427,20.4346,35.5852
2019-06-02 19-51-57,427,20.4346,35.5692
2019-06-02 19-51-59,427,20.4498,35.5558
2019-06-02 19-52-01,427,20.4346,35.5692
2019-06-02 19-52-05,427,20.3934,35.5425
2019-06-02 19-52-07,426,20.5032,35.5692
2019-06-02 19-52-09,426,20.4681,35.5692
2019-06-02 19-52-11,426,20.4849,35.5692
2019-06-02 19-52-13,427,20.4849,35.5692
2019-06-02 19-52-15,427,20.4865,35.5852
2019-06-02 19-52-17,427,20.4163,35.5558
2019-06-02 19-52-21,427,20.5032,35.5852
2019-06-02 19-52-23,427,20.4178,35.5985
2019-06-02 19-52-26,427,20.4498,35.5692
2019-06-02 19-52-28,427,20.4712,35.5985
2019-06-02 19-52-30,428,20.3629,35.6119
2019-06-02 19-52-32,428,20.4178,35.6119
2019-06-02 19-52-34,428,20.4346,35.5852
2019-06-02 19-52-36,429,20.3629,35.5985
2019-06-02 19-52-40,429,20.4163,35.5852
2019-06-02 19-52-42,429,20.3949,35.5692
2019-06-02 19-52-44,429,20.4163,35.5692
2019-06-02 19-52-46,429,20.3934,35.5425
2019-06-02 19-52-48,429,20.4315,35.5425
2019-06-02 19-52-50,429,20.4132,35.5425
2019-06-02 19-52-52,430,20.4849,35.5425
2019-06-02 19-52-54,430,20.4498,35.5558
2019-06-02 19-52-58,430,20.4681,35.5692
2019-06-02 19-53-00,430,20.5185,35.5558
2019-06-02 19-53-02,430,20.4849,35.5425
2019-06-02 19-53-04,430,20.5032,35.5558
2019-06-02 19-53-06,429,20.4498,35.5692
2019-06-02 19-53-08,430,20.5032,35.5558
2019-06-02 19-53-10,430,20.4681,35.5692
2019-06-02 19-53-14,431,20.4529,35.5985
2019-06-02 19-53-16,431,20.4865,35.5852
2019-06-02 19-53-18,430,20.5215,35.5692
2019-06-02 19-53-20,431,20.4498,35.5692
2019-06-02 19-53-22,431,20.4498,35.5692
2019-06-02 19-53-24,431,20.4681,35.5692
2019-06-02 19-53-26,431,20.4529,35.5852
2019-06-02 19-53-28,432,20.3766,35.5558
2019-06-02 19-53-32,432,20.4315,35.5558
2019-06-02 19-53-34,432,20.4849,35.5425
2019-06-02 19-53-36,432,20.4163,35.5558
2019-06-02 19-53-38,432,20.4681,35.5852
2019-06-02 19-53-40,432,20.4819,35.5291
2019-06-02 19-53-42,432,20.4483,35.5131
2019-06-02 19-53-44,432,20.4636,35.4997
2019-06-02 19-53-46,432,20.5002,35.5291
2019-06-02 19-53-50,432,20.4483,35.5131
2019-06-02 19-53-52,432,20.4666,35.5291
2019-06-02 19-53-54,432,20.5368,35.5558
2019-06-02 19-53-56,433,20.4849,35.5425
2019-06-02 19-53-58,433,20.5002,35.5291
2019-06-02 19-54-00,433,20.4132,35.5291
2019-06-02 19-54-02,432,20.4666,35.5425
2019-06-02 19-54-06,432,20.4849,35.5425
2019-06-02 19-54-08,432,20.4498,35.5425
2019-06-02 19-54-10,432,20.5032,35.5558
2019-06-02 19-54-12,431,20.4681,35.5692
2019-06-02 19-54-14,431,20.4681,35.5852
2019-06-02 19-54-16,431,20.4498,35.5558
2019-06-02 19-54-18,431,20.4666,35.5558
2019-06-02 19-54-20,431,20.4666,35.5425
2019-06-02 19-54-24,431,20.4666,35.5558
2019-06-02 19-54-26,431,20.5032,35.5558
2019-06-02 19-54-28,431,20.5032,35.5558
2019-06-02 19-54-30,431,20.4681,35.5692
2019-06-02 19-54-32,430,20.5032,35.5852
2019-06-02 19-54-34,430,20.4529,35.5852
2019-06-02 19-54-36,431,20.4163,35.5558
2019-06-02 19-54-40,431,20.4529,35.5852
2019-06-02 19-54-42,431,20.4498,35.5692
2019-06-02 19-54-44,432,20.5185,35.5558
2019-06-02 19-54-46,432,20.4132,35.5425
2019-06-02 19-54-48,432,20.5032,35.5692
2019-06-02 19-54-50,432,20.4498,35.5692
2019-06-02 19-54-52,432,20.4666,35.5558
2019-06-02 19-54-54,432,20.4666,35.5558
2019-06-02 19-54-58,432,20.4498,35.5425
2019-06-02 19-55-00,432,20.4819,35.5131
2019-06-02 19-55-02,433,20.5185,35.5558
2019-06-02 19-55-04,433,20.4849,35.5425
2019-06-02 19-55-06,433,20.5185,35.5558
2019-06-02 19-55-08,433,20.5002,35.5425
2019-06-02 19-55-10,433,20.4498,35.5425
2019-06-02 19-55-12,433,20.4163,35.5692
2019-06-02 19-55-16,433,20.5032,35.5558
2019-06-02 19-55-18,433,20.4849,35.5558
2019-06-02 19-55-20,432,20.4163,35.5558
2019-06-02 19-55-22,432,20.3979,35.5852
2019-06-02 19-55-24,432,20.4346,35.5985
2019-06-02 19-55-26,432,20.4346,35.5852
2019-06-02 19-55-28,432,20.4163,35.5852
2019-06-02 19-55-32,432,20.4666,35.5558
2019-06-02 19-55-34,432,20.3949,35.5558
2019-06-02 19-55-36,432,20.4346,35.5852
2019-06-02 19-55-38,432,20.4498,35.5692
2019-06-02 19-55-40,432,20.3979,35.5852
2019-06-02 19-55-42,432,20.4346,35.5852
2019-06-02 19-55-44,432,20.4346,35.5852
2019-06-02 19-55-46,432,20.3812,35.6119
2019-06-02 19-55-50,432,20.3979,35.6119
2019-06-02 19-55-52,432,20.4208,35.6252
2019-06-02 19-55-54,432,20.3812,35.6252
2019-06-02 19-55-56,432,20.3995,35.6546
2019-06-02 19-55-58,432,20.3842,35.6413
2019-06-02 19-56-00,432,20.3156,35.668
2019-06-02 19-56-02,433,20.3659,35.6413
2019-06-02 19-56-04,433,20.3476,35.6413
2019-06-02 19-56-08,433,20.3476,35.6252
2019-06-02 19-56-10,433,20.3796,35.5985
2019-06-02 19-56-12,434,20.4208,35.6252
2019-06-02 19-56-14,434,20.3979,35.5852
2019-06-02 19-56-16,434,20.4529,35.5852
2019-06-02 19-56-18,435,20.4163,35.5558
2019-06-02 19-56-20,435,20.4132,35.5425
2019-06-02 19-56-24,435,20.4681,35.5692
2019-06-02 19-56-26,435,20.4849,35.5425
2019-06-02 19-56-28,436,20.5002,35.5425
2019-06-02 19-56-30,436,20.4498,35.5425
2019-06-02 19-56-32,436,20.5032,35.5558
2019-06-02 19-56-34,436,20.4849,35.5425
2019-06-02 19-56-36,436,20.4819,35.5291
2019-06-02 19-56-38,436,20.4666,35.5558
2019-06-02 19-56-42,435,20.4346,35.5692
2019-06-02 19-56-44,435,20.4498,35.5692
2019-06-02 19-56-46,435,20.4849,35.5692
2019-06-02 19-56-48,435,20.5032,35.5692
2019-06-02 19-56-50,435,20.5032,35.5852
2019-06-02 19-56-52,435,20.4666,35.5558
2019-06-02 19-56-54,434,20.4849,35.5558
2019-06-02 19-56-58,435,20.4849,35.5425
2019-06-02 19-57-00,435,20.4849,35.5425
2019-06-02 19-57-02,435,20.4819,35.5291
2019-06-02 19-57-04,435,20.5322,35.4997
2019-06-02 19-57-06,435,20.4819,35.5131
2019-06-02 19-57-08,435,20.4849,35.5425
2019-06-02 19-57-10,435,20.5368,35.5558
2019-06-02 19-57-12,435,20.5002,35.5131
2019-06-02 19-57-16,435,20.4849,35.5425
2019-06-02 19-57-18,435,20.5002,35.5291
2019-06-02 19-57-20,435,20.5185,35.5558
2019-06-02 19-57-22,435,20.5185,35.5425
2019-06-02 19-57-24,434,20.4849,35.5425
2019-06-02 19-57-26,434,20.5002,35.5291
2019-06-02 19-57-28,434,20.4498,35.5692
2019-06-02 19-57-30,434,20.5032,35.5692
2019-06-02 19-57-34,435,20.5032,35.5692
2019-06-02 19-57-36,435,20.5032,35.5558
2019-06-02 19-57-38,435,20.5032,35.5558
2019-06-02 19-57-40,435,20.5185,35.5425
2019-06-02 19-57-42,435,20.5002,35.5425
2019-06-02 19-57-44,435,20.4849,35.5692
2019-06-02 19-57-46,436,20.4346,35.5692
2019-06-02 19-57-50,436,20.4849,35.5558
2019-06-02 19-57-52,436,20.4346,35.5985
2019-06-02 19-57-54,436,20.4529,35.5852
2019-06-02 19-57-56,437,20.5048,35.5985
2019-06-02 19-57-58,437,20.4681,35.5692
2019-06-02 19-58-00,436,20.4529,35.5985
2019-06-02 19-58-02,436,20.4666,35.5558
2019-06-02 19-58-04,436,20.3979,35.5852
2019-06-02 19-58-08,436,20.4498,35.5692
2019-06-02 19-58-11,436,20.3949,35.5692
2019-06-02 19-58-13,436,20.4666,35.5558
2019-06-02 19-58-15,436,20.4681,35.5692
2019-06-02 19-58-17,436,20.4498,35.5692
2019-06-02 19-58-19,436,20.4681,35.5852
2019-06-02 19-58-21,436,20.5032,35.5852
2019-06-02 19-58-25,436,20.4163,35.5558
2019-06-02 19-58-27,436,20.4865,35.5852
2019-06-02 19-58-29,436,20.5399,35.5852
2019-06-02 19-58-31,436,20.4849,35.5558
2019-06-02 19-58-33,436,20.5215,35.5692
2019-06-02 19-58-35,436,20.5032,35.5692
2019-06-02 19-58-37,436,20.4681,35.5692
2019-06-02 19-58-39,436,20.5399,35.5852
2019-06-02 19-58-43,436,20.4163,35.5692
2019-06-02 19-58-45,436,20.4498,35.5692
2019-06-02 19-58-47,436,20.4346,35.5692
2019-06-02 19-58-49,435,20.4163,35.5692
2019-06-02 19-58-51,436,20.4681,35.5692
2019-06-02 19-58-53,436,20.4681,35.5692
2019-06-02 19-58-55,436,20.4865,35.5985
2019-06-02 19-58-57,436,20.5048,35.5985
2019-06-02 19-59-01,436,20.4681,35.5692
2019-06-02 19-59-03,436,20.3979,35.5985
2019-06-02 19-59-05,436,20.4391,35.6413
2019-06-02 19-59-07,436,20.3995,35.6252
2019-06-02 19-59-09,436,20.3659,35.6546
2019-06-02 19-59-11,437,20.3842,35.6546
2019-06-02 19-59-13,437,20.3659,35.6546
2019-06-02 19-59-15,437,20.3842,35.6546
2019-06-02 19-59-19,437,20.3812,35.6119
2019-06-02 19-59-21,438,20.4208,35.6252
2019-06-02 19-59-23,437,20.4178,35.5985
2019-06-02 19-59-25,437,20.4529,35.6119
2019-06-02 19-59-27,437,20.3979,35.5852
2019-06-02 19-59-29,437,20.4529,35.6119
2019-06-02 19-59-31,437,20.5231,35.6119
2019-06-02 19-59-35,437,20.5048,35.5985
2019-06-02 19-59-37,437,20.5048,35.5985
2019-06-02 19-59-39,437,20.5048,35.5985
2019-06-02 19-59-41,437,20.5231,35.6119
2019-06-02 19-59-43,437,20.4681,35.5852
2019-06-02 19-59-45,436,20.4529,35.6119
2019-06-02 19-59-47,436,20.4391,35.6546
2019-06-02 19-59-49,436,20.4254,35.7
2019-06-02 19-59-53,435,20.3705,35.7267
2019-06-02 19-59-55,435,20.3171,35.7267
2019-06-02 19-59-57,435,20.2698,35.7694
2019-06-02 19-59-59,435,20.2896,35.8122
2019-06-02 20-00-01,435,20.3064,35.7961
2019-06-02 20-00-03,435,20.2148,35.7828
2019-06-02 20-00-05,435,20.2698,35.7828
2019-06-02 20-00-09,435,20.285,35.7401
2019-06-02 20-00-11,435,20.285,35.7401
2019-06-02 20-00-13,435,20.3171,35.7267
2019-06-02 20-00-15,435,20.3018,35.7401
2019-06-02 20-00-17,434,20.3018,35.7267
2019-06-02 20-00-19,434,20.3354,35.7267
2019-06-02 20-00-21,435,20.3522,35.7
2019-06-02 20-00-23,435,20.3674,35.7
2019-06-02 20-00-27,434,20.4575,35.6546
2019-06-02 20-00-29,435,20.3659,35.6546
2019-06-02 20-00-31,435,20.3674,35.668
2019-06-02 20-00-33,434,20.4391,35.6413
2019-06-02 20-00-35,434,20.3812,35.6119
2019-06-02 20-00-37,434,20.4361,35.6252
2019-06-02 20-00-39,433,20.4178,35.6119
2019-06-02 20-00-41,433,20.3979,35.6119
2019-06-02 20-00-45,433,20.4346,35.5692
2019-06-02 20-00-47,433,20.5032,35.5692
2019-06-02 20-00-49,433,20.4666,35.5558
2019-06-02 20-00-51,433,20.4849,35.5425
2019-06-02 20-00-53,433,20.4666,35.5558
2019-06-02 20-00-55,433,20.5032,35.5692
2019-06-02 20-00-57,433,20.4849,35.5558
2019-06-02 20-01-01,432,20.5353,35.5291
2019-06-02 20-01-03,432,20.4681,35.5692
2019-06-02 20-01-05,432,20.5368,35.5558
2019-06-02 20-01-07,432,20.5536,35.5558
2019-06-02 20-01-09,432,20.5215,35.5692
2019-06-02 20-01-11,432,20.5368,35.5558
2019-06-02 20-01-13,432,20.5917,35.5558
2019-06-02 20-01-15,432,20.5185,35.5558
2019-06-02 20-01-19,432,20.5002,35.5291
2019-06-02 20-01-21,432,20.5002,35.5131
2019-06-02 20-01-23,433,20.5551,35.5692
2019-06-02 20-01-25,433,20.5368,35.5692
2019-06-02 20-01-27,432,20.5185,35.5558
2019-06-02 20-01-29,432,20.5185,35.5558
2019-06-02 20-01-31,432,20.5353,35.5425
2019-06-02 20-01-35,432,20.6085,35.5291
2019-06-02 20-01-37,431,20.517,35.5131
2019-06-02 20-01-39,431,20.5353,35.5291
2019-06-02 20-01-41,431,20.5505,35.5131
2019-06-02 20-01-43,431,20.5536,35.5425
2019-06-02 20-01-45,432,20.5536,35.5425
2019-06-02 20-01-47,431,20.5505,35.5131
2019-06-02 20-01-49,431,20.5902,35.5291
2019-06-02 20-01-53,432,20.5353,35.5425
2019-06-02 20-01-55,432,20.5902,35.5291
2019-06-02 20-01-57,433,20.5353,35.5291
2019-06-02 20-01-59,432,20.5734,35.5558
2019-06-02 20-02-01,432,20.6421,35.5291
2019-06-02 20-02-03,431,20.6238,35.5131
2019-06-02 20-02-05,431,20.4483,35.5291
2019-06-02 20-02-09,432,20.5002,35.5131
2019-06-02 20-02-11,431,20.5902,35.5291
2019-06-02 20-02-13,432,20.5185,35.5558
2019-06-02 20-02-15,432,20.5536,35.5558
2019-06-02 20-02-17,432,20.5353,35.5291
2019-06-02 20-02-19,432,20.4849,35.5692
2019-06-02 20-02-21,432,20.4849,35.5558
2019-06-02 20-02-23,433,20.4849,35.5692
2019-06-02 20-02-27,433,20.4498,35.5692
2019-06-02 20-02-29,433,20.4712,35.5985
2019-06-02 20-02-31,433,20.4544,35.6252
2019-06-02 20-02-33,433,20.4178,35.6119
2019-06-02 20-02-35,433,20.4865,35.5985
2019-06-02 20-02-37,433,20.3812,35.6119
2019-06-02 20-02-39,433,20.5048,35.6119
2019-06-02 20-02-43,433,20.4529,35.5985
2019-06-02 20-02-45,434,20.4712,35.6119
2019-06-02 20-02-47,434,20.4544,35.6413
2019-06-02 20-02-49,434,20.4529,35.6119
2019-06-02 20-02-51,435,20.4895,35.6252
2019-06-02 20-02-53,435,20.4529,35.6119
2019-06-02 20-02-55,435,20.4712,35.5985
2019-06-02 20-02-57,435,20.5231,35.6119
2019-06-02 20-03-01,435,20.5048,35.5985
2019-06-02 20-03-03,435,20.5048,35.5985
2019-06-02 20-03-05,435,20.5078,35.6252
2019-06-02 20-03-07,436,20.4895,35.6252
2019-06-02 20-03-09,436,20.5215,35.5985
2019-06-02 20-03-11,436,20.4895,35.6119
2019-06-02 20-03-13,436,20.4727,35.6413
2019-06-02 20-03-15,436,20.4895,35.6413
2019-06-02 20-03-19,436,20.4895,35.6252
2019-06-02 20-03-21,436,20.4529,35.5985
2019-06-02 20-03-23,436,20.4361,35.6119
2019-06-02 20-03-25,436,20.3979,35.6119
2019-06-02 20-03-27,436,20.4895,35.6119
2019-06-02 20-03-29,436,20.4529,35.6119
2019-06-02 20-03-31,436,20.5032,35.5852
2019-06-02 20-03-35,436,20.4361,35.6119
2019-06-02 20-03-37,436,20.5048,35.5985
2019-06-02 20-03-39,436,20.4849,35.5692
2019-06-02 20-03-41,436,20.4865,35.5852
2019-06-02 20-03-43,437,20.5032,35.5692
2019-06-02 20-03-46,437,20.5215,35.5985
2019-06-02 20-03-48,437,20.4849,35.5692
2019-06-02 20-03-50,437,20.5399,35.5852
2019-06-02 20-03-54,437,20.5551,35.5692
2019-06-02 20-03-56,436,20.4849,35.5558
2019-06-02 20-03-58,437,20.5185,35.5425
2019-06-02 20-04-00,437,20.5032,35.5692
2019-06-02 20-04-02,436,20.5353,35.5425
2019-06-02 20-04-04,436,20.5032,35.5558
2019-06-02 20-04-06,437,20.5353,35.5425
2019-06-02 20-04-08,437,20.5185,35.5291
2019-06-02 20-04-12,437,20.5536,35.5425
2019-06-02 20-04-14,437,20.5917,35.5425
2019-06-02 20-04-16,437,20.5734,35.5291
2019-06-02 20-04-18,437,20.61,35.5558
2019-06-02 20-04-20,437,20.5032,35.5558
2019-06-02 20-04-22,437,20.5734,35.5558
2019-06-02 20-04-24,437,20.5902,35.5291
2019-06-02 20-04-28,437,20.5734,35.5558
2019-06-02 20-04-30,437,20.5734,35.5425
2019-06-02 20-04-32,437,20.5536,35.5558
2019-06-02 20-04-34,437,20.5536,35.5558
2019-06-02 20-04-36,438,20.5353,35.5425
2019-06-02 20-04-38,438,20.61,35.5558
2019-06-02 20-04-40,438,20.5353,35.5425
2019-06-02 20-04-42,438,20.5368,35.5558
2019-06-02 20-04-46,438,20.5734,35.5425
2019-06-02 20-04-48,438,20.5185,35.5558
2019-06-02 20-04-50,438,20.5734,35.5291
2019-06-02 20-04-52,438,20.5536,35.5291
2019-06-02 20-04-54,438,20.5536,35.5425
2019-06-02 20-04-56,438,20.6085,35.5291
2019-06-02 20-04-58,438,20.5719,35.5131
2019-06-02 20-05-00,438,20.5917,35.5425
2019-06-02 20-05-04,438,20.61,35.5692
2019-06-02 20-05-06,437,20.5917,35.5558
2019-06-02 20-05-08,438,20.5917,35.5558
2019-06-02 20-05-10,437,20.6451,35.5558
2019-06-02 20-05-12,438,20.5185,35.5558
2019-06-02 20-05-14,438,20.5536,35.5425
2019-06-02 20-05-16,437,20.5917,35.5425
2019-06-02 20-05-20,437,20.5536,35.5558
2019-06-02 20-05-22,438,20.61,35.5692
2019-06-02 20-05-24,437,20.5765,35.5692
2019-06-02 20-05-26,438,20.5917,35.5425
2019-06-02 20-05-28,438,20.5734,35.5425
2019-06-02 20-05-30,438,20.5185,35.5425
2019-06-02 20-05-32,438,20.5734,35.5425
2019-06-02 20-05-34,438,20.5353,35.5291
2019-06-02 20-05-38,438,20.5734,35.5425
2019-06-02 20-05-40,438,20.6085,35.5291
2019-06-02 20-05-42,438,20.5734,35.5291
2019-06-02 20-05-44,437,20.5505,35.5131
2019-06-02 20-05-46,437,20.5719,35.5131
2019-06-02 20-05-48,436,20.5719,35.4997
2019-06-02 20-05-50,436,20.5353,35.5131
2019-06-02 20-05-52,436,20.5872,35.4997
2019-06-02 20-05-56,436,20.6055,35.5131
2019-06-02 20-05-58,436,20.6238,35.5131
2019-06-02 20-06-00,436,20.5872,35.4997
2019-06-02 20-06-02,436,20.6055,35.5131
2019-06-02 20-06-04,436,20.6223,35.4864
2019-06-02 20-06-06,435,20.5872,35.4997
2019-06-02 20-06-08,435,20.6039,35.457
2019-06-02 20-06-12,435,20.6741,35.4864
2019-06-02 20-06-14,435,20.5688,35.473
2019-06-02 20-06-16,435,20.5872,35.4997
2019-06-02 20-06-18,435,20.6406,35.4864
2019-06-02 20-06-20,435,20.6055,35.4997
2019-06-02 20-06-22,434,20.5872,35.4864
2019-06-02 20-06-24,434,20.6055,35.4864
2019-06-02 20-06-26,435,20.6406,35.4864
2019-06-02 20-06-30,434,20.5719,35.4997
2019-06-02 20-06-32,434,20.6421,35.5291
2019-06-02 20-06-34,434,20.5719,35.4997
2019-06-02 20-06-36,434,20.6238,35.5291
2019-06-02 20-06-38,434,20.6238,35.5131
2019-06-02 20-06-40,434,20.6085,35.5425
2019-06-02 20-06-42,434,20.61,35.5558
2019-06-02 20-06-44,434,20.5582,35.5985
2019-06-02 20-06-48,434,20.5582,35.5985
2019-06-02 20-06-50,434,20.4498,35.5692
2019-06-02 20-06-52,434,20.5032,35.5558
2019-06-02 20-06-54,433,20.5551,35.5692
2019-06-02 20-06-56,433,20.5536,35.5558
2019-06-02 20-06-58,433,20.5734,35.5558
2019-06-02 20-07-00,433,20.6085,35.5291
2019-06-02 20-07-04,433,20.5902,35.5291
2019-06-02 20-07-06,433,20.5185,35.5425
2019-06-02 20-07-08,433,20.6055,35.5131
2019-06-02 20-07-10,432,20.6085,35.5425
2019-06-02 20-07-12,432,20.6055,35.5131
2019-06-02 20-07-14,433,20.5719,35.4997
2019-06-02 20-07-16,434,20.5902,35.5131
2019-06-02 20-07-18,434,20.6406,35.4997
2019-06-02 20-07-22,434,20.6223,35.4864
2019-06-02 20-07-24,434,20.6924,35.4864
2019-06-02 20-07-26,434,20.6589,35.5131
2019-06-02 20-07-28,434,20.6421,35.5131
2019-06-02 20-07-30,434,20.6055,35.4864
2019-06-02 20-07-32,434,20.6924,35.5131
2019-06-02 20-07-34,433,20.6421,35.5425
2019-06-02 20-07-36,433,20.6772,35.5291
2019-06-02 20-07-40,433,20.6421,35.5425
2019-06-02 20-07-42,433,20.6085,35.5425
2019-06-02 20-07-44,433,20.5902,35.5291
2019-06-02 20-07-46,433,20.5902,35.5131
2019-06-02 20-07-48,434,20.6085,35.5425
2019-06-02 20-07-50,434,20.5734,35.5291
2019-06-02 20-07-52,434,20.6421,35.5425
2019-06-02 20-07-56,434,20.6238,35.5291
2019-06-02 20-07-58,433,20.6238,35.4997
2019-06-02 20-08-00,434,20.6085,35.5291
2019-06-02 20-08-02,433,20.6238,35.5291
2019-06-02 20-08-04,434,20.6055,35.5131
2019-06-02 20-08-06,434,20.6238,35.5291
2019-06-02 20-08-08,433,20.6421,35.5291
2019-06-02 20-08-10,433,20.5902,35.5131
2019-06-02 20-08-14,434,20.6238,35.5291
2019-06-02 20-08-16,434,20.6421,35.5131
2019-06-02 20-08-18,434,20.6085,35.5291
2019-06-02 20-08-20,434,20.6421,35.5291
2019-06-02 20-08-22,434,20.5902,35.5131
2019-06-02 20-08-24,435,20.6741,35.4997
2019-06-02 20-08-26,435,20.5902,35.5131
2019-06-02 20-08-28,435,20.6055,35.4864
2019-06-02 20-08-32,436,20.6406,35.4997
2019-06-02 20-08-34,436,20.6741,35.4864
2019-06-02 20-08-36,436,20.6924,35.4997
2019-06-02 20-08-38,437,20.6741,35.473
2019-06-02 20-08-40,437,20.6909,35.457
2019-06-02 20-08-42,437,20.6238,35.4997
2019-06-02 20-08-44,437,20.6741,35.473
2019-06-02 20-08-48,437,20.6909,35.473
2019-06-02 20-08-50,436,20.6589,35.4997
2019-06-02 20-08-52,436,20.6223,35.4864
2019-06-02 20-08-54,436,20.6741,35.4864
2019-06-02 20-08-56,436,20.6558,35.4864
2019-06-02 20-08-58,436,20.6589,35.4997
2019-06-02 20-09-00,436,20.6223,35.4864
2019-06-02 20-09-02,437,20.6772,35.5131
2019-06-02 20-09-06,436,20.6924,35.4997
2019-06-02 20-09-08,437,20.6406,35.4997
2019-06-02 20-09-10,437,20.6955,35.5291
2019-06-02 20-09-12,436,20.6741,35.4864
2019-06-02 20-09-14,436,20.6421,35.5131
2019-06-02 20-09-16,436,20.6238,35.5291
2019-06-02 20-09-18,437,20.6421,35.5131
2019-06-02 20-09-20,437,20.6924,35.5131
2019-06-02 20-09-24,437,20.5719,35.5131
2019-06-02 20-09-26,437,20.6055,35.5131
2019-06-02 20-09-29,437,20.6238,35.5131
2019-06-02 20-09-31,437,20.6238,35.5131
2019-06-02 20-09-33,437,20.6772,35.5131
2019-06-02 20-09-35,437,20.6238,35.4997
2019-06-02 20-09-37,436,20.5872,35.4864
2019-06-02 20-09-41,436,20.6604,35.5291
2019-06-02 20-09-43,436,20.6421,35.5291
2019-06-02 20-09-45,436,20.6238,35.5291
2019-06-02 20-09-47,436,20.6421,35.5291
2019-06-02 20-09-49,436,20.6604,35.5425
2019-06-02 20-09-51,436,20.6238,35.5291
2019-06-02 20-09-53,436,20.6924,35.4864
2019-06-02 20-09-55,436,20.6238,35.4997
2019-06-02 20-09-59,436,20.6406,35.4864
2019-06-02 20-10-01,436,20.5917,35.5425
2019-06-02 20-10-03,436,20.5902,35.5131
2019-06-02 20-10-05,436,20.6238,35.5131
2019-06-02 20-10-07,436,20.6085,35.5291
2019-06-02 20-10-09,436,20.6589,35.5131
2019-06-02 20-10-11,436,20.6604,35.5291
2019-06-02 20-10-13,436,20.6421,35.5291
2019-06-02 20-10-17,436,20.6238,35.5291
2019-06-02 20-10-19,436,20.5902,35.5131
2019-06-02 20-10-21,437,20.6451,35.5558
2019-06-02 20-10-23,436,20.6421,35.5131
2019-06-02 20-10-25,437,20.6085,35.5425
2019-06-02 20-10-27,437,20.5917,35.5425
2019-06-02 20-10-29,436,20.5734,35.5425
2019-06-02 20-10-33,436,20.6268,35.5692
2019-06-02 20-10-35,437,20.6451,35.5558
2019-06-02 20-10-37,436,20.6268,35.5425
2019-06-02 20-10-39,436,20.61,35.5558
2019-06-02 20-10-41,435,20.6268,35.5692
2019-06-02 20-10-43,435,20.5917,35.5558
2019-06-02 20-10-45,435,20.5765,35.5692
2019-06-02 20-10-47,435,20.61,35.5852
2019-06-02 20-10-51,435,20.5582,35.6119
2019-06-02 20-10-53,435,20.578,35.6119
2019-06-02 20-10-55,435,20.5231,35.6252
2019-06-02 20-10-57,435,20.491,35.6546
2019-06-02 20-10-59,434,20.5597,35.6413
2019-06-02 20-11-01,434,20.5261,35.668
2019-06-02 20-11-03,434,20.4407,35.7134
2019-06-02 20-11-05,433,20.4803,35.7561
2019-06-02 20-11-09,434,20.43,35.7828
2019-06-02 20-11-11,433,20.3583,35.7961
2019-06-02 20-11-13,433,20.3079,35.8389
2019-06-02 20-11-15,433,20.3262,35.8389
2019-06-02 20-11-17,434,20.2744,35.8549
2019-06-02 20-11-19,435,20.3079,35.8389
2019-06-02 20-11-21,435,20.3247,35.8255
2019-06-02 20-11-25,435,20.343,35.8255
2019-06-02 20-11-27,435,20.2713,35.8255
2019-06-02 20-11-29,435,20.2347,35.8255
2019-06-02 20-11-31,435,20.2744,35.8682
2019-06-02 20-11-33,435,20.2209,35.8816
2019-06-02 20-11-35,435,20.2026,35.8816
2019-06-02 20-11-37,434,20.1874,35.911
2019-06-02 20-11-39,434,20.1736,35.967
2019-06-02 20-11-43,434,20.1385,35.967
2019-06-02 20-11-45,435,20.1599,36.0071
2019-06-02 20-11-47,435,20.105,36.0231
2019-06-02 20-11-49,435,20.1233,35.9937
2019-06-02 20-11-51,435,20.1248,36.0071
2019-06-02 20-11-53,435,20.1599,36.0071
2019-06-02 20-11-55,435,20.105,36.0071
2019-06-02 20-11-57,435,20.105,36.0231
2019-06-02 20-12-01,435,20.1416,35.9937
2019-06-02 20-12-03,436,20.105,36.0071
2019-06-02 20-12-05,436,20.105,36.0231
2019-06-02 20-12-07,436,20.1599,36.0231
2019-06-02 20-12-09,436,20.105,36.0231
2019-06-02 20-12-11,436,20.1233,35.9937
2019-06-02 20-12-13,436,20.0699,36.0071
2019-06-02 20-12-17,436,20.0699,36.0071
2019-06-02 20-12-19,436,20.0882,36.0365
2019-06-02 20-12-21,437,20.0546,36.0632
2019-06-02 20-12-23,437,20.0729,36.0632
2019-06-02 20-12-25,437,20.0043,36.0632
2019-06-02 20-12-27,437,20.0546,36.0498
2019-06-02 20-12-29,437,20.0729,36.0632
2019-06-02 20-12-31,437,20.0912,36.0632
2019-06-02 20-12-35,437,20.0562,36.0792
2019-06-02 20-12-37,437,20.0729,36.0498
2019-06-02 20-12-39,437,20.05,35.9804
2019-06-02 20-12-41,438,20.0684,35.9937
2019-06-02 20-12-43,437,20.1385,35.967
2019-06-02 20-12-45,437,20.1385,35.967
2019-06-02 20-12-47,438,20.1553,35.951
2019-06-02 20-12-49,438,20.1706,35.9377
2019-06-02 20-12-53,438,20.2423,35.9377
2019-06-02 20-12-55,438,20.2057,35.911
2019-06-02 20-12-57,438,20.2011,35.8549
2019-06-02 20-12-59,437,20.256,35.8816
2019-06-02 20-13-01,437,20.2377,35.8816
2019-06-02 20-13-03,437,20.2377,35.8549
2019-06-02 20-13-05,437,20.2927,35.8682
2019-06-02 20-13-07,437,20.2927,35.8682
2019-06-02 20-13-11,437,20.253,35.8549
2019-06-02 20-13-13,437,20.2927,35.8816
2019-06-02 20-13-15,436,20.253,35.8549
2019-06-02 20-13-17,436,20.2209,35.8949
2019-06-02 20-13-19,436,20.2026,35.8949
2019-06-02 20-13-21,436,20.2026,35.8949
2019-06-02 20-13-23,436,20.2072,35.951
2019-06-02 20-13-27,435,20.1935,36.0071
2019-06-02 20-13-29,435,20.1462,36.0792
2019-06-02 20-13-31,434,20.0928,36.1192
2019-06-02 20-13-33,434,20.0104,36.2074
2019-06-02 20-13-35,433,19.9265,36.2768
2019-06-02 20-13-37,433,19.841,36.3195
2019-06-02 20-13-39,433,19.7891,36.3756
2019-06-02 20-13-41,433,19.7906,36.389
2019-06-02 20-13-45,433,19.6884,36.4317
2019-06-02 20-13-47,434,19.7403,36.445
2019-06-02 20-13-49,434,19.6533,36.4744
2019-06-02 20-13-51,436,19.6716,36.5011
2019-06-02 20-13-53,436,19.635,36.4744
2019-06-02 20-13-55,437,19.635,36.4611
2019-06-02 20-13-57,438,19.6884,36.4317
2019-06-02 20-14-01,439,19.6487,36.389
2019-06-02 20-14-03,440,19.7067,36.4317
2019-06-02 20-14-05,440,19.722,36.4183
2019-06-02 20-14-07,441,19.6884,36.4317
2019-06-02 20-14-09,441,19.7067,36.4317
2019-06-02 20-14-11,441,19.6671,36.4317
2019-06-02 20-14-13,440,19.6487,36.389
2019-06-02 20-14-15,439,19.725,36.4317
2019-06-02 20-14-19,439,19.6671,36.405
2019-06-02 20-14-21,439,19.6854,36.389
2019-06-02 20-14-23,438,19.7388,36.389
2019-06-02 20-14-25,438,19.7021,36.3756
2019-06-02 20-14-27,438,19.754,36.3756
2019-06-02 20-14-29,438,19.7708,36.3489
2019-06-02 20-14-31,437,19.7723,36.389
2019-06-02 20-14-33,437,19.7723,36.389
2019-06-02 20-14-37,437,19.7388,36.3756
2019-06-02 20-14-39,436,19.7754,36.405
2019-06-02 20-14-41,436,19.6518,36.4317
2019-06-02 20-14-43,436,19.6701,36.4611
2019-06-02 20-14-46,435,19.6716,36.4744
2019-06-02 20-14-48,436,19.6533,36.4878
2019-06-02 20-14-50,436,19.6198,36.4878
2019-06-02 20-14-52,436,19.6899,36.4611
2019-06-02 20-14-56,436,19.635,36.445
2019-06-02 20-14-58,436,19.7067,36.4317
2019-06-02 20-15-00,436,19.7205,36.389
2019-06-02 20-15-02,436,19.6854,36.3756
2019-06-02 20-15-04,436,19.6854,36.3756
2019-06-02 20-15-06,436,19.7357,36.3489
2019-06-02 20-15-08,436,19.7861,36.3329
2019-06-02 20-15-12,436,19.7678,36.2928
2019-06-02 20-15-14,435,19.8578,36.2928
2019-06-02 20-15-16,435,19.873,36.2768
2019-06-02 20-15-18,435,19.8029,36.2928
2019-06-02 20-15-20,434,19.8914,36.2928
2019-06-02 20-15-22,434,19.8914,36.2928
2019-06-02 20-15-24,434,19.8914,36.2768
2019-06-02 20-15-26,434,19.8212,36.3195
2019-06-02 20-15-30,433,19.8761,36.3062
2019-06-02 20-15-32,433,19.8044,36.3329
2019-06-02 20-15-34,433,19.7357,36.3489
2019-06-02 20-15-36,433,19.7723,36.3623
2019-06-02 20-15-38,432,19.8074,36.3623
2019-06-02 20-15-40,432,19.7906,36.389
2019-06-02 20-15-42,432,19.812,36.4317
2019-06-02 20-15-44,432,19.7586,36.445
2019-06-02 20-15-48,432,19.6945,36.5171
2019-06-02 20-15-50,432,19.6579,36.5599
2019-06-02 20-15-52,432,19.519,36.5866
2019-06-02 20-15-54,433,19.5572,36.6186
2019-06-02 20-15-56,433,19.5023,36.6026
2019-06-02 20-15-58,433,19.5572,36.6026
2019-06-02 20-16-00,434,19.5343,36.5599
2019-06-02 20-16-04,434,19.6213,36.5305
2019-06-02 20-16-06,434,19.6014,36.4878
2019-06-02 20-16-08,434,19.6198,36.4878
2019-06-02 20-16-10,434,19.6716,36.4878
2019-06-02 20-16-12,434,19.603,36.5011
2019-06-02 20-16-14,434,19.6701,36.445
2019-06-02 20-16-16,434,19.6533,36.4611
2019-06-02 20-16-18,433,19.6884,36.4317
2019-06-02 20-16-22,433,19.7403,36.4317
2019-06-02 20-16-24,433,19.725,36.4317
2019-06-02 20-16-26,433,19.7403,36.4183
2019-06-02 20-16-28,434,19.7067,36.445
2019-06-02 20-16-30,434,19.7617,36.4744
2019-06-02 20-16-32,433,19.6716,36.4744
2019-06-02 20-16-34,434,19.7617,36.4611
2019-06-02 20-16-36,433,19.6701,36.4611
2019-06-02 20-16-40,434,19.7067,36.445
2019-06-02 20-16-42,434,19.7067,36.445
2019-06-02 20-16-44,434,19.7403,36.4317
2019-06-02 20-16-46,434,19.725,36.4611
2019-06-02 20-16-48,433,19.6884,36.4317
2019-06-02 20-16-50,433,19.7586,36.445
2019-06-02 20-16-52,432,19.6899,36.445
2019-06-02 20-16-56,433,19.6899,36.445
2019-06-02 20-16-58,432,19.725,36.4317
2019-06-02 20-17-00,433,19.7403,36.445
2019-06-02 20-17-02,433,19.725,36.445
2019-06-02 20-17-04,433,19.6884,36.4317
2019-06-02 20-17-06,433,19.7067,36.4183
2019-06-02 20-17-08,434,19.7769,36.4611
2019-06-02 20-17-10,434,19.693,36.4878
2019-06-02 20-17-14,434,19.6381,36.4878
2019-06-02 20-17-16,434,19.6213,36.5171
2019-06-02 20-17-18,433,19.6579,36.5438
2019-06-02 20-17-20,433,19.5572,36.6026
2019-06-02 20-17-22,434,19.5755,36.6186
2019-06-02 20-17-24,434,19.5572,36.632
2019-06-02 20-17-26,435,19.6106,36.6186
2019-06-02 20-17-30,435,19.574,36.6026
2019-06-02 20-17-32,435,19.5755,36.6186
2019-06-02 20-17-34,435,19.5923,36.6026
2019-06-02 20-17-36,435,19.5557,36.5732
2019-06-02 20-17-38,435,19.5328,36.5438
2019-06-02 20-17-40,435,19.5892,36.5732
2019-06-02 20-17-42,434,19.6426,36.5599
2019-06-02 20-17-44,434,19.5511,36.5171
2019-06-02 20-17-48,434,19.6381,36.5011
2019-06-02 20-17-50,435,19.6533,36.4744
2019-06-02 20-17-52,434,19.725,36.445
2019-06-02 20-17-54,434,19.7067,36.4183
2019-06-02 20-17-56,434,19.7937,36.4183
2019-06-02 20-17-58,434,19.7937,36.4183
2019-06-02 20-18-00,434,19.7754,36.405
2019-06-02 20-18-02,434,19.7037,36.405
2019-06-02 20-18-06,434,19.7754,36.4183
2019-06-02 20-18-08,433,19.7403,36.4183
2019-06-02 20-18-10,434,19.7906,36.389
2019-06-02 20-18-12,433,19.7067,36.4317
2019-06-02 20-18-14,433,19.7403,36.445
2019-06-02 20-18-16,433,19.7067,36.445
2019-06-02 20-18-18,432,19.7067,36.4183
2019-06-02 20-18-22,433,19.722,36.4183
2019-06-02 20-18-24,432,19.7083,36.4878
2019-06-02 20-18-26,433,19.7266,36.4878
2019-06-02 20-18-28,432,19.7113,36.5171
2019-06-02 20-18-30,432,19.6945,36.5305
2019-06-02 20-18-32,433,19.6426,36.5599
2019-06-02 20-18-34,432,19.5892,36.5599
2019-06-02 20-18-36,432,19.5755,36.6186
2019-06-02 20-18-40,432,19.5389,36.632
2019-06-02 20-18-42,432,19.5053,36.6587
2019-06-02 20-18-44,431,19.5053,36.6587
2019-06-02 20-18-46,431,19.4733,36.688
2019-06-02 20-18-48,431,19.4885,36.688
2019-06-02 20-18-50,432,19.4916,36.7147
2019-06-02 20-18-52,432,19.4733,36.7147
2019-06-02 20-18-54,432,19.455,36.688
2019-06-02 20-18-58,431,19.455,36.688
2019-06-02 20-19-00,431,19.4702,36.6587
2019-06-02 20-19-02,432,19.5023,36.6026
2019-06-02 20-19-04,431,19.5557,36.5732
2019-06-02 20-19-06,431,19.6075,36.5866
2019-06-02 20-19-08,432,19.6426,36.5599
2019-06-02 20-19-10,432,19.5877,36.5305
2019-06-02 20-19-14,432,19.6396,36.5438
2019-06-02 20-19-16,431,19.6426,36.5599
2019-06-02 20-19-18,432,19.6243,36.5438
2019-06-02 20-19-20,432,19.6396,36.5438
2019-06-02 20-19-22,432,19.606,36.5438
2019-06-02 20-19-24,432,19.6396,36.5305
2019-06-02 20-19-26,432,19.606,36.5438
2019-06-02 20-19-28,432,19.6381,36.5171
2019-06-02 20-19-32,431,19.5877,36.5171
2019-06-02 20-19-34,432,19.6564,36.5305
2019-06-02 20-19-36,432,19.6381,36.5011
2019-06-02 20-19-38,432,19.6381,36.5171
2019-06-02 20-19-40,432,19.7266,36.4744
2019-06-02 20-19-42,432,19.6716,36.4744
2019-06-02 20-19-44,432,19.6701,36.4611
2019-06-02 20-19-48,432,19.7083,36.4611
2019-06-02 20-19-50,433,19.7067,36.445
2019-06-02 20-19-52,433,19.7403,36.4317
2019-06-02 20-19-54,432,19.725,36.4611
2019-06-02 20-19-56,432,19.6899,36.4611
2019-06-02 20-19-58,432,19.7449,36.4878
2019-06-02 20-20-00,432,19.6945,36.5305
2019-06-02 20-20-02,432,19.6213,36.5305
2019-06-02 20-20-06,433,19.6213,36.5305
2019-06-02 20-20-08,433,19.6945,36.5171
2019-06-02 20-20-10,433,19.6716,36.4744
2019-06-02 20-20-13,433,19.7083,36.4744
2019-06-02 20-20-15,433,19.725,36.4611
2019-06-02 20-20-17,433,19.6533,36.4744
2019-06-02 20-20-19,433,19.725,36.445
2019-06-02 20-20-23,433,19.7067,36.445
2019-06-02 20-20-25,433,19.725,36.4317
2019-06-02 20-20-27,433,19.7617,36.4611
2019-06-02 20-20-29,433,19.7067,36.4317
2019-06-02 20-20-31,433,19.6701,36.445
2019-06-02 20-20-33,434,19.7067,36.4317
2019-06-02 20-20-35,433,19.722,36.4183
2019-06-02 20-20-37,433,19.7067,36.4183
2019-06-02 20-20-41,433,19.7067,36.4183
2019-06-02 20-20-43,433,19.725,36.4317
2019-06-02 20-20-45,433,19.7403,36.4183
2019-06-02 20-20-47,433,19.7586,36.4317
2019-06-02 20-20-49,433,19.7586,36.4317
2019-06-02 20-20-51,433,19.7571,36.4183
2019-06-02 20-20-53,433,19.7906,36.389
2019-06-02 20-20-55,433,19.7754,36.4183
2019-06-02 20-20-59,432,19.7906,36.389
2019-06-02 20-21-01,432,19.7571,36.389
2019-06-02 20-21-03,432,19.7754,36.405
2019-06-02 20-21-05,432,19.7906,36.405
2019-06-02 20-21-07,432,19.8074,36.389
2019-06-02 20-21-09,433,19.7891,36.3756
2019-06-02 20-21-11,432,19.7906,36.389
2019-06-02 20-21-15,432,19.7891,36.3489
2019-06-02 20-21-17,433,19.7891,36.3623
2019-06-02 20-21-19,433,19.8044,36.3329
2019-06-02 20-21-21,433,19.841,36.3195
2019-06-02 20-21-23,432,19.8578,36.3062
2019-06-02 20-21-25,432,19.8776,36.3623
2019-06-02 20-21-27,431,19.8593,36.3489
2019-06-02 20-21-29,431,19.8593,36.3489
2019-06-02 20-21-33,431,19.8624,36.3623
2019-06-02 20-21-35,431,19.8441,36.3489
2019-06-02 20-21-37,431,19.8776,36.3329
2019-06-02 20-21-39,431,19.8593,36.3195
2019-06-02 20-21-41,431,19.9127,36.3195
2019-06-02 20-21-43,430,19.8944,36.3329
2019-06-02 20-21-45,431,19.841,36.3195
2019-06-02 20-21-47,431,19.8578,36.3062
2019-06-02 20-21-51,431,19.8593,36.3329
2019-06-02 20-21-53,431,19.8593,36.3195
2019-06-02 20-21-55,431,19.8776,36.3329
2019-06-02 20-21-57,431,19.8944,36.3329
2019-06-02 20-21-59,431,19.8624,36.3623
2019-06-02 20-22-01,431,19.8441,36.3489
2019-06-02 20-22-03,431,19.7891,36.3489
2019-06-02 20-22-07,431,19.8227,36.3623
2019-06-02 20-22-09,431,19.7891,36.3489
2019-06-02 20-22-11,431,19.8227,36.3623
2019-06-02 20-22-13,431,19.8044,36.3329
2019-06-02 20-22-15,431,19.8441,36.3489
2019-06-02 20-22-17,431,19.8074,36.3756
2019-06-02 20-22-19,431,19.8257,36.3756
2019-06-02 20-22-21,432,19.7891,36.3756
2019-06-02 20-22-25,432,19.754,36.3756
2019-06-02 20-22-27,432,19.8257,36.3756
2019-06-02 20-22-29,432,19.8624,36.3756
2019-06-02 20-22-31,432,19.7754,36.4317
2019-06-02 20-22-33,432,19.7937,36.4183
2019-06-02 20-22-35,432,19.7769,36.445
2019-06-02 20-22-37,432,19.7586,36.4317
2019-06-02 20-22-41,433,19.7754,36.4183
2019-06-02 20-22-43,433,19.7571,36.389
2019-06-02 20-22-45,433,19.7891,36.3756
2019-06-02 20-22-47,433,19.8074,36.3756
2019-06-02 20-22-49,433,19.8074,36.3756
2019-06-02 20-22-51,434,19.8257,36.3756
2019-06-02 20-22-53,434,19.7754,36.405
2019-06-02 20-22-55,434,19.7891,36.3756
2019-06-02 20-22-59,434,19.7037,36.389
2019-06-02 20-23-01,435,19.7891,36.3623
2019-06-02 20-23-03,435,19.841,36.3329
2019-06-02 20-23-05,435,19.8914,36.2928
2019-06-02 20-23-07,435,19.9448,36.2768
2019-06-02 20-23-09,435,19.8898,36.2501
2019-06-02 20-23-11,435,19.9051,36.2367
2019-06-02 20-23-13,435,19.9265,36.2635
2019-06-02 20-23-17,435,19.9585,36.2501
2019-06-02 20-23-19,434,19.9738,36.2207
2019-06-02 20-23-21,434,19.9402,36.2367
2019-06-02 20-23-23,434,19.9768,36.2367
2019-06-02 20-23-25,433,19.9219,36.2207
2019-06-02 20-23-27,434,20.0287,36.2074
2019-06-02 20-23-29,434,20.0287,36.194
2019-06-02 20-23-33,434,20.0104,36.178
2019-06-02 20-23-35,433,20.0104,36.178
2019-06-02 20-23-37,433,20.0455,36.194
2019-06-02 20-23-39,433,20.0287,36.2074
2019-06-02 20-23-41,433,19.9966,36.2367
2019-06-02 20-23-43,433,20.0287,36.194
2019-06-02 20-23-45,433,20.0134,36.2207
2019-06-02 20-23-47,433,19.9585,36.2207
2019-06-02 20-23-51,433,20.0638,36.2074
2019-06-02 20-23-53,433,19.9738,36.194
2019-06-02 20-23-55,433,20.0287,36.2074
2019-06-02 20-23-57,433,20.0104,36.2074
2019-06-02 20-23-59,432,19.9921,36.194
2019-06-02 20-24-01,432,19.9921,36.178
2019-06-02 20-24-03,432,20.0424,36.1646
2019-06-02 20-24-07,431,20.0424,36.1513
2019-06-02 20-24-09,431,20.0775,36.1513
2019-06-02 20-24-11,431,20.0928,36.1059
2019-06-02 20-24-13,431,20.1324,36.1513
2019-06-02 20-24-15,431,20.0928,36.1192
2019-06-02 20-24-17,431,20.0958,36.1379
2019-06-02 20-24-19,431,20.0928,36.1192
2019-06-02 20-24-21,431,20.1111,36.1192
2019-06-02 20-24-25,431,20.1111,36.1192
2019-06-02 20-24-27,431,20.1477,36.1192
2019-06-02 20-24-29,431,20.0409,36.1192
2019-06-02 20-24-31,431,20.1096,36.1059
2019-06-02 20-24-33,432,20.1462,36.0792
2019-06-02 20-24-35,432,20.1782,36.0365
2019-06-02 20-24-37,432,20.1599,36.0231
2019-06-02 20-24-39,432,20.2118,36.0071
2019-06-02 20-24-43,433,20.2621,35.9937
2019-06-02 20-24-45,432,20.2606,35.967
2019-06-02 20-24-47,432,20.2805,35.967
2019-06-02 20-24-49,432,20.3156,35.951
2019-06-02 20-24-51,432,20.3339,35.951
2019-06-02 20-24-53,432,20.2576,35.9243
2019-06-02 20-24-55,432,20.3339,35.951
2019-06-02 20-24-59,431,20.2972,35.9243
2019-06-02 20-25-01,431,20.3156,35.9377
2019-06-02 20-25-03,431,20.2438,35.967
2019-06-02 20-25-05,431,20.1752,36.0071
2019-06-02 20-25-07,431,20.2118,36.0365
2019-06-02 20-25-09,430,20.2621,36.0071
2019-06-02 20-25-11,430,20.2621,35.9937
2019-06-02 20-25-13,429,20.2988,35.967
2019-06-02 20-25-17,429,20.3522,35.967
2019-06-02 20-25-19,429,20.3156,35.967
2019-06-02 20-25-21,429,20.2805,35.951
2019-06-02 20-25-23,429,20.3308,35.9377
2019-06-02 20-25-25,429,20.3476,35.911
2019-06-02 20-25-27,429,20.3476,35.911
2019-06-02 20-25-29,429,20.3445,35.8682
2019-06-02 20-25-33,429,20.3995,35.911
2019-06-02 20-25-35,429,20.3476,35.911
2019-06-02 20-25-37,429,20.3445,35.8682
2019-06-02 20-25-39,429,20.3476,35.911
2019-06-02 20-25-41,429,20.3262,35.8682
2019-06-02 20-25-43,429,20.3629,35.8816
2019-06-02 20-25-45,429,20.4346,35.8549
2019-06-02 20-25-47,429,20.3766,35.8389
2019-06-02 20-25-51,429,20.4498,35.8255
2019-06-02 20-25-53,429,20.4117,35.8389
2019-06-02 20-25-55,429,20.4117,35.8255
2019-06-02 20-25-58,429,20.4346,35.8549
2019-06-02 20-26-00,429,20.3949,35.8255
2019-06-02 20-26-02,429,20.4315,35.8122
2019-06-02 20-26-04,429,20.4819,35.7828
2019-06-02 20-26-08,429,20.4987,35.7828
2019-06-02 20-26-10,430,20.5139,35.7694
2019-06-02 20-26-12,429,20.5505,35.7694
2019-06-02 20-26-14,430,20.4987,35.7828
2019-06-02 20-26-16,430,20.4453,35.7828
2019-06-02 20-26-18,430,20.5322,35.7694
2019-06-02 20-26-20,429,20.4987,35.7828
2019-06-02 20-26-22,429,20.4819,35.7828
2019-06-02 20-26-26,429,20.4483,35.7961
2019-06-02 20-26-28,429,20.5002,35.7961
2019-06-02 20-26-30,429,20.5002,35.7961
2019-06-02 20-26-32,428,20.4666,35.8122
2019-06-02 20-26-34,428,20.5215,35.8549
2019-06-02 20-26-36,428,20.3979,35.8682
2019-06-02 20-26-38,428,20.4163,35.911
2019-06-02 20-26-42,428,20.3842,35.9243
2019-06-02 20-26-44,428,20.3293,35.911
2019-06-02 20-26-46,428,20.3308,35.9377
2019-06-02 20-26-48,428,20.3476,35.9243
2019-06-02 20-26-50,428,20.3659,35.911
2019-06-02 20-26-52,428,20.3491,35.951
2019-06-02 20-26-54,428,20.2789,35.9377
2019-06-02 20-26-56,428,20.2988,35.9804
2019-06-02 20-27-00,429,20.3354,35.9937
2019-06-02 20-27-02,429,20.2988,35.9937
2019-06-02 20-27-04,429,20.2286,36.0071
2019-06-02 20-27-06,429,20.2255,35.9804
2019-06-02 20-27-08,429,20.2118,36.0071
2019-06-02 20-27-10,430,20.2652,36.0365
2019-06-02 20-27-12,430,20.2652,36.0231
2019-06-02 20-27-14,430,20.1797,36.0498
2019-06-02 20-27-18,430,20.1965,36.0498
2019-06-02 20-27-20,430,20.1965,36.0498
2019-06-02 20-27-22,431,20.1965,36.0365
2019-06-02 20-27-24,431,20.1782,36.0365
2019-06-02 20-27-26,431,20.2118,36.0231
2019-06-02 20-27-28,431,20.2118,36.0071
2019-06-02 20-27-30,431,20.2118,36.0231
2019-06-02 20-27-34,431,20.2103,35.9804
2019-06-02 20-27-36,431,20.2988,35.9804
2019-06-02 20-27-38,431,20.2255,35.967
2019-06-02 20-27-40,431,20.2606,35.967
2019-06-02 20-27-42,432,20.3156,35.951
2019-06-02 20-27-44,431,20.3522,35.9804
2019-06-02 20-27-46,431,20.2621,35.9804
2019-06-02 20-27-48,430,20.2621,35.9937
2019-06-02 20-27-52,430,20.2469,36.0071
2019-06-02 20-27-54,430,20.2621,35.9804
2019-06-02 20-27-56,430,20.2286,35.9937
2019-06-02 20-27-58,430,20.2118,36.0071
2019-06-02 20-28-00,430,20.2438,35.9937
2019-06-02 20-28-02,430,20.2438,35.9804
2019-06-02 20-28-04,430,20.1889,35.9377
2019-06-02 20-28-06,429,20.2438,35.967
2019-06-02 20-28-10,429,20.192,35.9804
2019-06-02 20-28-12,429,20.2438,35.9937
2019-06-02 20-28-14,429,20.2438,35.967
2019-06-02 20-28-16,429,20.2438,35.967
2019-06-02 20-28-18,429,20.2255,35.9804
2019-06-02 20-28-20,428,20.2988,35.9804
2019-06-02 20-28-22,428,20.3171,35.9804
2019-06-02 20-28-26,429,20.2988,35.967
2019-06-02 20-28-28,429,20.2805,35.967
2019-06-02 20-28-30,430,20.2438,35.967
2019-06-02 20-28-32,429,20.2621,35.9804
2019-06-02 20-28-34,428,20.2469,36.0071
2019-06-02 20-28-36,429,20.2469,36.0231
2019-06-02 20-28-38,428,20.1965,36.0365
2019-06-02 20-28-40,427,20.1614,36.0498
2019-06-02 20-28-44,427,20.1614,36.0632
2019-06-02 20-28-46,427,20.1614,36.0632
2019-06-02 20-28-48,427,20.1462,36.0792
2019-06-02 20-28-50,427,20.1614,36.0632
2019-06-02 20-28-52,427,20.1065,36.0632
2019-06-02 20-28-54,427,20.1965,36.0632
2019-06-02 20-28-56,426,20.2148,36.0498
2019-06-02 20-29-00,427,20.1431,36.0231
2019-06-02 20-29-02,426,20.1599,36.0071
2019-06-02 20-29-04,426,20.2118,36.0071
2019-06-02 20-29-06,425,20.2438,35.9804
2019-06-02 20-29-08,425,20.2621,35.9937
2019-06-02 20-29-10,425,20.2835,35.9937
2019-06-02 20-29-12,425,20.2438,35.967
2019-06-02 20-29-14,425,20.3339,35.967
2019-06-02 20-29-18,425,20.2988,35.967
2019-06-02 20-29-20,424,20.2835,35.9804
2019-06-02 20-29-22,424,20.3156,35.9377
2019-06-02 20-29-24,425,20.2789,35.9377
2019-06-02 20-29-26,425,20.2972,35.9377
2019-06-02 20-29-28,424,20.2972,35.9377
2019-06-02 20-29-30,423,20.3125,35.9243
2019-06-02 20-29-34,422,20.3156,35.9377
2019-06-02 20-29-36,422,20.3125,35.911
2019-06-02 20-29-38,421,20.2942,35.911
2019-06-02 20-29-40,421,20.3659,35.911
2019-06-02 20-29-42,422,20.311,35.8949
2019-06-02 20-29-44,421,20.3995,35.9243
2019-06-02 20-29-46,420,20.3308,35.9243
2019-06-02 20-29-48,420,20.3842,35.9243
2019-06-02 20-29-52,420,20.3293,35.8816
2019-06-02 20-29-54,420,20.311,35.8682
2019-06-02 20-29-56,420,20.4865,35.8682
2019-06-02 20-29-58,420,20.4346,35.8682
2019-06-02 20-30-00,421,20.3766,35.8389
2019-06-02 20-30-02,421,20.3979,35.8682
2019-06-02 20-30-04,420,20.3979,35.8682
2019-06-02 20-30-08,420,20.5032,35.8389
2019-06-02 20-30-10,420,20.3949,35.8255
2019-06-02 20-30-12,420,20.4315,35.8389
2019-06-02 20-30-14,420,20.4498,35.8255
2019-06-02 20-30-16,421,20.4498,35.8255
2019-06-02 20-30-18,420,20.4117,35.8255
2019-06-02 20-30-20,420,20.3934,35.8122
2019-06-02 20-30-22,420,20.5002,35.8122
2019-06-02 20-30-26,420,20.4666,35.8255
2019-06-02 20-30-28,419,20.4315,35.8122
2019-06-02 20-30-30,419,20.5002,35.8255
2019-06-02 20-30-32,419,20.4987,35.7828
2019-06-02 20-30-34,420,20.4819,35.7828
2019-06-02 20-30-36,419,20.5322,35.7694
2019-06-02 20-30-38,419,20.4956,35.7561
2019-06-02 20-30-42,419,20.5139,35.7401
2019-06-02 20-30-44,420,20.4956,35.7267
2019-06-02 20-30-46,420,20.5124,35.7134
2019-06-02 20-30-48,421,20.546,35.7134
2019-06-02 20-30-50,421,20.5124,35.7134
2019-06-02 20-30-52,422,20.6543,35.7
2019-06-02 20-30-54,422,20.6177,35.6813
2019-06-02 20-30-56,422,20.5994,35.6813
2019-06-02 20-31-00,422,20.6146,35.6546
2019-06-02 20-31-02,422,20.665,35.6119
2019-06-02 20-31-04,422,20.665,35.6252
2019-06-02 20-31-06,422,20.665,35.5985
2019-06-02 20-31-08,422,20.7199,35.6119
2019-06-02 20-31-10,422,20.6818,35.5985
2019-06-02 20-31-12,422,20.7703,35.5985
2019-06-02 20-31-14,422,20.7184,35.5692
2019-06-02 20-31-18,422,20.7703,35.5692
2019-06-02 20-31-20,423,20.6787,35.5692
2019-06-02 20-31-22,423,20.752,35.5852
2019-06-02 20-31-24,423,20.7886,35.5852
2019-06-02 20-31-26,423,20.7703,35.5852
2019-06-02 20-31-28,422,20.7703,35.5692
2019-06-02 20-31-30,422,20.8054,35.5692
2019-06-02 20-31-35,422,20.6635,35.5692
2019-06-02 20-31-37,422,20.7336,35.5692
2019-06-02 20-31-39,421,20.7184,35.5692
2019-06-02 20-31-41,421,20.7703,35.5692
2019-06-02 20-31-43,421,20.7199,35.5985
2019-06-02 20-31-45,421,20.7382,35.6119
2019-06-02 20-31-47,420,20.755,35.6119
2019-06-02 20-31-49,421,20.7001,35.6119
2019-06-02 20-31-53,421,20.6818,35.6119
2019-06-02 20-31-55,421,20.6314,35.6119
2019-06-02 20-31-57,420,20.6833,35.6413
2019-06-02 20-31-59,420,20.668,35.6546
2019-06-02 20-32-01,420,20.6146,35.6546
2019-06-02 20-32-03,421,20.668,35.668
2019-06-02 20-32-05,421,20.6146,35.6546
2019-06-02 20-32-09,421,20.6863,35.6546
2019-06-02 20-32-11,421,20.668,35.6546
2019-06-02 20-32-13,421,20.5963,35.6413
2019-06-02 20-32-15,421,20.668,35.668
2019-06-02 20-32-17,421,20.6329,35.6546
2019-06-02 20-32-19,420,20.6497,35.6413
2019-06-02 20-32-21,420,20.6863,35.6546
2019-06-02 20-32-23,420,20.668,35.668
2019-06-02 20-32-27,420,20.6512,35.668
2019-06-02 20-32-29,420,20.6863,35.668
2019-06-02 20-32-31,420,20.6329,35.6413
2019-06-02 20-32-33,420,20.6512,35.6813
2019-06-02 20-32-35,420,20.668,35.668
2019-06-02 20-32-37,420,20.6146,35.6546
2019-06-02 20-32-39,420,20.6177,35.7
2019-06-02 20-32-41,420,20.6177,35.7
2019-06-02 20-32-45,421,20.6009,35.7134
2019-06-02 20-32-47,421,20.5627,35.7
2019-06-02 20-32-49,421,20.549,35.7267
2019-06-02 20-32-51,421,20.5307,35.7267
2019-06-02 20-32-53,421,20.5643,35.7401
2019-06-02 20-32-55,421,20.549,35.7561
2019-06-02 20-32-57,421,20.5124,35.7134
2019-06-02 20-33-01,421,20.5673,35.7561
2019-06-02 20-33-03,421,20.5856,35.7401
2019-06-02 20-33-05,422,20.5307,35.7267
2019-06-02 20-33-07,421,20.4956,35.7561
2019-06-02 20-33-09,422,20.5307,35.7267
2019-06-02 20-33-11,422,20.5673,35.7694
2019-06-02 20-33-13,422,20.5353,35.7961
2019-06-02 20-33-15,421,20.5353,35.7961
2019-06-02 20-33-19,421,20.4636,35.7961
2019-06-02 20-33-21,421,20.5215,35.8549
2019-06-02 20-33-23,421,20.4681,35.8549
2019-06-02 20-33-25,421,20.3979,35.8682
2019-06-02 20-33-27,421,20.4346,35.8682
2019-06-02 20-33-29,421,20.4163,35.8949
2019-06-02 20-33-31,421,20.3979,35.8949
2019-06-02 20-33-35,421,20.3476,35.9243
2019-06-02 20-33-37,421,20.3476,35.9243
2019-06-02 20-33-39,422,20.3308,35.9377
2019-06-02 20-33-41,422,20.3674,35.951
2019-06-02 20-33-43,422,20.3339,35.967
2019-06-02 20-33-45,422,20.2988,35.9804
2019-06-02 20-33-47,422,20.2438,35.9804
2019-06-02 20-33-49,422,20.2438,35.9804
2019-06-02 20-33-55,422,20.2606,35.967
2019-06-02 20-33-57,423,20.2988,35.9937
2019-06-02 20-33-59,423,20.2835,36.0071
2019-06-02 20-34-01,423,20.2621,35.9937
2019-06-02 20-34-03,423,20.2438,35.967
2019-06-02 20-34-05,424,20.2621,35.9937
2019-06-02 20-34-09,424,20.3125,35.9243
2019-06-02 20-34-11,424,20.3491,35.9377
2019-06-02 20-34-13,424,20.311,35.8949
2019-06-02 20-34-15,425,20.3629,35.8949
2019-06-02 20-34-17,425,20.3262,35.8549
2019-06-02 20-34-19,425,20.3629,35.8816
2019-06-02 20-34-21,425,20.3979,35.8682
2019-06-02 20-34-23,426,20.3796,35.8682
2019-06-02 20-34-27,425,20.4132,35.8549
2019-06-02 20-34-29,424,20.4117,35.8389
2019-06-02 20-34-31,424,20.4529,35.8816
2019-06-02 20-34-33,424,20.4498,35.8549
2019-06-02 20-34-35,423,20.3979,35.8816
2019-06-02 20-34-37,424,20.3979,35.8949
2019-06-02 20-34-39,424,20.4163,35.8816
2019-06-02 20-34-43,424,20.3445,35.8682
2019-06-02 20-34-45,424,20.3629,35.8816
2019-06-02 20-34-47,424,20.3445,35.8682
2019-06-02 20-34-49,424,20.4132,35.8682
2019-06-02 20-34-51,425,20.3796,35.8682
2019-06-02 20-34-53,425,20.4132,35.8682
2019-06-02 20-34-55,425,20.3629,35.8816
2019-06-02 20-34-57,426,20.3979,35.8816
2019-06-02 20-35-01,426,20.3445,35.8816
2019-06-02 20-35-03,426,20.4529,35.8816
2019-06-02 20-35-05,427,20.4163,35.911
2019-06-02 20-35-07,427,20.3659,35.911
2019-06-02 20-35-09,427,20.3979,35.8682
2019-06-02 20-35-11,427,20.3262,35.8549
2019-06-02 20-35-13,427,20.3949,35.8549
2019-06-02 20-35-17,428,20.4498,35.8549
2019-06-02 20-35-19,428,20.4666,35.8255
2019-06-02 20-35-21,428,20.4498,35.8389
2019-06-02 20-35-23,429,20.4315,35.8122
2019-06-02 20-35-25,428,20.4636,35.7961
2019-06-02 20-35-27,429,20.5353,35.8122
2019-06-02 20-35-29,429,20.4819,35.7828
2019-06-02 20-35-31,429,20.4987,35.7828
2019-06-02 20-35-35,428,20.5139,35.7694
2019-06-02 20-35-37,428,20.4987,35.7694
2019-06-02 20-35-39,427,20.549,35.7561
2019-06-02 20-35-41,427,20.546,35.7134
2019-06-02 20-35-43,427,20.6039,35.7401
2019-06-02 20-35-45,426,20.6009,35.7
2019-06-02 20-35-47,426,20.546,35.7134
2019-06-02 20-35-49,426,20.636,35.6813
2019-06-02 20-35-53,426,20.5963,35.6413
2019-06-02 20-35-55,427,20.6497,35.6546
2019-06-02 20-35-57,426,20.6329,35.6546
2019-06-02 20-35-59,426,20.665,35.6252
2019-06-02 20-36-01,426,20.6833,35.6413
2019-06-02 20-36-03,426,20.723,35.6413
2019-06-02 20-36-05,426,20.6833,35.6252
2019-06-02 20-36-09,425,20.665,35.6252
2019-06-02 20-36-11,425,20.7199,35.5985
2019-06-02 20-36-13,425,20.7199,35.5985
2019-06-02 20-36-15,425,20.7367,35.5985
2019-06-02 20-36-17,425,20.755,35.6119
2019-06-02 20-36-19,424,20.752,35.5692
2019-06-02 20-36-21,423,20.7184,35.5852
2019-06-02 20-36-23,423,20.6467,35.5852
2019-06-02 20-36-27,423,20.752,35.5852
2019-06-02 20-36-29,423,20.7367,35.5852
2019-06-02 20-36-31,422,20.7001,35.5985
2019-06-02 20-36-33,422,20.7184,35.5852
2019-06-02 20-36-35,422,20.7367,35.5985
2019-06-02 20-36-37,422,20.7184,35.5852
2019-06-02 20-36-39,422,20.7199,35.6119
2019-06-02 20-36-41,422,20.6818,35.6119
2019-06-02 20-36-45,422,20.7199,35.6252
2019-06-02 20-36-47,421,20.7001,35.6119
2019-06-02 20-36-49,421,20.6467,35.6119
2019-06-02 20-36-51,421,20.7001,35.6119
2019-06-02 20-36-53,421,20.6467,35.5985
2019-06-02 20-36-55,421,20.6467,35.6119
2019-06-02 20-36-57,422,20.6329,35.6413
2019-06-02 20-37-01,422,20.7001,35.6119
2019-06-02 20-37-03,422,20.7184,35.5852
2019-06-02 20-37-05,422,20.7382,35.6119
2019-06-02 20-37-07,422,20.6833,35.6252
2019-06-02 20-37-09,422,20.6818,35.6119
2019-06-02 20-37-11,422,20.7001,35.6119
2019-06-02 20-37-13,422,20.7001,35.5985
2019-06-02 20-37-16,422,20.7382,35.6119
2019-06-02 20-37-20,422,20.7001,35.5985
2019-06-02 20-37-22,422,20.6833,35.6252
2019-06-02 20-37-24,422,20.7001,35.6119
2019-06-02 20-37-26,423,20.7199,35.6119
2019-06-02 20-37-28,423,20.6818,35.6119
2019-06-02 20-37-30,424,20.7001,35.5985
2019-06-02 20-37-32,424,20.7001,35.5985
2019-06-02 20-37-34,424,20.7001,35.5985
2019-06-02 20-37-38,424,20.7199,35.6119
2019-06-02 20-37-40,424,20.6787,35.5692
2019-06-02 20-37-42,424,20.697,35.5852
2019-06-02 20-37-44,425,20.7199,35.5985
2019-06-02 20-37-46,426,20.7199,35.6119
2019-06-02 20-37-48,426,20.7001,35.5985
2019-06-02 20-37-50,426,20.7199,35.5985
2019-06-02 20-37-54,427,20.7199,35.5985
2019-06-02 20-37-56,427,20.7184,35.5852
2019-06-02 20-37-58,427,20.7703,35.5852
2019-06-02 20-38-00,428,20.752,35.5852
2019-06-02 20-38-02,427,20.7001,35.5985
2019-06-02 20-38-04,427,20.6635,35.5852
2019-06-02 20-38-06,427,20.7001,35.6119
2019-06-02 20-38-08,427,20.7001,35.6252
2019-06-02 20-38-12,427,20.7199,35.6119
2019-06-02 20-38-14,426,20.7199,35.5985
2019-06-02 20-38-16,426,20.7001,35.6119
2019-06-02 20-38-18,426,20.6635,35.5852
2019-06-02 20-38-20,427,20.6833,35.6252
2019-06-02 20-38-22,427,20.7199,35.6119
2019-06-02 20-38-24,426,20.7016,35.6413
2019-06-02 20-38-26,426,20.7001,35.6252
2019-06-02 20-38-30,426,20.6467,35.6119
2019-06-02 20-38-32,427,20.6314,35.6252
2019-06-02 20-38-34,427,20.6818,35.6119
2019-06-02 20-38-36,427,20.6833,35.6252
2019-06-02 20-38-38,427,20.6833,35.6413
2019-06-02 20-38-40,427,20.7016,35.6413
2019-06-02 20-38-42,427,20.6497,35.6413
2019-06-02 20-38-46,427,20.7001,35.6252
2019-06-02 20-38-48,427,20.7199,35.6252
2019-06-02 20-38-50,428,20.6497,35.6252
2019-06-02 20-38-52,428,20.665,35.6252
2019-06-02 20-38-54,428,20.7016,35.6546
2019-06-02 20-38-56,428,20.723,35.6413
2019-06-02 20-38-58,428,20.7748,35.6413
2019-06-02 20-39-00,429,20.7199,35.6119
2019-06-02 20-39-04,428,20.6833,35.6252
2019-06-02 20-39-06,428,20.7016,35.6546
2019-06-02 20-39-08,428,20.6497,35.6546
2019-06-02 20-39-10,428,20.668,35.6546
2019-06-02 20-39-12,428,20.6863,35.668
2019-06-02 20-39-14,427,20.6696,35.6813
2019-06-02 20-39-16,427,20.6009,35.7134
2019-06-02 20-39-20,427,20.6039,35.7561
2019-06-02 20-39-22,427,20.5185,35.8122
2019-06-02 20-39-24,426,20.5399,35.8816
2019-06-02 20-39-26,426,20.4208,35.967
2019-06-02 20-39-28,427,20.2988,35.9937
2019-06-02 20-39-30,427,20.2515,36.0792
2019-06-02 20-39-32,428,20.1843,36.1379
2019-06-02 20-39-34,428,20.0974,36.194
2019-06-02 20-39-38,429,20.0653,36.2367
2019-06-02 20-39-40,429,20.0333,36.2635
2019-06-02 20-39-42,430,19.9631,36.2928
2019-06-02 20-39-44,430,19.9646,36.3329
2019-06-02 20-39-46,430,19.931,36.3489
2019-06-02 20-39-48,431,19.8959,36.3623
2019-06-02 20-39-50,431,19.9493,36.3489
2019-06-02 20-39-52,431,19.9097,36.3062
2019-06-02 20-39-56,432,19.9814,36.3062
2019-06-02 20-39-58,432,19.96,36.2635
2019-06-02 20-40-00,433,19.9768,36.2367
2019-06-02 20-40-02,433,19.9738,36.194
2019-06-02 20-40-04,433,20.0272,36.178
2019-06-02 20-40-06,433,20.1111,36.1379
2019-06-02 20-40-08,433,20.0928,36.1192
2019-06-02 20-40-12,433,20.1111,36.1192
2019-06-02 20-40-14,433,20.1477,36.1192
2019-06-02 20-40-16,433,20.1111,36.1192
2019-06-02 20-40-18,434,20.1096,36.1059
2019-06-02 20-40-20,434,20.1477,36.1192
2019-06-02 20-40-22,434,20.1294,36.1059
2019-06-02 20-40-24,434,20.1462,36.0925
2019-06-02 20-40-26,434,20.1645,36.0792
2019-06-02 20-40-30,434,20.1614,36.0498
2019-06-02 20-40-32,433,20.1981,36.0792
2019-06-02 20-40-34,434,20.1965,36.0365
2019-06-02 20-40-36,434,20.2469,36.0231
2019-06-02 20-40-38,434,20.3018,36.0231
2019-06-02 20-40-40,434,20.2835,36.0071
2019-06-02 20-40-42,434,20.3339,35.951
2019-06-02 20-40-46,434,20.3156,35.951
2019-06-02 20-40-48,435,20.3476,35.9243
2019-06-02 20-40-50,435,20.3812,35.911
2019-06-02 20-40-52,435,20.4361,35.8816
2019-06-02 20-40-54,434,20.3262,35.8549
2019-06-02 20-40-56,434,20.4681,35.8389
2019-06-02 20-40-58,434,20.4132,35.8682
2019-06-02 20-41-00,434,20.4681,35.8682
2019-06-02 20-41-04,434,20.4132,35.8549
2019-06-02 20-41-06,434,20.3949,35.8389
2019-06-02 20-41-08,434,20.4498,35.8389
2019-06-02 20-41-10,433,20.4498,35.8549
2019-06-02 20-41-12,433,20.4681,35.8389
2019-06-02 20-41-14,432,20.4849,35.8389
2019-06-02 20-41-16,432,20.4498,35.8549
2019-06-02 20-41-18,431,20.4346,35.8549
2019-06-02 20-41-22,431,20.4163,35.8816
2019-06-02 20-41-24,431,20.4712,35.8949
2019-06-02 20-41-26,430,20.4529,35.8682
2019-06-02 20-41-28,430,20.4117,35.8389
2019-06-02 20-41-30,430,20.4865,35.8549
2019-06-02 20-41-32,430,20.4498,35.8389
2019-06-02 20-41-34,430,20.3949,35.8389
2019-06-02 20-41-38,430,20.4666,35.8122
2019-06-02 20-41-40,430,20.5368,35.8255
2019-06-02 20-41-42,430,20.5002,35.8255
2019-06-02 20-41-44,430,20.5032,35.8389
2019-06-02 20-41-46,430,20.4346,35.8549
2019-06-02 20-41-48,430,20.4865,35.8682
2019-06-02 20-41-50,430,20.3629,35.8949
2019-06-02 20-41-52,430,20.4178,35.9243
2019-06-02 20-41-56,430,20.4178,35.9377
2019-06-02 20-41-58,430,20.3339,35.951
2019-06-02 20-42-00,430,20.3125,35.9243
2019-06-02 20-42-02,431,20.3842,35.9243
2019-06-02 20-42-04,431,20.3979,35.8949
2019-06-02 20-42-06,431,20.4361,35.8816
2019-06-02 20-42-08,431,20.4529,35.8682
2019-06-02 20-42-12,431,20.4666,35.8255
2019-06-02 20-42-14,431,20.4849,35.8255
2019-06-02 20-42-16,431,20.5002,35.7961
2019-06-02 20-42-18,431,20.5185,35.8122
2019-06-02 20-42-20,431,20.4987,35.7828
2019-06-02 20-42-22,431,20.4819,35.7828
2019-06-02 20-42-24,431,20.5505,35.7961
2019-06-02 20-42-26,431,20.517,35.7828
2019-06-02 20-42-30,431,20.5505,35.7828
2019-06-02 20-42-32,431,20.517,35.7828
2019-06-02 20-42-34,430,20.5002,35.7961
2019-06-02 20-42-36,430,20.5902,35.7961
2019-06-02 20-42-38,430,20.4987,35.7828
2019-06-02 20-42-40,430,20.4819,35.7961
2019-06-02 20-42-42,430,20.5353,35.8122
2019-06-02 20-42-44,429,20.5185,35.8255
2019-06-02 20-42-48,429,20.5002,35.8122
2019-06-02 20-42-50,429,20.5368,35.8255
2019-06-02 20-42-52,429,20.5185,35.8255
2019-06-02 20-42-54,429,20.4865,35.8549
2019-06-02 20-42-57,428,20.4666,35.8255
2019-06-02 20-42-59,428,20.4849,35.8389
2019-06-02 20-43-01,427,20.5368,35.8255
2019-06-02 20-43-05,428,20.4849,35.8255
2019-06-02 20-43-07,427,20.6085,35.8255
2019-06-02 20-43-09,427,20.5551,35.8549
2019-06-02 20-43-11,427,20.4849,35.8389
2019-06-02 20-43-13,427,20.4849,35.8255
2019-06-02 20-43-15,427,20.5185,35.8122
2019-06-02 20-43-17,427,20.5185,35.8255
2019-06-02 20-43-19,427,20.4865,35.8549
2019-06-02 20-43-23,427,20.5551,35.8389
2019-06-02 20-43-25,427,20.5185,35.8122
2019-06-02 20-43-27,428,20.4849,35.8389
2019-06-02 20-43-29,428,20.4849,35.8255
2019-06-02 20-43-31,428,20.5368,35.8549
2019-06-02 20-43-33,428,20.4849,35.8389
2019-06-02 20-43-35,428,20.5536,35.8255
2019-06-02 20-43-39,428,20.5368,35.8389
2019-06-02 20-43-41,428,20.5551,35.8549
2019-06-02 20-43-43,429,20.4865,35.8816
2019-06-02 20-43-45,429,20.4529,35.8949
2019-06-02 20-43-47,429,20.3979,35.8949
2019-06-02 20-43-49,429,20.3995,35.9243
2019-06-02 20-43-51,430,20.4208,35.967
2019-06-02 20-43-53,429,20.3018,36.0231
2019-06-02 20-43-57,429,20.3384,36.0498
2019-06-02 20-43-59,430,20.2667,36.0632
2019-06-02 20-44-01,430,20.2881,36.0792
2019-06-02 20-44-03,431,20.1981,36.0792
2019-06-02 20-44-05,431,20.2164,36.0792
2019-06-02 20-44-07,431,20.2332,36.0632
2019-06-02 20-44-09,432,20.2515,36.0792
2019-06-02 20-44-11,432,20.1797,36.0632
2019-06-02 20-44-15,432,20.1981,36.0925
2019-06-02 20-44-17,432,20.1828,36.0925
2019-06-02 20-44-19,432,20.2667,36.0632
2019-06-02 20-44-21,432,20.2332,36.0792
2019-06-02 20-44-23,433,20.2881,36.0632
2019-06-02 20-44-25,433,20.2332,36.0632
2019-06-02 20-44-27,433,20.2118,36.0365
2019-06-02 20-44-31,433,20.2148,36.0498
2019-06-02 20-44-33,433,20.285,36.0365
2019-06-02 20-44-35,433,20.285,36.0231
2019-06-02 20-44-37,433,20.3018,36.0071
2019-06-02 20-44-39,433,20.3491,35.951
2019-06-02 20-44-41,434,20.2972,35.951
2019-06-02 20-44-43,434,20.3842,35.9243
2019-06-02 20-44-45,434,20.3659,35.9243
2019-06-02 20-44-49,434,20.3812,35.911
2019-06-02 20-44-51,433,20.3842,35.9377
2019-06-02 20-44-53,433,20.3491,35.9377
2019-06-02 20-44-55,434,20.4407,35.9804
2019-06-02 20-44-57,433,20.3491,35.951
2019-06-02 20-44-59,433,20.3339,35.951
2019-06-02 20-45-01,433,20.3674,35.967
2019-06-02 20-45-03,433,20.3674,35.951
2019-06-02 20-45-07,432,20.3491,35.951
2019-06-02 20-45-09,432,20.3339,35.951
2019-06-02 20-45-11,432,20.3491,35.9377
2019-06-02 20-45-13,432,20.4391,35.9377
2019-06-02 20-45-15,432,20.3659,35.9377
2019-06-02 20-45-17,432,20.3476,35.9243
2019-06-02 20-45-19,432,20.3674,35.951
2019-06-02 20-45-23,432,20.3857,35.967
2019-06-02 20-45-25,432,20.3156,35.951
2019-06-02 20-45-27,432,20.3339,35.951
2019-06-02 20-45-29,432,20.3339,35.967
2019-06-02 20-45-31,432,20.2606,35.967
2019-06-02 20-45-33,432,20.2988,35.9937
2019-06-02 20-45-35,433,20.2621,35.9804
2019-06-02 20-45-37,433,20.3018,36.0071
2019-06-02 20-45-41,434,20.2438,35.9937
2019-06-02 20-45-43,434,20.2835,35.9937
2019-06-02 20-45-45,435,20.3339,35.951
2019-06-02 20-45-47,435,20.3522,35.9937
2019-06-02 20-45-49,435,20.3674,35.951
2019-06-02 20-45-51,436,20.3842,35.9243
2019-06-02 20-45-53,436,20.4163,35.911
2019-06-02 20-45-57,436,20.4132,35.8682
2019-06-02 20-45-59,436,20.4361,35.8816
2019-06-02 20-46-01,436,20.4529,35.8682
2019-06-02 20-46-03,436,20.5215,35.8682
2019-06-02 20-46-05,436,20.6085,35.8255
2019-06-02 20-46-07,435,20.5032,35.8549
2019-06-02 20-46-09,435,20.4849,35.8389
2019-06-02 20-46-11,435,20.4681,35.8549
2019-06-02 20-46-15,434,20.5368,35.8549
2019-06-02 20-46-17,434,20.4712,35.8816
2019-06-02 20-46-19,433,20.4681,35.8682
2019-06-02 20-46-21,433,20.4712,35.8949
2019-06-02 20-46-23,433,20.4727,35.911
2019-06-02 20-46-25,433,20.4544,35.9243
2019-06-02 20-46-27,432,20.4727,35.911
2019-06-02 20-46-31,432,20.4132,35.8682
2019-06-02 20-46-33,432,20.4361,35.8949
2019-06-02 20-46-35,433,20.4132,35.8549
2019-06-02 20-46-37,433,20.4865,35.8549
2019-06-02 20-46-39,432,20.4712,35.8816
2019-06-02 20-46-41,433,20.4666,35.8255
2019-06-02 20-46-43,432,20.4315,35.8389
2019-06-02 20-46-45,432,20.5368,35.8389
2019-06-02 20-46-49,433,20.5368,35.8549
2019-06-02 20-46-51,433,20.5032,35.8389
2019-06-02 20-46-53,432,20.5002,35.8255
2019-06-02 20-46-55,433,20.5215,35.8549
2019-06-02 20-46-57,433,20.5719,35.8255
2019-06-02 20-46-59,432,20.5353,35.8122
2019-06-02 20-47-01,432,20.5551,35.8389
2019-06-02 20-47-05,432,20.5353,35.8122
2019-06-02 20-47-07,432,20.5536,35.8122
2019-06-02 20-47-09,432,20.5688,35.7961
2019-06-02 20-47-11,431,20.5353,35.7961
2019-06-02 20-47-13,431,20.5673,35.7694
2019-06-02 20-47-15,431,20.5505,35.7694
2019-06-02 20-47-17,431,20.6055,35.7828
2019-06-02 20-47-19,431,20.5902,35.8122
2019-06-02 20-47-23,430,20.5505,35.7961
2019-06-02 20-47-25,430,20.5536,35.8255
2019-06-02 20-47-27,429,20.5719,35.8255
2019-06-02 20-47-29,429,20.5551,35.8549
2019-06-02 20-47-31,429,20.5399,35.8816
2019-06-02 20-47-33,429,20.4895,35.8949
2019-06-02 20-47-35,429,20.4544,35.911
2019-06-02 20-47-39,429,20.3979,35.8949
2019-06-02 20-47-41,429,20.4544,35.9243
2019-06-02 20-47-43,429,20.4163,35.8816
2019-06-02 20-47-45,429,20.4391,35.9377
2019-06-02 20-47-47,428,20.4544,35.9243
2019-06-02 20-47-49,428,20.3674,35.951
2019-06-02 20-47-51,428,20.4178,35.9377
2019-06-02 20-47-53,428,20.4391,35.9243
2019-06-02 20-47-57,428,20.4178,35.9243
2019-06-02 20-47-59,429,20.4361,35.911
2019-06-02 20-48-01,429,20.4163,35.911
2019-06-02 20-48-03,428,20.4361,35.8816
2019-06-02 20-48-05,428,20.4163,35.8816
2019-06-02 20-48-07,428,20.4163,35.911
2019-06-02 20-48-09,428,20.4391,35.9377
2019-06-02 20-48-11,428,20.3857,35.9804
2019-06-02 20-48-15,428,20.3857,35.9804
2019-06-02 20-48-17,428,20.3705,35.9937
2019-06-02 20-48-19,428,20.3705,36.0071
2019-06-02 20-48-21,429,20.3705,35.9804
2019-06-02 20-48-23,428,20.3171,35.9937
2019-06-02 20-48-25,429,20.3522,35.9937
2019-06-02 20-48-27,429,20.3522,35.9804
2019-06-02 20-48-31,429,20.3857,35.967
2019-06-02 20-48-33,430,20.3522,35.9804
2019-06-02 20-48-35,430,20.3674,35.967
2019-06-02 20-48-37,429,20.3842,35.951
2019-06-02 20-48-39,429,20.4041,35.9804
2019-06-02 20-48-41,429,20.3568,36.0498
2019-06-02 20-48-43,429,20.3064,36.0925
2019-06-02 20-48-45,429,20.3079,36.1192
2019-06-02 20-48-50,429,20.1874,36.1646
2019-06-02 20-48-52,430,20.2194,36.1513
2019-06-02 20-48-54,430,20.2057,36.178
2019-06-02 20-48-56,430,20.1874,36.178
2019-06-02 20-48-58,430,20.0974,36.194
2019-06-02 20-49-00,430,20.1691,36.1513
2019-06-02 20-49-02,430,20.1508,36.1513
2019-06-02 20-49-06,431,20.1508,36.1513
2019-06-02 20-49-08,431,20.1691,36.1513
2019-06-02 20-49-10,431,20.1691,36.1513
2019-06-02 20-49-12,431,20.2194,36.1379
2019-06-02 20-49-14,430,20.2194,36.1379
2019-06-02 20-49-16,431,20.2026,36.1513
2019-06-02 20-49-18,430,20.1828,36.1192
2019-06-02 20-49-20,431,20.166,36.1379
2019-06-02 20-49-24,431,20.1843,36.1513
2019-06-02 20-49-26,431,20.2347,36.1192
2019-06-02 20-49-28,431,20.2026,36.1513
2019-06-02 20-49-30,431,20.1691,36.1513
2019-06-02 20-49-32,430,20.1874,36.178
2019-06-02 20-49-34,430,20.2026,36.1646
2019-06-02 20-49-36,430,20.1889,36.2074
2019-06-02 20-49-40,431,20.1553,36.2074
2019-06-02 20-49-42,431,20.137,36.2074
2019-06-02 20-49-44,431,20.1706,36.194
2019-06-02 20-49-46,431,20.1523,36.178
2019-06-02 20-49-48,431,20.2057,36.194
2019-06-02 20-49-50,431,20.166,36.1379
2019-06-02 20-49-52,432,20.166,36.1379
2019-06-02 20-49-54,432,20.1477,36.1192
2019-06-02 20-49-58,432,20.3064,36.0792
2019-06-02 20-50-00,432,20.285,36.0498
2019-06-02 20-50-02,432,20.3384,36.0231
2019-06-02 20-50-04,432,20.2988,35.9937
2019-06-02 20-50-06,432,20.4407,35.967
2019-06-02 20-50-08,432,20.3674,35.967
2019-06-02 20-50-10,432,20.3842,35.9243
2019-06-02 20-50-12,431,20.4544,35.9243
2019-06-02 20-50-16,431,20.4163,35.8949
2019-06-02 20-50-18,431,20.4727,35.9243
2019-06-02 20-50-20,430,20.4361,35.8816
2019-06-02 20-50-22,430,20.4361,35.911
2019-06-02 20-50-24,430,20.4163,35.8949
2019-06-02 20-50-26,429,20.4529,35.8949
2019-06-02 20-50-28,429,20.4529,35.8949
2019-06-02 20-50-32,429,20.5048,35.8816
2019-06-02 20-50-34,429,20.5048,35.8682
2019-06-02 20-50-36,429,20.5215,35.8682
2019-06-02 20-50-38,429,20.5032,35.8549
2019-06-02 20-50-40,429,20.3949,35.8549
2019-06-02 20-50-42,428,20.4849,35.8389
2019-06-02 20-50-44,428,20.5215,35.8549
2019-06-02 20-50-46,428,20.5185,35.8389
2019-06-02 20-50-50,428,20.5368,35.8549
2019-06-02 20-50-52,428,20.4849,35.8389
2019-06-02 20-50-54,428,20.5048,35.8682
2019-06-02 20-50-56,427,20.5048,35.8682
2019-06-02 20-50-58,427,20.4712,35.8949
2019-06-02 20-51-00,427,20.4865,35.8816
2019-06-02 20-51-02,427,20.4163,35.8816
2019-06-02 20-51-06,427,20.4391,35.9243
2019-06-02 20-51-08,427,20.491,35.9377
2019-06-02 20-51-10,427,20.3674,35.951
2019-06-02 20-51-12,426,20.4041,35.9937
2019-06-02 20-51-14,426,20.3705,36.0071
2019-06-02 20-51-16,426,20.285,36.0365
2019-06-02 20-51-18,426,20.285,36.0365
2019-06-02 20-51-20,426,20.3033,36.0632
2019-06-02 20-51-24,427,20.285,36.0365
2019-06-02 20-51-26,427,20.3217,36.0498
2019-06-02 20-51-28,427,20.285,36.0231
2019-06-02 20-51-30,427,20.3033,36.0365
2019-06-02 20-51-32,427,20.3354,36.0071
2019-06-02 20-51-34,427,20.3384,36.0365
2019-06-02 20-51-36,427,20.3201,36.0365
2019-06-02 20-51-38,427,20.3537,36.0071
2019-06-02 20-51-42,428,20.3201,36.0231
2019-06-02 20-51-44,428,20.2621,36.0071
2019-06-02 20-51-46,428,20.3339,35.9804
2019-06-02 20-51-48,428,20.3522,35.9937
2019-06-02 20-51-50,428,20.3339,35.967
2019-06-02 20-51-52,428,20.3354,35.9937
2019-06-02 20-51-54,428,20.4041,35.9937
2019-06-02 20-51-58,428,20.4071,36.0071
2019-06-02 20-52-00,428,20.2835,36.0071
2019-06-02 20-52-02,428,20.2988,35.9804
2019-06-02 20-52-04,428,20.3384,36.0365
2019-06-02 20-52-06,428,20.3384,36.0231
2019-06-02 20-52-08,428,20.2301,36.0498
2019-06-02 20-52-10,428,20.2652,36.0365
2019-06-02 20-52-12,428,20.3033,36.0365
2019-06-02 20-52-16,428,20.2667,36.0498
2019-06-02 20-52-18,428,20.2332,36.0792
2019-06-02 20-52-20,428,20.2667,36.0498
2019-06-02 20-52-22,428,20.2667,36.0632
2019-06-02 20-52-24,428,20.285,36.0498
2019-06-02 20-52-26,429,20.2667,36.0632
2019-06-02 20-52-28,428,20.2515,36.0792
2019-06-02 20-52-32,428,20.2484,36.0632
2019-06-02 20-52-34,428,20.2667,36.0498
2019-06-02 20-52-36,429,20.285,36.0498
2019-06-02 20-52-38,429,20.2667,36.0498
2019-06-02 20-52-40,429,20.2881,36.0792
2019-06-02 20-52-42,428,20.2667,36.0632
2019-06-02 20-52-44,428,20.2332,36.0632
2019-06-02 20-52-46,429,20.2652,36.0365
2019-06-02 20-52-50,429,20.2835,35.9804
2019-06-02 20-52-52,429,20.2988,35.9804
2019-06-02 20-52-54,429,20.3522,35.967
2019-06-02 20-52-56,430,20.3842,35.951
2019-06-02 20-52-58,430,20.3491,35.951
2019-06-02 20-53-00,429,20.3857,35.9804
2019-06-02 20-53-02,429,20.3857,35.9804
2019-06-02 20-53-04,430,20.3522,35.967
2019-06-02 20-53-08,430,20.3674,35.951
2019-06-02 20-53-10,430,20.3522,35.967
2019-06-02 20-53-12,430,20.3659,35.9377
2019-06-02 20-53-14,430,20.3476,35.9243
2019-06-02 20-53-16,430,20.4361,35.911
2019-06-02 20-53-18,430,20.4544,35.911
2019-06-02 20-53-20,430,20.4529,35.8682
2019-06-02 20-53-24,430,20.3812,35.911
2019-06-02 20-53-26,429,20.4361,35.911
2019-06-02 20-53-28,429,20.4163,35.8949
2019-06-02 20-53-30,429,20.4529,35.8816
2019-06-02 20-53-32,430,20.4529,35.8682
2019-06-02 20-53-34,429,20.5185,35.8389
2019-06-02 20-53-36,430,20.5215,35.8549
2019-06-02 20-53-38,430,20.5185,35.8389
2019-06-02 20-53-42,430,20.5551,35.8389
2019-06-02 20-53-44,430,20.5368,35.8389
2019-06-02 20-53-46,430,20.4498,35.8389
2019-06-02 20-53-48,430,20.5551,35.8682
2019-06-02 20-53-50,429,20.4865,35.8682
2019-06-02 20-53-52,428,20.4681,35.8549
2019-06-02 20-53-54,428,20.5215,35.8549
2019-06-02 20-53-58,428,20.4346,35.8682
2019-06-02 20-54-00,427,20.4865,35.8816
2019-06-02 20-54-02,427,20.4361,35.8816
2019-06-02 20-54-04,427,20.3995,35.9243
2019-06-02 20-54-06,427,20.3674,35.951
2019-06-02 20-54-08,427,20.3705,35.9804
2019-06-02 20-54-10,426,20.2652,36.0231
2019-06-02 20-54-12,426,20.3201,36.0231
2019-06-02 20-54-16,427,20.3384,36.0365
2019-06-02 20-54-18,427,20.3033,36.0498
2019-06-02 20-54-20,427,20.3201,36.0365
2019-06-02 20-54-22,427,20.3537,36.0071
2019-06-02 20-54-24,427,20.3201,36.0231
2019-06-02 20-54-26,428,20.285,36.0231
2019-06-02 20-54-28,428,20.3384,36.0498
2019-06-02 20-54-32,428,20.3033,36.0365
2019-06-02 20-54-34,428,20.3033,36.0498
2019-06-02 20-54-36,428,20.3217,36.0632
2019-06-02 20-54-38,428,20.2667,36.0792
2019-06-02 20-54-40,429,20.2896,36.0925
2019-06-02 20-54-42,429,20.2713,36.1379
2019-06-02 20-54-45,429,20.2377,36.1513
2019-06-02 20-54-47,430,20.2377,36.1379
2019-06-02 20-54-51,430,20.2377,36.1646
2019-06-02 20-54-53,429,20.256,36.1646
2019-06-02 20-54-55,429,20.1691,36.178
2019-06-02 20-54-57,429,20.2393,36.194
2019-06-02 20-54-59,429,20.1889,36.2074
2019-06-02 20-55-01,429,20.1889,36.2074
2019-06-02 20-55-03,429,20.1706,36.2074
2019-06-02 20-55-05,429,20.1706,36.194
2019-06-02 20-55-09,430,20.1141,36.178
2019-06-02 20-55-11,430,20.1523,36.178
2019-06-02 20-55-13,430,20.1691,36.178
2019-06-02 20-55-15,430,20.1843,36.1513
2019-06-02 20-55-17,429,20.2194,36.1379
2019-06-02 20-55-19,429,20.1843,36.1379
2019-06-02 20-55-21,429,20.2011,36.1379
2019-06-02 20-55-25,429,20.2377,36.1646
2019-06-02 20-55-27,429,20.2026,36.1646
2019-06-02 20-55-29,430,20.2011,36.1379
2019-06-02 20-55-31,430,20.2026,36.1513
2019-06-02 20-55-33,430,20.1828,36.1059
2019-06-02 20-55-35,430,20.2896,36.0925
2019-06-02 20-55-37,430,20.2667,36.0792
2019-06-02 20-55-39,430,20.3217,36.0632
2019-06-02 20-55-43,430,20.3201,36.0365
2019-06-02 20-55-45,430,20.3903,36.0365
2019-06-02 20-55-47,430,20.3751,36.0498
2019-06-02 20-55-49,430,20.3537,36.0231
2019-06-02 20-55-51,430,20.3705,35.9937
2019-06-02 20-55-53,431,20.4407,35.967
2019-06-02 20-55-55,431,20.4391,35.951
2019-06-02 20-55-59,431,20.3979,35.8949
2019-06-02 20-56-01,431,20.3979,35.8816
2019-06-02 20-56-03,431,20.4865,35.8816
2019-06-02 20-56-05,431,20.4712,35.8816
2019-06-02 20-56-07,432,20.5734,35.8549
2019-06-02 20-56-09,431,20.5353,35.8122
2019-06-02 20-56-11,431,20.5719,35.8255
2019-06-02 20-56-13,431,20.6055,35.7828
2019-06-02 20-56-17,430,20.6055,35.7828
2019-06-02 20-56-19,430,20.6055,35.7694
2019-06-02 20-56-21,429,20.5673,35.7694
2019-06-02 20-56-23,428,20.6741,35.7694
2019-06-02 20-56-25,428,20.6406,35.7828
2019-06-02 20-56-27,427,20.5917,35.8255
2019-06-02 20-56-29,427,20.5719,35.8255
2019-06-02 20-56-31,426,20.5551,35.8389
2019-06-02 20-56-35,426,20.4712,35.8949
2019-06-02 20-56-37,426,20.5261,35.9377
2019-06-02 20-56-39,427,20.4208,35.951
2019-06-02 20-56-41,426,20.4758,35.951
2019-06-02 20-56-43,426,20.4224,35.9937
2019-06-02 20-56-45,426,20.3384,36.0498
2019-06-02 20-56-47,426,20.3568,36.0632
2019-06-02 20-56-51,425,20.3079,36.1059
2019-06-02 20-56-53,425,20.2942,36.1646
2019-06-02 20-56-55,425,20.192,36.2501
2019-06-02 20-56-57,425,20.0867,36.2768
2019-06-02 20-56-59,426,20.0729,36.3329
2019-06-02 20-57-01,426,20.0043,36.3489
2019-06-02 20-57-03,426,20.0043,36.3756
2019-06-02 20-57-05,426,20.0058,36.389
2019-06-02 20-57-09,427,19.9005,36.4317
2019-06-02 20-57-11,427,19.9326,36.405
2019-06-02 20-57-13,428,19.9188,36.4317
2019-06-02 20-57-15,428,19.8486,36.445
2019-06-02 20-57-17,429,19.9356,36.4317
2019-06-02 20-57-19,429,19.8669,36.445
2019-06-02 20-57-21,430,19.8669,36.445
2019-06-02 20-57-25,430,19.9005,36.445
2019-06-02 20-57-27,430,19.9356,36.4317
2019-06-02 20-57-29,430,19.9539,36.4317
2019-06-02 20-57-31,429,19.9356,36.4317
2019-06-02 20-57-33,430,19.9005,36.4183
2019-06-02 20-57-35,430,19.9326,36.405
2019-06-02 20-57-37,430,19.9677,36.3623
2019-06-02 20-57-39,430,19.9829,36.3489
2019-06-02 20-57-43,430,19.9997,36.3062
2019-06-02 20-57-45,430,20.0699,36.3195
2019-06-02 20-57-47,430,20.0333,36.2768
2019-06-02 20-57-49,430,20.0699,36.2928
2019-06-02 20-57-51,431,20.0867,36.2768
2019-06-02 20-57-53,430,20.0836,36.2635
2019-06-02 20-57-55,430,20.0653,36.2501
2019-06-02 20-57-57,429,20.0104,36.2074
2019-06-02 20-58-01,429,20.1385,36.2367
2019-06-02 20-58-03,430,20.0836,36.2367
2019-06-02 20-58-05,430,20.137,36.2207
2019-06-02 20-58-07,430,20.1157,36.2207
2019-06-02 20-58-09,429,20.0974,36.194
2019-06-02 20-58-11,429,20.1523,36.194
2019-06-02 20-58-13,429,20.134,36.1646
2019-06-02 20-58-17,429,20.1843,36.1513
2019-06-02 20-58-19,429,20.2194,36.1379
2019-06-02 20-58-21,429,20.2164,36.1059
2019-06-02 20-58-23,429,20.2515,36.0925
2019-06-02 20-58-25,429,20.2347,36.0925
2019-06-02 20-58-27,429,20.2927,36.1379
2019-06-02 20-58-29,429,20.2515,36.1059
2019-06-02 20-58-31,428,20.2194,36.1379
2019-06-02 20-58-35,428,20.256,36.1646
2019-06-02 20-58-37,428,20.1843,36.1513
2019-06-02 20-58-39,427,20.2209,36.1646
2019-06-02 20-58-41,427,20.1843,36.1379
2019-06-02 20-58-43,426,20.1523,36.178
2019-06-02 20-58-45,426,20.2057,36.194
2019-06-02 20-58-47,426,20.1187,36.2367
2019-06-02 20-58-51,426,20.1202,36.2635
2019-06-02 20-58-53,426,20.1187,36.2367
2019-06-02 20-58-55,427,20.05,36.2635
2019-06-02 20-58-57,427,20.0653,36.2501
2019-06-02 20-58-59,427,20.0516,36.2928
2019-06-02 20-59-01,428,20.0333,36.2768
2019-06-02 20-59-03,428,20.0516,36.2768
2019-06-02 20-59-05,428,20.0333,36.2635
2019-06-02 20-59-09,428,20.0836,36.2635
2019-06-02 20-59-11,428,20.0699,36.2928
2019-06-02 20-59-13,428,20.05,36.2635
2019-06-02 20-59-15,429,20.105,36.2928
2019-06-02 20-59-17,429,20.0836,36.2635
2019-06-02 20-59-19,428,20.105,36.2928
2019-06-02 20-59-21,428,20.1019,36.2635
2019-06-02 20-59-23,428,20.1187,36.2367
2019-06-02 20-59-27,428,20.1187,36.2501
2019-06-02 20-59-29,428,20.1019,36.2635
2019-06-02 20-59-31,428,20.1019,36.2635
2019-06-02 20-59-33,428,20.0516,36.2768
2019-06-02 20-59-35,428,20.0684,36.2768
2019-06-02 20-59-37,428,20.0684,36.2635
2019-06-02 20-59-39,428,20.0684,36.2635
2019-06-02 20-59-43,428,20.0333,36.2635
2019-06-02 20-59-45,428,20.05,36.2635
2019-06-02 20-59-47,428,20.05,36.2635
2019-06-02 20-59-49,427,20.0516,36.2928
2019-06-02 20-59-51,427,20.015,36.2768
2019-06-02 20-59-53,427,20.0363,36.3062
2019-06-02 20-59-55,427,20.0333,36.2928
2019-06-02 20-59-57,426,20.018,36.3195
2019-06-02 21-00-01,426,20.0363,36.3195
2019-06-02 21-00-03,426,19.9646,36.3329
2019-06-02 21-00-05,427,19.9326,36.3756
2019-06-02 21-00-07,427,19.9493,36.3756
2019-06-02 21-00-09,426,19.9829,36.3623
2019-06-02 21-00-11,427,19.9646,36.3489
2019-06-02 21-00-13,426,19.928,36.3329
2019-06-02 21-00-16,426,19.9814,36.3329
2019-06-02 21-00-20,426,20.0043,36.3489
2019-06-02 21-00-22,426,19.9677,36.3623
2019-06-02 21-00-24,426,20.0195,36.3489
2019-06-02 21-00-26,426,20.0729,36.3623
2019-06-02 21-00-28,426,19.9631,36.3195
2019-06-02 21-00-30,426,19.9814,36.3329
2019-06-02 21-00-32,426,20.0012,36.3195
2019-06-02 21-00-36,426,19.9829,36.3489
2019-06-02 21-00-38,426,20.018,36.3062
2019-06-02 21-00-40,426,20.0699,36.2928
2019-06-02 21-00-42,426,20.018,36.3062
2019-06-02 21-00-44,427,20.0867,36.2928
2019-06-02 21-00-46,427,20.018,36.3062
2019-06-02 21-00-48,427,20.1065,36.3195
2019-06-02 21-00-50,428,19.9814,36.3329
2019-06-02 21-00-54,428,19.931,36.3623
2019-06-02 21-00-56,428,20.0043,36.3489
2019-06-02 21-00-58,428,20.0043,36.3623
2019-06-02 21-01-00,427,20.0012,36.3329
2019-06-02 21-01-02,428,20.0562,36.3623
2019-06-02 21-01-04,428,20.0043,36.3489
2019-06-02 21-01-06,428,20.0195,36.3329
2019-06-02 21-01-10,428,20.0546,36.3195
2019-06-02 21-01-12,427,20.018,36.3195
2019-06-02 21-01-14,427,20.0012,36.3329
2019-06-02 21-01-16,428,20.0195,36.3489
2019-06-02 21-01-18,427,20.0562,36.3623
2019-06-02 21-01-20,427,20.0226,36.3623
2019-06-02 21-01-22,427,19.986,36.389
2019-06-02 21-01-24,426,20.0058,36.405
2019-06-02 21-01-28,427,19.9142,36.389
2019-06-02 21-01-30,427,19.986,36.389
2019-06-02 21-01-32,427,19.9493,36.3623
2019-06-02 21-01-34,427,19.931,36.3623
2019-06-02 21-01-36,427,20.0378,36.3623
2019-06-02 21-01-38,427,20.0378,36.3623
2019-06-02 21-01-40,427,20.0195,36.3489
2019-06-02 21-01-42,427,20.0043,36.3756
2019-06-02 21-01-46,427,20.0058,36.405
2019-06-02 21-01-48,427,19.9539,36.445
2019-06-02 21-01-50,427,19.9585,36.5011
2019-06-02 21-01-52,427,19.9081,36.5305
2019-06-02 21-01-54,427,19.7678,36.5732
2019-06-02 21-01-56,427,19.7891,36.6453
2019-06-02 21-01-58,427,19.7357,36.6453
2019-06-02 21-02-02,427,19.7403,36.7014
2019-06-02 21-02-04,427,19.7403,36.7147
2019-06-02 21-02-06,427,19.6533,36.7575
2019-06-02 21-02-08,427,19.6014,36.7708
2019-06-02 21-02-10,427,19.603,36.7868
2019-06-02 21-02-12,427,19.5877,36.8269
2019-06-02 21-02-14,427,19.5007,36.8563
2019-06-02 21-02-16,427,19.4656,36.8696
2019-06-02 21-02-20,427,19.4473,36.8696
2019-06-02 21-02-22,427,19.4656,36.883
2019-06-02 21-02-24,428,19.4275,36.8269
2019-06-02 21-02-26,428,19.4473,36.8696
2019-06-02 21-02-28,428,19.5007,36.8696
2019-06-02 21-02-30,428,19.4656,36.8696
2019-06-02 21-02-32,428,19.4687,36.899
2019-06-02 21-02-36,428,19.3954,36.899
2019-06-02 21-02-38,429,19.4336,36.9123
2019-06-02 21-02-40,429,19.3787,36.939
2019-06-02 21-02-42,429,19.3954,36.9123
2019-06-02 21-02-44,429,19.3268,36.9257
2019-06-02 21-02-46,429,19.3451,36.939
2019-06-02 21-02-48,429,19.3634,36.9551
2019-06-02 21-02-50,429,19.3451,36.9551
2019-06-02 21-02-54,429,19.397,36.9257
2019-06-02 21-02-56,429,19.4183,36.939
2019-06-02 21-02-58,429,19.3771,36.899
2019-06-02 21-03-00,430,19.4321,36.883
2019-06-02 21-03-02,430,19.5328,36.8269
2019-06-02 21-03-04,430,19.5328,36.8269
2019-06-02 21-03-06,430,19.5465,36.7575
2019-06-02 21-03-08,430,19.5663,36.7575
2019-06-02 21-03-12,430,19.6014,36.7441
2019-06-02 21-03-14,430,19.5648,36.7147
2019-06-02 21-03-16,430,19.6152,36.7014
2019-06-02 21-03-18,430,19.6487,36.6747
2019-06-02 21-03-20,430,19.6655,36.6587
2019-06-02 21-03-22,431,19.6625,36.6453
2019-06-02 21-03-24,430,19.6991,36.6186
2019-06-02 21-03-28,430,19.7708,36.6186
2019-06-02 21-03-30,430,19.7159,36.5866
2019-06-02 21-03-32,430,19.7159,36.5732
2019-06-02 21-03-34,429,19.7128,36.5599
2019-06-02 21-03-36,429,19.8181,36.5438
2019-06-02 21-03-38,429,19.8349,36.5438
2019-06-02 21-03-40,429,19.7983,36.5171
2019-06-02 21-03-42,428,19.8318,36.4878
2019-06-02 21-03-46,428,19.8502,36.4744
2019-06-02 21-03-48,427,19.8303,36.4744
2019-06-02 21-03-50,427,19.8868,36.4878
2019-06-02 21-03-52,426,19.8669,36.4611
2019-06-02 21-03-54,426,19.9036,36.4878
2019-06-02 21-03-56,426,19.8349,36.5305
2019-06-02 21-03-58,426,19.7845,36.5732
2019-06-02 21-04-02,425,19.8029,36.6026
2019-06-02 21-04-04,425,19.7571,36.6747
2019-06-02 21-04-06,425,19.7037,36.7014
2019-06-02 21-04-08,425,19.6701,36.7308
2019-06-02 21-04-10,424,19.5984,36.7308
2019-06-02 21-04-12,424,19.5847,36.7868
2019-06-02 21-04-14,424,19.6014,36.7708
2019-06-02 21-04-16,424,19.5694,36.8002
2019-06-02 21-04-20,425,19.5328,36.8135
2019-06-02 21-04-22,425,19.5297,36.7868
2019-06-02 21-04-24,425,19.5465,36.7575
2019-06-02 21-04-26,425,19.5831,36.7308
2019-06-02 21-04-28,426,19.5831,36.7308
2019-06-02 21-04-30,426,19.5984,36.7308
2019-06-02 21-04-32,426,19.5969,36.688
2019-06-02 21-04-34,426,19.7037,36.688
2019-06-02 21-04-38,426,19.6304,36.688
2019-06-02 21-04-40,426,19.6808,36.6587
2019-06-02 21-04-42,426,19.7174,36.6186
2019-06-02 21-04-44,426,19.7159,36.5866
2019-06-02 21-04-46,427,19.7342,36.5866
2019-06-02 21-04-48,427,19.8364,36.5732
2019-06-02 21-04-50,426,19.7845,36.5599
2019-06-02 21-04-54,426,19.7495,36.5732
2019-06-02 21-04-56,426,19.7983,36.5171
2019-06-02 21-04-58,426,19.8502,36.4744
2019-06-02 21-05-00,426,19.8135,36.4744
2019-06-02 21-05-02,426,19.9036,36.4744
2019-06-02 21-05-04,426,19.9005,36.4317
2019-06-02 21-05-06,426,19.8822,36.4317
2019-06-02 21-05-08,426,19.9509,36.389
2019-06-02 21-05-12,426,19.9509,36.405
2019-06-02 21-05-14,426,19.9829,36.3623
2019-06-02 21-05-16,425,20.0012,36.3329
2019-06-02 21-05-18,425,19.9829,36.3623
2019-06-02 21-05-20,424,19.9493,36.3756
2019-06-02 21-05-22,424,20.0058,36.405
2019-06-02 21-05-24,424,19.9509,36.4183
2019-06-02 21-05-28,424,19.9554,36.4744
2019-06-02 21-05-30,424,19.9219,36.4744
2019-06-02 21-05-32,424,19.8868,36.4878
2019-06-02 21-05-34,424,19.8715,36.5305
2019-06-02 21-05-36,424,19.8181,36.5438
2019-06-02 21-05-38,424,19.8547,36.5438
2019-06-02 21-05-40,424,19.8181,36.5438
2019-06-02 21-05-42,424,19.8349,36.5438
2019-06-02 21-05-46,424,19.8349,36.5438
2019-06-02 21-05-48,424,19.8181,36.5438
2019-06-02 21-05-50,423,19.8547,36.5438
2019-06-02 21-05-53,423,19.8029,36.5732
2019-06-02 21-05-55,423,19.8029,36.5732
2019-06-02 21-05-57,423,19.7678,36.5732
2019-06-02 21-05-59,423,19.7159,36.5866
2019-06-02 21-06-03,423,19.7159,36.6026
2019-06-02 21-06-05,422,19.6808,36.632
2019-06-02 21-06-07,423,19.6625,36.6453
2019-06-02 21-06-09,423,19.7388,36.6587
2019-06-02 21-06-11,423,19.6304,36.6747
2019-06-02 21-06-13,423,19.7037,36.6747
2019-06-02 21-06-15,424,19.6854,36.7014
2019-06-02 21-06-17,424,19.6671,36.7147
2019-06-02 21-06-21,423,19.6655,36.6747
2019-06-02 21-06-23,424,19.6655,36.6587
2019-06-02 21-06-25,424,19.7708,36.6453
2019-06-02 21-06-27,424,19.6793,36.6026
2019-06-02 21-06-29,424,19.7815,36.5438
2019-06-02 21-06-31,424,19.8166,36.5171
2019-06-02 21-06-33,424,19.8532,36.5011
2019-06-02 21-06-35,425,19.8868,36.4878
2019-06-02 21-06-39,424,19.9005,36.4317
2019-06-02 21-06-41,424,19.9371,36.4611
2019-06-02 21-06-43,424,19.9219,36.4878
2019-06-02 21-06-45,424,19.8853,36.4744
2019-06-02 21-06-47,424,19.9554,36.4744
2019-06-02 21-06-49,423,19.9005,36.445
2019-06-02 21-06-51,423,19.9356,36.4317
2019-06-02 21-06-55,423,19.9371,36.4611
2019-06-02 21-06-57,423,19.9051,36.5011
2019-06-02 21-06-59,423,19.9417,36.5305
2019-06-02 21-07-01,422,19.7845,36.5732
2019-06-02 21-07-03,423,19.7525,36.6026
2019-06-02 21-07-05,422,19.7357,36.632
2019-06-02 21-07-07,422,19.7571,36.688
2019-06-02 21-07-09,422,19.6854,36.7147
2019-06-02 21-07-13,422,19.6335,36.7014
2019-06-02 21-07-15,423,19.6167,36.7441
2019-06-02 21-07-17,423,19.5663,36.7575
2019-06-02 21-07-19,424,19.548,36.7868
2019-06-02 21-07-21,424,19.548,36.8135
2019-06-02 21-07-23,424,19.4794,36.8269
2019-06-02 21-07-25,425,19.5343,36.8696
2019-06-02 21-07-29,425,19.5007,36.8696
2019-06-02 21-07-31,426,19.4839,36.883
2019-06-02 21-07-33,426,19.519,36.883
2019-06-02 21-07-35,427,19.4824,36.8696
2019-06-02 21-07-37,428,19.4824,36.8429
2019-06-02 21-07-39,428,19.4977,36.8135
2019-06-02 21-07-41,428,19.5297,36.7868
2019-06-02 21-07-43,428,19.548,36.7868
2019-06-02 21-07-47,428,19.6167,36.7441
2019-06-02 21-07-49,429,19.6335,36.7014
2019-06-02 21-07-51,429,19.6304,36.688
2019-06-02 21-07-53,429,19.6808,36.6587
2019-06-02 21-07-55,429,19.6289,36.632
2019-06-02 21-07-57,428,19.6793,36.6186
2019-06-02 21-07-59,428,19.7021,36.632
2019-06-02 21-08-01,428,19.7708,36.632
2019-06-02 21-08-05,427,19.7525,36.632
2019-06-02 21-08-07,426,19.7708,36.6186
2019-06-02 21-08-09,426,19.7525,36.6026
2019-06-02 21-08-11,426,19.7891,36.6587
2019-06-02 21-08-13,426,19.7174,36.6186
2019-06-02 21-08-15,426,19.6655,36.6587
2019-06-02 21-08-17,426,19.6518,36.7147
2019-06-02 21-08-21,425,19.6518,36.7147
2019-06-02 21-08-23,425,19.5847,36.7708
2019-06-02 21-08-25,425,19.5465,36.7708
2019-06-02 21-08-27,425,19.5877,36.8135
2019-06-02 21-08-29,426,19.5892,36.8429
2019-06-02 21-08-31,426,19.5511,36.8269
2019-06-02 21-08-33,426,19.5892,36.8429
2019-06-02 21-08-35,426,19.4977,36.8429
2019-06-02 21-08-39,427,19.4977,36.8429
2019-06-02 21-08-41,427,19.5328,36.8269
2019-06-02 21-08-43,426,19.5694,36.8135
2019-06-02 21-08-45,426,19.548,36.7868
2019-06-02 21-08-47,427,19.5328,36.8135
2019-06-02 21-08-49,427,19.5297,36.8002
2019-06-02 21-08-51,427,19.603,36.7868
2019-06-02 21-08-55,427,19.6014,36.7708
2019-06-02 21-08-57,427,19.5694,36.8002
2019-06-02 21-08-59,427,19.5877,36.8002
2019-06-02 21-09-01,427,19.6381,36.7868
2019-06-02 21-09-03,428,19.6381,36.7868
2019-06-02 21-09-05,428,19.606,36.8269
2019-06-02 21-09-07,428,19.5694,36.7868
2019-06-02 21-09-09,428,19.548,36.8002
2019-06-02 21-09-13,428,19.5297,36.8002
2019-06-02 21-09-15,428,19.5694,36.7868
2019-06-02 21-09-17,428,19.5145,36.8135
2019-06-02 21-09-19,427,19.5328,36.8135
2019-06-02 21-09-21,427,19.548,36.8135
2019-06-02 21-09-23,428,19.516,36.8429
2019-06-02 21-09-25,427,19.5328,36.8269
2019-06-02 21-09-29,427,19.4641,36.8563
2019-06-02 21-09-31,427,19.4824,36.8563
2019-06-02 21-09-33,427,19.4977,36.8269
2019-06-02 21-09-35,428,19.516,36.8563
2019-06-02 21-09-37,428,19.4977,36.8135
2019-06-02 21-09-39,428,19.5663,36.7575
2019-06-02 21-09-41,428,19.6014,36.7441
2019-06-02 21-09-43,428,19.635,36.7441
2019-06-02 21-09-47,428,19.6487,36.7014
2019-06-02 21-09-49,428,19.6487,36.6747
2019-06-02 21-09-51,428,19.6808,36.6453
2019-06-02 21-09-53,428,19.6625,36.632
2019-06-02 21-09-55,427,19.7357,36.632
2019-06-02 21-09-57,427,19.8029,36.6026
2019-06-02 21-09-59,427,19.7159,36.5732
2019-06-02 21-10-03,426,19.8029,36.5732
2019-06-02 21-10-05,426,19.8578,36.5732
2019-06-02 21-10-07,426,19.8166,36.5011
2019-06-02 21-10-09,426,19.9051,36.5011
2019-06-02 21-10-11,426,19.8532,36.4878
2019-06-02 21-10-13,425,19.9005,36.4317
2019-06-02 21-10-15,425,19.9188,36.445
2019-06-02 21-10-17,425,19.9356,36.4317
2019-06-02 21-10-21,425,19.9356,36.4317
2019-06-02 21-10-23,425,19.9371,36.445
2019-06-02 21-10-25,425,19.9371,36.445
2019-06-02 21-10-27,424,19.9188,36.445
2019-06-02 21-10-29,424,19.8822,36.4317
2019-06-02 21-10-31,424,19.8669,36.445
2019-06-02 21-10-33,424,19.8853,36.4611
2019-06-02 21-10-37,423,19.8685,36.4744
2019-06-02 21-10-39,423,19.8685,36.4744
2019-06-02 21-10-41,423,19.8532,36.4878
2019-06-02 21-10-43,424,19.8715,36.5011
2019-06-02 21-10-45,424,19.7632,36.5011
2019-06-02 21-10-47,424,19.8532,36.4878
2019-06-02 21-10-49,424,19.7815,36.5171
2019-06-02 21-10-51,424,19.8715,36.5171
2019-06-02 21-10-55,424,19.8685,36.4744
2019-06-02 21-10-57,424,19.8853,36.4744
2019-06-02 21-10-59,424,19.8685,36.4878
2019-06-02 21-11-01,423,19.9051,36.5011
2019-06-02 21-11-03,423,19.8898,36.5171
2019-06-02 21-11-05,423,19.9036,36.4878
2019-06-02 21-11-07,423,19.9371,36.4744
2019-06-02 21-11-09,424,19.9188,36.4317
2019-06-02 21-11-13,424,19.9326,36.405
2019-06-02 21-11-15,424,19.9677,36.3623
2019-06-02 21-11-17,424,20.0195,36.3489
2019-06-02 21-11-19,424,20.0699,36.3062
2019-06-02 21-11-21,425,20.0378,36.3623
2019-06-02 21-11-23,424,20.0378,36.3623
2019-06-02 21-11-25,424,20.0043,36.3756
2019-06-02 21-11-29,424,20.0043,36.3756
2019-06-02 21-11-31,424,19.9677,36.3623
2019-06-02 21-11-33,425,20.0226,36.3623
2019-06-02 21-11-35,424,20.0226,36.3756
2019-06-02 21-11-37,424,20.0226,36.3756
2019-06-02 21-11-39,425,20.0363,36.3329
2019-06-02 21-11-41,424,20.0882,36.3195
2019-06-02 21-11-43,424,20.105,36.2928
2019-06-02 21-11-48,425,20.105,36.3062
2019-06-02 21-11-50,425,20.0882,36.3329
2019-06-02 21-11-52,424,20.0729,36.3489
2019-06-02 21-11-54,424,20.0378,36.3489
2019-06-02 21-11-56,424,20.0409,36.405
2019-06-02 21-11-58,424,20.0378,36.3623
2019-06-02 21-12-00,423,20.0226,36.3756
2019-06-02 21-12-04,424,20.0241,36.405
2019-06-02 21-12-06,424,19.9356,36.4183
2019-06-02 21-12-08,424,19.9692,36.4317
2019-06-02 21-12-10,425,19.9677,36.389
2019-06-02 21-12-12,425,19.9509,36.4183
2019-06-02 21-12-14,425,19.9509,36.4183
2019-06-02 21-12-16,425,19.9188,36.4317
2019-06-02 21-12-18,425,19.9371,36.445
2019-06-02 21-12-22,425,19.9005,36.445
2019-06-02 21-12-24,425,19.8868,36.5011
2019-06-02 21-12-26,425,19.9051,36.5171
2019-06-02 21-12-28,425,19.873,36.5599
2019-06-02 21-12-30,425,19.8364,36.5866
2019-06-02 21-12-32,425,19.7525,36.6026
2019-06-02 21-12-34,425,19.7891,36.6453
2019-06-02 21-12-38,425,19.6808,36.632
2019-06-02 21-12-40,425,19.6304,36.6587
2019-06-02 21-12-42,426,19.7205,36.6587
2019-06-02 21-12-44,426,19.6808,36.6587
2019-06-02 21-12-46,426,19.7205,36.6587
2019-06-02 21-12-48,426,19.6655,36.6747
2019-06-02 21-12-50,426,19.6655,36.6747
2019-06-02 21-12-52,426,19.6838,36.688
2019-06-02 21-12-56,426,19.6335,36.7014
2019-06-02 21-12-58,426,19.5831,36.7308
2019-06-02 21-13-00,426,19.5663,36.7575
2019-06-02 21-13-02,425,19.603,36.7868
2019-06-02 21-13-04,425,19.5847,36.7708
2019-06-02 21-13-06,425,19.5877,36.8135
2019-06-02 21-13-08,425,19.5892,36.8429
2019-06-02 21-13-12,425,19.5007,36.8563
2019-06-02 21-13-14,424,19.5374,36.883
2019-06-02 21-13-16,424,19.4153,36.9257
2019-06-02 21-13-18,424,19.4519,36.9257
2019-06-02 21-13-20,424,19.4382,36.9978
2019-06-02 21-13-22,424,19.4229,37.0111
2019-06-02 21-13-24,424,19.3649,36.9818
2019-06-02 21-13-26,424,19.4199,36.9818
2019-06-02 21-13-30,424,19.3451,36.939
2019-06-02 21-13-32,424,19.3634,36.939
2019-06-02 21-13-34,424,19.4519,36.939
2019-06-02 21-13-36,424,19.4839,36.899
2019-06-02 21-13-38,424,19.4656,36.883
2019-06-02 21-13-40,425,19.4824,36.8696
2019-06-02 21-13-42,425,19.5328,36.8269
2019-06-02 21-13-44,425,19.548,36.8135
2019-06-02 21-13-48,426,19.5831,36.7575
2019-06-02 21-13-50,426,19.5847,36.7708
2019-06-02 21-13-52,426,19.5847,36.7708
2019-06-02 21-13-54,426,19.5984,36.7147
2019-06-02 21-13-56,426,19.5984,36.7147
2019-06-02 21-13-58,426,19.6152,36.7014
2019-06-02 21-14-00,425,19.6701,36.7308
2019-06-02 21-14-04,425,19.6533,36.7575
2019-06-02 21-14-06,425,19.6335,36.7147
2019-06-02 21-14-08,426,19.6701,36.7308
2019-06-02 21-14-10,426,19.6487,36.688
2019-06-02 21-14-12,426,19.7021,36.6587
2019-06-02 21-14-14,426,19.7174,36.632
2019-06-02 21-14-16,426,19.7021,36.6453
2019-06-02 21-14-18,426,19.7357,36.6186
2019-06-02 21-14-22,426,19.7525,36.6026
2019-06-02 21-14-24,425,19.7357,36.632
2019-06-02 21-14-26,425,19.7159,36.6026
2019-06-02 21-14-28,425,19.6976,36.5732
2019-06-02 21-14-30,425,19.7678,36.5866
2019-06-02 21-14-32,425,19.8181,36.5732
2019-06-02 21-14-34,425,19.8181,36.5599
2019-06-02 21-14-38,426,19.7983,36.5011
2019-06-02 21-14-40,426,19.7815,36.5171
2019-06-02 21-14-42,426,19.8868,36.4878
2019-06-02 21-14-44,427,19.8532,36.4878
2019-06-02 21-14-46,427,19.9036,36.4611
2019-06-02 21-14-48,426,19.9188,36.445
2019-06-02 21-14-50,426,19.899,36.405
2019-06-02 21-14-52,426,19.8822,36.4183
2019-06-02 21-14-56,425,19.9326,36.405
2019-06-02 21-14-58,425,19.9142,36.3756
2019-06-02 21-15-00,424,19.9493,36.3623
2019-06-02 21-15-02,424,19.9829,36.3623
2019-06-02 21-15-04,424,20.0363,36.3195
2019-06-02 21-15-06,424,19.9631,36.3195
2019-06-02 21-15-08,424,20.018,36.3062
2019-06-02 21-15-10,424,20.0363,36.3062
2019-06-02 21-15-14,423,20.0516,36.3062
2019-06-02 21-15-16,423,19.9997,36.2768
2019-06-02 21-15-18,423,20.1019,36.2768
2019-06-02 21-15-20,423,20.0699,36.2928
2019-06-02 21-15-22,423,20.105,36.2928
2019-06-02 21-15-24,423,20.0867,36.2768
2019-06-02 21-15-26,423,20.0699,36.3062
2019-06-02 21-15-28,422,20.018,36.3195
2019-06-02 21-15-32,422,20.0699,36.3062
2019-06-02 21-15-34,422,20.1019,36.2635
2019-06-02 21-15-36,422,20.1019,36.2635
2019-06-02 21-15-38,422,20.1553,36.2207
2019-06-02 21-15-40,422,20.1736,36.2207
2019-06-02 21-15-42,422,20.1889,36.2207
2019-06-02 21-15-44,422,20.1706,36.2074
2019-06-02 21-15-48,423,20.2377,36.1513
2019-06-02 21-15-50,423,20.2011,36.1379
2019-06-02 21-15-52,423,20.2896,36.0925
2019-06-02 21-15-54,424,20.343,36.1059
2019-06-02 21-15-56,424,20.3033,36.0632
2019-06-02 21-15-58,424,20.3033,36.0632
2019-06-02 21-16-00,424,20.3537,36.0231
2019-06-02 21-16-02,424,20.3537,36.0071
2019-06-02 21-16-06,424,20.4407,35.9804
2019-06-02 21-16-08,425,20.4941,35.967
2019-06-02 21-16-10,425,20.4758,35.967
2019-06-02 21-16-12,425,20.491,35.951
2019-06-02 21-16-14,425,20.4941,35.9804
2019-06-02 21-16-16,425,20.5444,35.9377
2019-06-02 21-16-18,424,20.5078,35.9243
2019-06-02 21-16-20,424,20.5597,35.9243
2019-06-02 21-16-24,424,20.5231,35.8949
2019-06-02 21-16-26,424,20.578,35.9243
2019-06-02 21-16-28,424,20.5582,35.8949
2019-06-02 21-16-30,425,20.5963,35.8949
2019-06-02 21-16-32,424,20.5948,35.8549
2019-06-02 21-16-34,424,20.61,35.8549
2019-06-02 21-16-36,424,20.5917,35.8389
2019-06-02 21-16-40,424,20.6085,35.8255
2019-06-02 21-16-42,424,20.6085,35.8255
2019-06-02 21-16-44,424,20.6451,35.8255
2019-06-02 21-16-46,424,20.6604,35.8255
2019-06-02 21-16-48,423,20.5719,35.8255
2019-06-02 21-16-50,423,20.7138,35.8122
2019-06-02 21-16-52,423,20.6268,35.8122
2019-06-02 21-16-54,422,20.6085,35.8122
2019-06-02 21-16-58,422,20.6238,35.7961
2019-06-02 21-17-00,422,20.5719,35.8255
2019-06-02 21-17-02,422,20.5902,35.8122
2019-06-02 21-17-04,422,20.6451,35.8255
2019-06-02 21-17-06,421,20.6268,35.8122
2019-06-02 21-17-08,422,20.6604,35.8122
2019-06-02 21-17-10,422,20.6085,35.8122
2019-06-02 21-17-12,422,20.6421,35.8122
2019-06-02 21-17-16,422,20.6055,35.7828
2019-06-02 21-17-18,423,20.6741,35.7694
2019-06-02 21-17-20,423,20.6055,35.7828
2019-06-02 21-17-22,423,20.6772,35.7828
2019-06-02 21-17-24,423,20.7092,35.7694
2019-06-02 21-17-26,424,20.6741,35.7561
2019-06-02 21-17-28,424,20.7092,35.7401
2019-06-02 21-17-32,425,20.7062,35.7267
2019-06-02 21-17-34,425,20.7474,35.7694
2019-06-02 21-17-36,425,20.6909,35.7561
2019-06-02 21-17-39,425,20.7092,35.7561
2019-06-02 21-17-41,425,20.7275,35.7267
2019-06-02 21-17-43,425,20.7458,35.7401
2019-06-02 21-17-45,425,20.7275,35.7134
2019-06-02 21-17-47,425,20.7428,35.7134
2019-06-02 21-17-51,425,20.8115,35.7
2019-06-02 21-17-53,426,20.7062,35.7134
2019-06-02 21-17-55,425,20.8145,35.7134
2019-06-02 21-17-57,426,20.7962,35.7267
2019-06-02 21-17-59,425,20.7794,35.7134
2019-06-02 21-18-01,425,20.7779,35.7
2019-06-02 21-18-03,425,20.8115,35.7
2019-06-02 21-18-05,425,20.7932,35.6813
2019-06-02 21-18-09,425,20.8115,35.7
2019-06-02 21-18-11,425,20.8115,35.6813
2019-06-02 21-18-13,425,20.7962,35.7134
2019-06-02 21-18-15,425,20.8298,35.7
2019-06-02 21-18-17,425,20.7962,35.7134
2019-06-02 21-18-19,425,20.7596,35.6813
2019-06-02 21-18-21,425,20.8298,35.6813
2019-06-02 21-18-25,425,20.8298,35.6813
2019-06-02 21-18-27,425,20.8115,35.7
2019-06-02 21-18-29,425,20.7748,35.668
2019-06-02 21-18-31,425,20.7748,35.6413
2019-06-02 21-18-33,424,20.7932,35.6546
2019-06-02 21-18-35,425,20.7748,35.6546
2019-06-02 21-18-37,424,20.8282,35.668
2019-06-02 21-18-39,424,20.8298,35.6813
2019-06-02 21-18-43,424,20.8847,35.6813
2019-06-02 21-18-45,424,20.8115,35.6813
2019-06-02 21-18-47,424,20.8481,35.7267
2019-06-02 21-18-49,424,20.8145,35.7134
2019-06-02 21-18-51,423,20.7794,35.7267
2019-06-02 21-18-53,424,20.7458,35.7267
2019-06-02 21-18-55,423,20.7794,35.7401
2019-06-02 21-18-57,424,20.6909,35.7401
2019-06-02 21-19-01,425,20.6909,35.7267
2019-06-02 21-19-03,425,20.6543,35.7134
2019-06-02 21-19-05,426,20.7428,35.7134
2019-06-02 21-19-07,425,20.7275,35.7134
2019-06-02 21-19-09,426,20.7428,35.7
2019-06-02 21-19-11,426,20.7779,35.6813
2019-06-02 21-19-13,426,20.7611,35.7267
2019-06-02 21-19-15,426,20.7596,35.6813
2019-06-02 21-19-19,426,20.8099,35.6546
2019-06-02 21-19-21,427,20.8252,35.6413
2019-06-02 21-19-23,426,20.8115,35.6813
2019-06-02 21-19-25,427,20.8099,35.6413
2019-06-02 21-19-27,427,20.7932,35.6546
2019-06-02 21-19-29,427,20.8282,35.668
2019-06-02 21-19-31,427,20.7413,35.6546
2019-06-02 21-19-35,428,20.8435,35.6413
2019-06-02 21-19-37,428,20.8115,35.668
2019-06-02 21-19-39,428,20.8649,35.6813
2019-06-02 21-19-41,428,20.8618,35.6413
2019-06-02 21-19-43,429,20.8618,35.6546
2019-06-02 21-19-45,429,20.8618,35.6546
2019-06-02 21-19-47,429,20.8282,35.6546
2019-06-02 21-19-49,429,20.8435,35.6546
2019-06-02 21-19-53,429,20.8282,35.6546
2019-06-02 21-19-55,429,20.7596,35.668
2019-06-02 21-19-57,429,20.8435,35.6546
2019-06-02 21-19-59,429,20.8435,35.6413
2019-06-02 21-20-01,429,20.8252,35.6413
2019-06-02 21-20-03,429,20.8252,35.6413
2019-06-02 21-20-05,429,20.9167,35.6413
2019-06-02 21-20-07,429,20.8435,35.6413
2019-06-02 21-20-11,430,20.8435,35.6546
2019-06-02 21-20-13,430,20.8618,35.668
2019-06-02 21-20-15,429,20.8466,35.668
2019-06-02 21-20-17,430,20.8115,35.7
2019-06-02 21-20-19,430,20.7596,35.668
2019-06-02 21-20-21,430,20.8115,35.668
2019-06-02 21-20-23,429,20.7932,35.6813
2019-06-02 21-20-27,429,20.8481,35.7
2019-06-02 21-20-29,429,20.7932,35.6813
2019-06-02 21-20-31,429,20.8115,35.6813
2019-06-02 21-20-33,429,20.7962,35.7134
2019-06-02 21-20-35,429,20.8115,35.6813
2019-06-02 21-20-37,430,20.8328,35.7267
2019-06-02 21-20-39,429,20.7825,35.7828
2019-06-02 21-20-41,429,20.7687,35.8389
2019-06-02 21-20-45,429,20.7367,35.8549
2019-06-02 21-20-47,429,20.665,35.8816
2019-06-02 21-20-49,429,20.5948,35.8816
2019-06-02 21-20-51,430,20.5551,35.8549
2019-06-02 21-20-53,429,20.5414,35.8949
2019-06-02 21-20-55,430,20.5261,35.9243
2019-06-02 21-20-57,430,20.5963,35.9243
2019-06-02 21-20-59,430,20.4941,35.9804
2019-06-02 21-21-03,430,20.5307,36.0231
2019-06-02 21-21-05,430,20.4819,36.0792
2019-06-02 21-21-07,430,20.3445,36.1379
2019-06-02 21-21-09,431,20.311,36.178
2019-06-02 21-21-11,431,20.3308,36.2074
2019-06-02 21-21-13,431,20.2789,36.2367
2019-06-02 21-21-15,432,20.192,36.2501
2019-06-02 21-21-19,433,20.1935,36.2928
2019-06-02 21-21-21,433,20.1797,36.3329
2019-06-02 21-21-23,433,20.1431,36.3329
2019-06-02 21-21-25,433,20.1431,36.3329
2019-06-02 21-21-27,434,20.1462,36.3489
2019-06-02 21-21-29,434,20.0912,36.3489
2019-06-02 21-21-31,433,20.1462,36.3623
2019-06-02 21-21-33,434,20.0928,36.405
2019-06-02 21-21-37,434,20.0592,36.4183
2019-06-02 21-21-39,434,20.0607,36.4317
2019-06-02 21-21-41,434,20.0424,36.4317
2019-06-02 21-21-43,434,19.9921,36.4878
2019-06-02 21-21-45,434,19.9738,36.4744
2019-06-02 21-21-47,434,19.9585,36.5171
2019-06-02 21-21-49,435,19.9768,36.5171
2019-06-02 21-21-51,435,19.9402,36.5171
2019-06-02 21-21-55,434,19.8898,36.5305
2019-06-02 21-21-57,434,19.9265,36.5438
2019-06-02 21-21-59,434,19.9448,36.5866
2019-06-02 21-22-01,433,19.8547,36.5305
2019-06-02 21-22-03,434,19.8547,36.5438
2019-06-02 21-22-05,434,19.8898,36.5171
2019-06-02 21-22-07,434,19.9554,36.4878
2019-06-02 21-22-09,434,19.9692,36.4183
2019-06-02 21-22-13,435,20.0058,36.405
2019-06-02 21-22-15,435,20.0226,36.389
2019-06-02 21-22-17,434,20.0409,36.389
2019-06-02 21-22-19,434,20.0226,36.3756
2019-06-02 21-22-21,434,20.0546,36.3489
2019-06-02 21-22-23,434,20.0699,36.3195
2019-06-02 21-22-25,434,20.105,36.3062
2019-06-02 21-22-29,434,20.1202,36.2768
2019-06-02 21-22-31,434,20.1569,36.2635
2019-06-02 21-22-33,434,20.1385,36.2635
2019-06-02 21-22-35,433,20.1385,36.2501
2019-06-02 21-22-37,433,20.1416,36.2928
2019-06-02 21-22-39,433,20.1202,36.2928
2019-06-02 21-22-41,433,20.1233,36.3195
2019-06-02 21-22-43,432,20.1416,36.2768
2019-06-02 21-22-47,432,20.0836,36.2635
2019-06-02 21-22-49,432,20.1569,36.2768
2019-06-02 21-22-51,432,20.1752,36.2768
2019-06-02 21-22-53,432,20.1782,36.3062
2019-06-02 21-22-55,431,20.1614,36.3195
2019-06-02 21-22-57,431,20.1569,36.2768
2019-06-02 21-22-59,431,20.1752,36.2928
2019-06-02 21-23-03,431,20.1569,36.2768
2019-06-02 21-23-05,431,20.1202,36.2635
2019-06-02 21-23-07,431,20.1569,36.2635
2019-06-02 21-23-09,431,20.192,36.2367
2019-06-02 21-23-12,431,20.2255,36.2367
2019-06-02 21-23-14,431,20.1553,36.2074
2019-06-02 21-23-16,431,20.2393,36.178
2019-06-02 21-23-18,431,20.3262,36.1513
2019-06-02 21-23-22,432,20.3445,36.1379
2019-06-02 21-23-24,432,20.3262,36.1192
2019-06-02 21-23-26,431,20.3583,36.0925
2019-06-02 21-23-28,431,20.4086,36.0792
2019-06-02 21-23-30,431,20.3949,36.1059
2019-06-02 21-23-32,431,20.3949,36.1059
2019-06-02 21-23-34,430,20.3888,36.0231
2019-06-02 21-23-36,430,20.4071,36.0365
2019-06-02 21-23-40,430,20.4437,36.0231
2019-06-02 21-23-42,430,20.4803,36.0498
2019-06-02 21-23-44,430,20.4453,36.0365
2019-06-02 21-23-46,431,20.4453,36.0365
2019-06-02 21-23-48,431,20.4254,36.0231
2019-06-02 21-23-50,431,20.462,36.0365
2019-06-02 21-23-52,431,20.4453,36.0365
2019-06-02 21-23-56,430,20.4254,36.0231
2019-06-02 21-23-58,431,20.4071,36.0365
2019-06-02 21-24-00,431,20.462,36.0365
2019-06-02 21-24-02,430,20.4773,36.0071
2019-06-02 21-24-04,430,20.4437,35.9937
2019-06-02 21-24-06,429,20.462,36.0365
2019-06-02 21-24-08,429,20.4956,36.0071
2019-06-02 21-24-10,428,20.4086,36.0498
2019-06-02 21-24-14,428,20.4254,36.0365
2019-06-02 21-24-16,427,20.4071,36.0365
2019-06-02 21-24-18,427,20.3903,36.0632
2019-06-02 21-24-20,427,20.3751,36.0632
2019-06-02 21-24-22,428,20.4086,36.0792
2019-06-02 21-24-24,427,20.3568,36.0632
2019-06-02 21-24-26,428,20.4269,36.0632
2019-06-02 21-24-30,428,20.3751,36.0792
2019-06-02 21-24-32,427,20.4117,36.0925
2019-06-02 21-24-34,427,20.3766,36.1059
2019-06-02 21-24-36,427,20.4117,36.0925
2019-06-02 21-24-38,426,20.3613,36.1192
2019-06-02 21-24-40,426,20.3766,36.1192
2019-06-02 21-24-42,426,20.3613,36.1192
2019-06-02 21-24-44,426,20.311,36.1646
2019-06-02 21-24-48,426,20.3659,36.194
2019-06-02 21-24-50,426,20.3812,36.194
2019-06-02 21-24-52,427,20.3125,36.194
2019-06-02 21-24-54,426,20.2942,36.194
2019-06-02 21-24-56,426,20.224,36.2207
2019-06-02 21-24-58,426,20.2621,36.2635
2019-06-02 21-25-00,426,20.2789,36.2635
2019-06-02 21-25-02,426,20.2652,36.2928
2019-06-02 21-25-06,426,20.1965,36.3195
2019-06-02 21-25-08,425,20.2301,36.3329
2019-06-02 21-25-10,425,20.1477,36.389
2019-06-02 21-25-12,425,20.1141,36.4317
2019-06-02 21-25-14,425,20.047,36.4878
2019-06-02 21-25-16,424,19.9921,36.5011
2019-06-02 21-25-18,425,19.9768,36.5438
2019-06-02 21-25-22,425,19.9448,36.5866
2019-06-02 21-25-24,425,19.8578,36.5866
2019-06-02 21-25-26,425,19.8776,36.6453
2019-06-02 21-25-28,425,19.7723,36.6587
2019-06-02 21-25-30,425,19.7388,36.6587
2019-06-02 21-25-32,426,19.7754,36.688
2019-06-02 21-25-34,426,19.722,36.7014
2019-06-02 21-25-36,426,19.722,36.7147
2019-06-02 21-25-40,427,19.725,36.7308
2019-06-02 21-25-42,427,19.7586,36.7308
2019-06-02 21-25-44,427,19.722,36.7147
2019-06-02 21-25-46,428,19.7403,36.7014
2019-06-02 21-25-48,428,19.7403,36.7014
2019-06-02 21-25-50,428,19.722,36.688
2019-06-02 21-25-52,429,19.7723,36.6747
2019-06-02 21-25-54,428,19.7571,36.6747
2019-06-02 21-25-58,429,19.7891,36.6587
2019-06-02 21-26-00,429,19.8227,36.632
2019-06-02 21-26-02,428,19.8227,36.6453
2019-06-02 21-26-04,429,19.8395,36.6186
2019-06-02 21-26-06,429,19.8227,36.632
2019-06-02 21-26-08,429,19.8395,36.6026
2019-06-02 21-26-10,429,19.8944,36.6026
2019-06-02 21-26-14,429,19.9097,36.6026
2019-06-02 21-26-16,429,19.8578,36.5599
2019-06-02 21-26-18,429,19.9417,36.5438
2019-06-02 21-26-20,429,19.9081,36.5305
2019-06-02 21-26-22,430,19.9402,36.5171
2019-06-02 21-26-24,430,19.9554,36.4611
2019-06-02 21-26-26,430,20.0272,36.4611
2019-06-02 21-26-28,430,19.9692,36.405
2019-06-02 21-26-32,430,20.0745,36.389
2019-06-02 21-26-34,429,20.0912,36.3489
2019-06-02 21-26-36,429,20.1248,36.3623
2019-06-02 21-26-38,429,20.1279,36.3756
2019-06-02 21-26-40,428,20.1462,36.3623
2019-06-02 21-26-42,427,20.1096,36.3756
2019-06-02 21-26-44,426,20.0928,36.389
2019-06-02 21-26-48,426,20.1096,36.3756
2019-06-02 21-26-50,425,20.0745,36.3756
2019-06-02 21-26-52,425,20.0592,36.405
2019-06-02 21-26-54,425,20.1279,36.3756
2019-06-02 21-26-56,425,20.0378,36.3623
2019-06-02 21-26-58,425,20.0928,36.389
2019-06-02 21-27-00,425,20.0562,36.3756
2019-06-02 21-27-02,424,20.0729,36.3623
2019-06-02 21-27-06,424,20.0409,36.405
2019-06-02 21-27-08,425,20.0775,36.405
2019-06-02 21-27-10,425,20.0409,36.389
2019-06-02 21-27-12,425,20.0409,36.3756
2019-06-02 21-27-14,425,20.0928,36.389
2019-06-02 21-27-16,425,20.0928,36.389
2019-06-02 21-27-18,425,20.1096,36.3756
2019-06-02 21-27-20,424,20.1248,36.3623
2019-06-02 21-27-24,425,20.1248,36.3489
2019-06-02 21-27-26,425,20.1096,36.389
2019-06-02 21-27-28,425,20.1096,36.3623
2019-06-02 21-27-30,426,20.1111,36.405
2019-06-02 21-27-32,425,20.1279,36.3756
2019-06-02 21-27-34,425,20.0592,36.389
2019-06-02 21-27-36,425,20.0745,36.389
2019-06-02 21-27-40,425,20.1279,36.389
2019-06-02 21-27-42,425,20.1279,36.3756
2019-06-02 21-27-44,425,20.0745,36.389
2019-06-02 21-27-46,426,20.0928,36.405
2019-06-02 21-27-48,426,20.0592,36.4183
2019-06-02 21-27-50,426,20.0241,36.4183
2019-06-02 21-27-52,426,20.0424,36.445
2019-06-02 21-27-54,426,20.0089,36.4317
2019-06-02 21-27-58,427,20.0089,36.4317
2019-06-02 21-28-00,427,20.0058,36.405
2019-06-02 21-28-02,427,20.0058,36.405
2019-06-02 21-28-04,427,20.0241,36.4183
2019-06-02 21-28-06,427,20.0058,36.405
2019-06-02 21-28-08,428,20.0409,36.405
2019-06-02 21-28-10,427,20.0592,36.389
2019-06-02 21-28-14,428,20.0058,36.405
2019-06-02 21-28-16,428,20.0409,36.389
2019-06-02 21-28-18,428,20.0409,36.389
2019-06-02 21-28-20,428,20.0928,36.405
2019-06-02 21-28-22,428,20.0592,36.405
2019-06-02 21-28-24,428,20.0775,36.4317
2019-06-02 21-28-26,428,20.0241,36.405
2019-06-02 21-28-28,429,20.0607,36.4317
2019-06-02 21-28-32,429,19.9875,36.445
2019-06-02 21-28-34,429,19.9188,36.4317
2019-06-02 21-28-36,429,19.9875,36.445
2019-06-02 21-28-38,429,19.9692,36.405
2019-06-02 21-28-40,429,20.0241,36.4183
2019-06-02 21-28-42,429,20.0058,36.405
2019-06-02 21-28-44,429,20.0043,36.3756
2019-06-02 21-28-46,429,20.0043,36.3756
2019-06-02 21-28-50,429,20.0546,36.3489
2019-06-02 21-28-52,429,20.0745,36.3756
2019-06-02 21-28-54,429,20.0546,36.3489
2019-06-02 21-28-56,429,20.0546,36.3489
2019-06-02 21-28-58,429,20.0378,36.3489
2019-06-02 21-29-00,429,20.0409,36.389
2019-06-02 21-29-02,429,20.0058,36.405
2019-06-02 21-29-07,429,20.1248,36.3623
2019-06-02 21-29-09,429,20.0928,36.405
2019-06-02 21-29-11,430,20.0378,36.3623
2019-06-02 21-29-13,430,20.0546,36.3489
2019-06-02 21-29-15,430,20.0745,36.3756
2019-06-02 21-29-17,430,20.0562,36.3756
2019-06-02 21-29-19,430,20.0928,36.405
2019-06-02 21-29-21,430,20.0562,36.3756
2019-06-02 21-29-25,429,20.166,36.405
2019-06-02 21-29-27,429,20.0928,36.405
2019-06-02 21-29-29,430,20.1096,36.389
2019-06-02 21-29-31,430,20.1096,36.389
2019-06-02 21-29-33,430,20.0745,36.389
2019-06-02 21-29-35,430,20.0775,36.405
2019-06-02 21-29-37,430,20.0592,36.4183
2019-06-02 21-29-41,430,20.1279,36.405
2019-06-02 21-29-43,430,20.0592,36.405
2019-06-02 21-29-45,430,20.0592,36.405
2019-06-02 21-29-47,430,20.0958,36.4183
2019-06-02 21-29-49,429,20.0928,36.389
2019-06-02 21-29-51,429,20.0928,36.389
2019-06-02 21-29-53,429,20.0912,36.3623
2019-06-02 21-29-55,429,20.1096,36.389
2019-06-02 21-29-59,429,20.1462,36.3623
2019-06-02 21-30-01,429,20.1965,36.3195
2019-06-02 21-30-03,429,20.2286,36.2768
2019-06-02 21-30-05,429,20.2438,36.2635
2019-06-02 21-30-07,429,20.2072,36.2501
2019-06-02 21-30-09,428,20.224,36.2207
2019-06-02 21-30-11,428,20.2621,36.2635
2019-06-02 21-30-13,427,20.2072,36.2367
2019-06-02 21-30-17,428,20.2759,36.2207
2019-06-02 21-30-19,428,20.2621,36.2768
2019-06-02 21-30-21,428,20.3156,36.2501
2019-06-02 21-30-23,428,20.2606,36.2367
2019-06-02 21-30-25,428,20.3339,36.2367
2019-06-02 21-30-27,427,20.3156,36.2367
2019-06-02 21-30-29,427,20.2942,36.194
2019-06-02 21-30-33,427,20.3476,36.194
2019-06-02 21-30-35,427,20.3308,36.194
2019-06-02 21-30-37,427,20.3979,36.1513
2019-06-02 21-30-39,428,20.3613,36.1379
2019-06-02 21-30-41,428,20.3949,36.1192
2019-06-02 21-30-43,427,20.4132,36.1192
2019-06-02 21-30-45,426,20.3766,36.1192
2019-06-02 21-30-47,426,20.3979,36.1513
2019-06-02 21-30-51,426,20.3445,36.1646
2019-06-02 21-30-53,426,20.3979,36.1646
2019-06-02 21-30-55,427,20.4529,36.1513
2019-06-02 21-30-57,427,20.3796,36.1379
2019-06-02 21-30-59,428,20.4529,36.1379
2019-06-02 21-31-01,429,20.3751,36.0792
2019-06-02 21-31-03,429,20.5353,36.0632
2019-06-02 21-31-05,428,20.5139,36.0365
2019-06-02 21-31-09,429,20.4987,36.0365
2019-06-02 21-31-11,428,20.546,35.9937
2019-06-02 21-31-13,428,20.5811,35.9804
2019-06-02 21-31-15,428,20.6146,35.9243
2019-06-02 21-31-17,428,20.5994,35.951
2019-06-02 21-31-19,428,20.6329,35.9377
2019-06-02 21-31-21,427,20.5963,35.9243
2019-06-02 21-31-25,426,20.6146,35.9243
2019-06-02 21-31-27,426,20.6512,35.951
2019-06-02 21-31-29,426,20.6177,35.951
2019-06-02 21-31-31,425,20.578,35.9377
2019-06-02 21-31-33,425,20.5597,35.9377
2019-06-02 21-31-35,425,20.5643,35.9804
2019-06-02 21-31-37,425,20.6009,35.9804
2019-06-02 21-31-39,425,20.5307,36.0071
2019-06-02 21-31-43,425,20.5093,35.951
2019-06-02 21-31-45,424,20.5307,35.9937
2019-06-02 21-31-47,425,20.4956,36.0071
2019-06-02 21-31-49,424,20.5811,35.9937
2019-06-02 21-31-51,424,20.5276,35.967
2019-06-02 21-31-53,424,20.5811,35.9804
2019-06-02 21-31-55,425,20.546,35.9804
2019-06-02 21-31-59,424,20.6009,35.9804
2019-06-02 21-32-01,425,20.578,35.951
2019-06-02 21-32-03,425,20.6177,35.967
2019-06-02 21-32-05,425,20.6329,35.951
2019-06-02 21-32-07,425,20.6177,35.951
2019-06-02 21-32-09,425,20.5627,35.951
2019-06-02 21-32-11,425,20.5597,35.9377
2019-06-02 21-32-13,425,20.6009,35.967
2019-06-02 21-32-17,425,20.578,35.951
2019-06-02 21-32-19,425,20.5994,35.951
2019-06-02 21-32-21,425,20.578,35.951
2019-06-02 21-32-23,426,20.546,35.967
2019-06-02 21-32-25,427,20.5994,35.951
2019-06-02 21-32-27,428,20.5627,35.951
2019-06-02 21-32-29,427,20.6192,35.9937
2019-06-02 21-32-33,429,20.5276,35.9804
2019-06-02 21-32-35,429,20.5643,35.9937
2019-06-02 21-32-37,430,20.546,35.9937
2019-06-02 21-32-39,431,20.5124,36.0071
2019-06-02 21-32-41,431,20.546,35.9937
2019-06-02 21-32-43,431,20.6039,36.0231
2019-06-02 21-32-45,432,20.5643,35.9937
2019-06-02 21-32-47,431,20.5643,35.9804
2019-06-02 21-32-51,432,20.5994,35.951
2019-06-02 21-32-53,433,20.6314,35.911
2019-06-02 21-32-55,434,20.7001,35.8682
2019-06-02 21-32-57,435,20.7138,35.8389
2019-06-02 21-32-59,434,20.7504,35.8255
2019-06-02 21-33-01,433,20.7336,35.8389
2019-06-02 21-33-03,433,20.8191,35.8122
2019-06-02 21-33-07,433,20.784,35.8122
2019-06-02 21-33-09,432,20.7504,35.8122
2019-06-02 21-33-11,432,20.8191,35.7961
2019-06-02 21-33-13,431,20.8374,35.8122
2019-06-02 21-33-15,430,20.8191,35.8122
2019-06-02 21-33-17,431,20.8374,35.7961
2019-06-02 21-33-19,431,20.8191,35.7828
2019-06-02 21-33-21,431,20.7977,35.7401
2019-06-02 21-33-25,430,20.8145,35.7401
2019-06-02 21-33-27,430,20.8344,35.7561
2019-06-02 21-33-29,431,20.8328,35.7267
2019-06-02 21-33-31,432,20.8511,35.7401
2019-06-02 21-33-33,431,20.8298,35.7134
2019-06-02 21-33-35,432,20.7611,35.7267
2019-06-02 21-33-37,432,20.903,35.7267
2019-06-02 21-33-41,431,20.9213,35.7401
2019-06-02 21-33-43,430,20.9213,35.7267
2019-06-02 21-33-45,429,20.8847,35.7134
2019-06-02 21-33-47,429,20.903,35.7267
2019-06-02 21-33-49,428,20.8694,35.7561
2019-06-02 21-33-51,428,20.8344,35.7694
2019-06-02 21-33-53,428,20.9076,35.7828
2019-06-02 21-33-55,428,20.8878,35.7401
2019-06-02 21-33-59,428,20.8511,35.7401
2019-06-02 21-34-01,428,20.8664,35.7267
2019-06-02 21-34-03,427,20.903,35.7267
2019-06-02 21-34-05,427,20.8649,35.7
2019-06-02 21-34-07,427,20.8664,35.7267
2019-06-02 21-34-09,427,20.8694,35.7561
2019-06-02 21-34-11,427,20.8191,35.7828
2019-06-02 21-34-13,427,20.8893,35.7694
2019-06-02 21-34-17,426,20.8527,35.7828
2019-06-02 21-34-19,426,20.787,35.8255
2019-06-02 21-34-21,426,20.7886,35.8682
2019-06-02 21-34-23,426,20.8054,35.8549
2019-06-02 21-34-25,426,20.7001,35.8682
2019-06-02 21-34-27,427,20.7703,35.8549
2019-06-02 21-34-29,426,20.7321,35.8122
2019-06-02 21-34-33,426,20.7321,35.8122
2019-06-02 21-34-35,426,20.6955,35.8255
2019-06-02 21-34-37,426,20.7825,35.7828
2019-06-02 21-34-39,426,20.8008,35.7828
2019-06-02 21-34-41,426,20.7977,35.7561
2019-06-02 21-34-43,426,20.9244,35.7561
2019-06-02 21-34-46,426,20.9213,35.7267
2019-06-02 21-34-48,427,20.9213,35.7134
2019-06-02 21-34-52,427,20.9213,35.7267
2019-06-02 21-34-54,427,20.9564,35.7134
2019-06-02 21-34-56,427,20.9717,35.6813
2019-06-02 21-34-58,427,20.9717,35.7134
2019-06-02 21-35-00,426,20.9534,35.6813
2019-06-02 21-35-02,426,20.9717,35.6813
2019-06-02 21-35-04,427,20.9564,35.7134
2019-06-02 21-35-08,426,20.9534,35.7
2019-06-02 21-35-10,426,20.9244,35.7561
2019-06-02 21-35-12,426,20.8694,35.7694
2019-06-02 21-35-14,426,20.9244,35.7561
2019-06-02 21-35-16,426,20.9793,35.7961
2019-06-02 21-35-18,426,20.8572,35.8549
2019-06-02 21-35-20,426,20.7916,35.911
2019-06-02 21-35-22,426,20.7611,35.9804
2019-06-02 21-35-26,426,20.6741,36.0231
2019-06-02 21-35-28,426,20.5719,36.0925
2019-06-02 21-35-30,426,20.61,36.1192
2019-06-02 21-35-32,426,20.5048,36.178
2019-06-02 21-35-34,426,20.4178,36.194
2019-06-02 21-35-36,426,20.3857,36.2367
2019-06-02 21-35-38,426,20.3537,36.2928
2019-06-02 21-35-42,426,20.3354,36.2928
2019-06-02 21-35-44,428,20.2484,36.3329
2019-06-02 21-35-46,428,20.2301,36.3329
2019-06-02 21-35-48,428,20.2805,36.2768
2019-06-02 21-35-50,429,20.3339,36.2635
2019-06-02 21-35-52,429,20.3674,36.2501
2019-06-02 21-35-54,429,20.3857,36.2367
2019-06-02 21-35-56,429,20.3156,36.2501
2019-06-02 21-36-00,429,20.3339,36.2501
2019-06-02 21-36-02,430,20.3674,36.2501
2019-06-02 21-36-04,430,20.3857,36.2367
2019-06-02 21-36-06,430,20.4178,36.2074
2019-06-02 21-36-08,429,20.3308,36.2207
2019-06-02 21-36-10,430,20.4025,36.2367
2019-06-02 21-36-12,430,20.3995,36.2074
2019-06-02 21-36-14,430,20.3842,36.2074
2019-06-02 21-36-18,430,20.4346,36.194
2019-06-02 21-36-20,430,20.3659,36.2074
2019-06-02 21-36-22,430,20.3995,36.178
2019-06-02 21-36-24,430,20.4529,36.1513
2019-06-02 21-36-26,431,20.4849,36.1192
2019-06-02 21-36-28,431,20.5368,36.1059
2019-06-02 21-36-30,431,20.5185,36.1059
2019-06-02 21-36-34,431,20.4987,36.0632
2019-06-02 21-36-36,432,20.5856,36.0632
2019-06-02 21-36-38,432,20.6406,36.0498
2019-06-02 21-36-40,432,20.6055,36.0365
2019-06-02 21-36-42,432,20.6055,36.0365
2019-06-02 21-36-44,431,20.6223,36.0365
2019-06-02 21-36-46,431,20.6558,36.0231
2019-06-02 21-36-48,431,20.6558,36.0365
2019-06-02 21-36-52,431,20.6055,36.0632
2019-06-02 21-36-54,431,20.5872,36.0792
2019-06-02 21-36-56,430,20.6406,36.0365
2019-06-02 21-36-58,431,20.5856,36.0365
2019-06-02 21-37-00,430,20.6375,36.0071
2019-06-02 21-37-02,430,20.6055,36.0365
2019-06-02 21-37-04,430,20.5826,36.0231
2019-06-02 21-37-08,430,20.6238,36.0632
2019-06-02 21-37-10,429,20.5856,36.0632
2019-06-02 21-37-12,429,20.5353,36.0925
2019-06-02 21-37-14,429,20.5185,36.1059
2019-06-02 21-37-16,428,20.4666,36.1059
2019-06-02 21-37-18,428,20.5032,36.1059
2019-06-02 21-37-20,428,20.4483,36.0925
2019-06-02 21-37-22,428,20.4849,36.0925
2019-06-02 21-37-26,429,20.43,36.1059
2019-06-02 21-37-28,428,20.5688,36.0632
2019-06-02 21-37-30,428,20.5673,36.0365
2019-06-02 21-37-32,428,20.5673,36.0231
2019-06-02 21-37-34,428,20.5322,36.0365
2019-06-02 21-37-36,427,20.5139,36.0365
2019-06-02 21-37-38,428,20.5627,35.967
2019-06-02 21-37-42,428,20.5307,36.0071
2019-06-02 21-37-44,427,20.5643,35.9804
2019-06-02 21-37-46,428,20.6192,35.9937
2019-06-02 21-37-48,428,20.6177,35.967
2019-06-02 21-37-50,428,20.6146,35.9377
2019-06-02 21-37-52,427,20.7016,35.9243
2019-06-02 21-37-54,427,20.7001,35.8682
2019-06-02 21-37-56,426,20.7184,35.8816
2019-06-02 21-38-00,426,20.7367,35.8816
2019-06-02 21-38-02,426,20.7886,35.8816
2019-06-02 21-38-04,426,20.7199,35.9243
2019-06-02 21-38-06,425,20.6833,35.8949
2019-06-02 21-38-08,425,20.7596,35.9377
2019-06-02 21-38-10,424,20.7596,35.9377
2019-06-02 21-38-12,424,20.7184,35.911
2019-06-02 21-38-14,424,20.7184,35.8949
2019-06-02 21-38-18,424,20.755,35.8949
2019-06-02 21-38-20,424,20.787,35.8389
2019-06-02 21-38-22,424,20.8557,35.8255
2019-06-02 21-38-24,425,20.8923,35.8122
2019-06-02 21-38-26,425,20.8191,35.7961
2019-06-02 21-38-28,424,20.8527,35.7961
2019-06-02 21-38-30,424,20.8374,35.8122
2019-06-02 21-38-34,424,20.8923,35.7961
2019-06-02 21-38-36,423,20.8374,35.8255
2019-06-02 21-38-38,423,20.8389,35.8389
2019-06-02 21-38-40,423,20.8939,35.8389
2019-06-02 21-38-42,423,20.871,35.8122
2019-06-02 21-38-44,423,20.8755,35.8682
2019-06-02 21-38-46,422,20.8206,35.8255
2019-06-02 21-38-48,422,20.8054,35.8389
2019-06-02 21-38-52,422,20.787,35.8549
2019-06-02 21-38-54,422,20.752,35.8389
2019-06-02 21-38-56,423,20.8557,35.8389
2019-06-02 21-38-58,423,20.8191,35.8122
2019-06-02 21-39-00,423,20.8008,35.7961
2019-06-02 21-39-02,424,20.8557,35.8255
2019-06-02 21-39-04,424,20.8374,35.7961
2019-06-02 21-39-06,424,20.7657,35.7828
2019-06-02 21-39-10,424,20.8191,35.7828
2019-06-02 21-39-12,424,20.8893,35.7828
2019-06-02 21-39-14,424,20.9244,35.7561
2019-06-02 21-39-16,424,20.9244,35.7694
2019-06-02 21-39-18,424,20.8893,35.7828
2019-06-02 21-39-20,424,20.9061,35.7401
2019-06-02 21-39-22,423,21.0266,35.7267
2019-06-02 21-39-26,423,20.9747,35.7267
2019-06-02 21-39-28,423,21.0251,35.7134
2019-06-02 21-39-30,423,20.9534,35.7
2019-06-02 21-39-32,423,20.99,35.7
2019-06-02 21-39-34,423,21.0617,35.6813
2019-06-02 21-39-36,423,21.022,35.668
2019-06-02 21-39-38,423,20.9534,35.6813
2019-06-02 21-39-40,423,20.99,35.7
2019-06-02 21-39-44,422,21.0449,35.7
2019-06-02 21-39-46,421,20.9564,35.7267
2019-06-02 21-39-48,421,21.0266,35.7401
2019-06-02 21-39-50,421,20.8893,35.7694
2019-06-02 21-39-52,421,20.871,35.7961
2019-06-02 21-39-54,421,20.8694,35.7694
2019-06-02 21-39-56,421,20.8511,35.7561
2019-06-02 21-40-00,421,20.8694,35.7561
2019-06-02 21-40-02,421,20.9213,35.7401
2019-06-02 21-40-04,422,20.903,35.7267
2019-06-02 21-40-06,422,20.8847,35.7
2019-06-02 21-40-08,422,20.9396,35.7267
2019-06-02 21-40-10,423,20.8878,35.7267
2019-06-02 21-40-12,423,20.8466,35.6813
2019-06-02 21-40-14,422,20.9534,35.6813
2019-06-02 21-40-18,423,20.9015,35.6813
2019-06-02 21-40-20,422,20.9167,35.668
2019-06-02 21-40-22,422,21.0068,35.6813
2019-06-02 21-40-25,422,21.0617,35.6813
2019-06-02 21-40-27,422,21.0587,35.6546
2019-06-02 21-40-29,423,21.0587,35.668
2019-06-02 21-40-31,423,20.9885,35.668
2019-06-02 21-40-33,422,21.0068,35.6813
2019-06-02 21-40-37,422,20.9885,35.668
2019-06-02 21-40-39,422,21.0068,35.6813
2019-06-02 21-40-41,423,20.9381,35.7
2019-06-02 21-40-43,423,21.0068,35.6813
2019-06-02 21-40-45,423,21.0083,35.7134
2019-06-02 21-40-47,422,20.9351,35.6813
2019-06-02 21-40-49,423,21.0251,35.7134
2019-06-02 21-40-53,422,20.99,35.7267
2019-06-02 21-40-55,422,20.993,35.7401
2019-06-02 21-40-57,422,20.8694,35.7561
2019-06-02 21-40-59,421,20.8374,35.8255
2019-06-02 21-41-01,421,20.7886,35.8816
2019-06-02 21-41-03,421,20.7748,35.9377
2019-06-02 21-41-05,422,20.7062,35.9804
2019-06-02 21-41-07,422,20.6055,36.0498
2019-06-02 21-41-11,422,20.6055,36.0632
2019-06-02 21-41-13,423,20.5353,36.0792
2019-06-02 21-41-15,423,20.4849,36.1059
2019-06-02 21-41-17,424,20.4681,36.1513
2019-06-02 21-41-19,424,20.4895,36.178
2019-06-02 21-41-21,424,20.4575,36.2367
2019-06-02 21-41-23,424,20.3857,36.2367
2019-06-02 21-41-27,425,20.3201,36.2928
2019-06-02 21-41-29,425,20.3384,36.3329
2019-06-02 21-41-31,425,20.2515,36.3756
2019-06-02 21-41-33,426,20.1981,36.3623
2019-06-02 21-41-35,426,20.2194,36.405
2019-06-02 21-41-37,427,20.1141,36.4317
2019-06-02 21-41-39,427,20.0638,36.4611
2019-06-02 21-41-41,428,20.0974,36.4744
2019-06-02 21-41-45,428,20.079,36.4744
2019-06-02 21-41-47,429,20.0653,36.5011
2019-06-02 21-41-49,429,20.05,36.5305
2019-06-02 21-41-51,430,20.0653,36.5171
2019-06-02 21-41-53,430,19.9966,36.5732
2019-06-02 21-41-55,431,20.0333,36.5599
2019-06-02 21-41-57,432,20.018,36.5866
2019-06-02 21-41-59,432,19.9966,36.5732
2019-06-02 21-42-03,433,19.9783,36.5732
2019-06-02 21-42-05,433,20.018,36.5732
2019-06-02 21-42-07,433,19.9768,36.5438
2019-06-02 21-42-09,433,19.96,36.5438
2019-06-02 21-42-11,432,20.015,36.5438
2019-06-02 21-42-13,433,20.0653,36.5305
2019-06-02 21-42-15,433,20.0821,36.5011
2019-06-02 21-42-19,434,20.047,36.5171
2019-06-02 21-42-21,434,20.137,36.5171
2019-06-02 21-42-23,434,20.1004,36.5171
2019-06-02 21-42-25,435,20.1141,36.4611
2019-06-02 21-42-27,435,20.0958,36.445
2019-06-02 21-42-29,435,20.1843,36.4183
2019-06-02 21-42-31,435,20.1294,36.4183
2019-06-02 21-42-33,435,20.2347,36.405
2019-06-02 21-42-37,435,20.1279,36.405
2019-06-02 21-42-39,435,20.1828,36.389
2019-06-02 21-42-41,435,20.2164,36.3756
2019-06-02 21-42-43,434,20.1828,36.3756
2019-06-02 21-42-45,434,20.2484,36.3489
2019-06-02 21-42-47,434,20.285,36.3623
2019-06-02 21-42-49,433,20.2667,36.3489
2019-06-02 21-42-53,433,20.2118,36.3195
2019-06-02 21-42-55,433,20.2667,36.3329
2019-06-02 21-42-57,434,20.3354,36.2928
2019-06-02 21-42-59,434,20.3857,36.2367
2019-06-02 21-43-01,434,20.4544,36.194
2019-06-02 21-43-03,434,20.5231,36.1646
2019-06-02 21-43-05,434,20.5734,36.1379
2019-06-02 21-43-07,434,20.5368,36.1059
2019-06-02 21-43-11,433,20.6238,36.0792
2019-06-02 21-43-13,433,20.6406,36.0632
2019-06-02 21-43-15,433,20.6558,36.0365
2019-06-02 21-43-17,432,20.6726,36.0071
2019-06-02 21-43-19,432,20.6696,35.9804
2019-06-02 21-43-21,432,20.7245,35.9937
2019-06-02 21-43-23,431,20.7428,35.967
2019-06-02 21-43-25,431,20.7611,35.9804
2019-06-02 21-43-29,430,20.7932,35.951
2019-06-02 21-43-31,430,20.7916,35.911
2019-06-02 21-43-33,430,20.8755,35.8682
2019-06-02 21-43-35,430,20.929,35.8389
2019-06-02 21-43-37,430,20.9625,35.8389
2019-06-02 21-43-39,430,21.0159,35.8389
2019-06-02 21-43-41,430,21.0129,35.7828
2019-06-02 21-43-45,430,21.0663,35.7694
2019-06-02 21-43-47,429,21.048,35.7401
2019-06-02 21-43-49,429,21.0815,35.7401
2019-06-02 21-43-51,429,21.1319,35.7267
2019-06-02 21-43-53,428,21.1166,35.7267
2019-06-02 21-43-55,428,21.1502,35.7134
2019-06-02 21-43-57,428,21.1899,35.7401
2019-06-02 21-43-59,427,21.2219,35.7
2019-06-02 21-44-03,427,21.167,35.7
2019-06-02 21-44-05,427,21.2036,35.7
2019-06-02 21-44-07,426,21.2372,35.668
2019-06-02 21-44-09,427,21.2357,35.6546
2019-06-02 21-44-11,427,21.2357,35.6546
2019-06-02 21-44-13,427,21.3226,35.6413
2019-06-02 21-44-15,427,21.3043,35.6252
2019-06-02 21-44-19,427,21.2677,35.5985
2019-06-02 21-44-21,426,21.3196,35.5985
2019-06-02 21-44-23,426,21.3547,35.5692
2019-06-02 21-44-25,426,21.4066,35.5558
2019-06-02 21-44-27,426,21.3547,35.5425
2019-06-02 21-44-29,426,21.405,35.5425
2019-06-02 21-44-31,426,21.2967,35.5131
2019-06-02 21-44-33,426,21.3333,35.5131
2019-06-02 21-44-37,426,21.3867,35.4997
2019-06-02 21-44-39,426,21.3135,35.4997
2019-06-02 21-44-41,425,21.3135,35.4864
2019-06-02 21-44-43,425,21.3333,35.5131
2019-06-02 21-44-45,424,21.3501,35.4864
2019-06-02 21-44-47,424,21.3135,35.5131
2019-06-02 21-44-49,425,21.2814,35.5291
2019-06-02 21-44-53,424,21.3867,35.5131
2019-06-02 21-44-55,424,21.3516,35.5131
2019-06-02 21-44-57,424,21.3516,35.5131
2019-06-02 21-44-59,424,21.2814,35.5291
2019-06-02 21-45-01,423,21.2631,35.5291
2019-06-02 21-45-03,423,21.2997,35.5425
2019-06-02 21-45-05,423,21.2463,35.5558
2019-06-02 21-45-07,423,21.1761,35.5425
2019-06-02 21-45-11,422,21.1578,35.5558
2019-06-02 21-45-13,422,21.0907,35.5985
2019-06-02 21-45-15,421,21.1578,35.5692
2019-06-02 21-45-17,421,21.1777,35.5558
2019-06-02 21-45-19,422,21.1411,35.5692
2019-06-02 21-45-21,423,21.196,35.5852
2019-06-02 21-45-23,424,21.1594,35.5985
2019-06-02 21-45-27,424,21.0724,35.5852
2019-06-02 21-45-29,424,21.196,35.5852
2019-06-02 21-45-31,425,21.1258,35.6119
2019-06-02 21-45-33,424,21.0907,35.6252
2019-06-02 21-45-35,424,21.0754,35.6119
2019-06-02 21-45-37,424,21.1273,35.6546
2019-06-02 21-45-39,424,21.0403,35.6413
2019-06-02 21-45-41,425,21.0907,35.6252
2019-06-02 21-45-45,425,21.0754,35.6119
2019-06-02 21-45-47,425,21.0571,35.6119
2019-06-02 21-45-49,426,21.1075,35.5852
2019-06-02 21-45-51,427,21.1945,35.5558
2019-06-02 21-45-53,428,21.1258,35.5985
2019-06-02 21-45-55,428,21.2143,35.5985
2019-06-02 21-45-57,428,21.1945,35.5558
2019-06-02 21-46-01,428,21.2677,35.5852
2019-06-02 21-46-03,428,21.2494,35.5692
2019-06-02 21-46-05,429,21.3181,35.5692
2019-06-02 21-46-08,429,21.3379,35.5852
2019-06-02 21-46-10,429,21.2997,35.5692
2019-06-02 21-46-12,429,21.2311,35.5558
2019-06-02 21-46-14,429,21.3181,35.5692
2019-06-02 21-46-16,428,21.2463,35.5558
2019-06-02 21-46-20,429,21.2143,35.5985
2019-06-02 21-46-22,429,21.196,35.5852
2019-06-02 21-46-24,428,21.1456,35.6413
2019-06-02 21-46-26,428,21.1258,35.6119
2019-06-02 21-46-28,428,21.0571,35.5985
2019-06-02 21-46-30,428,21.0907,35.5985
2019-06-02 21-46-32,428,21.1273,35.6413
2019-06-02 21-46-36,428,21.0754,35.6413
2019-06-02 21-46-38,428,21.077,35.6546
2019-06-02 21-46-40,427,21.0587,35.668
2019-06-02 21-46-42,428,21.0434,35.6813
2019-06-02 21-46-44,428,21.0449,35.7
2019-06-02 21-46-46,428,21.0449,35.7267
2019-06-02 21-46-48,428,21.0251,35.7134
2019-06-02 21-46-50,428,20.9564,35.7134
2019-06-02 21-46-54,428,20.9717,35.7134
2019-06-02 21-46-56,428,20.9564,35.7267
2019-06-02 21-46-58,428,20.9579,35.7401
2019-06-02 21-47-00,428,21.022,35.6813
2019-06-02 21-47-02,428,20.9717,35.7
2019-06-02 21-47-04,428,20.9534,35.7
2019-06-02 21-47-06,428,20.9351,35.6813
2019-06-02 21-47-08,429,21.0083,35.7134
2019-06-02 21-47-12,428,21.0587,35.668
2019-06-02 21-47-14,428,21.1639,35.6546
2019-06-02 21-47-16,429,21.2723,35.668
2019-06-02 21-47-18,429,21.2723,35.668
2019-06-02 21-47-20,429,21.254,35.6546
2019-06-02 21-47-22,429,21.2357,35.6413
2019-06-02 21-47-24,429,21.1624,35.6252
2019-06-02 21-47-26,429,21.2692,35.6413
2019-06-02 21-47-30,429,21.3226,35.6252
2019-06-02 21-47-32,429,21.3196,35.6119
2019-06-02 21-47-34,429,21.3776,35.6252
2019-06-02 21-47-36,429,21.3928,35.6119
2019-06-02 21-47-38,429,21.3745,35.5985
2019-06-02 21-47-40,429,21.3913,35.5692
2019-06-02 21-47-42,429,21.3913,35.5692
2019-06-02 21-47-46,429,21.3913,35.5692
2019-06-02 21-47-48,429,21.3882,35.5425
2019-06-02 21-47-50,429,21.373,35.5558
2019-06-02 21-47-52,428,21.46,35.5852
2019-06-02 21-47-54,428,21.4096,35.5852
2019-06-02 21-47-56,427,21.4417,35.5692
2019-06-02 21-47-58,427,21.4432,35.5985
2019-06-02 21-48-00,427,21.3547,35.5692
2019-06-02 21-48-04,427,21.3913,35.5692
2019-06-02 21-48-06,427,21.4249,35.5692
2019-06-02 21-48-08,427,21.3562,35.5852
2019-06-02 21-48-10,427,21.3013,35.5985
2019-06-02 21-48-12,427,21.2494,35.5985
2019-06-02 21-48-14,427,21.3043,35.6119
2019-06-02 21-48-16,427,21.2875,35.6413
2019-06-02 21-48-20,427,21.2189,35.6546
2019-06-02 21-48-22,427,21.2036,35.7
2019-06-02 21-48-24,427,21.1502,35.7401
2019-06-02 21-48-26,427,21.1365,35.7694
2019-06-02 21-48-28,427,21.1182,35.7828
2019-06-02 21-48-30,427,21.0709,35.8255
2019-06-02 21-48-32,427,21.0358,35.8682
2019-06-02 21-48-34,426,20.9702,35.9377
2019-06-02 21-48-38,426,20.9213,36.0071
2019-06-02 21-48-40,426,20.8344,36.0632
2019-06-02 21-48-42,426,20.752,36.1192
2019-06-02 21-48-44,425,20.6284,36.1513
2019-06-02 21-48-46,426,20.6497,36.2074
2019-06-02 21-48-48,427,20.5811,36.2367
2019-06-02 21-48-50,427,20.5276,36.2501
2019-06-02 21-48-52,428,20.4956,36.2928
2019-06-02 21-48-56,428,20.3751,36.3329
2019-06-02 21-48-58,429,20.4437,36.3329
2019-06-02 21-49-00,430,20.43,36.3756
2019-06-02 21-49-02,430,20.3949,36.389
2019-06-02 21-49-04,431,20.3445,36.4183
2019-06-02 21-49-06,431,20.3796,36.4317
2019-06-02 21-49-08,432,20.2057,36.4611
2019-06-02 21-49-12,432,20.2209,36.4611
2019-06-02 21-49-14,433,20.2209,36.445
2019-06-02 21-49-16,433,20.2393,36.4611
2019-06-02 21-49-18,433,20.2072,36.5171
2019-06-02 21-49-20,433,20.2209,36.445
2019-06-02 21-49-22,433,20.1874,36.4744
2019-06-02 21-49-24,433,20.1843,36.4317
2019-06-02 21-49-26,433,20.256,36.445
2019-06-02 21-49-30,434,20.2026,36.4317
2019-06-02 21-49-32,434,20.2713,36.4183
2019-06-02 21-49-34,434,20.2713,36.405
2019-06-02 21-49-36,435,20.253,36.389
2019-06-02 21-49-38,435,20.2896,36.4183
2019-06-02 21-49-40,435,20.2698,36.389
2019-06-02 21-49-42,435,20.3583,36.3623
2019-06-02 21-49-46,435,20.3064,36.3623
2019-06-02 21-49-48,435,20.3079,36.405
2019-06-02 21-49-50,435,20.285,36.3756
2019-06-02 21-49-52,435,20.3064,36.3756
2019-06-02 21-49-54,435,20.2698,36.389
2019-06-02 21-49-56,435,20.3064,36.3623
2019-06-02 21-49-58,434,20.2698,36.389
2019-06-02 21-50-00,433,20.285,36.3756
2019-06-02 21-50-04,433,20.253,36.405
2019-06-02 21-50-06,434,20.3262,36.4317
2019-06-02 21-50-08,433,20.2896,36.4183
2019-06-02 21-50-10,434,20.253,36.4183
2019-06-02 21-50-12,434,20.2377,36.4317
2019-06-02 21-50-14,434,20.2393,36.4611
2019-06-02 21-50-16,433,20.2423,36.4878
2019-06-02 21-50-18,433,20.2255,36.5171
2019-06-02 21-50-22,433,20.1736,36.5171
2019-06-02 21-50-24,433,20.192,36.5305
2019-06-02 21-50-26,433,20.1569,36.5438
2019-06-02 21-50-28,433,20.134,36.4878
2019-06-02 21-50-30,433,20.1569,36.5305
2019-06-02 21-50-32,434,20.1569,36.5305
2019-06-02 21-50-34,434,20.1736,36.5171
2019-06-02 21-50-38,434,20.1157,36.5011
2019-06-02 21-50-40,434,20.1736,36.5011
2019-06-02 21-50-42,435,20.1553,36.4878
2019-06-02 21-50-44,435,20.137,36.5171
2019-06-02 21-50-46,435,20.137,36.5171
2019-06-02 21-50-48,435,20.192,36.5305
2019-06-02 21-50-50,435,20.1187,36.5305
2019-06-02 21-50-52,435,20.2255,36.5171
2019-06-02 21-50-56,436,20.1553,36.5011
2019-06-02 21-50-58,436,20.1736,36.5171
2019-06-02 21-51-00,436,20.1889,36.4878
2019-06-02 21-51-02,436,20.2194,36.4183
2019-06-02 21-51-04,436,20.2194,36.4317
2019-06-02 21-51-06,436,20.2713,36.4183
2019-06-02 21-51-08,436,20.2881,36.405
2019-06-02 21-51-10,436,20.2164,36.389
2019-06-02 21-51-14,436,20.34,36.3623
2019-06-02 21-51-16,437,20.285,36.3756
2019-06-02 21-51-18,436,20.34,36.3623
2019-06-02 21-51-20,436,20.3751,36.3489
2019-06-02 21-51-22,436,20.3751,36.3489
2019-06-02 21-51-24,436,20.3568,36.3329
2019-06-02 21-51-26,436,20.3751,36.3329
2019-06-02 21-51-30,436,20.4071,36.3195
2019-06-02 21-51-32,435,20.3384,36.3329
2019-06-02 21-51-34,435,20.372,36.3195
2019-06-02 21-51-36,434,20.3888,36.3062
2019-06-02 21-51-38,434,20.4391,36.2635
2019-06-02 21-51-40,434,20.4941,36.2635
2019-06-02 21-51-42,434,20.546,36.2501
2019-06-02 21-51-44,434,20.5444,36.2207
2019-06-02 21-51-48,434,20.6177,36.2367
2019-06-02 21-51-51,434,20.6696,36.2501
2019-06-02 21-51-53,434,20.668,36.2207
2019-06-02 21-51-55,435,20.5627,36.2501
2019-06-02 21-51-57,434,20.5414,36.2074
2019-06-02 21-51-59,434,20.4544,36.2074
2019-06-02 21-52-01,434,20.491,36.2074
2019-06-02 21-52-05,434,20.4727,36.2074
2019-06-02 21-52-07,433,20.5414,36.2074
2019-06-02 21-52-09,433,20.5231,36.194
2019-06-02 21-52-11,433,20.5765,36.194
2019-06-02 21-52-13,432,20.5414,36.178
2019-06-02 21-52-15,432,20.5414,36.178
2019-06-02 21-52-17,431,20.5597,36.194
2019-06-02 21-52-19,431,20.5048,36.178
2019-06-02 21-52-23,431,20.5597,36.194
2019-06-02 21-52-25,431,20.5399,36.1646
2019-06-02 21-52-27,432,20.5582,36.1513
2019-06-02 21-52-29,432,20.5734,36.1379
2019-06-02 21-52-31,432,20.5902,36.1192
2019-06-02 21-52-33,432,20.6268,36.1192
2019-06-02 21-52-35,432,20.6787,36.1059
2019-06-02 21-52-37,432,20.6787,36.1059
2019-06-02 21-52-41,432,20.7504,36.0792
2019-06-02 21-52-43,432,20.7825,36.0498
2019-06-02 21-52-45,431,20.8847,36.0071
2019-06-02 21-52-47,431,20.9747,36.0071
2019-06-02 21-52-49,431,20.9061,36.0231
2019-06-02 21-52-51,431,20.9564,36.0071
2019-06-02 21-52-53,430,21.0266,36.0071
2019-06-02 21-52-57,431,20.99,35.9937
2019-06-02 21-52-59,431,20.99,35.9937
2019-06-02 21-53-01,430,21.0068,35.9804
2019-06-02 21-53-03,430,20.99,35.9937
2019-06-02 21-53-05,430,20.8847,36.0231
2019-06-02 21-53-07,430,20.8344,36.0632
2019-06-02 21-53-09,430,20.8008,36.0498
2019-06-02 21-53-11,429,20.7275,36.0498
2019-06-02 21-53-15,429,20.7108,36.0792
2019-06-02 21-53-17,430,20.7474,36.0632
2019-06-02 21-53-19,430,20.7504,36.0925
2019-06-02 21-53-21,430,20.6955,36.0792
2019-06-02 21-53-23,430,20.6787,36.0925
2019-06-02 21-53-25,430,20.7321,36.1059
2019-06-02 21-53-27,429,20.6451,36.1059
2019-06-02 21-53-29,430,20.6421,36.0925
2019-06-02 21-53-33,430,20.6284,36.1379
2019-06-02 21-53-35,430,20.6635,36.1379
2019-06-02 21-53-37,430,20.61,36.1192
2019-06-02 21-53-39,430,20.665,36.178
2019-06-02 21-53-41,430,20.5917,36.1646
2019-06-02 21-53-43,430,20.5765,36.178
2019-06-02 21-53-45,430,20.5948,36.2074
2019-06-02 21-53-49,430,20.4758,36.2367
2019-06-02 21-53-51,430,20.462,36.2928
2019-06-02 21-53-53,431,20.4803,36.3329
2019-06-02 21-53-55,431,20.43,36.3756
2019-06-02 21-53-57,431,20.3766,36.3756
2019-06-02 21-53-59,431,20.43,36.405
2019-06-02 21-54-01,431,20.3293,36.445
2019-06-02 21-54-03,431,20.3293,36.445
2019-06-02 21-54-07,431,20.2744,36.445
2019-06-02 21-54-09,432,20.2576,36.4744
2019-06-02 21-54-11,432,20.2789,36.5171
2019-06-02 21-54-13,432,20.2789,36.5171
2019-06-02 21-54-15,432,20.2621,36.5438
2019-06-02 21-54-17,432,20.2835,36.5866
2019-06-02 21-54-19,433,20.2118,36.5732
2019-06-02 21-54-21,433,20.2667,36.6186
2019-06-02 21-54-25,433,20.1981,36.6453
2019-06-02 21-54-27,433,20.1828,36.6587
2019-06-02 21-54-29,434,20.0958,36.7014
2019-06-02 21-54-31,434,20.0958,36.7014
2019-06-02 21-54-33,435,20.079,36.7441
2019-06-02 21-54-35,435,20.0272,36.7308
2019-06-02 21-54-37,436,20.0455,36.7441
2019-06-02 21-54-41,436,20.0638,36.7708
2019-06-02 21-54-43,436,20.0974,36.7575
2019-06-02 21-54-45,437,20.0287,36.7868
2019-06-02 21-54-47,437,20.0089,36.7708
2019-06-02 21-54-49,437,20.0089,36.7708
2019-06-02 21-54-51,437,19.9905,36.7708
2019-06-02 21-54-53,437,20.047,36.7868
2019-06-02 21-54-55,438,20.0287,36.7708
2019-06-02 21-54-59,438,20.047,36.7708
2019-06-02 21-55-01,438,20.047,36.7708
2019-06-02 21-55-03,438,19.9921,36.7868
2019-06-02 21-55-05,438,20.0272,36.7441
2019-06-02 21-55-07,438,19.9875,36.7147
2019-06-02 21-55-09,439,20.0241,36.7147
2019-06-02 21-55-11,438,20.0592,36.6747
2019-06-02 21-55-13,438,20.0928,36.6747
2019-06-02 21-55-17,439,20.0745,36.6747
2019-06-02 21-55-19,439,20.0928,36.6747
2019-06-02 21-55-21,438,20.1431,36.632
2019-06-02 21-55-23,438,20.1645,36.6453
2019-06-02 21-55-25,438,20.1416,36.6186
2019-06-02 21-55-27,438,20.1614,36.6026
2019-06-02 21-55-29,438,20.1614,36.6026
2019-06-02 21-55-33,438,20.1065,36.6026
2019-06-02 21-55-35,438,20.1248,36.6186
2019-06-02 21-55-37,437,20.1233,36.5866
2019-06-02 21-55-39,437,20.1233,36.6026
2019-06-02 21-55-41,437,20.105,36.5866
2019-06-02 21-55-43,437,20.1385,36.5866
2019-06-02 21-55-45,437,20.1614,36.6026
2019-06-02 21-55-47,437,20.2148,36.6186
2019-06-02 21-55-51,437,20.2301,36.5866
2019-06-02 21-55-53,437,20.2469,36.5599
2019-06-02 21-55-55,437,20.3171,36.5305
2019-06-02 21-55-57,437,20.2759,36.5011
2019-06-02 21-55-59,437,20.2927,36.4878
2019-06-02 21-56-01,437,20.3445,36.445
2019-06-02 21-56-03,437,20.3629,36.4317
2019-06-02 21-56-05,437,20.4315,36.4183
2019-06-02 21-56-09,437,20.4681,36.405
2019-06-02 21-56-11,436,20.5002,36.3756
2019-06-02 21-56-13,436,20.6223,36.3062
2019-06-02 21-56-15,436,20.6223,36.3195
2019-06-02 21-56-17,435,20.7413,36.2768
2019-06-02 21-56-19,435,20.7413,36.2635
2019-06-02 21-56-21,435,20.7779,36.2501
2019-06-02 21-56-25,435,20.7413,36.2501
2019-06-02 21-56-27,434,20.723,36.2367
2019-06-02 21-56-29,434,20.723,36.2501
2019-06-02 21-56-31,434,20.7047,36.2207
2019-06-02 21-56-33,434,20.7962,36.2635
2019-06-02 21-56-35,434,20.7428,36.2928
2019-06-02 21-56-37,434,20.6741,36.3195
2019-06-02 21-56-39,433,20.6055,36.3756
2019-06-02 21-56-43,433,20.5902,36.405
2019-06-02 21-56-45,433,20.4483,36.4183
2019-06-02 21-56-47,433,20.4315,36.445
2019-06-02 21-56-49,433,20.3812,36.4611
2019-06-02 21-56-51,433,20.3445,36.445
2019-06-02 21-56-53,433,20.3629,36.445
2019-06-02 21-56-55,433,20.3445,36.4317
2019-06-02 21-56-57,433,20.3796,36.4317
2019-06-02 21-57-01,433,20.2896,36.4183
2019-06-02 21-57-03,433,20.4132,36.4183
2019-06-02 21-57-05,434,20.3796,36.405
2019-06-02 21-57-07,434,20.3949,36.405
2019-06-02 21-57-09,434,20.343,36.389
2019-06-02 21-57-11,434,20.3751,36.3623
2019-06-02 21-57-13,434,20.4453,36.3623
2019-06-02 21-57-17,434,20.4086,36.3329
2019-06-02 21-57-20,434,20.4819,36.3489
2019-06-02 21-57-22,434,20.5505,36.3329
2019-06-02 21-57-24,434,20.6238,36.3329
2019-06-02 21-57-26,434,20.6055,36.3623
2019-06-02 21-57-28,434,20.5872,36.3489
2019-06-02 21-57-30,434,20.5505,36.3489
2019-06-02 21-57-32,434,20.5322,36.3195
2019-06-02 21-57-36,434,20.5505,36.3195
2019-06-02 21-57-38,434,20.5673,36.3062
2019-06-02 21-57-40,434,20.5826,36.2768
2019-06-02 21-57-42,434,20.5994,36.2768
2019-06-02 21-57-44,435,20.5826,36.3062
2019-06-02 21-57-46,435,20.5643,36.2768
2019-06-02 21-57-48,435,20.5826,36.2928
2019-06-02 21-57-52,434,20.5643,36.2768
2019-06-02 21-57-54,434,20.6375,36.2928
2019-06-02 21-57-56,435,20.6406,36.3062
2019-06-02 21-57-58,434,20.6558,36.2928
2019-06-02 21-58-00,434,20.7092,36.2928
2019-06-02 21-58-02,434,20.6558,36.2928
2019-06-02 21-58-04,434,20.6375,36.2928
2019-06-02 21-58-06,434,20.6192,36.2768
2019-06-02 21-58-10,434,20.5643,36.2635
2019-06-02 21-58-12,434,20.5994,36.2635
2019-06-02 21-58-14,434,20.546,36.2768
2019-06-02 21-58-16,434,20.5826,36.2768
2019-06-02 21-58-18,434,20.546,36.2635
2019-06-02 21-58-20,434,20.546,36.2501
2019-06-02 21-58-22,434,20.546,36.2501
2019-06-02 21-58-24,434,20.5093,36.2367
2019-06-02 21-58-28,434,20.5276,36.2501
2019-06-02 21-58-30,434,20.6177,36.2207
2019-06-02 21-58-32,434,20.6177,36.2207
2019-06-02 21-58-34,434,20.636,36.2367
2019-06-02 21-58-36,434,20.636,36.2367
2019-06-02 21-58-38,434,20.546,36.2501
2019-06-02 21-58-40,434,20.5963,36.2367
2019-06-02 21-58-44,434,20.6512,36.2207
2019-06-02 21-58-46,434,20.7047,36.2367
2019-06-02 21-58-48,433,20.7199,36.2207
2019-06-02 21-58-50,433,20.7748,36.194
2019-06-02 21-58-52,433,20.7565,36.194
2019-06-02 21-58-54,433,20.7748,36.194
2019-06-02 21-58-56,433,20.755,36.1513
2019-06-02 21-58-58,433,20.842,36.1513
2019-06-02 21-59-02,433,20.8389,36.1379
2019-06-02 21-59-04,433,20.8572,36.1192
2019-06-02 21-59-06,433,20.752,36.1379
2019-06-02 21-59-08,432,20.7886,36.1379
2019-06-02 21-59-10,432,20.8252,36.1646
2019-06-02 21-59-12,431,20.8054,36.1379
2019-06-02 21-59-14,432,20.8237,36.1513
2019-06-02 21-59-18,432,20.8252,36.1646
2019-06-02 21-59-20,431,20.8237,36.1513
2019-06-02 21-59-22,431,20.8435,36.178
2019-06-02 21-59-24,431,20.7367,36.178
2019-06-02 21-59-26,431,20.7932,36.2074
2019-06-02 21-59-28,431,20.8282,36.2207
2019-06-02 21-59-30,432,20.7413,36.2501
2019-06-02 21-59-32,432,20.6696,36.2367
2019-06-02 21-59-36,432,20.6543,36.2635
2019-06-02 21-59-38,433,20.6009,36.2928
2019-06-02 21-59-40,433,20.5002,36.3489
2019-06-02 21-59-42,433,20.5368,36.3756
2019-06-02 21-59-44,433,20.5551,36.405
2019-06-02 21-59-46,433,20.4498,36.445
2019-06-02 21-59-48,433,20.3995,36.4744
2019-06-02 21-59-52,433,20.2759,36.5011
2019-06-02 21-59-54,434,20.3339,36.5305
2019-06-02 21-59-56,434,20.2621,36.5599
2019-06-02 21-59-58,434,20.3384,36.6186
2019-06-02 22-00-00,435,20.285,36.632
2019-06-02 22-00-02,435,20.2896,36.7014
2019-06-02 22-00-04,435,20.2713,36.7014
2019-06-02 22-00-06,435,20.2057,36.7441
2019-06-02 22-00-10,436,20.2393,36.7575
2019-06-02 22-00-12,437,20.1187,36.7868
2019-06-02 22-00-14,438,20.1874,36.7575
2019-06-02 22-00-16,438,20.0653,36.7868
2019-06-02 22-00-18,439,20.1004,36.8002
2019-06-02 22-00-20,439,20.1187,36.8135
2019-06-02 22-00-22,440,20.05,36.8269
2019-06-02 22-00-24,440,20.0684,36.8269
2019-06-02 22-00-28,441,20.105,36.8563
2019-06-02 22-00-30,441,20.0699,36.883
2019-06-02 22-00-32,441,20.0516,36.8563
2019-06-02 22-00-34,441,20.105,36.8696
2019-06-02 22-00-36,442,20.0882,36.8696
2019-06-02 22-00-38,441,20.0882,36.8696
2019-06-02 22-00-40,441,20.0867,36.8563
2019-06-02 22-00-44,441,20.1065,36.883
2019-06-02 22-00-46,441,20.0546,36.883
2019-06-02 22-00-48,441,19.9814,36.8696
2019-06-02 22-00-50,441,20.015,36.883
2019-06-02 22-00-52,440,19.9829,36.9123
2019-06-02 22-00-54,440,19.9646,36.899
2019-06-02 22-00-56,440,19.8776,36.899
2019-06-02 22-00-58,440,19.9997,36.883
2019-06-02 22-01-02,441,19.9814,36.8696
2019-06-02 22-01-04,441,20.0516,36.8696
2019-06-02 22-01-06,441,19.9966,36.8696
2019-06-02 22-01-08,441,19.9448,36.8696
2019-06-02 22-01-10,441,19.9631,36.8563
2019-06-02 22-01-12,440,19.9814,36.883
2019-06-02 22-01-14,440,19.873,36.8429
2019-06-02 22-01-18,440,19.9966,36.8696
2019-06-02 22-01-20,439,19.9768,36.8269
2019-06-02 22-01-22,440,19.9921,36.8002
2019-06-02 22-01-24,439,19.9921,36.7868
2019-06-02 22-01-26,439,20.0104,36.8135
2019-06-02 22-01-28,439,19.9585,36.8002
2019-06-02 22-01-30,439,20.0104,36.8002
2019-06-02 22-01-32,438,20.0317,36.8002
2019-06-02 22-01-36,438,20.0287,36.7868
2019-06-02 22-01-38,438,20.0653,36.8135
2019-06-02 22-01-40,437,20.0134,36.8269
2019-06-02 22-01-42,437,20.0363,36.8696
2019-06-02 22-01-44,437,19.9783,36.8563
2019-06-02 22-01-46,438,19.9966,36.8696
2019-06-02 22-01-48,437,19.9814,36.899
2019-06-02 22-01-52,437,19.9646,36.899
2019-06-02 22-01-54,437,19.9646,36.899
2019-06-02 22-01-56,437,20.018,36.899
2019-06-02 22-01-58,437,20.0912,36.939
2019-06-02 22-02-00,437,20.0409,36.939
2019-06-02 22-02-02,437,19.986,36.9551
2019-06-02 22-02-04,436,20.0409,36.9684
2019-06-02 22-02-06,436,19.9509,36.9684
2019-06-02 22-02-10,436,19.9356,36.9978
2019-06-02 22-02-12,436,19.9188,36.9978
2019-06-02 22-02-14,436,19.899,36.9684
2019-06-02 22-02-16,436,19.9326,36.939
2019-06-02 22-02-18,437,20.0729,36.899
2019-06-02 22-02-20,436,20.0546,36.9123
2019-06-02 22-02-22,436,20.1797,36.9257
2019-06-02 22-02-26,435,20.1614,36.9551
2019-06-02 22-02-28,435,20.1462,36.9684
2019-06-02 22-02-30,435,20.1614,36.9551
2019-06-02 22-02-32,436,20.1981,36.939
2019-06-02 22-02-34,436,20.2347,36.9551
2019-06-02 22-02-36,435,20.2347,36.939
2019-06-02 22-02-38,435,20.1462,36.9684
2019-06-02 22-02-40,434,20.1111,36.9818
2019-06-02 22-02-44,434,20.1981,36.939
2019-06-02 22-02-46,434,20.1981,36.939
2019-06-02 22-02-48,433,20.1462,36.9551
2019-06-02 22-02-50,433,20.2026,36.9818
2019-06-02 22-02-52,433,20.253,36.9684
2019-06-02 22-02-54,433,20.3064,36.9551
2019-06-02 22-02-57,433,20.2164,36.9551
2019-06-02 22-03-01,433,20.285,36.9257
2019-06-02 22-03-03,432,20.2881,36.9551
2019-06-02 22-03-05,432,20.2011,36.9684
2019-06-02 22-03-07,433,20.1111,36.9684
2019-06-02 22-03-09,433,20.2698,36.939
2019-06-02 22-03-11,434,20.2515,36.939
2019-06-02 22-03-13,434,20.3018,36.883
2019-06-02 22-03-15,434,20.3354,36.8563
2019-06-02 22-03-19,433,20.3705,36.8269
2019-06-02 22-03-21,433,20.3354,36.8563
2019-06-02 22-03-23,433,20.4071,36.8563
2019-06-02 22-03-25,433,20.3018,36.9123
2019-06-02 22-03-27,432,20.2698,36.9257
2019-06-02 22-03-29,432,20.1828,36.939
2019-06-02 22-03-31,432,20.1614,36.9551
2019-06-02 22-03-33,432,20.2347,36.9551
2019-06-02 22-03-37,432,20.2011,36.9684
2019-06-02 22-03-39,431,20.253,36.9684
2019-06-02 22-03-41,432,20.1874,37.0111
2019-06-02 22-03-43,431,20.2209,36.9978
2019-06-02 22-03-45,431,20.2026,37.0111
2019-06-02 22-03-47,431,20.1874,37.0245
2019-06-02 22-03-49,431,20.1508,37.0539
2019-06-02 22-03-53,430,20.1157,37.0539
2019-06-02 22-03-55,431,20.1523,37.0699
2019-06-02 22-03-57,431,20.1157,37.0539
2019-06-02 22-03-59,431,20.1508,37.0539
2019-06-02 22-04-01,431,20.134,37.0539
2019-06-02 22-04-03,432,20.1141,37.0245
2019-06-02 22-04-05,431,20.1141,37.0245
2019-06-02 22-04-07,432,20.0974,37.0378
2019-06-02 22-04-11,432,20.079,37.0245
2019-06-02 22-04-13,432,20.1141,37.0111
2019-06-02 22-04-15,431,20.079,37.0111
2019-06-02 22-04-17,432,20.1111,36.9818
2019-06-02 22-04-19,432,20.2026,36.9818
2019-06-02 22-04-21,431,20.1462,36.9684
2019-06-02 22-04-23,431,20.2164,36.939
2019-06-02 22-04-27,431,20.1828,36.9551
2019-06-02 22-04-29,431,20.1431,36.939
2019-06-02 22-04-31,430,20.2164,36.9551
2019-06-02 22-04-33,430,20.2713,36.9684
2019-06-02 22-04-35,431,20.2011,36.9551
2019-06-02 22-04-37,431,20.2515,36.9257
2019-06-02 22-04-39,431,20.2652,36.883
2019-06-02 22-04-41,432,20.2988,36.8696
2019-06-02 22-04-45,432,20.3125,36.8135
2019-06-02 22-04-47,433,20.3522,36.8135
2019-06-02 22-04-49,433,20.3857,36.8269
2019-06-02 22-04-51,433,20.3812,36.7441
2019-06-02 22-04-53,434,20.3659,36.7575
2019-06-02 22-04-55,433,20.3293,36.7441
2019-06-02 22-04-57,433,20.3262,36.7014
2019-06-02 22-04-59,433,20.3247,36.6747
2019-06-02 22-05-03,433,20.3583,36.6587
2019-06-02 22-05-05,433,20.3934,36.6587
2019-06-02 22-05-07,432,20.4269,36.6453
2019-06-02 22-05-09,432,20.4803,36.6026
2019-06-02 22-05-11,432,20.549,36.5732
2019-06-02 22-05-13,431,20.6009,36.5866
2019-06-02 22-05-15,431,20.6009,36.5866
2019-06-02 22-05-19,431,20.6177,36.5732
2019-06-02 22-05-21,431,20.5139,36.5732
2019-06-02 22-05-23,431,20.459,36.5866
2019-06-02 22-05-25,431,20.4041,36.5438
2019-06-02 22-05-27,431,20.4544,36.5305
2019-06-02 22-05-29,430,20.4758,36.5171
2019-06-02 22-05-31,430,20.5093,36.5171
2019-06-02 22-05-33,429,20.4544,36.5171
2019-06-02 22-05-37,429,20.5444,36.4878
2019-06-02 22-05-39,429,20.5261,36.4744
2019-06-02 22-05-41,429,20.5597,36.4611
2019-06-02 22-05-43,429,20.5582,36.445
2019-06-02 22-05-45,429,20.5734,36.4317
2019-06-02 22-05-47,429,20.5399,36.4183
2019-06-02 22-05-49,429,20.6467,36.4317
2019-06-02 22-05-53,429,20.6451,36.405
2019-06-02 22-05-55,429,20.7153,36.4183
2019-06-02 22-05-57,429,20.6818,36.4317
2019-06-02 22-05-59,429,20.6451,36.405
2019-06-02 22-06-01,429,20.6268,36.3756
2019-06-02 22-06-03,429,20.6604,36.3756
2019-06-02 22-06-05,429,20.7108,36.3489
2019-06-02 22-06-07,430,20.6772,36.3329
2019-06-02 22-06-11,430,20.7092,36.2928
2019-06-02 22-06-13,430,20.7245,36.2928
2019-06-02 22-06-15,430,20.7611,36.2635
2019-06-02 22-06-17,430,20.7977,36.2768
2019-06-02 22-06-19,429,20.7611,36.2501
2019-06-02 22-06-21,429,20.7596,36.2367
2019-06-02 22-06-23,429,20.7932,36.2207
2019-06-02 22-06-25,429,20.7199,36.2074
2019-06-02 22-06-29,429,20.7916,36.194
2019-06-02 22-06-31,430,20.8115,36.2207
2019-06-02 22-06-33,430,20.7886,36.1646
2019-06-02 22-06-35,430,20.8603,36.1646
2019-06-02 22-06-37,430,20.8755,36.1646
2019-06-02 22-06-39,430,20.9305,36.1513
2019-06-02 22-06-41,430,20.874,36.1192
2019-06-02 22-06-45,430,20.9122,36.1192
2019-06-02 22-06-47,430,20.929,36.1059
2019-06-02 22-06-49,430,20.9259,36.0632
2019-06-02 22-06-51,430,20.9427,36.0632
2019-06-02 22-06-53,430,20.9793,36.0792
2019-06-02 22-06-55,430,20.961,36.0632
2019-06-02 22-06-57,429,21.0129,36.0632
2019-06-02 22-06-59,429,20.9427,36.0498
2019-06-02 22-07-03,429,21.0114,36.0231
2019-06-02 22-07-05,429,21.0434,36.0071
2019-06-02 22-07-07,429,21.0266,36.0231
2019-06-02 22-07-09,429,21.0251,35.9937
2019-06-02 22-07-11,429,20.9534,35.967
2019-06-02 22-07-13,428,21.0068,35.967
2019-06-02 22-07-15,428,21.0251,35.9804
2019-06-02 22-07-19,428,21.08,35.967
2019-06-02 22-07-21,428,21.0251,35.967
2019-06-02 22-07-23,429,21.0068,35.9804
2019-06-02 22-07-25,429,21.0251,35.967
2019-06-02 22-07-27,430,21.0403,35.967
2019-06-02 22-07-29,429,21.0251,35.9804
2019-06-02 22-07-31,429,21.08,35.967
2019-06-02 22-07-33,429,21.0617,35.967
2019-06-02 22-07-37,429,21.0617,35.967
2019-06-02 22-07-39,430,21.0617,35.951
2019-06-02 22-07-41,431,21.077,35.9377
2019-06-02 22-07-43,431,21.1121,35.9377
2019-06-02 22-07-45,431,21.109,35.911
2019-06-02 22-07-47,431,21.0938,35.911
2019-06-02 22-07-49,431,21.1121,35.9377
2019-06-02 22-07-51,431,21.1273,35.911
2019-06-02 22-07-55,431,21.1624,35.8949
2019-06-02 22-07-57,431,21.1777,35.8949
2019-06-02 22-07-59,431,21.1258,35.8816
2019-06-02 22-08-01,432,21.109,35.8949
2019-06-02 22-08-03,432,21.1594,35.8816
2019-06-02 22-08-05,432,21.1777,35.8816
2019-06-02 22-08-07,432,21.1761,35.8389
2019-06-02 22-08-11,431,21.196,35.8549
2019-06-02 22-08-13,431,21.2128,35.8389
2019-06-02 22-08-15,431,21.2128,35.8255
2019-06-02 22-08-17,431,21.2646,35.8389
2019-06-02 22-08-19,431,21.3318,35.7961
2019-06-02 22-08-21,432,21.3318,35.7828
2019-06-02 22-08-23,432,21.2814,35.7961
2019-06-02 22-08-25,432,21.405,35.7828
2019-06-02 22-08-29,432,21.4569,35.7961
2019-06-02 22-08-31,431,21.4554,35.7694
2019-06-02 22-08-33,431,21.5469,35.7828
2019-06-02 22-08-35,431,21.611,35.7134
2019-06-02 22-08-37,431,21.5942,35.7267
2019-06-02 22-08-39,431,21.5424,35.7134
2019-06-02 22-08-41,431,21.579,35.7401
2019-06-02 22-08-45,431,21.5576,35.7
2019-06-02 22-08-47,430,21.5927,35.6813
2019-06-02 22-08-49,430,21.5927,35.7
2019-06-02 22-08-51,430,21.5759,35.7134
2019-06-02 22-08-53,430,21.5927,35.6813
2019-06-02 22-08-56,430,21.5927,35.7
2019-06-02 22-08-58,430,21.5256,35.7267
2019-06-02 22-09-00,430,21.524,35.7134
2019-06-02 22-09-04,431,21.4157,35.7
2019-06-02 22-09-06,431,21.4874,35.7134
2019-06-02 22-09-08,431,21.434,35.7134
2019-06-02 22-09-10,431,21.5057,35.7
2019-06-02 22-09-12,431,21.4844,35.7
2019-06-02 22-09-14,431,21.4478,35.668
2019-06-02 22-09-16,431,21.5378,35.6546
2019-06-02 22-09-20,432,21.4661,35.6813
2019-06-02 22-09-22,432,21.5057,35.6813
2019-06-02 22-09-24,432,21.4828,35.668
2019-06-02 22-09-26,432,21.3638,35.6813
2019-06-02 22-09-28,432,21.4157,35.7134
2019-06-02 22-09-30,432,21.4508,35.7134
2019-06-02 22-09-32,431,21.3837,35.7401
2019-06-02 22-09-34,431,21.4371,35.7401
2019-06-02 22-09-38,431,21.4523,35.7401
2019-06-02 22-09-40,431,21.4157,35.7134
2019-06-02 22-09-42,431,21.434,35.7267
2019-06-02 22-09-44,431,21.4157,35.7134
2019-06-02 22-09-46,431,21.524,35.7
2019-06-02 22-09-48,431,21.4691,35.7
2019-06-02 22-09-50,431,21.4508,35.7
2019-06-02 22-09-52,431,21.434,35.7134
2019-06-02 22-09-56,431,21.434,35.7134
2019-06-02 22-09-58,430,21.3974,35.7
2019-06-02 22-10-00,430,21.434,35.7134
2019-06-02 22-10-02,430,21.3501,35.7401
2019-06-02 22-10-04,430,21.3501,35.7401
2019-06-02 22-10-06,429,21.4554,35.7561
2019-06-02 22-10-08,430,21.3654,35.7401
2019-06-02 22-10-12,429,21.4188,35.7561
2019-06-02 22-10-14,429,21.4523,35.7267
2019-06-02 22-10-16,430,21.524,35.7134
2019-06-02 22-10-18,429,21.4691,35.7267
2019-06-02 22-10-20,430,21.4691,35.7134
2019-06-02 22-10-22,430,21.5256,35.7401
2019-06-02 22-10-24,430,21.5057,35.7
2019-06-02 22-10-26,430,21.5759,35.7
2019-06-02 22-10-30,430,21.5576,35.7
2019-06-02 22-10-32,430,21.5424,35.7134
2019-06-02 22-10-34,430,21.5073,35.7267
2019-06-02 22-10-36,430,21.4737,35.7694
2019-06-02 22-10-38,429,21.3684,35.7828
2019-06-02 22-10-40,429,21.315,35.8122
2019-06-02 22-10-42,429,21.2494,35.8682
2019-06-02 22-10-44,429,21.3226,35.8949
2019-06-02 22-10-48,429,21.2723,35.951
2019-06-02 22-10-50,429,21.2738,35.9937
2019-06-02 22-10-52,429,21.1349,36.0231
2019-06-02 22-10-54,429,21.1716,36.0498
2019-06-02 22-10-56,430,21.1029,36.0632
2019-06-02 22-10-58,430,21.1044,36.1059
2019-06-02 22-11-00,430,21.1411,36.1379
2019-06-02 22-11-04,430,21.1075,36.1379
2019-06-02 22-11-06,431,21.109,36.1646
2019-06-02 22-11-08,431,21.0541,36.1646
2019-06-02 22-11-10,432,21.022,36.2074
2019-06-02 22-11-12,431,20.9717,36.2367
2019-06-02 22-11-14,431,20.9351,36.2207
2019-06-02 22-11-16,432,20.8618,36.2207
2019-06-02 22-11-18,432,20.9198,36.2367
2019-06-02 22-11-22,433,20.9534,36.2367
2019-06-02 22-11-24,433,20.9518,36.2074
2019-06-02 22-11-26,433,20.9198,36.2501
2019-06-02 22-11-28,434,20.9885,36.2207
2019-06-02 22-11-30,434,20.9702,36.2207
2019-06-02 22-11-32,434,20.9885,36.2367
2019-06-02 22-11-34,434,21.022,36.2074
2019-06-02 22-11-38,434,20.9702,36.2074
2019-06-02 22-11-40,434,20.9839,36.1513
2019-06-02 22-11-42,435,21.0907,36.1379
2019-06-02 22-11-44,435,21.0709,36.1059
2019-06-02 22-11-46,435,21.1212,36.0632
2019-06-02 22-11-48,435,21.2418,36.0365
2019-06-02 22-11-50,435,21.2234,36.0231
2019-06-02 22-11-52,435,21.2219,35.967
2019-06-02 22-11-56,435,21.2555,35.967
2019-06-02 22-11-58,435,21.2875,35.911
2019-06-02 22-12-00,435,21.3776,35.8949
2019-06-02 22-12-02,435,21.373,35.8255
2019-06-02 22-12-04,435,21.3913,35.8389
2019-06-02 22-12-06,435,21.4417,35.8122
2019-06-02 22-12-08,434,21.4554,35.7828
2019-06-02 22-12-10,434,21.4417,35.8255
2019-06-02 22-12-14,434,21.3547,35.8255
2019-06-02 22-12-16,434,21.3364,35.8389
2019-06-02 22-12-18,433,21.3547,35.8255
2019-06-02 22-12-20,433,21.3013,35.8682
2019-06-02 22-12-22,433,21.373,35.8549
2019-06-02 22-12-24,433,21.3364,35.8682
2019-06-02 22-12-26,433,21.2677,35.8682
2019-06-02 22-12-30,433,21.286,35.8682
2019-06-02 22-12-32,433,21.2677,35.8816
2019-06-02 22-12-34,433,21.2692,35.911
2019-06-02 22-12-36,433,21.3058,35.9243
2019-06-02 22-12-38,433,21.2875,35.9243
2019-06-02 22-12-40,433,21.2906,35.951
2019-06-02 22-12-42,433,21.2875,35.9243
2019-06-02 22-12-44,433,21.2585,35.9804
2019-06-02 22-12-48,433,21.2418,36.0071
2019-06-02 22-12-50,433,21.167,35.9804
2019-06-02 22-12-52,434,21.1502,35.9937
2019-06-02 22-12-54,434,21.1319,35.9937
2019-06-02 22-12-56,434,21.0815,35.9937
2019-06-02 22-12-58,434,21.0815,36.0231
2019-06-02 22-13-00,434,21.1029,36.0632
2019-06-02 22-13-04,434,21.1365,36.0498
2019-06-02 22-13-06,434,21.1212,36.0792
2019-06-02 22-13-08,434,21.0724,36.1513
2019-06-02 22-13-10,434,21.109,36.1646
2019-06-02 22-13-12,434,21.0037,36.2074
2019-06-02 22-13-14,434,21.0403,36.2367
2019-06-02 22-13-16,435,20.9213,36.2635
2019-06-02 22-13-18,434,20.9396,36.2928
2019-06-02 22-13-22,434,20.871,36.3329
2019-06-02 22-13-24,435,20.8023,36.3756
2019-06-02 22-13-26,435,20.7504,36.405
2019-06-02 22-13-28,435,20.7153,36.4183
2019-06-02 22-13-30,435,20.665,36.445
2019-06-02 22-13-32,435,20.6497,36.4611
2019-06-02 22-13-34,436,20.7016,36.4878
2019-06-02 22-13-36,436,20.668,36.4878
2019-06-02 22-13-40,436,20.6329,36.4878
2019-06-02 22-13-42,436,20.5444,36.5171
2019-06-02 22-13-44,437,20.5643,36.5438
2019-06-02 22-13-46,437,20.5994,36.5305
2019-06-02 22-13-48,437,20.5811,36.5171
2019-06-02 22-13-50,438,20.549,36.5732
2019-06-02 22-13-52,438,20.5139,36.5866
2019-06-02 22-13-56,438,20.4453,36.632
2019-06-02 22-13-58,439,20.4269,36.6186
2019-06-02 22-14-00,439,20.3537,36.5866
2019-06-02 22-14-02,439,20.4803,36.5866
2019-06-02 22-14-04,439,20.4941,36.5438
2019-06-02 22-14-06,439,20.546,36.5438
2019-06-02 22-14-08,439,20.636,36.5305
2019-06-02 22-14-10,439,20.5963,36.5011
2019-06-02 22-14-14,439,20.5627,36.5011
2019-06-02 22-14-16,439,20.6146,36.5171
2019-06-02 22-14-18,439,20.6696,36.5011
2019-06-02 22-14-20,439,20.636,36.5305
2019-06-02 22-14-22,439,20.6512,36.5171
2019-06-02 22-14-24,439,20.723,36.5171
2019-06-02 22-14-26,439,20.7047,36.5011
2019-06-02 22-14-30,438,20.7062,36.5438
2019-06-02 22-14-32,438,20.6375,36.5438
2019-06-02 22-14-34,438,20.7245,36.5732
2019-06-02 22-14-36,438,20.8008,36.5866
2019-06-02 22-14-38,438,20.7275,36.5866
2019-06-02 22-14-41,438,20.7108,36.6026
2019-06-02 22-14-43,438,20.7291,36.632
2019-06-02 22-14-45,438,20.7092,36.5866
2019-06-02 22-14-49,438,20.7108,36.6026
2019-06-02 22-14-51,438,20.7977,36.5732
2019-06-02 22-14-53,438,20.7596,36.5599
2019-06-02 22-14-55,438,20.7779,36.5305
2019-06-02 22-14-57,438,20.8466,36.5011
2019-06-02 22-14-59,437,20.8145,36.5305
2019-06-02 22-15-01,437,20.8282,36.4878
2019-06-02 22-15-03,436,20.8466,36.5171
2019-06-02 22-15-07,436,20.8649,36.5011
2019-06-02 22-15-09,435,20.8466,36.5171
2019-06-02 22-15-11,435,20.7977,36.5599
2019-06-02 22-15-13,435,20.7611,36.5732
2019-06-02 22-15-15,434,20.7977,36.5732
2019-06-02 22-15-17,435,20.7611,36.5732
2019-06-02 22-15-19,435,20.7245,36.5732
2019-06-02 22-15-23,435,20.7275,36.5866
2019-06-02 22-15-25,435,20.7977,36.5599
2019-06-02 22-15-27,435,20.7794,36.5438
2019-06-02 22-15-29,436,20.8145,36.5305
2019-06-02 22-15-31,436,20.8466,36.5011
2019-06-02 22-15-33,436,20.8282,36.4878
2019-06-02 22-15-35,436,20.8618,36.4744
2019-06-02 22-15-37,436,20.8603,36.4611
2019-06-02 22-15-41,436,20.8618,36.4878
2019-06-02 22-15-43,435,20.8237,36.4317
2019-06-02 22-15-45,435,20.8939,36.445
2019-06-02 22-15-47,436,20.9488,36.4183
2019-06-02 22-15-49,435,20.8923,36.389
2019-06-02 22-15-51,435,20.9122,36.445
2019-06-02 22-15-53,435,20.8252,36.4611
2019-06-02 22-15-57,435,20.8801,36.5011
2019-06-02 22-15-59,434,20.8466,36.5171
2019-06-02 22-16-01,434,20.8649,36.5305
2019-06-02 22-16-03,434,20.7962,36.5305
2019-06-02 22-16-05,434,20.7596,36.5438
2019-06-02 22-16-07,434,20.7611,36.5732
2019-06-02 22-16-09,434,20.6909,36.5599
2019-06-02 22-16-11,434,20.8008,36.6026
2019-06-02 22-16-15,435,20.7611,36.5866
2019-06-02 22-16-17,434,20.7825,36.6026
2019-06-02 22-16-19,435,20.7825,36.5866
2019-06-02 22-16-21,435,20.7291,36.6186
2019-06-02 22-16-23,435,20.7275,36.6026
2019-06-02 22-16-25,435,20.6589,36.6026
2019-06-02 22-16-27,435,20.7108,36.632
2019-06-02 22-16-29,435,20.7108,36.6186
2019-06-02 22-16-33,435,20.7321,36.6587
2019-06-02 22-16-35,435,20.7138,36.6587
2019-06-02 22-16-37,435,20.787,36.6587
2019-06-02 22-16-39,436,20.7657,36.6587
2019-06-02 22-16-41,436,20.7504,36.6747
2019-06-02 22-16-43,436,20.7153,36.6747
2019-06-02 22-16-45,435,20.7138,36.6453
2019-06-02 22-16-49,436,20.7321,36.6747
2019-06-02 22-16-51,436,20.6787,36.6747
2019-06-02 22-16-53,436,20.7184,36.7147
2019-06-02 22-16-55,436,20.7001,36.7308
2019-06-02 22-16-57,436,20.665,36.7308
2019-06-02 22-16-59,436,20.668,36.7441
2019-06-02 22-17-01,436,20.6268,36.7147
2019-06-02 22-17-03,437,20.6467,36.7147
2019-06-02 22-17-07,438,20.6818,36.7014
2019-06-02 22-17-09,438,20.697,36.688
2019-06-02 22-17-11,437,20.6787,36.6747
2019-06-02 22-17-13,437,20.7153,36.688
2019-06-02 22-17-15,437,20.6818,36.688
2019-06-02 22-17-17,436,20.6818,36.7014
2019-06-02 22-17-19,436,20.7001,36.7147
2019-06-02 22-17-23,436,20.6497,36.7308
2019-06-02 22-17-25,436,20.7184,36.7441
2019-06-02 22-17-27,436,20.6497,36.7575
2019-06-02 22-17-29,436,20.6314,36.7868
2019-06-02 22-17-31,437,20.578,36.7708
2019-06-02 22-17-33,437,20.546,36.8135
2019-06-02 22-17-35,437,20.5627,36.7868
2019-06-02 22-17-37,436,20.5276,36.8002
2019-06-02 22-17-41,436,20.5124,36.8135
2019-06-02 22-17-43,436,20.5276,36.8002
2019-06-02 22-17-45,436,20.546,36.8002
2019-06-02 22-17-47,436,20.4941,36.8002
2019-06-02 22-17-49,436,20.4391,36.8269
2019-06-02 22-17-51,436,20.4041,36.8135
2019-06-02 22-17-53,435,20.4361,36.7868
2019-06-02 22-17-57,436,20.4361,36.7868
2019-06-02 22-17-59,436,20.491,36.7868
2019-06-02 22-18-01,437,20.5276,36.7868
2019-06-02 22-18-03,436,20.5414,36.7575
2019-06-02 22-18-05,435,20.5093,36.8002
2019-06-02 22-18-07,435,20.578,36.7708
2019-06-02 22-18-09,435,20.4941,36.8269
2019-06-02 22-18-11,435,20.5124,36.8269
2019-06-02 22-18-15,435,20.4727,36.8135
2019-06-02 22-18-17,435,20.4956,36.8429
2019-06-02 22-18-19,435,20.4071,36.8696
2019-06-02 22-18-21,435,20.4071,36.8563
2019-06-02 22-18-23,435,20.4041,36.8429
2019-06-02 22-18-25,436,20.5124,36.8269
2019-06-02 22-18-27,435,20.5444,36.7868
2019-06-02 22-18-29,435,20.5444,36.7708
2019-06-02 22-18-33,435,20.61,36.7441
2019-06-02 22-18-35,435,20.5948,36.7575
2019-06-02 22-18-37,435,20.61,36.7441
2019-06-02 22-18-39,434,20.5597,36.7441
2019-06-02 22-18-41,434,20.4895,36.7308
2019-06-02 22-18-43,434,20.5231,36.7147
2019-06-02 22-18-45,433,20.4498,36.7147
2019-06-02 22-18-49,433,20.5414,36.7441
2019-06-02 22-18-51,433,20.5078,36.7441
2019-06-02 22-18-53,432,20.5414,36.7308
2019-06-02 22-18-55,432,20.4895,36.7308
2019-06-02 22-18-57,433,20.5582,36.7308
2019-06-02 22-18-59,433,20.5231,36.7308
2019-06-02 22-19-01,434,20.5551,36.7014
2019-06-02 22-19-03,434,20.5536,36.6453
2019-06-02 22-19-07,433,20.5719,36.6453
2019-06-02 22-19-09,433,20.6223,36.6186
2019-06-02 22-19-11,433,20.6741,36.5866
2019-06-02 22-19-13,432,20.6177,36.5732
2019-06-02 22-19-15,431,20.6879,36.5305
2019-06-02 22-19-17,431,20.6879,36.5305
2019-06-02 22-19-19,431,20.7779,36.5171
2019-06-02 22-19-23,431,20.755,36.4878
2019-06-02 22-19-25,430,20.7565,36.5011
2019-06-02 22-19-27,430,20.7367,36.4744
2019-06-02 22-19-29,429,20.7703,36.4183
2019-06-02 22-19-31,429,20.8969,36.4611
2019-06-02 22-19-33,429,20.8939,36.4317
2019-06-02 22-19-35,429,20.8923,36.4183
2019-06-02 22-19-37,430,20.8755,36.4317
2019-06-02 22-19-41,429,20.8572,36.4183
2019-06-02 22-19-43,429,20.9106,36.405
2019-06-02 22-19-45,429,20.8923,36.405
2019-06-02 22-19-47,429,20.9106,36.4183
2019-06-02 22-19-49,428,20.8755,36.4183
2019-06-02 22-19-51,428,20.8237,36.4317
2019-06-02 22-19-53,428,20.842,36.4317
2019-06-02 22-19-57,428,20.8237,36.4183
2019-06-02 22-19-59,427,20.8389,36.405
2019-06-02 22-20-01,428,20.8237,36.4183
2019-06-02 22-20-03,428,20.8389,36.405
2019-06-02 22-20-05,428,20.874,36.3756
2019-06-02 22-20-07,428,20.8557,36.3756
2019-06-02 22-20-09,429,20.9076,36.389
2019-06-02 22-20-11,429,20.9259,36.3623
2019-06-02 22-20-15,428,20.9625,36.3756
2019-06-02 22-20-17,429,20.9442,36.3623
2019-06-02 22-20-19,429,20.9442,36.3489
2019-06-02 22-20-22,429,20.9442,36.3756
2019-06-02 22-20-24,429,20.929,36.389
2019-06-02 22-20-26,429,20.8389,36.389
2019-06-02 22-20-28,429,20.8023,36.3756
2019-06-02 22-20-30,430,20.7687,36.3756
2019-06-02 22-20-34,430,20.8191,36.3623
2019-06-02 22-20-36,430,20.8054,36.389
2019-06-02 22-20-38,430,20.6955,36.3489
2019-06-02 22-20-40,430,20.7687,36.3756
2019-06-02 22-20-42,430,20.8054,36.389
2019-06-02 22-20-44,430,20.787,36.389
2019-06-02 22-20-46,430,20.7138,36.389
2019-06-02 22-20-50,430,20.7504,36.405
2019-06-02 22-20-52,430,20.7321,36.405
2019-06-02 22-20-54,430,20.7153,36.4183
2019-06-02 22-20-56,430,20.7138,36.3756
2019-06-02 22-20-58,430,20.7138,36.389
2019-06-02 22-21-00,430,20.7886,36.4183
2019-06-02 22-21-02,431,20.6635,36.405
2019-06-02 22-21-04,431,20.7474,36.3756
2019-06-02 22-21-08,432,20.7504,36.389
2019-06-02 22-21-10,432,20.784,36.3623
2019-06-02 22-21-12,432,20.7458,36.3489
2019-06-02 22-21-14,431,20.7474,36.3756
2019-06-02 22-21-16,431,20.8023,36.3489
2019-06-02 22-21-18,431,20.784,36.3623
2019-06-02 22-21-20,431,20.8023,36.3756
2019-06-02 22-21-22,431,20.8374,36.3623
2019-06-02 22-21-26,431,20.8557,36.3756
2019-06-02 22-21-28,431,20.8527,36.3489
2019-06-02 22-21-30,432,20.871,36.3489
2019-06-02 22-21-32,432,20.8847,36.3062
2019-06-02 22-21-34,432,20.8344,36.3195
2019-06-02 22-21-36,432,20.8527,36.3195
2019-06-02 22-21-38,432,20.8344,36.3329
2019-06-02 22-21-42,431,20.8511,36.3062
2019-06-02 22-21-44,431,20.8328,36.2928
2019-06-02 22-21-46,432,20.816,36.3062
2019-06-02 22-21-48,433,20.903,36.3062
2019-06-02 22-21-50,433,20.9381,36.2635
2019-06-02 22-21-52,433,20.9381,36.2635
2019-06-02 22-21-54,433,20.9564,36.2501
2019-06-02 22-21-56,433,20.9381,36.2501
2019-06-02 22-22-00,433,20.9534,36.2207
2019-06-02 22-22-02,433,21.0403,36.2207
2019-06-02 22-22-04,433,21.0068,36.2207
2019-06-02 22-22-06,433,20.9534,36.2207
2019-06-02 22-22-08,433,20.9167,36.2207
2019-06-02 22-22-10,432,20.9351,36.2207
2019-06-02 22-22-12,432,20.9351,36.2074
2019-06-02 22-22-16,433,20.9167,36.2207
2019-06-02 22-22-18,433,20.9885,36.2074
2019-06-02 22-22-20,433,20.9885,36.2074
2019-06-02 22-22-22,433,20.9854,36.178
2019-06-02 22-22-24,433,21.0022,36.178
2019-06-02 22-22-26,433,21.0541,36.1646
2019-06-02 22-22-28,432,21.0892,36.1192
2019-06-02 22-22-30,432,21.0526,36.1513
2019-06-02 22-22-34,432,21.0526,36.1379
2019-06-02 22-22-36,433,21.0342,36.1192
2019-06-02 22-22-38,433,21.0022,36.1513
2019-06-02 22-22-40,433,20.9839,36.1513
2019-06-02 22-22-42,433,20.9991,36.1379
2019-06-02 22-22-44,433,21.0022,36.1646
2019-06-02 22-22-46,432,21.0526,36.1379
2019-06-02 22-22-48,432,21.0724,36.1513
2019-06-02 22-22-52,432,20.9991,36.1379
2019-06-02 22-22-54,432,21.0724,36.1379
2019-06-02 22-22-56,432,21.0724,36.1379
2019-06-02 22-22-58,432,21.0358,36.1513
2019-06-02 22-23-00,432,20.9656,36.1513
2019-06-02 22-23-02,432,21.0022,36.1646
2019-06-02 22-23-04,433,20.9839,36.1513
2019-06-02 22-23-08,432,21.0342,36.1379
2019-06-02 22-23-10,433,20.8755,36.1646
2019-06-02 22-23-12,433,20.9671,36.1646
2019-06-02 22-23-14,433,20.9839,36.1513
2019-06-02 22-23-16,433,21.0526,36.1379
2019-06-02 22-23-18,433,21.0709,36.1192
2019-06-02 22-23-20,433,21.0526,36.1513
2019-06-02 22-23-22,433,21.0907,36.1379
2019-06-02 22-23-26,433,21.1411,36.1379
2019-06-02 22-23-28,433,21.1227,36.1192
2019-06-02 22-23-30,433,21.1594,36.1192
2019-06-02 22-23-32,433,21.1411,36.1192
2019-06-02 22-23-34,433,21.1044,36.1059
2019-06-02 22-23-36,433,21.1411,36.1059
2019-06-02 22-23-38,432,21.0709,36.0925
2019-06-02 22-23-42,432,21.1075,36.1192
2019-06-02 22-23-44,432,21.0709,36.0925
2019-06-02 22-23-46,432,21.1212,36.0792
2019-06-02 22-23-48,432,21.1044,36.1059
2019-06-02 22-23-50,431,21.1411,36.1059
2019-06-02 22-23-52,431,21.1395,36.0925
2019-06-02 22-23-54,431,21.0526,36.1192
2019-06-02 22-23-56,431,21.0495,36.1059
2019-06-02 22-24-00,431,21.0495,36.0925
2019-06-02 22-24-02,431,21.0526,36.1192
2019-06-02 22-24-04,431,21.0724,36.1379
2019-06-02 22-24-06,431,21.0526,36.1513
2019-06-02 22-24-08,431,21.0022,36.1513
2019-06-02 22-24-10,431,21.0205,36.1646
2019-06-02 22-24-12,432,21.0175,36.1513
2019-06-02 22-24-16,432,20.9335,36.1646
2019-06-02 22-24-18,432,20.9671,36.178
2019-06-02 22-24-20,432,20.9335,36.178
2019-06-02 22-24-22,433,20.9839,36.1646
2019-06-02 22-24-24,433,20.9671,36.1646
2019-06-02 22-24-26,433,20.9335,36.1646
2019-06-02 22-24-28,433,20.9656,36.1192
2019-06-02 22-24-30,433,20.9656,36.1192
2019-06-02 22-24-34,433,20.9991,36.1192
2019-06-02 22-24-36,432,20.9656,36.1192
2019-06-02 22-24-38,432,21.0709,36.1192
2019-06-02 22-24-40,432,21.1227,36.0925
2019-06-02 22-24-42,432,20.9793,36.0925
2019-06-02 22-24-44,432,21.0526,36.1192
2019-06-02 22-24-46,432,21.0495,36.0925
2019-06-02 22-24-48,432,21.0678,36.0792
2019-06-02 22-24-52,432,21.0297,36.0632
2019-06-02 22-24-54,432,21.0678,36.0792
2019-06-02 22-24-56,432,21.0861,36.0632
2019-06-02 22-24-58,432,21.1044,36.0925
2019-06-02 22-25-00,432,21.0678,36.0632
2019-06-02 22-25-02,432,21.0709,36.0925
2019-06-02 22-25-04,432,21.1395,36.0792
2019-06-02 22-25-08,432,21.1044,36.1059
2019-06-02 22-25-10,432,21.228,36.0792
2019-06-02 22-25-12,431,21.1899,36.0498
2019-06-02 22-25-14,432,21.1899,36.0498
2019-06-02 22-25-16,432,21.2082,36.0365
2019-06-02 22-25-18,432,21.2631,36.0632
2019-06-02 22-25-20,432,21.2601,36.0498
2019-06-02 22-25-22,432,21.2952,36.0365
2019-06-02 22-25-26,431,21.2784,36.0365
2019-06-02 22-25-28,431,21.2952,36.0365
2019-06-02 22-25-30,432,21.2769,36.0071
2019-06-02 22-25-32,432,21.3837,36.0071
2019-06-02 22-25-34,432,21.3455,35.9804
2019-06-02 22-25-36,432,21.3821,35.967
2019-06-02 22-25-38,432,21.4142,35.951
2019-06-02 22-25-42,432,21.3959,35.9243
2019-06-02 22-25-44,432,21.3776,35.8949
2019-06-02 22-25-46,433,21.3913,35.8682
2019-06-02 22-25-48,433,21.4066,35.8389
2019-06-02 22-25-50,433,21.4279,35.8682
2019-06-02 22-25-52,433,21.3913,35.8549
2019-06-02 22-25-54,433,21.4249,35.8389
2019-06-02 22-25-56,433,21.3913,35.8549
2019-06-02 22-26-00,432,21.3699,35.8122
2019-06-02 22-26-02,432,21.4737,35.7961
2019-06-02 22-26-04,432,21.405,35.8122
2019-06-02 22-26-06,433,21.4066,35.8255
2019-06-02 22-26-08,433,21.405,35.8122
2019-06-02 22-26-10,433,21.4569,35.8122
2019-06-02 22-26-13,433,21.405,35.8122
2019-06-02 22-26-15,432,21.492,35.7961
2019-06-02 22-26-19,432,21.4737,35.7694
2019-06-02 22-26-21,432,21.492,35.7828
2019-06-02 22-26-23,432,21.4386,35.7828
2019-06-02 22-26-25,432,21.405,35.7828
2019-06-02 22-26-27,432,21.4233,35.7961
2019-06-02 22-26-29,432,21.4554,35.7828
2019-06-02 22-26-31,432,21.4386,35.7828
2019-06-02 22-26-35,432,21.5118,35.7828
2019-06-02 22-26-37,432,21.4188,35.7561
2019-06-02 22-26-39,433,21.4386,35.7828
2019-06-02 22-26-41,433,21.4371,35.7694
2019-06-02 22-26-43,433,21.4386,35.7961
2019-06-02 22-26-45,432,21.3516,35.7961
2019-06-02 22-26-47,432,21.4386,35.7961
2019-06-02 22-26-49,432,21.4569,35.8122
2019-06-02 22-26-53,433,21.4737,35.7961
2019-06-02 22-26-55,433,21.4233,35.7961
2019-06-02 22-26-57,434,21.4554,35.7828
2019-06-02 22-26-59,434,21.4874,35.7401
2019-06-02 22-27-01,434,21.5622,35.7561
2019-06-02 22-27-03,434,21.5942,35.7401
2019-06-02 22-27-05,434,21.5424,35.7267
2019-06-02 22-27-09,434,21.611,35.7134
2019-06-02 22-27-11,434,21.611,35.7
2019-06-02 22-27-13,434,21.6263,35.7
2019-06-02 22-27-15,435,21.6431,35.668
2019-06-02 22-27-17,435,21.6446,35.6813
2019-06-02 22-27-19,435,21.5393,35.6813
2019-06-02 22-27-21,435,21.5759,35.7
2019-06-02 22-27-23,434,21.608,35.6813
2019-06-02 22-27-27,434,21.611,35.7134
2019-06-02 22-27-29,434,21.6843,35.7134
2019-06-02 22-27-31,435,21.6293,35.7267
2019-06-02 22-27-33,435,21.6843,35.7134
2019-06-02 22-27-35,435,21.6995,35.6813
2019-06-02 22-27-37,435,21.7346,35.6813
2019-06-02 22-27-39,435,21.7346,35.6813
2019-06-02 22-27-41,436,21.7316,35.6546
2019-06-02 22-27-45,436,21.7499,35.6546
2019-06-02 22-27-47,436,21.7484,35.6413
2019-06-02 22-27-49,437,21.7667,35.6413
2019-06-02 22-27-51,437,21.7484,35.6252
2019-06-02 22-27-53,438,21.6583,35.5852
2019-06-02 22-27-55,438,21.7804,35.5985
2019-06-02 22-27-57,438,21.814,35.5558
2019-06-02 22-28-01,438,21.7987,35.5558
2019-06-02 22-28-03,438,21.7773,35.5558
2019-06-02 22-28-05,438,21.7804,35.5852
2019-06-02 22-28-07,439,21.7438,35.5692
2019-06-02 22-28-09,439,21.7255,35.5558
2019-06-02 22-28-11,439,21.759,35.5425
2019-06-02 22-28-13,439,21.7407,35.5425
2019-06-02 22-28-15,440,21.8491,35.5425
2019-06-02 22-28-19,440,21.9009,35.5291
2019-06-02 22-28-21,440,21.933,35.4864
2019-06-02 22-28-23,440,21.9696,35.4864
2019-06-02 22-28-25,440,22.0413,35.5131
2019-06-02 22-28-27,440,21.9513,35.473
2019-06-02 22-28-29,441,21.9864,35.457
2019-06-02 22-28-31,441,21.9696,35.4864
2019-06-02 22-28-35,441,22.02,35.457
2019-06-02 22-28-37,442,22.0551,35.4437
2019-06-02 22-28-39,442,21.9864,35.457
2019-06-02 22-28-41,442,22.0551,35.457
2019-06-02 22-28-43,442,22.0734,35.4437
2019-06-02 22-28-45,442,22.0367,35.4437
2019-06-02 22-28-47,442,22.0367,35.4303
2019-06-02 22-28-49,442,22.0367,35.4437
2019-06-02 22-28-53,442,22.1252,35.4143
2019-06-02 22-28-55,442,22.11,35.4303
2019-06-02 22-28-57,442,22.1252,35.4143
2019-06-02 22-28-59,442,22.0886,35.4303
2019-06-02 22-29-01,442,22.1436,35.4303
2019-06-02 22-29-03,442,22.0551,35.4303
2019-06-02 22-29-05,442,22.0383,35.457
2019-06-02 22-29-09,442,22.0093,35.5291
2019-06-02 22-29-11,442,21.8857,35.5558
2019-06-02 22-29-13,442,21.7773,35.5558
2019-06-02 22-29-15,442,21.7255,35.5558
2019-06-02 22-29-17,442,21.7087,35.5692
2019-06-02 22-29-19,442,21.7453,35.5852
2019-06-02 22-29-21,442,21.759,35.5558
2019-06-02 22-29-23,442,21.8185,35.5985
2019-06-02 22-29-27,442,21.8185,35.6119
2019-06-02 22-29-29,442,21.8185,35.5985
2019-06-02 22-29-31,442,21.8002,35.6119
2019-06-02 22-29-33,443,21.8719,35.6252
2019-06-02 22-29-35,443,21.8185,35.6252
2019-06-02 22-29-37,444,21.8582,35.6546
2019-06-02 22-29-39,444,21.8033,35.6252
2019-06-02 22-29-41,444,21.8536,35.5852
2019-06-02 22-29-45,444,21.8719,35.6119
2019-06-02 22-29-47,444,21.8002,35.5852
2019-06-02 22-29-49,444,21.8689,35.5852
2019-06-02 22-29-51,445,21.8689,35.5852
2019-06-02 22-29-53,444,21.9009,35.5425
2019-06-02 22-29-55,444,21.8689,35.5852
2019-06-02 22-29-57,443,21.8689,35.5852
2019-06-02 22-30-01,443,21.7804,35.5985
2019-06-02 22-30-03,443,21.7484,35.6413
2019-06-02 22-30-05,443,21.6446,35.7
2019-06-02 22-30-07,443,21.6812,35.6813
2019-06-02 22-30-09,443,21.7178,35.7267
2019-06-02 22-30-11,443,21.6293,35.7134
2019-06-02 22-30-13,443,21.6293,35.7134
2019-06-02 22-30-15,444,21.5759,35.7134
2019-06-02 22-30-19,443,21.6293,35.7134
2019-06-02 22-30-21,443,21.5942,35.7134
2019-06-02 22-30-23,443,21.5942,35.7134
2019-06-02 22-30-25,443,21.579,35.7561
2019-06-02 22-30-27,443,21.6858,35.7401
2019-06-02 22-30-29,444,21.6675,35.7267
2019-06-02 22-30-31,444,21.6125,35.7267
2019-06-02 22-30-35,444,21.5942,35.7267
2019-06-02 22-30-37,443,21.6125,35.7267
2019-06-02 22-30-39,443,21.6492,35.7561
2019-06-02 22-30-41,443,21.6858,35.7401
2019-06-02 22-30-43,443,21.6492,35.7694
2019-06-02 22-30-45,443,21.5286,35.7828
2019-06-02 22-30-47,444,21.579,35.7561
2019-06-02 22-30-49,444,21.7026,35.7267
2019-06-02 22-30-53,444,21.666,35.7134
2019-06-02 22-30-55,443,21.6446,35.7134
2019-06-02 22-30-57,443,21.6843,35.7134
2019-06-02 22-30-59,443,21.7529,35.7134
2019-06-02 22-31-01,443,21.8094,35.7267
2019-06-02 22-31-03,442,21.7361,35.7134
2019-06-02 22-31-05,442,21.7911,35.7694
2019-06-02 22-31-09,442,21.7911,35.7828
2019-06-02 22-31-11,442,21.7392,35.7694
2019-06-02 22-31-13,442,21.6888,35.7828
2019-06-02 22-31-15,442,21.6339,35.7961
2019-06-02 22-31-17,442,21.6171,35.8255
2019-06-02 22-31-19,442,21.5485,35.8122
2019-06-02 22-31-21,441,21.5302,35.8255
2019-06-02 22-31-23,441,21.5515,35.8549
2019-06-02 22-31-27,441,21.4432,35.8549
2019-06-02 22-31-29,440,21.4279,35.8949
2019-06-02 22-31-31,440,21.4279,35.8682
2019-06-02 22-31-33,440,21.4111,35.911
2019-06-02 22-31-35,440,21.3928,35.8949
2019-06-02 22-31-37,440,21.3928,35.8949
2019-06-02 22-31-39,440,21.3959,35.9243
2019-06-02 22-31-43,440,21.3776,35.9243
2019-06-02 22-31-45,440,21.3409,35.911
2019-06-02 22-31-47,440,21.3959,35.9243
2019-06-02 22-31-49,440,21.3959,35.9243
2019-06-02 22-31-51,440,21.3409,35.9243
2019-06-02 22-31-53,440,21.4478,35.9377
2019-06-02 22-31-55,440,21.4661,35.9377
2019-06-02 22-31-57,439,21.4645,35.9243
2019-06-02 22-32-01,440,21.4325,35.967
2019-06-02 22-32-03,440,21.5012,35.9377
2019-06-02 22-32-05,440,21.521,35.9243
2019-06-02 22-32-07,440,21.4661,35.951
2019-06-02 22-32-09,441,21.4142,35.951
2019-06-02 22-32-11,440,21.4157,35.967
2019-06-02 22-32-13,440,21.4508,35.967
2019-06-02 22-32-16,440,21.3959,35.9243
2019-06-02 22-32-20,440,21.5195,35.911
2019-06-02 22-32-22,440,21.5347,35.8816
2019-06-02 22-32-24,440,21.5485,35.8389
2019-06-02 22-32-26,440,21.6354,35.8255
2019-06-02 22-32-28,440,21.5652,35.8122
2019-06-02 22-32-30,440,21.5805,35.7828
2019-06-02 22-32-32,440,21.5988,35.7828
2019-06-02 22-32-36,440,21.6156,35.7828
2019-06-02 22-32-38,439,21.6156,35.7828
2019-06-02 22-32-40,439,21.6339,35.7961
2019-06-02 22-32-42,438,21.6888,35.7961
2019-06-02 22-32-44,438,21.6888,35.7828
2019-06-02 22-32-46,438,21.6492,35.7694
2019-06-02 22-32-48,438,21.7041,35.7694
2019-06-02 22-32-50,438,21.6309,35.7401
2019-06-02 22-32-54,438,21.6446,35.7134
2019-06-02 22-32-56,438,21.6995,35.6813
2019-06-02 22-32-58,438,21.8048,35.668
2019-06-02 22-33-00,438,21.8048,35.668
2019-06-02 22-33-02,438,21.8414,35.6813
2019-06-02 22-33-04,438,21.8185,35.6252
2019-06-02 22-33-06,437,21.8033,35.6252
2019-06-02 22-33-08,437,21.9055,35.6252
2019-06-02 22-33-12,437,21.8185,35.5985
2019-06-02 22-33-14,438,21.9055,35.6252
2019-06-02 22-33-16,437,21.8369,35.6252
2019-06-02 22-33-18,437,21.8185,35.6119
2019-06-02 22-33-20,438,21.8903,35.6119
2019-06-02 22-33-22,438,21.8353,35.5852
2019-06-02 22-33-24,438,21.8536,35.5852
2019-06-02 22-33-28,438,21.9009,35.5558
2019-06-02 22-33-30,438,21.9193,35.5558
2019-06-02 22-33-32,438,21.9193,35.5425
2019-06-02 22-33-34,438,21.8506,35.5692
2019-06-02 22-33-36,439,21.8857,35.5558
2019-06-02 22-33-38,438,21.9009,35.5425
2019-06-02 22-33-40,439,21.8674,35.5558
2019-06-02 22-33-42,439,21.9559,35.5291
2019-06-02 22-33-46,438,22.0245,35.5131
2019-06-02 22-33-48,438,22.0413,35.4864
2019-06-02 22-33-50,439,22.0413,35.5131
2019-06-02 22-33-52,439,22.0062,35.5131
2019-06-02 22-33-54,439,21.9727,35.5131
2019-06-02 22-33-56,439,21.9879,35.4997
2019-06-02 22-33-58,439,21.9543,35.5131
2019-06-02 22-34-00,439,21.9543,35.5131
2019-06-02 22-34-04,439,21.9727,35.5291
2019-06-02 22-34-06,438,21.9925,35.5558
2019-06-02 22-34-08,438,21.9589,35.5558
2019-06-02 22-34-10,438,21.8872,35.5852
2019-06-02 22-34-12,438,21.8719,35.5985
2019-06-02 22-34-14,438,21.8536,35.6119
2019-06-02 22-34-16,438,21.8048,35.6546
2019-06-02 22-34-20,438,21.698,35.6546
2019-06-02 22-34-22,438,21.7545,35.7267
2019-06-02 22-34-24,438,21.7026,35.7267
2019-06-02 22-34-26,438,21.7026,35.7267
2019-06-02 22-34-28,438,21.7041,35.7561
2019-06-02 22-34-30,438,21.6125,35.7561
2019-06-02 22-34-32,438,21.5622,35.7561
2019-06-02 22-34-34,439,21.5622,35.7561
2019-06-02 22-34-38,439,21.579,35.7561
2019-06-02 22-34-40,439,21.5805,35.7694
2019-06-02 22-34-42,439,21.5973,35.7561
2019-06-02 22-34-44,439,21.5622,35.7561
2019-06-02 22-34-46,439,21.5439,35.7694
2019-06-02 22-34-48,439,21.5118,35.8122
2019-06-02 22-34-50,438,21.5485,35.8122
2019-06-02 22-34-52,438,21.5469,35.7961
2019-06-02 22-34-56,439,21.5668,35.8389
2019-06-02 22-34-58,439,21.4569,35.7961
2019-06-02 22-35-00,439,21.4752,35.8255
2019-06-02 22-35-02,439,21.5836,35.8122
2019-06-02 22-35-04,440,21.5668,35.8255
2019-06-02 22-35-06,440,21.6171,35.7961
2019-06-02 22-35-08,439,21.6309,35.7694
2019-06-02 22-35-12,439,21.666,35.7134
2019-06-02 22-35-14,439,21.6843,35.7134
2019-06-02 22-35-16,440,21.6446,35.7
2019-06-02 22-35-18,440,21.6995,35.6813
2019-06-02 22-35-20,440,21.7163,35.6813
2019-06-02 22-35-22,440,21.785,35.6546
2019-06-02 22-35-24,439,21.7636,35.6252
2019-06-02 22-35-26,440,21.7819,35.6413
2019-06-02 22-35-30,440,21.8033,35.6413
2019-06-02 22-35-32,439,21.7636,35.6252
2019-06-02 22-35-34,440,21.7819,35.6119
2019-06-02 22-35-36,440,21.8185,35.5985
2019-06-02 22-35-38,439,21.8536,35.5852
2019-06-02 22-35-40,439,21.8353,35.5852
2019-06-02 22-35-42,439,21.8719,35.6119
2019-06-02 22-35-46,439,21.8185,35.6252
2019-06-02 22-35-48,438,21.8369,35.6119
2019-06-02 22-35-50,439,21.7819,35.6413
2019-06-02 22-35-52,438,21.8231,35.668
2019-06-02 22-35-54,437,21.8445,35.7134
2019-06-02 22-35-56,437,21.7224,35.7828
2019-06-02 22-35-58,436,21.6354,35.8122
2019-06-02 22-36-00,436,21.5698,35.8816
2019-06-02 22-36-04,437,21.521,35.9377
2019-06-02 22-36-06,437,21.4142,35.9377
2019-06-02 22-36-08,438,21.4157,35.967
2019-06-02 22-36-10,438,21.434,35.9937
2019-06-02 22-36-12,438,21.3272,35.967
2019-06-02 22-36-14,438,21.2921,35.9804
2019-06-02 22-36-16,438,21.3821,35.9804
2019-06-02 22-36-18,438,21.3089,35.951
2019-06-02 22-36-22,439,21.2372,35.951
2019-06-02 22-36-24,439,21.3959,35.9377
2019-06-02 22-36-26,438,21.3791,35.951
2019-06-02 22-36-28,439,21.4691,35.967
2019-06-02 22-36-30,438,21.4508,35.9804
2019-06-02 22-36-32,438,21.489,36.0231
2019-06-02 22-36-34,438,21.4523,36.0071
2019-06-02 22-36-38,437,21.4233,36.0632
2019-06-02 22-36-40,437,21.3333,36.0925
2019-06-02 22-36-42,437,21.3882,36.0925
2019-06-02 22-36-44,437,21.315,36.0632
2019-06-02 22-36-46,438,21.3333,36.0792
2019-06-02 22-36-48,437,21.4203,36.0498
2019-06-02 22-36-50,437,21.3867,36.0498
2019-06-02 22-36-52,437,21.402,36.0365
2019-06-02 22-36-56,437,21.3867,36.0632
2019-06-02 22-36-58,437,21.405,36.0498
2019-06-02 22-37-00,437,21.4233,36.0632
2019-06-02 22-37-02,436,21.373,36.1059
2019-06-02 22-37-04,437,21.3379,36.1646
2019-06-02 22-37-06,437,21.3226,36.194
2019-06-02 22-37-08,436,21.2723,36.2074
2019-06-02 22-37-10,436,21.199,36.194
2019-06-02 22-37-14,436,21.254,36.2074
2019-06-02 22-37-16,436,21.2555,36.2207
2019-06-02 22-37-18,437,21.1807,36.194
2019-06-02 22-37-20,437,21.2189,36.2207
2019-06-02 22-37-22,437,21.254,36.194
2019-06-02 22-37-24,437,21.196,36.1646
2019-06-02 22-37-26,438,21.2646,36.1192
2019-06-02 22-37-30,438,21.2143,36.1379
2019-06-02 22-37-32,438,21.3013,36.1379
2019-06-02 22-37-34,438,21.2646,36.1192
2019-06-02 22-37-36,438,21.2997,36.1059
2019-06-02 22-37-38,437,21.3333,36.0925
2019-06-02 22-37-40,437,21.4386,36.0498
2019-06-02 22-37-42,437,21.3699,36.0632
2019-06-02 22-37-44,436,21.402,36.0365
2019-06-02 22-37-48,436,21.4523,36.0071
2019-06-02 22-37-50,435,21.434,35.9804
2019-06-02 22-37-52,435,21.4874,35.9804
2019-06-02 22-37-54,434,21.524,35.9804
2019-06-02 22-37-57,434,21.4691,35.9937
2019-06-02 22-37-59,433,21.4203,36.0365
2019-06-02 22-38-01,433,21.4554,36.0231
2019-06-02 22-38-05,432,21.4737,36.0498
2019-06-02 22-38-07,432,21.3501,36.0498
2019-06-02 22-38-09,432,21.4188,36.0071
2019-06-02 22-38-11,432,21.4371,36.0231
2019-06-02 22-38-13,433,21.4691,35.9937
2019-06-02 22-38-15,433,21.4325,35.967
2019-06-02 22-38-17,433,21.4157,35.9804
2019-06-02 22-38-19,432,21.3791,35.951
2019-06-02 22-38-23,432,21.3974,35.951
2019-06-02 22-38-25,432,21.5012,35.9243
2019-06-02 22-38-27,432,21.4478,35.9377
2019-06-02 22-38-29,432,21.5378,35.9243
2019-06-02 22-38-31,432,21.4478,35.911
2019-06-02 22-38-33,432,21.4844,35.951
2019-06-02 22-38-35,431,21.4294,35.9243
2019-06-02 22-38-37,431,21.4478,35.9243
2019-06-02 22-38-41,430,21.4645,35.9243
2019-06-02 22-38-43,430,21.5195,35.911
2019-06-02 22-38-45,431,21.5561,35.9377
2019-06-02 22-38-47,431,21.4844,35.951
2019-06-02 22-38-49,430,21.4844,35.967
2019-06-02 22-38-51,431,21.434,35.9937
2019-06-02 22-38-53,432,21.3837,36.0071
2019-06-02 22-38-57,433,21.3654,36.0071
2019-06-02 22-38-59,433,21.4325,35.951
2019-06-02 22-39-01,433,21.5424,35.9804
2019-06-02 22-39-03,432,21.4706,36.0231
2019-06-02 22-39-05,430,21.405,36.0632
2019-06-02 22-39-07,430,21.4417,36.0925
2019-06-02 22-39-09,430,21.3882,36.0925
2019-06-02 22-39-11,431,21.3364,36.1379
2019-06-02 22-39-15,431,21.2677,36.1513
2019-06-02 22-39-17,430,21.3196,36.1646
2019-06-02 22-39-19,431,21.2509,36.178
2019-06-02 22-39-21,431,21.1304,36.2074
2019-06-02 22-39-23,431,21.1136,36.2367
2019-06-02 22-39-25,432,21.167,36.2635
2019-06-02 22-39-27,433,21.0434,36.2768
2019-06-02 22-39-29,434,21.0434,36.2768
2019-06-02 22-39-33,434,20.9579,36.3195
2019-06-02 22-39-35,435,20.9579,36.2928
2019-06-02 22-39-37,435,21.0114,36.3062
2019-06-02 22-39-39,436,20.993,36.2928
2019-06-02 22-39-41,436,21.0449,36.2928
2019-06-02 22-39-43,437,21.0846,36.3062
2019-06-02 22-39-45,437,21.0266,36.2928
2019-06-02 22-39-49,437,21.08,36.2635
2019-06-02 22-39-51,437,21.0983,36.2768
2019-06-02 22-39-53,437,21.08,36.2635
2019-06-02 22-39-55,437,21.0617,36.2768
2019-06-02 22-39-57,436,21.0449,36.3062
2019-06-02 22-39-59,437,20.9946,36.3329
2019-06-02 22-40-01,435,20.9793,36.3623
2019-06-02 22-40-03,436,20.9808,36.3756
2019-06-02 22-40-07,437,20.9625,36.389
2019-06-02 22-40-09,436,20.9946,36.3329
2019-06-02 22-40-11,437,20.9946,36.3195
2019-06-02 22-40-13,437,21.0114,36.3062
2019-06-02 22-40-15,437,21.0266,36.2768
2019-06-02 22-40-17,437,21.08,36.2635
2019-06-02 22-40-19,436,21.1166,36.2928
2019-06-02 22-40-23,437,21.2036,36.2768
2019-06-02 22-40-25,436,21.167,36.2635
2019-06-02 22-40-27,436,21.1533,36.2928
2019-06-02 22-40-29,436,21.1868,36.3062
2019-06-02 22-40-31,435,21.1685,36.2768
2019-06-02 22-40-33,436,21.1349,36.3062
2019-06-02 22-40-35,435,21.1899,36.3329
2019-06-02 22-40-37,434,21.1227,36.389
2019-06-02 22-40-41,434,21.1258,36.4183
2019-06-02 22-40-43,435,21.0358,36.4317
2019-06-02 22-40-45,435,21.0022,36.4317
2019-06-02 22-40-47,435,20.9671,36.4317
2019-06-02 22-40-49,436,20.9991,36.405
2019-06-02 22-40-51,435,20.9991,36.389
2019-06-02 22-40-53,436,21.0495,36.389
2019-06-02 22-40-55,436,21.0495,36.389
2019-06-02 22-40-59,436,21.0312,36.3756
2019-06-02 22-41-01,435,21.048,36.3329
2019-06-02 22-41-03,435,21.0129,36.3489
2019-06-02 22-41-05,435,21.0663,36.3329
2019-06-02 22-41-07,435,20.9946,36.3195
2019-06-02 22-41-09,435,20.993,36.3062
2019-06-02 22-41-11,434,21.0449,36.2928
2019-06-02 22-41-15,434,20.993,36.2928
2019-06-02 22-41-17,434,20.99,36.2768
2019-06-02 22-41-19,435,20.9564,36.2768
2019-06-02 22-41-21,434,21.0449,36.2928
2019-06-02 22-41-23,434,21.0617,36.2928
2019-06-02 22-41-25,435,21.0617,36.2768
2019-06-02 22-41-27,434,21.0251,36.2635
2019-06-02 22-41-29,434,21.0083,36.2768
2019-06-02 22-41-33,434,20.99,36.2768
2019-06-02 22-41-35,434,21.0632,36.3062
2019-06-02 22-41-37,434,21.0114,36.2928
2019-06-02 22-41-39,433,21.0617,36.2928
2019-06-02 22-41-41,433,21.0251,36.2635
2019-06-02 22-41-43,433,21.1166,36.2928
2019-06-02 22-41-45,433,21.0617,36.2928
2019-06-02 22-41-49,433,21.0083,36.2768
2019-06-02 22-41-51,433,20.993,36.3062
2019-06-02 22-41-53,433,21.0617,36.2635
2019-06-02 22-41-55,434,21.0083,36.2635
2019-06-02 22-41-57,433,21.0068,36.2367
2019-06-02 22-41-59,433,21.0083,36.2635
2019-06-02 22-42-01,433,21.0434,36.2768
2019-06-02 22-42-03,433,20.9747,36.2928
2019-06-02 22-42-07,433,20.993,36.3062
2019-06-02 22-42-09,432,20.9747,36.2928
2019-06-02 22-42-11,432,20.9747,36.2928
2019-06-02 22-42-13,433,20.9396,36.2928
2019-06-02 22-42-15,433,20.9747,36.2768
2019-06-02 22-42-17,434,21.0617,36.2768
2019-06-02 22-42-19,434,21.1319,36.2635
2019-06-02 22-42-21,434,21.077,36.2207
2019-06-02 22-42-25,433,21.167,36.2367
2019-06-02 22-42-27,433,21.1304,36.2074
2019-06-02 22-42-29,433,21.1639,36.2074
2019-06-02 22-42-31,433,21.199,36.194
2019-06-02 22-42-33,434,21.1273,36.194
2019-06-02 22-42-35,433,21.109,36.1646
2019-06-02 22-42-37,433,21.1441,36.1513
2019-06-02 22-42-41,433,21.1441,36.178
2019-06-02 22-42-43,433,21.2173,36.1646
2019-06-02 22-42-45,433,21.196,36.178
2019-06-02 22-42-47,434,21.1624,36.178
2019-06-02 22-42-49,434,21.1624,36.178
2019-06-02 22-42-51,434,21.1639,36.194
2019-06-02 22-42-53,435,21.1456,36.194
2019-06-02 22-42-55,434,21.1807,36.178
2019-06-02 22-42-59,434,21.1639,36.194
2019-06-02 22-43-01,434,21.109,36.178
2019-06-02 22-43-03,434,21.0953,36.2207
2019-06-02 22-43-05,435,21.0938,36.2074
2019-06-02 22-43-07,435,21.0403,36.2207
2019-06-02 22-43-09,435,21.0571,36.194
2019-06-02 22-43-11,435,21.077,36.2074
2019-06-02 22-43-15,435,21.0403,36.2207
2019-06-02 22-43-17,435,21.0587,36.2501
2019-06-02 22-43-19,435,21.0953,36.2207
2019-06-02 22-43-21,435,21.0938,36.2074
2019-06-02 22-43-23,435,21.1121,36.2074
2019-06-02 22-43-25,435,21.1136,36.2367
2019-06-02 22-43-27,435,21.0953,36.2367
2019-06-02 22-43-29,435,21.0571,36.2207
2019-06-02 22-43-33,436,21.1121,36.2074
2019-06-02 22-43-35,436,21.109,36.1646
2019-06-02 22-43-37,437,21.1441,36.1646
2019-06-02 22-43-39,436,21.109,36.1646
2019-06-02 22-43-42,437,21.1258,36.1646
2019-06-02 22-43-44,437,21.1075,36.1379
2019-06-02 22-43-46,437,21.1594,36.1192
2019-06-02 22-43-50,437,21.1945,36.1379
2019-06-02 22-43-52,437,21.1914,36.0925
2019-06-02 22-43-54,437,21.2646,36.1059
2019-06-02 22-43-56,436,21.2814,36.0925
2019-06-02 22-43-58,436,21.228,36.0925
2019-06-02 22-44-00,436,21.2646,36.0925
2019-06-02 22-44-02,436,21.2646,36.1059
2019-06-02 22-44-04,435,21.2494,36.1379
2019-06-02 22-44-08,435,21.2311,36.1192
2019-06-02 22-44-10,436,21.2143,36.1192
2019-06-02 22-44-12,436,21.2311,36.1059
2019-06-02 22-44-14,436,21.3333,36.1059
2019-06-02 22-44-16,435,21.3333,36.0792
2019-06-02 22-44-18,436,21.402,36.0365
2019-06-02 22-44-20,436,21.405,36.0632
2019-06-02 22-44-22,436,21.3684,36.0365
2019-06-02 22-44-26,435,21.4371,36.0231
2019-06-02 22-44-28,436,21.4874,36.0071
2019-06-02 22-44-30,435,21.4523,36.0071
2019-06-02 22-44-32,436,21.4508,35.9804
2019-06-02 22-44-34,435,21.5057,36.0071
2019-06-02 22-44-36,435,21.4706,36.0071
2019-06-02 22-44-38,435,21.489,36.0365
2019-06-02 22-44-42,435,21.4188,36.0071
2019-06-02 22-44-44,435,21.347,36.0231
2019-06-02 22-44-46,434,21.3684,36.0231
2019-06-02 22-44-48,435,21.3455,36.0071
2019-06-02 22-44-50,435,21.3287,36.0231
2019-06-02 22-44-52,436,21.3455,36.0071
2019-06-02 22-44-54,436,21.3272,35.9804
2019-06-02 22-44-56,436,21.3104,35.9937
2019-06-02 22-45-00,436,21.3821,35.9804
2019-06-02 22-45-02,436,21.3272,35.967
2019-06-02 22-45-04,436,21.3959,35.9377
2019-06-02 22-45-06,436,21.4798,35.8949
2019-06-02 22-45-08,436,21.4798,35.8816
2019-06-02 22-45-10,436,21.553,35.8949
2019-06-02 22-45-12,436,21.5164,35.8816
2019-06-02 22-45-14,436,21.5164,35.8816
2019-06-02 22-45-18,436,21.5851,35.8682
2019-06-02 22-45-20,435,21.5347,35.8816
2019-06-02 22-45-22,435,21.4645,35.911
2019-06-02 22-45-24,435,21.4294,35.911
2019-06-02 22-45-26,435,21.4294,35.911
2019-06-02 22-45-28,435,21.4828,35.9243
2019-06-02 22-45-30,434,21.4142,35.9377
2019-06-02 22-45-34,435,21.4325,35.9377
2019-06-02 22-45-36,435,21.5393,35.967
2019-06-02 22-45-38,435,21.521,35.9377
2019-06-02 22-45-40,435,21.4844,35.967
2019-06-02 22-45-42,434,21.4844,35.951
2019-06-02 22-45-44,434,21.3821,35.9804
2019-06-02 22-45-46,434,21.3089,35.9804
2019-06-02 22-45-48,434,21.3821,35.9804
2019-06-02 22-45-52,435,21.4005,35.9937
2019-06-02 22-45-54,434,21.2921,36.0071
2019-06-02 22-45-56,434,21.3455,36.0071
2019-06-02 22-45-58,434,21.2585,36.0071
2019-06-02 22-46-00,435,21.3287,36.0231
2019-06-02 22-46-02,435,21.3821,35.9937
2019-06-02 22-46-04,435,21.4203,36.0365
2019-06-02 22-46-08,435,21.4188,36.0231
2019-06-02 22-46-10,435,21.4371,36.0365
2019-06-02 22-46-12,434,21.4386,36.0632
2019-06-02 22-46-14,435,21.373,36.0925
2019-06-02 22-46-16,435,21.4096,36.1192
2019-06-02 22-46-18,436,21.3196,36.1379
2019-06-02 22-46-20,436,21.286,36.1379
2019-06-02 22-46-22,436,21.3379,36.1513
2019-06-02 22-46-26,436,21.3776,36.178
2019-06-02 22-46-28,436,21.2875,36.194
2019-06-02 22-46-30,435,21.2723,36.2207
2019-06-02 22-46-32,435,21.2234,36.2635
2019-06-02 22-46-34,435,21.2418,36.2928
2019-06-02 22-46-36,435,21.1166,36.2928
2019-06-02 22-46-38,436,21.1533,36.3195
2019-06-02 22-46-40,436,21.1365,36.3195
2019-06-02 22-46-44,436,21.0861,36.3623
2019-06-02 22-46-46,436,21.0892,36.3756
2019-06-02 22-46-48,436,21.0678,36.3756
2019-06-02 22-46-50,436,20.9991,36.389
2019-06-02 22-46-52,436,21.0526,36.4183
2019-06-02 22-46-54,436,20.9991,36.4183
2019-06-02 22-46-56,436,21.0205,36.4611
2019-06-02 22-47-00,437,20.9534,36.4878
2019-06-02 22-47-02,438,20.9381,36.5305
2019-06-02 22-47-04,439,20.8847,36.5732
2019-06-02 22-47-06,440,20.8298,36.5305
2019-06-02 22-47-08,442,20.9351,36.5011
2019-06-02 22-47-10,443,20.9351,36.4744
2019-06-02 22-47-12,443,20.9518,36.4744
2019-06-02 22-47-14,443,20.9656,36.4183
2019-06-02 22-47-18,443,20.9106,36.4183
2019-06-02 22-47-20,443,20.9488,36.445
2019-06-02 22-47-22,442,20.9534,36.4878
2019-06-02 22-47-24,441,20.9717,36.5011
2019-06-02 22-47-26,441,20.8984,36.5011
2019-06-02 22-47-28,442,20.8801,36.5011
2019-06-02 22-47-30,442,20.8466,36.5011
2019-06-02 22-47-34,441,20.8618,36.4744
2019-06-02 22-47-36,442,20.8466,36.4878
2019-06-02 22-47-38,442,20.9152,36.4878
2019-06-02 22-47-40,443,20.8282,36.4744
2019-06-02 22-47-42,443,20.8939,36.445
2019-06-02 22-47-44,442,20.9488,36.4183
2019-06-02 22-47-46,443,20.9625,36.3756
2019-06-02 22-47-48,444,21.0129,36.3329
2019-06-02 22-47-52,445,21.0983,36.2635
2019-06-02 22-47-54,446,21.1319,36.2501
2019-06-02 22-47-56,445,21.1304,36.2207
2019-06-02 22-47-58,443,21.1853,36.2501
2019-06-02 22-48-00,442,21.1304,36.2074
2019-06-02 22-48-02,442,21.1487,36.2501
2019-06-02 22-48-04,441,21.2006,36.2501
2019-06-02 22-48-08,439,21.1319,36.2635
2019-06-02 22-48-10,437,21.2006,36.2501
2019-06-02 22-48-12,436,21.1304,36.2367
2019-06-02 22-48-14,435,21.2006,36.2367
2019-06-02 22-48-16,435,21.1319,36.2501
2019-06-02 22-48-18,434,21.199,36.2074
2019-06-02 22-48-20,435,21.2189,36.194
2019-06-02 22-48-22,435,21.2173,36.178
2019-06-02 22-48-26,435,21.2494,36.1379
2019-06-02 22-48-28,434,21.2128,36.1059
2019-06-02 22-48-30,434,21.3333,36.0925
2019-06-02 22-48-32,434,21.2814,36.0925
2019-06-02 22-48-34,434,21.3333,36.0925
2019-06-02 22-48-36,435,21.3333,36.0792
2019-06-02 22-48-38,435,21.3333,36.0925
2019-06-02 22-48-42,434,21.3318,36.0632
2019-06-02 22-48-44,434,21.2967,36.0632
2019-06-02 22-48-46,434,21.2967,36.0632
2019-06-02 22-48-48,435,21.3501,36.0632
2019-06-02 22-48-50,434,21.3287,36.0071
2019-06-02 22-48-52,434,21.3135,36.0365
2019-06-02 22-48-54,434,21.3699,36.0792
2019-06-02 22-48-56,434,21.4203,36.0498
2019-06-02 22-49-00,434,21.4203,36.0498
2019-06-02 22-49-02,434,21.3501,36.0792
2019-06-02 22-49-04,434,21.3181,36.1059
2019-06-02 22-49-06,434,21.3745,36.1379
2019-06-02 22-49-08,433,21.286,36.1513
2019-06-02 22-49-10,433,21.2692,36.1646
2019-06-02 22-49-12,434,21.2189,36.2207
2019-06-02 22-49-16,434,21.1136,36.2501
2019-06-02 22-49-18,434,21.0449,36.2928
2019-06-02 22-49-20,433,21.0632,36.3062
2019-06-02 22-49-22,433,20.9946,36.3329
2019-06-02 22-49-24,433,21.0495,36.3623
2019-06-02 22-49-26,434,21.0129,36.3489
2019-06-02 22-49-28,434,21.0663,36.3489
2019-06-02 22-49-30,435,21.0495,36.389
2019-06-02 22-49-34,435,21.0159,36.3756
2019-06-02 22-49-36,436,21.0159,36.3623
2019-06-02 22-49-38,435,21.0312,36.3623
2019-06-02 22-49-41,436,21.0663,36.3623
2019-06-02 22-49-43,436,21.0678,36.389
2019-06-02 22-49-45,436,21.0495,36.3756
2019-06-02 22-49-47,436,21.0495,36.389
2019-06-02 22-49-49,436,21.0861,36.3489
2019-06-02 22-49-53,437,21.1578,36.3623
2019-06-02 22-49-55,437,21.1182,36.3195
2019-06-02 22-49-57,438,21.1349,36.2928
2019-06-02 22-49-59,439,21.1502,36.2768
2019-06-02 22-50-01,439,21.2219,36.2501
2019-06-02 22-50-03,439,21.2006,36.2207
2019-06-02 22-50-05,440,21.199,36.2074
2019-06-02 22-50-09,440,21.286,36.1513
2019-06-02 22-50-11,440,21.3043,36.1646
2019-06-02 22-50-13,439,21.3181,36.1059
2019-06-02 22-50-15,439,21.2463,36.1059
2019-06-02 22-50-17,439,21.283,36.1059
2019-06-02 22-50-19,439,21.2997,36.0925
2019-06-02 22-50-21,439,21.2967,36.0792
2019-06-02 22-50-23,439,21.2967,36.0792
2019-06-02 22-50-27,438,21.3333,36.0925
2019-06-02 22-50-29,438,21.3699,36.0632
2019-06-02 22-50-31,438,21.315,36.0792
2019-06-02 22-50-33,438,21.4233,36.0925
2019-06-02 22-50-35,437,21.402,36.0365
2019-06-02 22-50-37,438,21.3867,36.0498
2019-06-02 22-50-39,437,21.489,36.0231
2019-06-02 22-50-41,437,21.5057,36.0071
2019-06-02 22-50-45,437,21.4874,35.9937
2019-06-02 22-50-47,436,21.4844,35.967
2019-06-02 22-50-49,436,21.4874,35.9804
2019-06-02 22-50-51,437,21.4691,35.9804
2019-06-02 22-50-53,437,21.4874,35.9804
2019-06-02 22-50-55,436,21.4508,35.9804
2019-06-02 22-50-57,436,21.4005,35.9937
2019-06-02 22-51-01,437,21.4508,35.9804
2019-06-02 22-51-03,438,21.4874,35.9937
2019-06-02 22-51-05,437,21.5759,35.9804
2019-06-02 22-51-07,437,21.5027,35.9804
2019-06-02 22-51-09,438,21.4188,36.0231
2019-06-02 22-51-11,438,21.4005,36.0071
2019-06-02 22-51-13,438,21.4508,35.967
2019-06-02 22-51-15,438,21.4844,35.951
2019-06-02 22-51-19,438,21.5378,35.9243
2019-06-02 22-51-21,438,21.5561,35.9243
2019-06-02 22-51-23,438,21.608,35.9243
2019-06-02 22-51-25,438,21.553,35.911
2019-06-02 22-51-27,438,21.5393,35.9377
2019-06-02 22-51-29,438,21.5012,35.951
2019-06-02 22-51-31,438,21.5714,35.911
2019-06-02 22-51-33,438,21.4828,35.911
2019-06-02 22-51-37,438,21.5561,35.9243
2019-06-02 22-51-39,438,21.4661,35.9377
2019-06-02 22-51-41,438,21.4691,35.9804
2019-06-02 22-51-43,438,21.4874,36.0071
2019-06-02 22-51-45,438,21.3867,36.0632
2019-06-02 22-51-47,438,21.3699,36.0792
2019-06-02 22-51-49,438,21.3181,36.1059
2019-06-02 22-51-53,438,21.3013,36.1192
2019-06-02 22-51-55,438,21.286,36.1646
2019-06-02 22-51-57,439,21.286,36.1646
2019-06-02 22-51-59,439,21.2692,36.1646
2019-06-02 22-52-01,439,21.199,36.194
2019-06-02 22-52-03,439,21.1304,36.2367
2019-06-02 22-52-05,440,21.0587,36.2501
2019-06-02 22-52-07,439,21.0434,36.2768
2019-06-02 22-52-11,439,21.0297,36.3195
2019-06-02 22-52-13,440,21.048,36.3195
2019-06-02 22-52-15,440,21.0449,36.2928
2019-06-02 22-52-17,441,21.1166,36.2768
2019-06-02 22-52-19,441,21.1166,36.2635
2019-06-02 22-52-21,442,21.1487,36.2501
2019-06-02 22-52-23,442,21.1487,36.2501
2019-06-02 22-52-27,442,21.1273,36.194
2019-06-02 22-52-29,443,21.196,36.1646
2019-06-02 22-52-31,444,21.3196,36.1646
2019-06-02 22-52-33,444,21.2677,36.1379
2019-06-02 22-52-35,445,21.3882,36.0792
2019-06-02 22-52-37,445,21.3516,36.0925
2019-06-02 22-52-39,445,21.373,36.1059
2019-06-02 22-52-41,444,21.373,36.1192
2019-06-02 22-52-45,443,21.3181,36.1192
2019-06-02 22-52-47,443,21.3196,36.1379
2019-06-02 22-52-49,443,21.3013,36.1192
2019-06-02 22-52-51,442,21.3181,36.1059
2019-06-02 22-52-53,443,21.3516,36.0925
2019-06-02 22-52-55,442,21.3501,36.0792
2019-06-02 22-52-57,441,21.3699,36.0792
2019-06-02 22-52-59,441,21.3333,36.0925
2019-06-02 22-53-03,441,21.3745,36.1513
2019-06-02 22-53-05,441,21.3745,36.1379
2019-06-02 22-53-07,441,21.3516,36.1192
2019-06-02 22-53-09,442,21.3013,36.1192
2019-06-02 22-53-11,443,21.3364,36.1379
2019-06-02 22-53-13,443,21.3913,36.1379
2019-06-02 22-53-15,442,21.2509,36.1513
2019-06-02 22-53-19,442,21.3196,36.1513
2019-06-02 22-53-21,443,21.286,36.1379
2019-06-02 22-53-23,442,21.3013,36.1192
2019-06-02 22-53-25,443,21.2677,36.1379
2019-06-02 22-53-27,442,21.2677,36.1379
2019-06-02 22-53-29,442,21.2692,36.1646
2019-06-02 22-53-31,442,21.3043,36.1646
2019-06-02 22-53-33,441,21.3776,36.178
2019-06-02 22-53-37,441,21.2692,36.178
2019-06-02 22-53-39,442,21.2692,36.1646
2019-06-02 22-53-41,442,21.2723,36.2074
2019-06-02 22-53-43,441,21.2906,36.2207
2019-06-02 22-53-45,442,21.2875,36.2074
2019-06-02 22-53-47,442,21.3089,36.2501
2019-06-02 22-53-49,441,21.2402,36.2635
2019-06-02 22-53-53,441,21.2234,36.2635
2019-06-02 22-53-55,442,21.2051,36.3195
2019-06-02 22-53-57,442,21.2051,36.2928
2019-06-02 22-53-59,442,21.2418,36.2928
2019-06-02 22-54-01,442,21.1685,36.2928
2019-06-02 22-54-03,443,21.1853,36.2768
2019-06-02 22-54-05,443,21.1365,36.3195
2019-06-02 22-54-07,443,21.1716,36.3329
2019-06-02 22-54-11,443,21.1731,36.3489
2019-06-02 22-54-13,443,21.1227,36.3756
2019-06-02 22-54-15,442,21.0526,36.405
2019-06-02 22-54-17,442,21.0709,36.4183
2019-06-02 22-54-19,442,21.0526,36.405
2019-06-02 22-54-21,443,21.0709,36.4317
2019-06-02 22-54-23,443,20.9671,36.4611
2019-06-02 22-54-25,443,20.9717,36.5011
2019-06-02 22-54-29,443,20.9534,36.4878
2019-06-02 22-54-31,444,20.8832,36.5171
2019-06-02 22-54-33,444,20.9579,36.5599
2019-06-02 22-54-35,444,20.8694,36.5732
2019-06-02 22-54-37,444,20.871,36.6453
2019-06-02 22-54-39,444,20.7504,36.6747
2019-06-02 22-54-41,444,20.8054,36.6747
2019-06-02 22-54-45,445,20.7657,36.6587
2019-06-02 22-54-47,445,20.7291,36.632
2019-06-02 22-54-49,445,20.784,36.632
2019-06-02 22-54-51,445,20.7642,36.6186
2019-06-02 22-54-53,445,20.8008,36.6026
2019-06-02 22-54-55,444,20.816,36.6026
2019-06-02 22-54-57,444,20.816,36.6026
2019-06-02 22-54-59,444,20.8511,36.5599
2019-06-02 22-55-03,444,20.8664,36.5438
2019-06-02 22-55-05,443,20.8481,36.5305
2019-06-02 22-55-07,444,20.8298,36.5305
2019-06-02 22-55-09,443,20.8618,36.4744
2019-06-02 22-55-11,443,20.8786,36.445
2019-06-02 22-55-14,443,20.9106,36.4317
2019-06-02 22-55-16,443,20.9305,36.405
2019-06-02 22-55-20,443,20.9976,36.3489
2019-06-02 22-55-22,443,21.0449,36.2928
2019-06-02 22-55-24,442,21.0434,36.2768
2019-06-02 22-55-26,442,21.1136,36.2501
2019-06-02 22-55-28,442,21.1487,36.2207
2019-06-02 22-55-30,442,21.1639,36.2207
2019-06-02 22-55-32,441,21.2189,36.194
2019-06-02 22-55-34,440,21.2509,36.1513
2019-06-02 22-55-38,440,21.2997,36.0925
2019-06-02 22-55-40,440,21.3867,36.0632
2019-06-02 22-55-42,440,21.4371,36.0071
2019-06-02 22-55-44,441,21.5027,35.967
2019-06-02 22-55-46,440,21.4661,35.951
2019-06-02 22-55-48,440,21.4981,35.911
2019-06-02 22-55-50,440,21.5164,35.8816
2019-06-02 22-55-54,440,21.5668,35.8549
2019-06-02 22-55-56,440,21.6034,35.8682
2019-06-02 22-55-58,440,21.6522,35.8122
2019-06-02 22-56-00,439,21.6492,35.7828
2019-06-02 22-56-02,439,21.6888,35.7828
2019-06-02 22-56-04,439,21.7209,35.7561
2019-06-02 22-56-06,439,21.7041,35.7561
2019-06-02 22-56-08,439,21.6675,35.7401
2019-06-02 22-56-12,438,21.6675,35.7267
2019-06-02 22-56-14,438,21.611,35.7
2019-06-02 22-56-16,438,21.7346,35.7
2019-06-02 22-56-18,438,21.7316,35.668
2019-06-02 22-56-20,437,21.8399,35.668
2019-06-02 22-56-22,437,21.8399,35.6546
2019-06-02 22-56-24,437,21.8369,35.6252
2019-06-02 22-56-28,437,21.8903,35.6252
2019-06-02 22-56-30,436,21.8536,35.5852
2019-06-02 22-56-32,437,21.9406,35.5852
2019-06-02 22-56-34,437,21.9009,35.5558
2019-06-02 22-56-36,437,21.9376,35.5558
2019-06-02 22-56-38,437,21.9742,35.5425
2019-06-02 22-56-40,437,21.9727,35.5291
2019-06-02 22-56-42,437,21.9559,35.5291
2019-06-02 22-56-46,437,21.9543,35.5131
2019-06-02 22-56-48,436,22.0062,35.4997
2019-06-02 22-56-50,437,22.0413,35.4864
2019-06-02 22-56-52,437,22.0566,35.473
2019-06-02 22-56-54,436,21.9696,35.473
2019-06-02 22-56-56,436,22.1283,35.473
2019-06-02 22-56-58,436,22.1115,35.473
2019-06-02 22-57-00,436,22.0734,35.457
2019-06-02 22-57-04,436,22.1283,35.457
2019-06-02 22-57-06,436,22.1619,35.457
2019-06-02 22-57-08,436,22.0917,35.473
2019-06-02 22-57-10,435,22.0932,35.5131
2019-06-02 22-57-12,435,22.1161,35.5425
2019-06-02 22-57-14,435,22.0963,35.5558
2019-06-02 22-57-16,435,22.0612,35.5558
2019-06-02 22-57-20,436,21.9925,35.5558
2019-06-02 22-57-22,436,22.1146,35.5291
2019-06-02 22-57-24,436,22.0596,35.5131
2019-06-02 22-57-26,436,22.0413,35.4864
2019-06-02 22-57-28,436,22.0245,35.5131
2019-06-02 22-57-30,436,22.0276,35.5692
2019-06-02 22-57-32,436,21.9925,35.5692
2019-06-02 22-57-34,436,21.9238,35.6252
2019-06-02 22-57-38,436,21.9055,35.6252
2019-06-02 22-57-40,436,21.8399,35.668
2019-06-02 22-57-42,436,21.8231,35.6813
2019-06-02 22-57-44,436,21.7712,35.7134
2019-06-02 22-57-46,436,21.7041,35.7561
2019-06-02 22-57-48,437,21.7026,35.7401
2019-06-02 22-57-50,437,21.6492,35.7561
2019-06-02 22-57-54,437,21.6522,35.7961
2019-06-02 22-57-56,438,21.6339,35.7961
2019-06-02 22-57-58,438,21.5805,35.7961
2019-06-02 22-58-00,439,21.6354,35.8122
2019-06-02 22-58-02,438,21.6537,35.8255
2019-06-02 22-58-04,439,21.6171,35.7961
2019-06-02 22-58-06,439,21.6034,35.8682
2019-06-02 22-58-08,440,21.6217,35.8816
2019-06-02 22-58-12,440,21.5897,35.9243
2019-06-02 22-58-14,441,21.521,35.9243
2019-06-02 22-58-16,441,21.4828,35.9377
2019-06-02 22-58-18,441,21.5576,35.967
2019-06-02 22-58-20,441,21.5027,35.967
2019-06-02 22-58-22,441,21.4874,35.9937
2019-06-02 22-58-24,441,21.5286,36.0498
2019-06-02 22-58-28,442,21.489,36.0365
2019-06-02 22-58-30,443,21.4188,36.0071
2019-06-02 22-58-32,442,21.434,35.9937
2019-06-02 22-58-34,442,21.4523,36.0071
2019-06-02 22-58-36,443,21.402,36.0231
2019-06-02 22-58-38,443,21.4386,36.0632
2019-06-02 22-58-40,444,21.347,36.0365
2019-06-02 22-58-42,444,21.4203,36.0498
2019-06-02 22-58-46,444,21.3501,36.0498
2019-06-02 22-58-48,445,21.3837,36.0231
2019-06-02 22-58-50,445,21.4157,35.9804
2019-06-02 22-58-52,445,21.4478,35.9377
2019-06-02 22-58-54,445,21.521,35.9377
2019-06-02 22-58-56,445,21.553,35.911
2019-06-02 22-58-58,445,21.5347,35.8949
2019-06-02 22-59-00,445,21.5881,35.8949
2019-06-02 22-59-04,445,21.4966,35.8682
2019-06-02 22-59-06,445,21.5851,35.8549
2019-06-02 22-59-08,446,21.6019,35.8255
2019-06-02 22-59-10,446,21.5988,35.7961
2019-06-02 22-59-12,446,21.6125,35.7401
2019-06-02 22-59-14,446,21.6843,35.7267
2019-06-02 22-59-16,447,21.6995,35.7
2019-06-02 22-59-20,447,21.7316,35.668
2019-06-02 22-59-22,447,21.7819,35.6252
2019-06-02 22-59-24,446,21.8231,35.668
2019-06-02 22-59-26,446,21.7636,35.6119
2019-06-02 22-59-28,446,21.8002,35.6119
2019-06-02 22-59-30,446,21.8536,35.6119
2019-06-02 22-59-32,446,21.8002,35.5985
2019-06-02 22-59-34,446,21.7453,35.5852
2019-06-02 22-59-38,446,21.817,35.5852
2019-06-02 22-59-40,446,21.8323,35.5558
2019-06-02 22-59-42,446,21.8674,35.5425
2019-06-02 22-59-44,446,21.8994,35.5131
2019-06-02 22-59-46,446,21.936,35.5425
2019-06-02 22-59-48,445,21.9559,35.5291
2019-06-02 22-59-50,444,21.9559,35.5291
2019-06-02 22-59-54,444,21.9009,35.5558
2019-06-02 22-59-56,444,21.8689,35.5852
2019-06-02 22-59-58,444,21.8353,35.5985
2019-06-02 23-00-00,444,21.8536,35.5985
2019-06-02 23-00-02,445,21.9055,35.6119
2019-06-02 23-00-04,445,21.8719,35.5985
2019-06-02 23-00-06,444,21.8185,35.6119
2019-06-02 23-00-08,444,21.8872,35.5985
2019-06-02 23-00-12,444,21.8719,35.6119
2019-06-02 23-00-14,444,21.9421,35.6252
2019-06-02 23-00-16,443,21.8903,35.6413
2019-06-02 23-00-18,444,21.9406,35.6119
2019-06-02 23-00-20,444,21.8872,35.5985
2019-06-02 23-00-22,444,21.9223,35.5985
2019-06-02 23-00-24,444,21.8689,35.5852
2019-06-02 23-00-28,444,21.9772,35.5852
2019-06-02 23-00-30,443,21.9406,35.5852
2019-06-02 23-00-32,443,22.0459,35.5852
2019-06-02 23-00-34,443,21.9406,35.5852
2019-06-02 23-00-36,443,21.9238,35.6252
2019-06-02 23-00-38,443,21.8903,35.6119
2019-06-02 23-00-40,443,21.9238,35.6252
2019-06-02 23-00-42,443,21.9055,35.6252
2019-06-02 23-00-46,444,21.9055,35.6119
2019-06-02 23-00-48,443,21.8872,35.5985
2019-06-02 23-00-50,443,21.8903,35.6119
2019-06-02 23-00-52,443,21.904,35.5852
2019-06-02 23-00-54,443,21.8536,35.5985
2019-06-02 23-00-56,443,21.8689,35.5852
2019-06-02 23-00-58,443,21.8323,35.5692
2019-06-02 23-01-02,444,21.8536,35.5852
2019-06-02 23-01-05,444,21.8872,35.5852
2019-06-02 23-01-07,444,21.8872,35.5852
2019-06-02 23-01-09,444,21.8689,35.5852
2019-06-02 23-01-11,444,21.8719,35.5985
2019-06-02 23-01-13,444,21.8719,35.6119
2019-06-02 23-01-15,444,21.8185,35.6252
2019-06-02 23-01-17,444,21.8216,35.6413
2019-06-02 23-01-21,445,21.8918,35.6546
2019-06-02 23-01-23,445,21.8262,35.7
2019-06-02 23-01-25,445,21.8262,35.7134
2019-06-02 23-01-27,445,21.7545,35.7401
2019-06-02 23-01-29,445,21.7041,35.7561
2019-06-02 23-01-31,444,21.7392,35.7561
2019-06-02 23-01-33,445,21.6675,35.7561
2019-06-02 23-01-35,445,21.6858,35.7694
2019-06-02 23-01-39,445,21.5988,35.7828
2019-06-02 23-01-41,445,21.7041,35.7828
2019-06-02 23-01-43,445,21.6522,35.7961
2019-06-02 23-01-45,445,21.6888,35.7828
2019-06-02 23-01-47,445,21.6858,35.7694
2019-06-02 23-01-49,446,21.6858,35.7561
2019-06-02 23-01-51,446,21.7361,35.7134
2019-06-02 23-01-55,446,21.7865,35.7134
2019-06-02 23-01-57,446,21.7682,35.668
2019-06-02 23-01-59,446,21.7819,35.6413
2019-06-02 23-02-01,446,21.7667,35.6413
2019-06-02 23-02-03,446,21.8216,35.6413
2019-06-02 23-02-05,446,21.8216,35.6413
2019-06-02 23-02-07,446,21.8536,35.6119
2019-06-02 23-02-09,445,21.8369,35.6119
2019-06-02 23-02-13,445,21.8872,35.5985
2019-06-02 23-02-15,445,21.9009,35.5558
2019-06-02 23-02-17,446,21.9193,35.5558
2019-06-02 23-02-19,446,21.9009,35.5558
2019-06-02 23-02-21,446,21.933,35.5131
2019-06-02 23-02-23,446,21.9543,35.4864
2019-06-02 23-02-25,446,21.9696,35.4864
2019-06-02 23-02-29,446,21.9864,35.473
2019-06-02 23-02-31,446,22.0886,35.4437
2019-06-02 23-02-33,446,22.0886,35.4303
2019-06-02 23-02-35,446,22.052,35.4009
2019-06-02 23-02-37,446,22.142,35.3876
2019-06-02 23-02-39,445,22.1939,35.4009
2019-06-02 23-02-41,445,22.139,35.3742
2019-06-02 23-02-43,445,22.139,35.3582
2019-06-02 23-02-47,445,22.1924,35.3876
2019-06-02 23-02-49,445,22.171,35.3315
2019-06-02 23-02-51,445,22.2107,35.3742
2019-06-02 23-02-53,445,22.2107,35.3742
2019-06-02 23-02-55,444,22.2244,35.3449
2019-06-02 23-02-57,445,22.2107,35.3742
2019-06-02 23-02-59,444,22.1207,35.3582
2019-06-02 23-03-01,444,22.11,35.4303
2019-06-02 23-03-05,444,22.0703,35.4303
2019-06-02 23-03-07,443,22.052,35.4143
2019-06-02 23-03-09,444,22.0886,35.4437
2019-06-02 23-03-11,444,22.0367,35.4303
2019-06-02 23-03-13,444,22.0886,35.4303
2019-06-02 23-03-15,444,22.0551,35.457
2019-06-02 23-03-17,444,22.1115,35.473
2019-06-02 23-03-21,444,22.0383,35.473
2019-06-02 23-03-23,445,22.0383,35.473
2019-06-02 23-03-25,445,22.0047,35.473
2019-06-02 23-03-27,445,21.9513,35.473
2019-06-02 23-03-29,445,21.9681,35.457
2019-06-02 23-03-31,446,22.0383,35.457
2019-06-02 23-03-33,446,22.02,35.457
2019-06-02 23-03-35,446,22.052,35.4143
2019-06-02 23-03-39,447,22.0337,35.4009
2019-06-02 23-03-41,448,22.0688,35.4009
2019-06-02 23-03-43,447,22.1054,35.3742
2019-06-02 23-03-45,447,22.0505,35.3742
2019-06-02 23-03-47,448,22.1893,35.3582
2019-06-02 23-03-49,449,22.1191,35.3315
2019-06-02 23-03-51,449,22.1024,35.3315
2019-06-02 23-03-55,448,22.171,35.3182
2019-06-02 23-03-57,448,22.1893,35.3315
2019-06-02 23-03-59,449,22.2061,35.3182
2019-06-02 23-04-01,448,22.2443,35.3315
2019-06-02 23-04-03,448,22.1878,35.3182
2019-06-02 23-04-05,448,22.1695,35.2888
2019-06-02 23-04-07,448,22.2427,35.3182
2019-06-02 23-04-09,447,22.2427,35.3021
2019-06-02 23-04-13,447,22.1878,35.3182
2019-06-02 23-04-15,447,22.1527,35.3182
2019-06-02 23-04-17,447,22.1558,35.3582
2019-06-02 23-04-19,447,22.2107,35.4009
2019-06-02 23-04-21,446,22.2107,35.3876
2019-06-02 23-04-23,446,22.1756,35.4009
2019-06-02 23-04-25,447,22.139,35.3742
2019-06-02 23-04-27,447,22.0657,35.3742
2019-06-02 23-04-31,446,22.1573,35.3876
2019-06-02 23-04-33,447,22.142,35.3876
2019-06-02 23-04-35,447,22.0154,35.4009
2019-06-02 23-04-37,447,22.0337,35.3876
2019-06-02 23-04-39,447,22.0474,35.3582
2019-06-02 23-04-41,447,22.0505,35.3742
2019-06-02 23-04-43,447,22.084,35.3876
2019-06-02 23-04-47,447,22.1558,35.3449
2019-06-02 23-04-49,447,22.0825,35.3315
2019-06-02 23-04-51,447,22.1375,35.3315
2019-06-02 23-04-53,448,22.1878,35.3182
2019-06-02 23-04-55,448,22.171,35.3315
2019-06-02 23-04-57,448,22.2061,35.3182
2019-06-02 23-04-59,448,22.1527,35.3021
2019-06-02 23-05-01,448,22.2427,35.2888
2019-06-02 23-05-05,448,22.2427,35.3021
2019-06-02 23-05-07,448,22.258,35.2754
2019-06-02 23-05-09,449,22.2198,35.2621
2019-06-02 23-05-11,449,22.2565,35.246
2019-06-02 23-05-13,448,22.258,35.2754
2019-06-02 23-05-15,448,22.1848,35.2754
2019-06-02 23-05-17,447,22.1695,35.3021
2019-06-02 23-05-21,447,22.1695,35.3021
2019-06-02 23-05-23,446,22.139,35.3742
2019-06-02 23-05-25,447,22.1054,35.3876
2019-06-02 23-05-27,446,22.0734,35.457
2019-06-02 23-05-29,446,22.1466,35.473
2019-06-02 23-05-31,446,22.1512,35.5291
2019-06-02 23-05-33,446,22.0657,35.6252
2019-06-02 23-05-35,446,21.9452,35.668
2019-06-02 23-05-39,447,21.9315,35.7401
2019-06-02 23-05-41,447,21.8811,35.7561
2019-06-02 23-05-43,448,21.7911,35.7694
2019-06-02 23-05-45,448,21.846,35.7694
2019-06-02 23-05-47,449,21.8262,35.7267
2019-06-02 23-05-49,449,21.7896,35.7267
2019-06-02 23-05-51,449,21.8124,35.7828
2019-06-02 23-05-55,450,21.8124,35.7694
2019-06-02 23-05-57,450,21.7575,35.7828
2019-06-02 23-05-59,450,21.7072,35.7961
2019-06-02 23-06-01,451,21.7224,35.7828
2019-06-02 23-06-03,452,21.7575,35.7828
2019-06-02 23-06-05,452,21.6888,35.7828
2019-06-02 23-06-07,452,21.7407,35.7828
2019-06-02 23-06-09,452,21.7041,35.7828
2019-06-02 23-06-13,451,21.7392,35.7694
2019-06-02 23-06-15,452,21.5988,35.7828
2019-06-02 23-06-17,452,21.7209,35.7561
2019-06-02 23-06-19,452,21.6858,35.7561
2019-06-02 23-06-21,452,21.7041,35.7694
2019-06-02 23-06-23,452,21.6492,35.7561
2019-06-02 23-06-25,452,21.7911,35.7561
2019-06-02 23-06-27,452,21.7896,35.7267
2019-06-02 23-06-31,451,21.7896,35.7401
2019-06-02 23-06-33,450,21.7712,35.7134
2019-06-02 23-06-35,450,21.7209,35.7401
2019-06-02 23-06-37,450,21.7041,35.7561
2019-06-02 23-06-39,449,21.6705,35.7694
2019-06-02 23-06-41,449,21.6721,35.8122
2019-06-02 23-06-43,449,21.6385,35.8682
2019-06-02 23-06-47,448,21.521,35.9243
2019-06-02 23-06-49,448,21.3974,35.967
2019-06-02 23-06-51,448,21.4188,36.0071
2019-06-02 23-06-53,448,21.3501,36.0498
2019-06-02 23-06-56,448,21.3333,36.1059
2019-06-02 23-06-58,449,21.2494,36.1379
2019-06-02 23-07-00,450,21.3196,36.1379
2019-06-02 23-07-02,451,21.3181,36.1192
2019-06-02 23-07-06,452,21.3333,36.0925
2019-06-02 23-07-08,452,21.3501,36.0792
2019-06-02 23-07-10,452,21.3501,36.0498
2019-06-02 23-07-12,452,21.3867,36.0632
2019-06-02 23-07-14,452,21.3287,36.0231
2019-06-02 23-07-16,451,21.3684,36.0498
2019-06-02 23-07-18,451,21.315,36.0632
2019-06-02 23-07-22,451,21.347,36.0365
2019-06-02 23-07-24,450,21.3501,36.0498
2019-06-02 23-07-26,451,21.3135,36.0231
2019-06-02 23-07-28,451,21.3501,36.0498
2019-06-02 23-07-30,451,21.3699,36.0792
2019-06-02 23-07-32,450,21.4233,36.0792
2019-06-02 23-07-34,450,21.405,36.0498
2019-06-02 23-07-36,450,21.4203,36.0498
2019-06-02 23-07-40,451,21.434,35.9937
2019-06-02 23-07-42,450,21.4523,35.9937
2019-06-02 23-07-44,450,21.5256,35.9937
2019-06-02 23-07-46,450,21.5424,35.9804
2019-06-02 23-07-48,450,21.5027,35.967
2019-06-02 23-07-50,450,21.4844,35.967
2019-06-02 23-07-52,450,21.521,35.9377
2019-06-02 23-07-56,450,21.4645,35.9243
2019-06-02 23-07-58,450,21.5012,35.9243
2019-06-02 23-08-00,450,21.5393,35.951
2019-06-02 23-08-02,449,21.521,35.951
2019-06-02 23-08-04,449,21.5256,35.9937
2019-06-02 23-08-06,449,21.4371,36.0071
2019-06-02 23-08-08,448,21.3867,36.0365
2019-06-02 23-08-10,448,21.3547,36.1379
2019-06-02 23-08-14,447,21.3196,36.1646
2019-06-02 23-08-16,447,21.2173,36.1646
2019-06-02 23-08-18,447,21.1807,36.194
2019-06-02 23-08-20,447,21.2219,36.2367
2019-06-02 23-08-22,447,21.1823,36.2207
2019-06-02 23-08-24,448,21.1121,36.2207
2019-06-02 23-08-26,448,21.1487,36.2367
2019-06-02 23-08-28,448,21.1853,36.2501
2019-06-02 23-08-32,447,21.0953,36.2367
2019-06-02 23-08-34,447,21.1853,36.2501
2019-06-02 23-08-36,447,21.1853,36.2768
2019-06-02 23-08-38,448,21.0617,36.2928
2019-06-02 23-08-40,448,21.048,36.3195
2019-06-02 23-08-42,447,21.0861,36.3489
2019-06-02 23-08-44,447,21.0663,36.3623
2019-06-02 23-08-48,447,21.0892,36.389
2019-06-02 23-08-50,449,21.0495,36.389
2019-06-02 23-08-52,449,21.0495,36.389
2019-06-02 23-08-54,449,21.0526,36.405
2019-06-02 23-08-56,450,20.9991,36.389
2019-06-02 23-08-58,451,20.961,36.3329
2019-06-02 23-09-00,451,21.0297,36.3195
2019-06-02 23-09-02,450,21.0083,36.2768
2019-06-02 23-09-06,450,21.0403,36.2207
2019-06-02 23-09-08,450,21.1456,36.2074
2019-06-02 23-09-10,451,21.1441,36.1513
2019-06-02 23-09-12,451,21.3013,36.1192
2019-06-02 23-09-14,450,21.2967,36.0792
2019-06-02 23-09-16,450,21.3287,36.0365
2019-06-02 23-09-18,450,21.3287,36.0365
2019-06-02 23-09-20,449,21.3684,36.0231
2019-06-02 23-09-24,448,21.4523,36.0071
2019-06-02 23-09-26,447,21.4188,36.0231
2019-06-02 23-09-28,447,21.4188,36.0231
2019-06-02 23-09-30,446,21.4005,35.9937
2019-06-02 23-09-32,446,21.3974,35.967
2019-06-02 23-09-34,446,21.4325,35.9377
2019-06-02 23-09-36,446,21.4661,35.9377
2019-06-02 23-09-40,445,21.5378,35.9243
2019-06-02 23-09-42,445,21.5714,35.8949
2019-06-02 23-09-44,445,21.5164,35.8816
2019-06-02 23-09-46,445,21.5668,35.8255
2019-06-02 23-09-48,446,21.6522,35.8122
2019-06-02 23-09-50,446,21.6705,35.7828
2019-06-02 23-09-52,446,21.6705,35.7694
2019-06-02 23-09-54,446,21.7392,35.7694
2019-06-02 23-09-58,444,21.6675,35.7267
2019-06-02 23-10-00,444,21.7224,35.7694
2019-06-02 23-10-02,444,21.6888,35.7961
2019-06-02 23-10-04,443,21.6568,35.8682
2019-06-02 23-10-06,443,21.6385,35.8549
2019-06-02 23-10-08,442,21.6064,35.8949
2019-06-02 23-10-10,441,21.5881,35.8949
2019-06-02 23-10-14,441,21.4874,35.9804
2019-06-02 23-10-16,442,21.4844,35.967
2019-06-02 23-10-18,442,21.524,35.9804
2019-06-02 23-10-20,442,21.4691,35.9804
2019-06-02 23-10-22,442,21.5057,35.9937
2019-06-02 23-10-24,443,21.4706,36.0231
2019-06-02 23-10-26,444,21.4554,36.0498
2019-06-02 23-10-28,443,21.4569,36.0632
2019-06-02 23-10-32,443,21.492,36.0498
2019-06-02 23-10-34,443,21.4737,36.0632
2019-06-02 23-10-36,444,21.4233,36.0632
2019-06-02 23-10-38,444,21.4752,36.0925
2019-06-02 23-10-40,444,21.3913,36.1059
2019-06-02 23-10-42,445,21.373,36.1192
2019-06-02 23-10-44,445,21.2692,36.1646
2019-06-02 23-10-46,446,21.3379,36.1646
2019-06-02 23-10-50,446,21.3562,36.194
2019-06-02 23-10-52,447,21.3379,36.1646
2019-06-02 23-10-54,448,21.3562,36.178
2019-06-02 23-10-56,447,21.3379,36.178
2019-06-02 23-10-58,448,21.3196,36.1646
2019-06-02 23-11-00,448,21.2875,36.178
2019-06-02 23-11-02,448,21.286,36.1513
2019-06-02 23-11-06,449,21.2646,36.1059
2019-06-02 23-11-08,449,21.315,36.0792
2019-06-02 23-11-10,449,21.3501,36.0498
2019-06-02 23-11-12,450,21.3821,35.9937
2019-06-02 23-11-14,450,21.4157,35.967
2019-06-02 23-11-16,450,21.521,35.9377
2019-06-02 23-11-18,449,21.5378,35.911
2019-06-02 23-11-20,449,21.6934,35.8549
2019-06-02 23-11-24,449,21.6354,35.8122
2019-06-02 23-11-26,449,21.6721,35.7961
2019-06-02 23-11-28,449,21.7041,35.7694
2019-06-02 23-11-30,449,21.7712,35.7267
2019-06-02 23-11-32,448,21.8079,35.7134
2019-06-02 23-11-34,447,21.8262,35.7267
2019-06-02 23-11-36,446,21.9131,35.7
2019-06-02 23-11-40,446,21.7865,35.7
2019-06-02 23-11-42,446,21.8399,35.668
2019-06-02 23-11-44,445,21.8597,35.7267
2019-06-02 23-11-46,446,21.8445,35.7134
2019-06-02 23-11-48,445,21.8262,35.7134
2019-06-02 23-11-50,445,21.8781,35.7267
2019-06-02 23-11-52,445,21.8277,35.7401
2019-06-02 23-11-54,444,21.7911,35.7828
2019-06-02 23-11-58,443,21.7575,35.7828
2019-06-02 23-12-00,444,21.7438,35.8255
2019-06-02 23-12-02,444,21.759,35.8122
2019-06-02 23-12-04,445,21.7438,35.8389
2019-06-02 23-12-06,445,21.6934,35.8549
2019-06-02 23-12-08,446,21.6583,35.9243
2019-06-02 23-12-10,446,21.6248,35.9243
2019-06-02 23-12-12,446,21.608,35.9377
2019-06-02 23-12-16,446,21.6034,35.8816
2019-06-02 23-12-18,447,21.6385,35.8682
2019-06-02 23-12-20,448,21.6385,35.8682
2019-06-02 23-12-22,448,21.6949,35.8816
2019-06-02 23-12-24,447,21.5393,35.951
2019-06-02 23-12-26,448,21.5927,35.967
2019-06-02 23-12-28,447,21.5424,35.9937
2019-06-02 23-12-32,447,21.5256,36.0231
2019-06-02 23-12-34,448,21.4737,36.0365
2019-06-02 23-12-36,449,21.4554,36.0498
2019-06-02 23-12-38,449,21.4005,36.0071
2019-06-02 23-12-41,450,21.4523,36.0071
2019-06-02 23-12-43,450,21.4706,36.0231
2019-06-02 23-12-45,449,21.4371,36.0365
2019-06-02 23-12-47,449,21.4417,36.0792
2019-06-02 23-12-51,449,21.3867,36.0632
2019-06-02 23-12-53,449,21.4249,36.1192
2019-06-02 23-12-55,450,21.3333,36.1059
2019-06-02 23-12-57,450,21.3333,36.1059
2019-06-02 23-12-59,450,21.283,36.1192
2019-06-02 23-13-01,451,21.3699,36.0792
2019-06-02 23-13-03,451,21.402,36.0231
2019-06-02 23-13-07,451,21.3684,36.0231
2019-06-02 23-13-09,450,21.4554,36.0231
2019-06-02 23-13-11,450,21.4737,36.0365
2019-06-02 23-13-13,450,21.3867,36.0498
2019-06-02 23-13-15,450,21.4523,36.0071
2019-06-02 23-13-17,449,21.4554,36.0365
2019-06-02 23-13-19,449,21.4737,36.0498
2019-06-02 23-13-21,448,21.3882,36.0792
2019-06-02 23-13-25,448,21.4233,36.0632
2019-06-02 23-13-27,448,21.4066,36.1059
2019-06-02 23-13-29,449,21.3516,36.0925
2019-06-02 23-13-31,449,21.3364,36.1192
2019-06-02 23-13-33,450,21.3516,36.1192
2019-06-02 23-13-35,450,21.3181,36.0925
2019-06-02 23-13-37,450,21.315,36.0792
2019-06-02 23-13-39,451,21.3699,36.0632
2019-06-02 23-13-43,452,21.402,36.0365
2019-06-02 23-13-45,451,21.4874,36.0071
2019-06-02 23-13-47,451,21.5027,35.9804
2019-06-02 23-13-49,451,21.5576,35.951
2019-06-02 23-13-51,451,21.553,35.8816
2019-06-02 23-13-53,451,21.5698,35.8682
2019-06-02 23-13-55,451,21.6217,35.8682
2019-06-02 23-13-59,451,21.6202,35.8549
2019-06-02 23-14-01,451,21.6202,35.8389
2019-06-02 23-14-03,450,21.6522,35.8122
2019-06-02 23-14-05,450,21.6721,35.7961
2019-06-02 23-14-07,450,21.7392,35.7694
2019-06-02 23-14-09,449,21.6858,35.7561
2019-06-02 23-14-11,448,21.7712,35.7267
2019-06-02 23-14-13,448,21.7361,35.7267
2019-06-02 23-14-17,448,21.8079,35.7
2019-06-02 23-14-19,448,21.7346,35.6813
2019-06-02 23-14-21,448,21.8216,35.6546
2019-06-02 23-14-23,448,21.8033,35.6252
2019-06-02 23-14-25,448,21.8903,35.6119
2019-06-02 23-14-27,447,21.9009,35.5558
2019-06-02 23-14-29,448,21.9742,35.5425
2019-06-02 23-14-31,447,21.9543,35.5131
2019-06-02 23-14-35,447,22.0245,35.5131
2019-06-02 23-14-37,448,22.0932,35.4997
2019-06-02 23-14-39,448,22.0367,35.4303
2019-06-02 23-14-41,448,22.0734,35.457
2019-06-02 23-14-43,448,22.052,35.4143
2019-06-02 23-14-45,447,22.1069,35.4143
2019-06-02 23-14-47,447,22.1252,35.4303
2019-06-02 23-14-51,446,22.0734,35.4437
2019-06-02 23-14-53,445,22.1069,35.4143
2019-06-02 23-14-55,446,22.1573,35.3742
2019-06-02 23-14-57,446,22.1558,35.3449
2019-06-02 23-14-59,446,22.2244,35.3449
2019-06-02 23-15-01,446,22.261,35.3315
2019-06-02 23-15-03,446,22.2427,35.3021
2019-06-02 23-15-05,446,22.2763,35.2888
2019-06-02 23-15-09,446,22.3114,35.2754
2019-06-02 23-15-11,446,22.3068,35.2327
2019-06-02 23-15-13,446,22.2748,35.2621
2019-06-02 23-15-15,445,22.3434,35.2621
2019-06-02 23-15-17,445,22.3404,35.2327
2019-06-02 23-15-19,445,22.377,35.2327
2019-06-02 23-15-21,444,22.377,35.2327
2019-06-02 23-15-25,444,22.3953,35.2167
2019-06-02 23-15-27,444,22.3404,35.2167
2019-06-02 23-15-29,443,22.4167,35.2621
2019-06-02 23-15-31,443,22.3434,35.2621
2019-06-02 23-15-33,442,22.3251,35.246
2019-06-02 23-15-35,442,22.29,35.246
2019-06-02 23-15-37,443,22.3434,35.246
2019-06-02 23-15-39,442,22.3251,35.246
2019-06-02 23-15-43,442,22.3251,35.246
2019-06-02 23-15-45,442,22.3083,35.2621
2019-06-02 23-15-47,442,22.3083,35.246
2019-06-02 23-15-49,442,22.3221,35.2167
2019-06-02 23-15-51,442,22.3587,35.246
2019-06-02 23-15-53,442,22.3755,35.2167
2019-06-02 23-15-55,443,22.3251,35.246
2019-06-02 23-15-57,442,22.3083,35.246
2019-06-02 23-16-01,443,22.3953,35.2167
2019-06-02 23-16-03,443,22.3068,35.2167
2019-06-02 23-16-05,443,22.4121,35.2033
2019-06-02 23-16-07,443,22.3038,35.2033
2019-06-02 23-16-09,443,22.3541,35.174
2019-06-02 23-16-11,444,22.3038,35.1873
2019-06-02 23-16-13,444,22.2855,35.174
2019-06-02 23-16-15,444,22.3541,35.1606
2019-06-02 23-16-19,444,22.2855,35.1606
2019-06-02 23-16-21,444,22.3541,35.174
2019-06-02 23-16-23,444,22.4274,35.174
2019-06-02 23-16-25,444,22.3724,35.1606
2019-06-02 23-16-27,444,22.4091,35.1472
2019-06-02 23-16-29,445,22.3541,35.1472
2019-06-02 23-16-31,445,22.3907,35.1472
2019-06-02 23-16-35,445,22.2672,35.1606
2019-06-02 23-16-37,445,22.3892,35.1179
2019-06-02 23-16-39,445,22.3907,35.1312
2019-06-02 23-16-41,445,22.3343,35.1179
2019-06-02 23-16-43,445,22.4091,35.1472
2019-06-02 23-16-45,445,22.4579,35.1045
2019-06-02 23-16-47,445,22.4915,35.0912
2019-06-02 23-16-49,445,22.5098,35.0912
2019-06-02 23-16-53,445,22.4228,35.1045
2019-06-02 23-16-55,445,22.4411,35.1045
2019-06-02 23-16-57,445,22.4396,35.0751
2019-06-02 23-16-59,446,22.4579,35.0912
2019-06-02 23-17-01,446,22.5464,35.1045
2019-06-02 23-17-03,446,22.5082,35.0618
2019-06-02 23-17-05,445,22.4731,35.0912
2019-06-02 23-17-09,445,22.4548,35.0751
2019-06-02 23-17-11,445,22.4899,35.0484
2019-06-02 23-17-13,445,22.5464,35.0751
2019-06-02 23-17-15,445,22.4899,35.0484
2019-06-02 23-17-17,445,22.4899,35.0484
2019-06-02 23-17-19,445,22.5449,35.0484
2019-06-02 23-17-21,445,22.5769,35.0324
2019-06-02 23-17-23,445,22.5601,35.0324
2019-06-02 23-17-27,445,22.5769,35.0057
2019-06-02 23-17-29,445,22.6105,35.0057
2019-06-02 23-17-31,445,22.5601,35.0191
2019-06-02 23-17-33,445,22.5922,34.9924
2019-06-02 23-17-35,445,22.5586,35.0057
2019-06-02 23-17-37,445,22.5586,34.9924
2019-06-02 23-17-39,444,22.5739,34.9763
2019-06-02 23-17-43,445,22.6608,34.9763
2019-06-02 23-17-45,444,22.6608,34.9763
2019-06-02 23-17-47,444,22.641,34.9496
2019-06-02 23-17-49,444,22.6593,34.963
2019-06-02 23-17-51,444,22.7325,34.963
2019-06-02 23-17-53,444,22.6593,34.963
2019-06-02 23-17-55,444,22.641,34.9496
2019-06-02 23-17-57,444,22.6746,34.9363
2019-06-02 23-18-01,443,22.6242,34.963
2019-06-02 23-18-03,443,22.6593,34.9496
2019-06-02 23-18-05,443,22.6746,34.9363
2019-06-02 23-18-07,443,22.6593,34.9496
2019-06-02 23-18-09,442,22.6974,34.9496
2019-06-02 23-18-11,442,22.6593,34.9363
2019-06-02 23-18-13,442,22.6746,34.9363
2019-06-02 23-18-15,443,22.6059,34.9363
2019-06-02 23-18-19,442,22.6746,34.9363
2019-06-02 23-18-21,442,22.7142,34.9363
2019-06-02 23-18-23,442,22.7142,34.9363
2019-06-02 23-18-25,443,22.7112,34.9203
2019-06-02 23-18-28,443,22.7615,34.8802
2019-06-02 23-18-30,442,22.728,34.9069
2019-06-02 23-18-32,442,22.7798,34.8936
2019-06-02 23-18-36,442,22.8149,34.8802
2019-06-02 23-18-38,442,22.7463,34.9069
2019-06-02 23-18-40,442,22.7097,34.8802
2019-06-02 23-18-42,442,22.673,34.8936
2019-06-02 23-18-44,442,22.728,34.8802
2019-06-02 23-18-46,442,22.728,34.8802
2019-06-02 23-18-48,442,22.7783,34.8642
2019-06-02 23-18-50,442,22.7783,34.8802
2019-06-02 23-18-54,442,22.6913,34.8802
2019-06-02 23-18-56,442,22.7432,34.8642
2019-06-02 23-18-58,442,22.7463,34.8936
2019-06-02 23-19-00,441,22.7783,34.8802
2019-06-02 23-19-02,442,22.7432,34.8802
2019-06-02 23-19-04,441,22.7249,34.8508
2019-06-02 23-19-06,441,22.7783,34.8508
2019-06-02 23-19-10,441,22.8119,34.8508
2019-06-02 23-19-12,442,22.8104,34.8375
2019-06-02 23-19-14,442,22.8485,34.8508
2019-06-02 23-19-16,442,22.8485,34.8375
2019-06-02 23-19-18,442,22.8485,34.8375
2019-06-02 23-19-20,442,22.8104,34.8241
2019-06-02 23-19-22,442,22.8806,34.8081
2019-06-02 23-19-24,442,22.8287,34.8081
2019-06-02 23-19-28,442,22.8302,34.8241
2019-06-02 23-19-30,442,22.8287,34.8081
2019-06-02 23-19-32,442,22.8073,34.7948
2019-06-02 23-19-34,441,22.8073,34.8081
2019-06-02 23-19-36,441,22.8104,34.8241
2019-06-02 23-19-38,441,22.7737,34.8081
2019-06-02 23-19-40,440,22.7753,34.8241
2019-06-02 23-19-42,440,22.8104,34.8241
2019-06-02 23-19-46,440,22.7234,34.8241
2019-06-02 23-19-48,440,22.7753,34.8375
2019-06-02 23-19-50,440,22.7921,34.8241
2019-06-02 23-19-52,440,22.8104,34.8375
2019-06-02 23-19-54,440,22.7921,34.8081
2019-06-02 23-19-56,440,22.8622,34.7948
2019-06-02 23-19-58,440,22.8622,34.7814
2019-06-02 23-20-02,439,22.8073,34.7948
2019-06-02 23-20-04,439,22.8073,34.8081
2019-06-02 23-20-06,439,22.879,34.7814
2019-06-02 23-20-08,439,22.9156,34.7948
2019-06-02 23-20-10,440,22.9294,34.7494
2019-06-02 23-20-12,439,22.8943,34.7494
2019-06-02 23-20-14,440,22.879,34.7814
2019-06-02 23-20-16,440,22.8424,34.7494
2019-06-02 23-20-20,441,22.8256,34.7494
2019-06-02 23-20-22,441,22.8607,34.7494
2019-06-02 23-20-24,441,22.8439,34.7681
2019-06-02 23-20-26,441,22.9126,34.7494
2019-06-02 23-20-28,441,22.9126,34.7681
2019-06-02 23-20-30,441,22.8943,34.7681
2019-06-02 23-20-32,441,22.8439,34.7681
2019-06-02 23-20-36,441,22.8622,34.7814
2019-06-02 23-20-38,441,22.8439,34.7814
2019-06-02 23-20-40,441,22.8439,34.7681
2019-06-02 23-20-42,441,22.7707,34.7814
2019-06-02 23-20-44,441,22.789,34.7814
2019-06-02 23-20-46,441,22.7737,34.7948
2019-06-02 23-20-48,441,22.789,34.7948
2019-06-02 23-20-50,441,22.7554,34.7948
2019-06-02 23-20-54,441,22.8287,34.7814
2019-06-02 23-20-56,441,22.8973,34.7948
2019-06-02 23-20-58,441,22.8973,34.7814
2019-06-02 23-21-00,441,22.8607,34.7681
2019-06-02 23-21-02,442,22.8287,34.7814
2019-06-02 23-21-04,442,22.8424,34.7494
2019-06-02 23-21-06,442,22.7707,34.7681
2019-06-02 23-21-08,442,22.7707,34.7814
2019-06-02 23-21-12,442,22.789,34.7814
2019-06-02 23-21-14,442,22.789,34.7681
2019-06-02 23-21-16,442,22.7707,34.7814
2019-06-02 23-21-18,442,22.8073,34.7814
2019-06-02 23-21-20,443,22.8607,34.7681
2019-06-02 23-21-22,443,22.9294,34.7494
2019-06-02 23-21-24,443,22.9126,34.7681
2019-06-02 23-21-28,443,22.876,34.736
2019-06-02 23-21-30,443,22.8943,34.736
2019-06-02 23-21-32,444,22.879,34.7681
2019-06-02 23-21-34,444,22.876,34.7227
2019-06-02 23-21-36,443,22.876,34.736
2019-06-02 23-21-38,444,22.8577,34.736
2019-06-02 23-21-40,443,22.9126,34.7494
2019-06-02 23-21-44,443,22.8577,34.736
2019-06-02 23-21-46,444,22.8241,34.736
2019-06-02 23-21-48,444,22.876,34.7227
2019-06-02 23-21-50,444,22.8027,34.736
2019-06-02 23-21-52,444,22.8027,34.736
2019-06-02 23-21-54,444,22.8439,34.7814
2019-06-02 23-21-56,444,22.7875,34.7494
2019-06-02 23-21-58,444,22.8058,34.7494
2019-06-02 23-22-02,444,22.8424,34.7494
2019-06-02 23-22-04,444,22.8607,34.7494
2019-06-02 23-22-06,444,22.8424,34.7494
2019-06-02 23-22-08,444,22.879,34.7681
2019-06-02 23-22-10,444,22.8058,34.7494
2019-06-02 23-22-12,443,22.8607,34.7681
2019-06-02 23-22-14,444,22.8058,34.7494
2019-06-02 23-22-16,444,22.8439,34.7814
2019-06-02 23-22-20,443,22.8058,34.7681
2019-06-02 23-22-22,444,22.8241,34.736
2019-06-02 23-22-24,444,22.8256,34.7681
2019-06-02 23-22-26,445,22.8439,34.7814
2019-06-02 23-22-28,445,22.8241,34.736
2019-06-02 23-22-30,445,22.8577,34.736
2019-06-02 23-22-32,445,22.8943,34.736
2019-06-02 23-22-36,445,22.9111,34.7227
2019-06-02 23-22-38,445,22.876,34.7494
2019-06-02 23-22-40,445,22.8424,34.736
2019-06-02 23-22-42,444,22.8241,34.736
2019-06-02 23-22-44,444,22.876,34.736
2019-06-02 23-22-46,445,22.876,34.7494
2019-06-02 23-22-48,445,22.876,34.736
2019-06-02 23-22-50,444,22.8577,34.736
2019-06-02 23-22-54,444,22.876,34.736
2019-06-02 23-22-56,444,22.8424,34.7494
2019-06-02 23-22-58,444,22.8577,34.7227
2019-06-02 23-23-00,444,22.8241,34.736
2019-06-02 23-23-02,444,22.8424,34.7494
2019-06-02 23-23-04,444,22.8394,34.7227
2019-06-02 23-23-06,444,22.8394,34.7227
2019-06-02 23-23-10,443,22.876,34.736
2019-06-02 23-23-12,443,22.8394,34.7093
2019-06-02 23-23-14,444,22.8928,34.7227
2019-06-02 23-23-16,444,22.876,34.7227
2019-06-02 23-23-18,444,22.9263,34.7093
2019-06-02 23-23-20,444,22.908,34.7093
2019-06-02 23-23-22,445,22.908,34.7093
2019-06-02 23-23-24,445,22.908,34.7093
2019-06-02 23-23-28,445,22.8897,34.6666
2019-06-02 23-23-30,445,22.9248,34.6666
2019-06-02 23-23-32,445,22.9431,34.6799
2019-06-02 23-23-34,445,22.9431,34.6799
2019-06-02 23-23-36,445,22.9584,34.6666
2019-06-02 23-23-38,445,22.9584,34.6666
2019-06-02 23-23-40,445,22.9401,34.6666
2019-06-02 23-23-44,445,23.0118,34.6372
2019-06-02 23-23-46,445,22.9935,34.6105
2019-06-02 23-23-48,446,23.0621,34.6239
2019-06-02 23-23-50,447,23.027,34.6239
2019-06-02 23-23-52,446,23.0453,34.6239
2019-06-02 23-23-54,446,22.9935,34.6239
2019-06-02 23-23-56,446,23.0453,34.6372
2019-06-02 23-23-58,445,23.0118,34.6239
2019-06-02 23-24-02,446,22.9767,34.6372
2019-06-02 23-24-04,446,23.0301,34.6532
2019-06-02 23-24-06,446,22.998,34.6799
2019-06-02 23-24-08,445,22.9248,34.6799
2019-06-02 23-24-10,445,22.9813,34.7093
2019-06-02 23-24-12,445,22.9614,34.6933
2019-06-02 23-24-14,445,22.908,34.6933
2019-06-02 23-24-18,445,22.9248,34.6799
2019-06-02 23-24-20,446,22.8745,34.6933
2019-06-02 23-24-23,446,22.908,34.6933
2019-06-02 23-24-25,446,22.9248,34.6799
2019-06-02 23-24-27,446,22.8897,34.6799
2019-06-02 23-24-29,447,22.9248,34.6666
2019-06-02 23-24-31,447,22.9248,34.6933
2019-06-02 23-24-33,448,22.9034,34.6372
2019-06-02 23-24-37,448,22.9218,34.6372
2019-06-02 23-24-39,448,22.9385,34.6372
2019-06-02 23-24-41,448,22.8882,34.6532
2019-06-02 23-24-43,447,22.9385,34.6372
2019-06-02 23-24-45,447,22.9568,34.6532
2019-06-02 23-24-47,446,22.9248,34.6799
2019-06-02 23-24-49,446,22.9263,34.7227
2019-06-02 23-24-53,446,22.963,34.7227
2019-06-02 23-24-55,446,22.9248,34.6933
2019-06-02 23-24-57,447,22.8928,34.7093
2019-06-02 23-24-59,447,22.8943,34.7494
2019-06-02 23-25-01,447,22.8928,34.7093
2019-06-02 23-25-03,447,22.9111,34.7227
2019-06-02 23-25-05,447,22.876,34.7227
2019-06-02 23-25-07,446,22.8577,34.7227
2019-06-02 23-25-11,446,22.8394,34.7227
2019-06-02 23-25-13,447,22.8241,34.7227
2019-06-02 23-25-15,446,22.8256,34.7494
2019-06-02 23-25-17,446,22.8424,34.736
2019-06-02 23-25-19,446,22.7554,34.7814
2019-06-02 23-25-21,446,22.789,34.7681
2019-06-02 23-25-23,446,22.7554,34.7814
2019-06-02 23-25-25,446,22.7341,34.736
2019-06-02 23-25-29,446,22.7707,34.7681
2019-06-02 23-25-31,447,22.8241,34.7227
2019-06-02 23-25-33,447,22.8027,34.736
2019-06-02 23-25-35,448,22.8424,34.736
2019-06-02 23-25-37,448,22.8424,34.736
2019-06-02 23-25-39,448,22.8745,34.7093
2019-06-02 23-25-41,448,22.8058,34.7494
2019-06-02 23-25-45,448,22.8241,34.736
2019-06-02 23-25-47,448,22.8607,34.7681
2019-06-02 23-25-49,449,22.8058,34.7681
2019-06-02 23-25-51,448,22.8241,34.736
2019-06-02 23-25-53,448,22.876,34.7227
2019-06-02 23-25-55,447,22.8394,34.7093
2019-06-02 23-25-57,448,22.8394,34.7227
2019-06-02 23-25-59,448,22.8943,34.7494
2019-06-02 23-26-03,447,22.8607,34.7494
2019-06-02 23-26-05,447,22.7844,34.7093
2019-06-02 23-26-07,447,22.8256,34.7681
2019-06-02 23-26-09,447,22.821,34.7093
2019-06-02 23-26-11,447,22.8577,34.736
2019-06-02 23-26-13,448,22.7509,34.7093
2019-06-02 23-26-15,448,22.8577,34.7227
2019-06-02 23-26-19,448,22.8394,34.6933
2019-06-02 23-26-21,448,22.8012,34.6933
2019-06-02 23-26-23,448,22.8394,34.6933
2019-06-02 23-26-25,448,22.8027,34.7093
2019-06-02 23-26-27,448,22.8897,34.6933
2019-06-02 23-26-29,447,22.908,34.7093
2019-06-02 23-26-31,448,22.963,34.7227
2019-06-02 23-26-33,448,22.8561,34.6933
2019-06-02 23-26-37,448,22.8745,34.6933
2019-06-02 23-26-39,448,22.876,34.7227
2019-06-02 23-26-41,449,22.8745,34.7093
2019-06-02 23-26-43,449,22.8561,34.6933
2019-06-02 23-26-45,449,22.7844,34.7227
2019-06-02 23-26-47,448,22.7692,34.7227
2019-06-02 23-26-49,448,22.8241,34.7227
2019-06-02 23-26-51,448,22.8577,34.736
2019-06-02 23-26-55,448,22.8424,34.7494
2019-06-02 23-26-57,449,22.8577,34.7093
2019-06-02 23-26-59,449,22.8745,34.6933
2019-06-02 23-27-01,449,22.8745,34.6933
2019-06-02 23-27-03,449,22.821,34.7093
2019-06-02 23-27-05,450,22.821,34.6933
2019-06-02 23-27-07,450,22.8577,34.7093
2019-06-02 23-27-11,450,22.8897,34.6799
2019-06-02 23-27-13,449,22.8378,34.6799
2019-06-02 23-27-15,449,22.8714,34.6799
2019-06-02 23-27-17,449,22.908,34.7093
2019-06-02 23-27-19,450,22.8714,34.6799
2019-06-02 23-27-21,450,22.8745,34.6933
2019-06-02 23-27-23,449,22.8561,34.6933
2019-06-02 23-27-25,449,22.8714,34.6799
2019-06-02 23-27-29,448,22.8561,34.6933
2019-06-02 23-27-31,449,22.821,34.6933
2019-06-02 23-27-33,449,22.908,34.6933
2019-06-02 23-27-35,448,22.8882,34.6532
2019-06-02 23-27-37,449,22.8897,34.6933
2019-06-02 23-27-39,449,22.8012,34.6933
2019-06-02 23-27-41,449,22.8714,34.6666
2019-06-02 23-27-45,449,22.8745,34.6933
2019-06-02 23-27-47,449,22.821,34.7093
2019-06-02 23-27-49,449,22.8378,34.6799
2019-06-02 23-27-51,450,22.8897,34.6666
2019-06-02 23-27-53,450,22.908,34.6933
2019-06-02 23-27-55,449,22.8378,34.6666
2019-06-02 23-27-57,449,22.8561,34.6799
2019-06-02 23-27-59,449,22.9248,34.6799
2019-06-02 23-28-03,449,22.8561,34.6799
2019-06-02 23-28-05,450,22.8561,34.6799
2019-06-02 23-28-07,450,22.8714,34.6799
2019-06-02 23-28-09,449,22.821,34.6799
2019-06-02 23-28-11,449,22.8394,34.7093
2019-06-02 23-28-13,449,22.8561,34.6799
2019-06-02 23-28-15,449,22.8561,34.6933
2019-06-02 23-28-19,449,22.8012,34.6933
2019-06-02 23-28-21,449,22.7661,34.6799
2019-06-02 23-28-23,449,22.8531,34.6666
2019-06-02 23-28-25,449,22.8561,34.6933
2019-06-02 23-28-27,449,22.8378,34.6666
2019-06-02 23-28-29,449,22.8745,34.7093
2019-06-02 23-28-31,449,22.8378,34.6799
2019-06-02 23-28-33,449,22.8378,34.6799
2019-06-02 23-28-37,449,22.8897,34.6933
2019-06-02 23-28-39,448,22.8928,34.7093
2019-06-02 23-28-41,449,22.908,34.6799
2019-06-02 23-28-43,448,22.821,34.6799
2019-06-02 23-28-45,449,22.8714,34.6666
2019-06-02 23-28-47,449,22.908,34.6799
2019-06-02 23-28-49,448,22.8531,34.6666
2019-06-02 23-28-51,448,22.8394,34.7093
2019-06-02 23-28-55,448,22.8561,34.6933
2019-06-02 23-28-57,448,22.821,34.6933
2019-06-02 23-28-59,448,22.8394,34.6933
2019-06-02 23-29-01,448,22.821,34.6799
2019-06-02 23-29-03,448,22.821,34.6933
2019-06-02 23-29-05,448,22.7661,34.6933
2019-06-02 23-29-07,449,22.8561,34.6799
2019-06-02 23-29-11,449,22.8714,34.6799
2019-06-02 23-29-13,449,22.8012,34.6799
2019-06-02 23-29-15,449,22.7478,34.6799
2019-06-02 23-29-17,449,22.7844,34.6933
2019-06-02 23-29-19,449,22.821,34.6933
2019-06-02 23-29-21,449,22.821,34.6799
2019-06-02 23-29-23,449,22.8012,34.6933
2019-06-02 23-29-25,449,22.8745,34.6933
2019-06-02 23-29-29,449,22.8714,34.6666
2019-06-02 23-29-31,449,22.821,34.6799
2019-06-02 23-29-33,449,22.8745,34.6933
2019-06-02 23-29-35,449,22.8714,34.6666
2019-06-02 23-29-37,449,22.9065,34.6666
2019-06-02 23-29-39,449,22.8897,34.6666
2019-06-02 23-29-41,449,22.8897,34.6933
2019-06-02 23-29-45,449,22.8577,34.7093
2019-06-02 23-29-47,449,22.908,34.7093
2019-06-02 23-29-49,448,22.8394,34.7227
2019-06-02 23-29-51,449,22.8256,34.7494
2019-06-02 23-29-53,448,22.7692,34.736
2019-06-02 23-29-55,449,22.7524,34.736
2019-06-02 23-29-57,449,22.7509,34.7093
2019-06-02 23-29-59,450,22.7509,34.7227
2019-06-02 23-30-03,450,22.8394,34.7093
2019-06-02 23-30-06,450,22.7509,34.7093
2019-06-02 23-30-08,450,22.821,34.6799
2019-06-02 23-30-10,450,22.8394,34.6933
2019-06-02 23-30-12,450,22.8561,34.6933
2019-06-02 23-30-14,451,22.7982,34.6666
2019-06-02 23-30-16,451,22.8378,34.6799
2019-06-02 23-30-18,450,22.8561,34.6799
2019-06-02 23-30-22,450,22.821,34.6933
2019-06-02 23-30-24,450,22.7844,34.6933
2019-06-02 23-30-26,450,22.7661,34.6933
2019-06-02 23-30-28,450,22.821,34.7093
2019-06-02 23-30-30,450,22.7478,34.6933
2019-06-02 23-30-32,451,22.8012,34.6933
2019-06-02 23-30-34,451,22.8012,34.6799
2019-06-02 23-30-38,451,22.8745,34.6933
2019-06-02 23-30-40,451,22.7661,34.6933
2019-06-02 23-30-42,451,22.7844,34.7093
2019-06-02 23-30-44,451,22.7829,34.6799
2019-06-02 23-30-46,450,22.7844,34.6933
2019-06-02 23-30-48,450,22.8241,34.736
2019-06-02 23-30-50,450,22.8607,34.7681
2019-06-02 23-30-52,450,22.8027,34.7227
2019-06-02 23-30-56,450,22.7875,34.736
2019-06-02 23-30-58,450,22.6837,34.7494
2019-06-02 23-31-00,450,22.7188,34.7494
2019-06-02 23-31-02,450,22.7844,34.7227
2019-06-02 23-31-04,450,22.8577,34.736
2019-06-02 23-31-06,450,22.7692,34.7227
2019-06-02 23-31-08,450,22.7341,34.736
2019-06-02 23-31-12,450,22.7524,34.736
2019-06-02 23-31-14,450,22.8241,34.736
2019-06-02 23-31-16,449,22.7509,34.7227
2019-06-02 23-31-18,450,22.7509,34.7093
2019-06-02 23-31-20,450,22.7844,34.6933
2019-06-02 23-31-22,450,22.821,34.6799
2019-06-02 23-31-24,451,22.8378,34.6799
2019-06-02 23-31-26,451,22.8378,34.6666
2019-06-02 23-31-30,450,22.9065,34.6666
2019-06-02 23-31-32,450,22.8745,34.6933
2019-06-02 23-31-34,450,22.8348,34.6372
2019-06-02 23-31-36,450,22.8531,34.6372
2019-06-02 23-31-38,450,22.8714,34.6666
2019-06-02 23-31-40,449,22.8714,34.6532
2019-06-02 23-31-42,450,22.8897,34.6666
2019-06-02 23-31-44,450,22.8348,34.6532
2019-06-02 23-31-48,450,22.8714,34.6532
2019-06-02 23-31-50,450,22.8531,34.6372
2019-06-02 23-31-52,450,22.8882,34.6372
2019-06-02 23-31-54,450,22.8531,34.6532
2019-06-02 23-31-56,450,22.8714,34.6532
2019-06-02 23-31-58,450,22.8348,34.6532
2019-06-02 23-32-00,449,22.7982,34.6532
2019-06-02 23-32-04,449,22.7966,34.6372
2019-06-02 23-32-06,449,22.8195,34.6532
2019-06-02 23-32-08,448,22.8714,34.6666
2019-06-02 23-32-10,449,22.8531,34.6666
2019-06-02 23-32-12,448,22.8714,34.6799
2019-06-02 23-32-14,448,22.8378,34.6666
2019-06-02 23-32-16,447,22.7829,34.6666
2019-06-02 23-32-18,447,22.7966,34.6372
2019-06-02 23-32-22,447,22.8561,34.6799
2019-06-02 23-32-24,447,22.9248,34.6666
2019-06-02 23-32-26,447,22.8897,34.6666
2019-06-02 23-32-28,447,22.8714,34.6799
2019-06-02 23-32-30,447,22.8394,34.7093
2019-06-02 23-32-32,447,22.7661,34.6799
2019-06-02 23-32-34,446,22.7646,34.6666
2019-06-02 23-32-36,446,22.8012,34.6799
2019-06-02 23-32-40,446,22.7478,34.6933
2019-06-02 23-32-42,446,22.7829,34.6666
2019-06-02 23-32-44,446,22.8394,34.6933
2019-06-02 23-32-46,446,22.7829,34.6799
2019-06-02 23-32-48,446,22.8378,34.6666
2019-06-02 23-32-50,446,22.8012,34.6933
2019-06-02 23-32-52,446,22.821,34.6933
2019-06-02 23-32-56,446,22.8714,34.6799
2019-06-02 23-32-58,446,22.8378,34.6799
2019-06-02 23-33-00,446,22.821,34.7093
2019-06-02 23-33-02,446,22.7509,34.7093
2019-06-02 23-33-04,446,22.7692,34.7227
2019-06-02 23-33-06,446,22.7661,34.7093
2019-06-02 23-33-08,446,22.7341,34.736
2019-06-02 23-33-10,446,22.7509,34.7093
2019-06-02 23-33-14,446,22.7692,34.736
2019-06-02 23-33-16,446,22.8027,34.7227
2019-06-02 23-33-18,446,22.7509,34.7227
2019-06-02 23-33-20,446,22.7875,34.736
2019-06-02 23-33-22,446,22.7661,34.7093
2019-06-02 23-33-24,446,22.8027,34.7093
2019-06-02 23-33-26,447,22.8027,34.7093
2019-06-02 23-33-30,447,22.8012,34.6933
2019-06-02 23-33-32,447,22.7844,34.7093
2019-06-02 23-33-34,447,22.821,34.7093
2019-06-02 23-33-36,447,22.7661,34.7093
2019-06-02 23-33-38,446,22.7478,34.6933
2019-06-02 23-33-40,447,22.7844,34.7093
2019-06-02 23-33-42,447,22.7875,34.736
2019-06-02 23-33-44,446,22.7692,34.736
2019-06-02 23-33-48,447,22.7707,34.7681
2019-06-02 23-33-50,446,22.7554,34.7948
2019-06-02 23-33-52,446,22.6868,34.7948
2019-06-02 23-33-54,446,22.7203,34.7948
2019-06-02 23-33-56,446,22.5998,34.8375
2019-06-02 23-33-58,446,22.6151,34.8081
2019-06-02 23-34-00,446,22.6334,34.8241
2019-06-02 23-34-02,446,22.5998,34.8375
2019-06-02 23-34-06,446,22.6318,34.8081
2019-06-02 23-34-08,446,22.6868,34.7814
2019-06-02 23-34-10,446,22.6868,34.7814
2019-06-02 23-34-12,446,22.7203,34.7948
2019-06-02 23-34-14,446,22.7203,34.7814
2019-06-02 23-34-16,447,22.7188,34.7681
2019-06-02 23-34-18,447,22.6639,34.7494
2019-06-02 23-34-22,447,22.7524,34.7494
2019-06-02 23-34-24,447,22.7005,34.7494
2019-06-02 23-34-26,448,22.7524,34.736
2019-06-02 23-34-28,448,22.7707,34.7494
2019-06-02 23-34-30,448,22.7844,34.7227
2019-06-02 23-34-32,448,22.8577,34.7227
2019-06-02 23-34-34,448,22.7661,34.6933
2019-06-02 23-34-36,448,22.7509,34.7093
2019-06-02 23-34-40,447,22.7661,34.6933
2019-06-02 23-34-42,447,22.7844,34.6933
2019-06-02 23-34-44,448,22.7844,34.7093
2019-06-02 23-34-46,447,22.8012,34.6933
2019-06-02 23-34-48,447,22.8561,34.6799
2019-06-02 23-34-50,447,22.821,34.6799
2019-06-02 23-34-52,447,22.7982,34.6666
2019-06-02 23-34-54,447,22.7142,34.6933
2019-06-02 23-34-58,447,22.8394,34.7093
2019-06-02 23-35-00,447,22.7982,34.6666
2019-06-02 23-35-02,448,22.7661,34.6933
2019-06-02 23-35-04,448,22.7295,34.6799
2019-06-02 23-35-06,447,22.7646,34.6666
2019-06-02 23-35-08,447,22.7325,34.6933
2019-06-02 23-35-10,447,22.8027,34.7093
2019-06-02 23-35-14,447,22.8027,34.7093
2019-06-02 23-35-16,448,22.7829,34.6666
2019-06-02 23-35-18,448,22.8378,34.6666
2019-06-02 23-35-20,448,22.8531,34.6532
2019-06-02 23-35-22,448,22.7966,34.6372
2019-06-02 23-35-24,448,22.7966,34.6372
2019-06-02 23-35-26,448,22.8195,34.6532
2019-06-02 23-35-28,448,22.8348,34.6372
2019-06-02 23-35-32,448,22.8195,34.6532
2019-06-02 23-35-34,448,22.7646,34.6666
2019-06-02 23-35-36,448,22.8378,34.6799
2019-06-02 23-35-38,448,22.8714,34.6799
2019-06-02 23-35-40,448,22.8531,34.6666
2019-06-02 23-35-42,448,22.8378,34.6799
2019-06-02 23-35-44,448,22.7615,34.6372
2019-06-02 23-35-48,448,22.8577,34.7227
2019-06-02 23-35-50,448,22.7829,34.6799
2019-06-02 23-35-53,448,22.7661,34.6933
2019-06-02 23-35-55,447,22.7982,34.6666
2019-06-02 23-35-57,447,22.8195,34.6532
2019-06-02 23-35-59,448,22.821,34.6799
2019-06-02 23-36-01,448,22.8195,34.6532
2019-06-02 23-36-03,447,22.8195,34.6532
2019-06-02 23-36-07,448,22.8378,34.6799
2019-06-02 23-36-09,448,22.7829,34.6666
2019-06-02 23-36-11,448,22.7982,34.6666
2019-06-02 23-36-13,448,22.8531,34.6666
2019-06-02 23-36-15,448,22.7661,34.6799
2019-06-02 23-36-17,448,22.7478,34.6799
2019-06-02 23-36-19,448,22.7982,34.6666
2019-06-02 23-36-23,447,22.821,34.6799
2019-06-02 23-36-25,448,22.8531,34.6666
2019-06-02 23-36-27,447,22.7844,34.6933
2019-06-02 23-36-29,447,22.8195,34.6666
2019-06-02 23-36-31,448,22.8714,34.6799
2019-06-02 23-36-33,448,22.821,34.6799
2019-06-02 23-36-35,448,22.7646,34.6532
2019-06-02 23-36-37,448,22.8348,34.6532
2019-06-02 23-36-41,448,22.8012,34.6799
2019-06-02 23-36-43,449,22.8012,34.6799
2019-06-02 23-36-45,448,22.7112,34.6666
2019-06-02 23-36-47,448,22.8531,34.6666
2019-06-02 23-36-49,448,22.8012,34.6799
2019-06-02 23-36-51,448,22.8012,34.6933
2019-06-02 23-36-53,448,22.8378,34.6799
2019-06-02 23-36-55,448,22.7661,34.6933
2019-06-02 23-36-59,449,22.7829,34.6666
2019-06-02 23-37-01,449,22.8195,34.6666
2019-06-02 23-37-03,449,22.7661,34.6799
2019-06-02 23-37-05,449,22.7646,34.6666
2019-06-02 23-37-07,449,22.8012,34.6799
2019-06-02 23-37-09,449,22.821,34.6933
2019-06-02 23-37-11,449,22.7112,34.6666
2019-06-02 23-37-15,450,22.7112,34.6666
2019-06-02 23-37-17,450,22.7829,34.6666
2019-06-02 23-37-19,450,22.7982,34.6666
2019-06-02 23-37-21,450,22.7646,34.6532
2019-06-02 23-37-23,450,22.8195,34.6666
2019-06-02 23-37-25,451,22.821,34.6799
2019-06-02 23-37-27,451,22.8012,34.6799
2019-06-02 23-37-29,451,22.7829,34.6666
2019-06-02 23-37-33,451,22.7646,34.6666
2019-06-02 23-37-35,450,22.7966,34.6372
2019-06-02 23-37-37,450,22.7463,34.6532
2019-06-02 23-37-39,450,22.7295,34.6666
2019-06-02 23-37-41,451,22.7661,34.7093
2019-06-02 23-37-43,451,22.7646,34.6532
2019-06-02 23-37-45,451,22.7829,34.6799
2019-06-02 23-37-47,452,22.7798,34.6532
2019-06-02 23-37-51,452,22.8012,34.6799
2019-06-02 23-37-53,452,22.7798,34.6532
2019-06-02 23-37-55,452,22.8531,34.6666
2019-06-02 23-37-57,452,22.821,34.6799
2019-06-02 23-37-59,452,22.7829,34.6666
2019-06-02 23-38-01,452,22.8348,34.6532
2019-06-02 23-38-03,453,22.7798,34.6372
2019-06-02 23-38-07,453,22.7829,34.6799
2019-06-02 23-38-09,453,22.7829,34.6666
2019-06-02 23-38-11,452,22.8531,34.6372
2019-06-02 23-38-13,452,22.8882,34.6532
2019-06-02 23-38-15,452,22.8195,34.6666
2019-06-02 23-38-17,452,22.8348,34.6532
2019-06-02 23-38-19,452,22.7615,34.6372
2019-06-02 23-38-21,452,22.8165,34.6372
2019-06-02 23-38-25,452,22.7966,34.6372
2019-06-02 23-38-27,452,22.8699,34.6372
2019-06-02 23-38-29,452,22.8531,34.6372
2019-06-02 23-38-31,452,22.8348,34.6372
2019-06-02 23-38-33,452,22.8348,34.6372
2019-06-02 23-38-35,452,22.8851,34.6239
2019-06-02 23-38-37,451,22.9019,34.5945
2019-06-02 23-38-41,451,22.8836,34.5945
2019-06-02 23-38-43,451,22.8851,34.6239
2019-06-02 23-38-45,451,22.8851,34.6105
2019-06-02 23-38-47,451,22.8836,34.5945
2019-06-02 23-38-49,451,22.8165,34.6105
2019-06-02 23-38-51,451,22.8516,34.6105
2019-06-02 23-38-53,451,22.8699,34.6372
2019-06-02 23-38-55,450,22.8531,34.6372
2019-06-02 23-38-59,450,22.8333,34.6105
2019-06-02 23-39-01,450,22.8531,34.6372
2019-06-02 23-39-03,450,22.8516,34.6239
2019-06-02 23-39-05,450,22.9034,34.6239
2019-06-02 23-39-07,450,22.8851,34.6239
2019-06-02 23-39-09,450,22.8699,34.6372
2019-06-02 23-39-11,451,22.8516,34.6105
2019-06-02 23-39-13,451,22.8851,34.6105
2019-06-02 23-39-17,451,22.8531,34.6372
2019-06-02 23-39-19,451,22.8851,34.6239
2019-06-02 23-39-21,451,22.9202,34.6105
2019-06-02 23-39-23,451,22.9019,34.6105
2019-06-02 23-39-25,451,22.8851,34.6105
2019-06-02 23-39-27,450,22.8851,34.6239
2019-06-02 23-39-29,450,22.8851,34.6105
2019-06-02 23-39-33,450,22.8516,34.6105
2019-06-02 23-39-35,450,22.9752,34.5945
2019-06-02 23-39-37,451,22.9019,34.5945
2019-06-02 23-39-39,451,22.9172,34.5811
2019-06-02 23-39-41,452,22.8836,34.5811
2019-06-02 23-39-43,452,22.9172,34.5811
2019-06-02 23-39-45,452,22.934,34.5678
2019-06-02 23-39-47,452,22.9523,34.5811
2019-06-02 23-39-51,452,22.9721,34.5811
2019-06-02 23-39-53,452,22.9156,34.5544
2019-06-02 23-39-55,452,23.0026,34.5117
2019-06-02 23-39-57,453,22.9523,34.5544
2019-06-02 23-39-59,453,22.9477,34.5117
2019-06-02 23-40-01,453,22.9492,34.5384
2019-06-02 23-40-03,453,22.9309,34.5251
2019-06-02 23-40-07,452,22.9706,34.5251
2019-06-02 23-40-09,453,22.9889,34.5384
2019-06-02 23-40-11,453,22.9523,34.5544
2019-06-02 23-40-13,453,22.9156,34.5544
2019-06-02 23-40-15,453,22.8806,34.5544
2019-06-02 23-40-17,453,22.9156,34.5544
2019-06-02 23-40-19,452,22.8806,34.5544
2019-06-02 23-40-21,452,22.8149,34.5811
2019-06-02 23-40-25,452,22.8653,34.5678
2019-06-02 23-40-27,453,22.8485,34.5811
2019-06-02 23-40-29,453,22.8485,34.5811
2019-06-02 23-40-31,453,22.847,34.5544
2019-06-02 23-40-33,453,22.8836,34.5811
2019-06-02 23-40-35,453,22.8836,34.5945
2019-06-02 23-40-37,454,22.8668,34.5945
2019-06-02 23-40-41,454,22.9172,34.5678
2019-06-02 23-40-43,454,22.8836,34.5811
2019-06-02 23-40-45,454,22.9156,34.5544
2019-06-02 23-40-47,454,22.934,34.5678
2019-06-02 23-40-49,453,22.9156,34.5384
2019-06-02 23-40-51,454,22.9309,34.5384
2019-06-02 23-40-53,454,22.934,34.5544
2019-06-02 23-40-55,453,22.934,34.5544
2019-06-02 23-40-59,453,22.8485,34.5945
2019-06-02 23-41-01,453,22.9019,34.5811
2019-06-02 23-41-03,453,22.8333,34.6105
2019-06-02 23-41-05,453,22.7798,34.6372
2019-06-02 23-41-07,453,22.8165,34.6105
2019-06-02 23-41-09,453,22.8668,34.6105
2019-06-02 23-41-11,453,22.8516,34.6105
2019-06-02 23-41-13,453,22.8516,34.6105
2019-06-02 23-41-17,452,22.8699,34.6239
2019-06-02 23-41-19,452,22.8165,34.6372
2019-06-02 23-41-21,452,22.8699,34.6372
2019-06-02 23-41-23,451,22.8699,34.6239
2019-06-02 23-41-25,451,22.8165,34.6372
2019-06-02 23-41-28,451,22.8165,34.6372
2019-06-02 23-41-30,451,22.8195,34.6532
2019-06-02 23-41-34,451,22.7982,34.6532
2019-06-02 23-41-36,451,22.7295,34.6666
2019-06-02 23-41-38,450,22.7982,34.6666
2019-06-02 23-41-40,450,22.7112,34.6532
2019-06-02 23-41-42,451,22.7478,34.6666
2019-06-02 23-41-44,451,22.7463,34.6532
2019-06-02 23-41-46,450,22.7966,34.6372
2019-06-02 23-41-48,450,22.7646,34.6532
2019-06-02 23-41-52,450,22.7829,34.6666
2019-06-02 23-41-54,451,22.8195,34.6666
2019-06-02 23-41-56,451,22.8195,34.6666
2019-06-02 23-41-58,451,22.7982,34.6532
2019-06-02 23-42-00,451,22.7478,34.6666
2019-06-02 23-42-02,451,22.7463,34.6532
2019-06-02 23-42-04,451,22.7646,34.6666
2019-06-02 23-42-08,450,22.7661,34.6799
2019-06-02 23-42-10,450,22.7478,34.6933
2019-06-02 23-42-12,450,22.7112,34.6666
2019-06-02 23-42-14,450,22.7661,34.6799
2019-06-02 23-42-16,450,22.7646,34.6666
2019-06-02 23-42-18,451,22.8012,34.6799
2019-06-02 23-42-20,451,22.7829,34.6799
2019-06-02 23-42-22,451,22.8012,34.6799
2019-06-02 23-42-26,451,22.7295,34.6799
2019-06-02 23-42-28,451,22.7661,34.7093
2019-06-02 23-42-30,450,22.7829,34.6666
2019-06-02 23-42-32,450,22.7798,34.6532
2019-06-02 23-42-34,451,22.7463,34.6532
2019-06-02 23-42-36,451,22.8195,34.6666
2019-06-02 23-42-38,451,22.7798,34.6532
2019-06-02 23-42-40,451,22.7615,34.6372
2019-06-02 23-42-44,451,22.8195,34.6532
2019-06-02 23-42-46,451,22.8165,34.6239
2019-06-02 23-42-48,451,22.8348,34.6372
2019-06-02 23-42-50,451,22.8195,34.6532
2019-06-02 23-42-52,451,22.8668,34.6105
2019-06-02 23-42-54,451,22.8348,34.6372
2019-06-02 23-42-56,451,22.8699,34.6239
2019-06-02 23-43-00,452,22.8333,34.6239
2019-06-02 23-43-02,452,22.7966,34.6239
2019-06-02 23-43-04,452,22.8165,34.6105
2019-06-02 23-43-06,452,22.8516,34.6239
2019-06-02 23-43-08,452,22.8333,34.6105
2019-06-02 23-43-10,453,22.7066,34.5945
2019-06-02 23-43-12,453,22.8333,34.6239
2019-06-02 23-43-14,452,22.7966,34.6372
2019-06-02 23-43-18,453,22.8516,34.6239
2019-06-02 23-43-20,453,22.8165,34.6372
2019-06-02 23-43-22,453,22.8165,34.6239
2019-06-02 23-43-24,453,22.8348,34.6372
2019-06-02 23-43-26,453,22.8165,34.6372
2019-06-02 23-43-28,453,22.8195,34.6666
2019-06-02 23-43-30,453,22.7829,34.6666
2019-06-02 23-43-34,454,22.7295,34.6532
2019-06-02 23-43-36,454,22.7661,34.6799
2019-06-02 23-43-38,454,22.7646,34.6666
2019-06-02 23-43-40,454,22.7478,34.6799
2019-06-02 23-43-42,454,22.7661,34.6799
2019-06-02 23-43-44,454,22.7478,34.6933
2019-06-02 23-43-46,454,22.7661,34.6799
2019-06-02 23-43-48,454,22.7509,34.7227
2019-06-02 23-43-52,454,22.7005,34.736
2019-06-02 23-43-54,454,22.6837,34.7681
2019-06-02 23-43-56,454,22.5922,34.7494
2019-06-02 23-43-58,454,22.6288,34.7494
2019-06-02 23-44-00,455,22.6456,34.736
2019-06-02 23-44-02,455,22.6425,34.7227
2019-06-02 23-44-04,455,22.6608,34.7227
2019-06-02 23-44-08,455,22.6822,34.7227
2019-06-02 23-44-10,455,22.6974,34.7227
2019-06-02 23-44-12,455,22.7158,34.7093
2019-06-02 23-44-14,455,22.6974,34.7093
2019-06-02 23-44-16,455,22.6608,34.7093
2019-06-02 23-44-18,455,22.6425,34.7093
2019-06-02 23-44-20,455,22.6974,34.6933
2019-06-02 23-44-22,455,22.6974,34.7227
2019-06-02 23-44-26,455,22.6608,34.7227
2019-06-02 23-44-28,455,22.6608,34.7227
2019-06-02 23-44-30,455,22.6639,34.7494
2019-06-02 23-44-32,455,22.6822,34.736
2019-06-02 23-44-34,456,22.6822,34.736
2019-06-02 23-44-36,456,22.7325,34.6933
2019-06-02 23-44-38,456,22.6608,34.7093
2019-06-02 23-44-42,456,22.7325,34.7093
2019-06-02 23-44-44,456,22.6608,34.7093
2019-06-02 23-44-46,456,22.6242,34.6933
2019-06-02 23-44-48,456,22.641,34.6799
2019-06-02 23-44-50,456,22.6959,34.6666
2019-06-02 23-44-52,456,22.7829,34.6799
2019-06-02 23-44-54,456,22.7112,34.6666
2019-06-02 23-44-56,456,22.7112,34.6532
2019-06-02 23-45-00,456,22.7982,34.6532
2019-06-02 23-45-02,456,22.8348,34.6372
2019-06-02 23-45-04,456,22.7463,34.6372
2019-06-02 23-45-06,456,22.8531,34.6372
2019-06-02 23-45-08,456,22.7966,34.6372
2019-06-02 23-45-10,456,22.8516,34.6239
2019-06-02 23-45-12,457,22.9019,34.6105
2019-06-02 23-45-14,457,22.8333,34.6105
2019-06-02 23-45-18,457,22.9202,34.6105
2019-06-02 23-45-20,457,22.8836,34.5945
2019-06-02 23-45-22,457,22.8333,34.6105
2019-06-02 23-45-24,457,22.8668,34.5945
2019-06-02 23-45-26,457,22.8485,34.5945
2019-06-02 23-45-28,457,22.7936,34.5945
2019-06-02 23-45-30,456,22.8333,34.6105
2019-06-02 23-45-34,456,22.7936,34.5945
2019-06-02 23-45-36,456,22.7936,34.5811
2019-06-02 23-45-38,455,22.8165,34.6105
2019-06-02 23-45-40,455,22.8165,34.6105
2019-06-02 23-45-42,455,22.8333,34.6105
2019-06-02 23-45-44,455,22.8302,34.5811
2019-06-02 23-45-46,456,22.8302,34.5811
2019-06-02 23-45-48,456,22.7936,34.5945
2019-06-02 23-45-52,455,22.8302,34.5811
2019-06-02 23-45-54,455,22.8333,34.6105
2019-06-02 23-45-56,455,22.8149,34.5945
2019-06-02 23-45-58,455,22.8333,34.5945
2019-06-02 23-46-00,454,22.8302,34.5811
2019-06-02 23-46-02,454,22.8333,34.5945
2019-06-02 23-46-04,454,22.8485,34.5945
2019-06-02 23-46-08,454,22.8302,34.5811
2019-06-02 23-46-10,453,22.847,34.5544
2019-06-02 23-46-12,453,22.8836,34.5678
2019-06-02 23-46-14,453,22.8119,34.5678
2019-06-02 23-46-16,453,22.847,34.5678
2019-06-02 23-46-18,453,22.9156,34.5544
2019-06-02 23-46-20,453,22.8653,34.5678
2019-06-02 23-46-22,452,22.8653,34.5678
2019-06-02 23-46-26,452,22.847,34.5678
2019-06-02 23-46-28,452,22.7753,34.5678
2019-06-02 23-46-30,452,22.8149,34.5811
2019-06-02 23-46-32,452,22.8302,34.5678
2019-06-02 23-46-34,452,22.8653,34.5678
2019-06-02 23-46-36,452,22.8653,34.5678
2019-06-02 23-46-38,452,22.8653,34.5544
2019-06-02 23-46-42,451,22.8653,34.5678
2019-06-02 23-46-44,451,22.7936,34.5945
2019-06-02 23-46-46,450,22.8165,34.6105
2019-06-02 23-46-48,450,22.8378,34.6666
2019-06-02 23-46-50,450,22.8012,34.6799
2019-06-02 23-46-53,449,22.7295,34.6666
2019-06-02 23-46-55,450,22.7646,34.6666
2019-06-02 23-46-57,450,22.7646,34.6666
2019-06-02 23-47-01,450,22.7829,34.6666
2019-06-02 23-47-03,450,22.7829,34.6799
2019-06-02 23-47-05,450,22.7646,34.6532
2019-06-02 23-47-07,450,22.7798,34.6532
2019-06-02 23-47-09,451,22.7982,34.6532
2019-06-02 23-47-11,451,22.7966,34.6372
2019-06-02 23-47-13,451,22.7478,34.6666
2019-06-02 23-47-17,451,22.7615,34.6239
2019-06-02 23-47-19,451,22.6929,34.6532
2019-06-02 23-47-21,451,22.7295,34.6666
2019-06-02 23-47-23,451,22.7646,34.6666
2019-06-02 23-47-25,451,22.7112,34.6532
2019-06-02 23-47-27,451,22.8012,34.6799
2019-06-02 23-47-29,452,22.7478,34.6666
2019-06-02 23-47-31,452,22.7982,34.6532
2019-06-02 23-47-35,452,22.7295,34.6666
2019-06-02 23-47-37,452,22.7661,34.6799
2019-06-02 23-47-39,452,22.7646,34.6666
2019-06-02 23-47-41,452,22.7798,34.6532
2019-06-02 23-47-43,452,22.7478,34.6799
2019-06-02 23-47-45,452,22.7966,34.6372
2019-06-02 23-47-47,452,22.7478,34.6799
2019-06-02 23-47-49,453,22.6776,34.6666
2019-06-02 23-47-53,453,22.7478,34.6666
2019-06-02 23-47-55,454,22.7463,34.6532
2019-06-02 23-47-57,454,22.7798,34.6372
2019-06-02 23-47-59,454,22.8516,34.6239
2019-06-02 23-48-01,454,22.7936,34.5945
2019-06-02 23-48-03,454,22.8165,34.6372
2019-06-02 23-48-05,454,22.7432,34.6239
2019-06-02 23-48-09,454,22.7615,34.6239
2019-06-02 23-48-11,455,22.7783,34.6105
2019-06-02 23-48-13,455,22.8516,34.6239
2019-06-02 23-48-15,454,22.8516,34.6105
2019-06-02 23-48-17,454,22.8333,34.5945
2019-06-02 23-48-19,454,22.8165,34.6372
2019-06-02 23-48-21,454,22.8668,34.6105
2019-06-02 23-48-23,454,22.7783,34.6105
2019-06-02 23-48-27,454,22.8165,34.6105
2019-06-02 23-48-29,454,22.8149,34.5811
2019-06-02 23-48-31,454,22.7753,34.5811
2019-06-02 23-48-33,454,22.7753,34.5678
2019-06-02 23-48-35,454,22.8149,34.5811
2019-06-02 23-48-37,454,22.7936,34.5811
2019-06-02 23-48-39,455,22.8287,34.5544
2019-06-02 23-48-43,455,22.9172,34.5811
2019-06-02 23-48-45,456,22.9172,34.5678
2019-06-02 23-48-47,456,22.8806,34.5384
2019-06-02 23-48-49,456,22.8973,34.5384
2019-06-02 23-48-51,456,22.7921,34.5544
2019-06-02 23-48-53,456,22.8302,34.5678
2019-06-02 23-48-55,456,22.8836,34.5678
2019-06-02 23-48-57,456,22.8622,34.5384
2019-06-02 23-49-01,456,22.8104,34.5384
2019-06-02 23-49-03,456,22.847,34.5384
2019-06-02 23-49-05,456,22.8989,34.5678
2019-06-02 23-49-07,456,22.8302,34.5678
2019-06-02 23-49-09,456,22.8287,34.5384
2019-06-02 23-49-11,456,22.8119,34.5678
2019-06-02 23-49-13,456,22.8806,34.5384
2019-06-02 23-49-15,456,22.8653,34.5678
2019-06-02 23-49-19,456,22.8836,34.5678
2019-06-02 23-49-21,456,22.8836,34.5678
2019-06-02 23-49-23,455,22.8989,34.5544
2019-06-02 23-49-25,455,22.8806,34.5544
2019-06-02 23-49-27,455,22.8836,34.5678
2019-06-02 23-49-29,455,22.8989,34.5544
2019-06-02 23-49-31,455,22.8622,34.5384
2019-06-02 23-49-35,455,22.8989,34.5678
2019-06-02 23-49-37,455,22.8836,34.5678
2019-06-02 23-49-39,454,22.8287,34.5384
2019-06-02 23-49-41,454,22.8302,34.5678
2019-06-02 23-49-43,454,22.8973,34.5384
2019-06-02 23-49-45,455,22.8806,34.5544
2019-06-02 23-49-47,454,22.8806,34.5544
2019-06-02 23-49-49,455,22.9019,34.5811
2019-06-02 23-49-53,455,22.8806,34.5384
2019-06-02 23-49-55,455,22.8287,34.5544
2019-06-02 23-49-57,455,22.8989,34.5544
2019-06-02 23-49-59,455,22.8622,34.5384
2019-06-02 23-50-01,455,22.8989,34.5678
2019-06-02 23-50-03,455,22.8287,34.5384
2019-06-02 23-50-05,455,22.8653,34.5544
2019-06-02 23-50-09,455,22.847,34.5544
2019-06-02 23-50-11,455,22.8287,34.5544
2019-06-02 23-50-13,455,22.7753,34.5678
2019-06-02 23-50-15,455,22.847,34.5544
2019-06-02 23-50-17,455,22.757,34.5678
2019-06-02 23-50-19,454,22.847,34.5678
2019-06-02 23-50-21,454,22.8119,34.5544
2019-06-02 23-50-23,455,22.8806,34.5544
2019-06-02 23-50-27,455,22.7936,34.5811
2019-06-02 23-50-29,455,22.847,34.5544
2019-06-02 23-50-31,455,22.8287,34.5544
2019-06-02 23-50-33,454,22.8104,34.5384
2019-06-02 23-50-35,454,22.8806,34.5544
2019-06-02 23-50-37,454,22.8989,34.5544
2019-06-02 23-50-39,455,22.8439,34.5251
2019-06-02 23-50-43,455,22.9156,34.5384
2019-06-02 23-50-45,455,22.8653,34.5544
2019-06-02 23-50-47,456,22.847,34.5384
2019-06-02 23-50-49,456,22.9156,34.5544
2019-06-02 23-50-51,456,22.8104,34.5251
2019-06-02 23-50-53,457,22.9126,34.5251
2019-06-02 23-50-55,457,22.9156,34.5384
2019-06-02 23-50-57,457,22.9156,34.5384
2019-06-02 23-51-01,456,22.8989,34.5678
2019-06-02 23-51-03,456,22.8622,34.5384
2019-06-02 23-51-05,456,22.8622,34.5251
2019-06-02 23-51-07,456,22.8989,34.5544
2019-06-02 23-51-09,455,22.8806,34.5544
2019-06-02 23-51-11,455,22.847,34.5544
2019-06-02 23-51-13,455,22.847,34.5544
2019-06-02 23-51-17,455,22.8653,34.5544
2019-06-02 23-51-19,455,22.8653,34.5811
2019-06-02 23-51-21,454,22.8287,34.5544
2019-06-02 23-51-23,455,22.7921,34.5678
2019-06-02 23-51-25,455,22.8302,34.5678
2019-06-02 23-51-27,455,22.8836,34.5678
2019-06-02 23-51-29,455,22.7783,34.6105
2019-06-02 23-51-31,455,22.7783,34.6105
2019-06-02 23-51-35,455,22.7615,34.6105
2019-06-02 23-51-37,454,22.7783,34.6105
2019-06-02 23-51-39,454,22.8516,34.6239
2019-06-02 23-51-41,454,22.7798,34.6372
2019-06-02 23-51-43,454,22.8165,34.6239
2019-06-02 23-51-45,454,22.7432,34.6239
2019-06-02 23-51-47,454,22.6929,34.6372
2019-06-02 23-51-49,454,22.7432,34.6239
2019-06-02 23-51-53,454,22.7783,34.6239
2019-06-02 23-51-55,454,22.7966,34.6105
2019-06-02 23-51-57,454,22.7783,34.6105
2019-06-02 23-51-59,454,22.7783,34.5945
2019-06-02 23-52-01,454,22.8302,34.5811
2019-06-02 23-52-03,454,22.8149,34.5945
2019-06-02 23-52-05,454,22.7066,34.5945
2019-06-02 23-52-09,454,22.8668,34.6105
2019-06-02 23-52-11,454,22.8333,34.6105
2019-06-02 23-52-13,454,22.8333,34.6105
2019-06-02 23-52-15,454,22.7615,34.6372
2019-06-02 23-52-17,453,22.8333,34.6239
2019-06-02 23-52-19,453,22.8165,34.6239
2019-06-02 23-52-22,453,22.8165,34.6372
2019-06-02 23-52-24,453,22.7097,34.6105
2019-06-02 23-52-28,453,22.7097,34.6239
2019-06-02 23-52-30,453,22.7249,34.6105
2019-06-02 23-52-32,453,22.8165,34.6105
2019-06-02 23-52-34,453,22.7936,34.5811
2019-06-02 23-52-36,453,22.8668,34.5945
2019-06-02 23-52-38,453,22.8653,34.5678
2019-06-02 23-52-40,453,22.8485,34.5811
2019-06-02 23-52-44,453,22.847,34.5384
2019-06-02 23-52-46,453,22.8653,34.5678
2019-06-02 23-52-48,453,22.879,34.5251
2019-06-02 23-52-50,454,22.8439,34.5251
2019-06-02 23-52-52,454,22.8622,34.5251
2019-06-02 23-52-54,454,22.8973,34.5384
2019-06-02 23-52-56,454,23.0026,34.5117
2019-06-02 23-52-58,454,22.8973,34.5384
2019-06-02 23-53-02,454,22.8439,34.5117
2019-06-02 23-53-04,454,22.9675,34.5117
2019-06-02 23-53-06,454,22.9294,34.4984
2019-06-02 23-53-08,454,22.9126,34.5117
2019-06-02 23-53-10,454,22.9309,34.5251
2019-06-02 23-53-12,454,22.8973,34.5384
2019-06-02 23-53-14,455,22.9294,34.4984
2019-06-02 23-53-16,455,22.9309,34.5117
2019-06-02 23-53-20,455,22.8973,34.5251
2019-06-02 23-53-22,455,22.879,34.5117
2019-06-02 23-53-24,455,22.9675,34.5117
2019-06-02 23-53-26,455,22.9126,34.4984
2019-06-02 23-53-28,456,22.9675,34.5117
2019-06-02 23-53-30,456,22.9126,34.5251
2019-06-02 23-53-32,457,22.9309,34.5251
2019-06-02 23-53-36,456,22.9156,34.5544
2019-06-02 23-53-38,456,22.9492,34.5384
2019-06-02 23-53-40,456,22.9126,34.5117
2019-06-02 23-53-42,456,22.8653,34.5544
2019-06-02 23-53-44,456,22.9126,34.5251
2019-06-02 23-53-46,456,22.8653,34.5544
2019-06-02 23-53-48,456,22.8653,34.5678
2019-06-02 23-53-50,457,22.8973,34.5384
2019-06-02 23-53-54,457,22.9492,34.5384
2019-06-02 23-53-56,457,22.9309,34.5384
2019-06-02 23-53-58,457,22.9523,34.5544
2019-06-02 23-54-00,458,22.9156,34.5384
2019-06-02 23-54-02,458,22.8973,34.5251
2019-06-02 23-54-04,458,22.9156,34.5384
2019-06-02 23-54-06,458,22.9156,34.5384
2019-06-02 23-54-08,459,22.8973,34.5251
2019-06-02 23-54-12,458,22.9675,34.4984
2019-06-02 23-54-14,459,22.9126,34.5117
2019-06-02 23-54-16,458,22.9843,34.4984
2019-06-02 23-54-18,458,22.9294,34.4984
2019-06-02 23-54-20,458,22.8943,34.4984
2019-06-02 23-54-22,458,22.966,34.4823
2019-06-02 23-54-24,458,22.8943,34.4984
2019-06-02 23-54-28,458,22.8973,34.5251
2019-06-02 23-54-30,458,22.9675,34.5117
2019-06-02 23-54-32,457,22.9996,34.4823
2019-06-02 23-54-34,457,22.9446,34.4823
2019-06-02 23-54-36,457,22.8973,34.5251
2019-06-02 23-54-38,457,22.8973,34.5117
2019-06-02 23-54-40,457,22.9126,34.4984
2019-06-02 23-54-42,457,22.8806,34.5384
2019-06-02 23-54-46,456,22.9309,34.5117
2019-06-02 23-54-48,456,22.9294,34.4984
2019-06-02 23-54-50,456,22.9309,34.5251
2019-06-02 23-54-52,456,22.9126,34.5251
2019-06-02 23-54-54,456,22.9126,34.4984
2019-06-02 23-54-56,456,22.9446,34.4823
2019-06-02 23-54-58,456,22.9126,34.4984
2019-06-02 23-55-02,456,22.9126,34.5117
2019-06-02 23-55-04,456,22.9309,34.5117
2019-06-02 23-55-06,456,22.9477,34.5117
2019-06-02 23-55-08,456,22.9309,34.5117
2019-06-02 23-55-10,456,22.879,34.5117
2019-06-02 23-55-12,456,23.0392,34.5251
2019-06-02 23-55-14,456,22.9675,34.5117
2019-06-02 23-55-16,456,22.8943,34.4984
2019-06-02 23-55-20,456,22.9126,34.5251
2019-06-02 23-55-22,456,22.9843,34.4984
2019-06-02 23-55-24,456,22.8973,34.5251
2019-06-02 23-55-26,456,22.9706,34.5251
2019-06-02 23-55-28,457,22.9309,34.5251
2019-06-02 23-55-30,457,22.9309,34.5117
2019-06-02 23-55-32,456,22.9675,34.5117
2019-06-02 23-55-34,456,22.9126,34.5251
2019-06-02 23-55-38,456,22.8622,34.5251
2019-06-02 23-55-40,456,22.8256,34.5117
2019-06-02 23-55-42,457,22.8622,34.5384
2019-06-02 23-55-44,457,22.879,34.5251
2019-06-02 23-55-46,457,22.9309,34.5384
2019-06-02 23-55-48,457,22.847,34.5384
2019-06-02 23-55-50,457,22.8806,34.5384
2019-06-02 23-55-54,457,22.8806,34.5384
2019-06-02 23-55-56,458,22.9309,34.5384
2019-06-02 23-55-58,458,22.8439,34.5251
2019-06-02 23-56-00,458,22.9156,34.5384
2019-06-02 23-56-02,458,22.8806,34.5384
2019-06-02 23-56-04,458,22.9126,34.5117
2019-06-02 23-56-06,459,22.9523,34.5678
2019-06-02 23-56-08,459,22.8973,34.5251
2019-06-02 23-56-12,459,22.8287,34.5251
2019-06-02 23-56-14,459,22.7921,34.5678
2019-06-02 23-56-16,459,22.8104,34.5384
2019-06-02 23-56-18,459,22.8287,34.5544
2019-06-02 23-56-20,459,22.847,34.5544
2019-06-02 23-56-22,459,22.8973,34.5384
2019-06-02 23-56-24,460,22.847,34.5384
2019-06-02 23-56-28,460,22.8622,34.5251
2019-06-02 23-56-30,460,22.8622,34.5251
2019-06-02 23-56-32,461,22.8973,34.5384
2019-06-02 23-56-34,461,22.8806,34.5384
2019-06-02 23-56-36,460,22.9156,34.5384
2019-06-02 23-56-38,460,22.8806,34.5544
2019-06-02 23-56-40,460,22.8806,34.5384
2019-06-02 23-56-42,459,22.8806,34.5544
2019-06-02 23-56-46,460,22.8104,34.5384
2019-06-02 23-56-48,460,22.9156,34.5544
2019-06-02 23-56-50,460,22.8989,34.5678
2019-06-02 23-56-52,460,22.7753,34.5678
2019-06-02 23-56-54,460,22.8668,34.5945
2019-06-02 23-56-56,459,22.8119,34.5678
2019-06-02 23-56-58,459,22.76,34.5811
2019-06-02 23-57-02,459,22.7783,34.5945
2019-06-02 23-57-04,458,22.8165,34.6105
2019-06-02 23-57-06,459,22.8668,34.5945
2019-06-02 23-57-08,459,22.847,34.5678
2019-06-02 23-57-10,459,22.8333,34.5945
2019-06-02 23-57-12,459,22.8485,34.5945
2019-06-02 23-57-14,459,22.847,34.5678
2019-06-02 23-57-16,459,22.8119,34.5544
2019-06-02 23-57-20,459,22.8287,34.5544
2019-06-02 23-57-22,460,22.8973,34.5384
2019-06-02 23-57-24,460,22.8622,34.5251
2019-06-02 23-57-26,460,22.9126,34.5251
2019-06-02 23-57-28,460,22.9294,34.4984
2019-06-02 23-57-30,460,22.8973,34.5251
2019-06-02 23-57-32,460,22.879,34.4984
2019-06-02 23-57-36,460,22.9477,34.5117
2019-06-02 23-57-38,460,22.876,34.4823
2019-06-02 23-57-40,460,22.8943,34.4984
2019-06-02 23-57-42,460,22.9477,34.5117
2019-06-02 23-57-44,460,22.8973,34.5117
2019-06-02 23-57-46,460,22.9843,34.4984
2019-06-02 23-57-48,460,22.9126,34.4984
2019-06-02 23-57-50,460,22.9843,34.4984
2019-06-02 23-57-54,461,22.9446,34.4823
2019-06-02 23-57-56,461,22.966,34.4823
2019-06-02 23-57-58,461,22.9446,34.469
2019-06-02 23-58-00,461,22.9492,34.5251
2019-06-02 23-58-03,460,22.9477,34.4984
2019-06-02 23-58-05,461,22.9294,34.4823
2019-06-02 23-58-07,461,22.9477,34.4984
2019-06-02 23-58-11,460,22.9843,34.4984
2019-06-02 23-58-13,460,22.9309,34.5117
2019-06-02 23-58-15,460,22.9477,34.5117
2019-06-02 23-58-17,460,22.9889,34.5384
2019-06-02 23-58-19,460,22.8439,34.5117
2019-06-02 23-58-21,460,22.8622,34.5384
2019-06-02 23-58-23,460,22.879,34.4984
2019-06-02 23-58-25,460,22.8973,34.5384
2019-06-02 23-58-29,460,22.8439,34.5251
2019-06-02 23-58-31,460,22.847,34.5384
2019-06-02 23-58-33,460,22.8622,34.5251
2019-06-02 23-58-35,460,22.8653,34.5544
2019-06-02 23-58-37,460,22.8287,34.5251
2019-06-02 23-58-39,460,22.9156,34.5544
2019-06-02 23-58-41,460,22.8622,34.5251
2019-06-02 23-58-45,460,22.8973,34.5384
2019-06-02 23-58-47,459,22.8806,34.5384
2019-06-02 23-58-49,459,22.879,34.5251
2019-06-02 23-58-51,460,22.8622,34.5384
2019-06-02 23-58-53,459,22.789,34.5251
2019-06-02 23-58-55,459,22.8607,34.5117
2019-06-02 23-58-57,459,22.8973,34.5117
2019-06-02 23-58-59,458,22.9126,34.5251
2019-06-02 23-59-03,459,22.9126,34.4984
2019-06-02 23-59-05,460,22.8577,34.4823
2019-06-02 23-59-07,459,22.8943,34.4823
2019-06-02 23-59-09,460,22.876,34.4823
2019-06-02 23-59-11,460,22.966,34.4823
2019-06-02 23-59-13,461,22.9111,34.4823
2019-06-02 23-59-15,461,22.9294,34.4984
2019-06-02 23-59-19,461,22.9126,34.4984
2019-06-02 23-59-21,460,22.9813,34.4556
2019-06-02 23-59-23,460,22.966,34.469
2019-06-02 23-59-25,460,22.9431,34.4423
2019-06-02 23-59-27,460,22.9813,34.4423
2019-06-02 23-59-29,461,22.963,34.4556
2019-06-02 23-59-31,461,22.966,34.469
2019-06-02 23-59-33,462,22.966,34.469
2019-06-02 23-59-37,462,22.966,34.469
2019-06-02 23-59-39,462,22.9294,34.4823
2019-06-02 23-59-41,462,22.966,34.469
2019-06-02 23-59-43,461,22.963,34.4556
2019-06-02 23-59-45,461,22.9446,34.4823
2019-06-02 23-59-47,461,22.9263,34.469
2019-06-02 23-59-49,460,22.9446,34.469
2019-06-02 23-59-51,460,22.9446,34.4823
2019-06-02 23-59-55,460,22.9294,34.4984
2019-06-02 23-59-57,460,22.879,34.5117
2019-06-02 23-59-59,460,22.8943,34.4984
2019-06-03 00-00-01,460,22.908,34.4556
2019-06-03 00-00-03,460,22.9263,34.469
2019-06-03 00-00-05,460,22.9263,34.469
2019-06-03 00-00-07,460,22.9111,34.469
2019-06-03 00-00-11,460,22.9111,34.469
2019-06-03 00-00-13,460,22.908,34.4556
2019-06-03 00-00-15,460,22.9263,34.469
2019-06-03 00-00-17,460,22.8577,34.469
2019-06-03 00-00-19,460,22.9446,34.4823
2019-06-03 00-00-21,460,22.8943,34.4823
2019-06-03 00-00-23,460,22.9111,34.469
2019-06-03 00-00-25,460,22.966,34.4823
2019-06-03 00-00-29,460,22.8943,34.4823
2019-06-03 00-00-31,460,22.8607,34.4984
2019-06-03 00-00-33,460,22.8424,34.4984
2019-06-03 00-00-35,460,22.8577,34.4823
2019-06-03 00-00-37,460,22.8424,34.4984
2019-06-03 00-00-39,460,22.8256,34.4984
2019-06-03 00-00-41,460,22.8424,34.4984
2019-06-03 00-00-45,460,22.876,34.469
2019-06-03 00-00-47,460,22.9294,34.4823
2019-06-03 00-00-49,460,22.8943,34.4984
2019-06-03 00-00-51,460,22.8973,34.5251
2019-06-03 00-00-53,459,22.9126,34.5251
2019-06-03 00-00-55,460,22.8439,34.5117
2019-06-03 00-00-57,459,22.8607,34.5117
2019-06-03 00-00-59,459,22.8806,34.5384
2019-06-03 00-01-03,459,22.9126,34.5251
2019-06-03 00-01-05,459,22.8287,34.5251
2019-06-03 00-01-07,458,22.8439,34.5251
2019-06-03 00-01-09,459,22.8607,34.5117
2019-06-03 00-01-11,458,22.8622,34.5384
2019-06-03 00-01-13,458,22.847,34.5678
2019-06-03 00-01-15,458,22.8119,34.5678
2019-06-03 00-01-19,458,22.847,34.5544
2019-06-03 00-01-21,457,22.8302,34.5811
2019-06-03 00-01-23,457,22.7936,34.5945
2019-06-03 00-01-25,456,22.7295,34.6532
2019-06-03 00-01-27,456,22.6959,34.6666
2019-06-03 00-01-29,456,22.6242,34.7093
2019-06-03 00-01-31,457,22.641,34.6666
2019-06-03 00-01-33,457,22.6227,34.6666
2019-06-03 00-01-37,458,22.6547,34.6239
2019-06-03 00-01-39,459,22.6776,34.6666
2019-06-03 00-01-41,460,22.7295,34.6532
2019-06-03 00-01-43,460,22.7112,34.6372
2019-06-03 00-01-45,462,22.728,34.6372
2019-06-03 00-01-47,464,22.7249,34.6105
2019-06-03 00-01-49,465,22.7936,34.5811
2019-06-03 00-01-53,467,22.7417,34.5811
2019-06-03 00-01-55,467,22.8836,34.5678
2019-06-03 00-01-57,467,22.7936,34.5811
2019-06-03 00-01-59,467,22.847,34.5384
2019-06-03 00-02-01,466,22.8287,34.5251
2019-06-03 00-02-03,467,22.8104,34.5251
2019-06-03 00-02-05,468,22.8439,34.5117
2019-06-03 00-02-07,470,22.8256,34.5117
2019-06-03 00-02-11,468,22.8622,34.5251
2019-06-03 00-02-13,467,22.879,34.5251
2019-06-03 00-02-15,467,22.8104,34.5117
2019-06-03 00-02-17,466,22.9126,34.5251
2019-06-03 00-02-19,466,22.8439,34.5117
2019-06-03 00-02-21,466,22.8943,34.4823
2019-06-03 00-02-23,466,22.8607,34.4984
2019-06-03 00-02-27,466,22.8943,34.4984
2019-06-03 00-02-29,465,22.9111,34.469
2019-06-03 00-02-31,464,22.9294,34.4984
2019-06-03 00-02-33,463,22.9477,34.4984
2019-06-03 00-02-35,463,22.8943,34.4823
2019-06-03 00-02-37,463,22.879,34.5117
2019-06-03 00-02-39,461,22.8622,34.5384
2019-06-03 00-02-41,460,22.7753,34.5811
2019-06-03 00-02-45,459,22.7783,34.5945
2019-06-03 00-02-47,459,22.7097,34.6105
2019-06-03 00-02-49,459,22.7783,34.6105
2019-06-03 00-02-51,460,22.7798,34.6372
2019-06-03 00-02-53,458,22.728,34.6239
2019-06-03 00-02-55,459,22.7295,34.6666
2019-06-03 00-02-57,459,22.6593,34.6933
2019-06-03 00-03-01,460,22.6593,34.6799
2019-06-03 00-03-03,460,22.6242,34.7093
2019-06-03 00-03-05,459,22.6273,34.7227
2019-06-03 00-03-07,459,22.5922,34.7227
2019-06-03 00-03-09,460,22.6089,34.7093
2019-06-03 00-03-11,460,22.6089,34.7227
2019-06-03 00-03-13,460,22.5586,34.7494
2019-06-03 00-03-15,462,22.5739,34.736
2019-06-03 00-03-19,462,22.5906,34.7093
2019-06-03 00-03-21,462,22.6242,34.7093
2019-06-03 00-03-23,463,22.6608,34.7227
2019-06-03 00-03-25,462,22.6425,34.7093
2019-06-03 00-03-27,463,22.6242,34.6933
2019-06-03 00-03-29,463,22.6242,34.6933
2019-06-03 00-03-31,463,22.6242,34.7093
2019-06-03 00-03-35,462,22.6593,34.6933
2019-06-03 00-03-37,463,22.6776,34.6532
2019-06-03 00-03-39,462,22.6929,34.6532
2019-06-03 00-03-41,462,22.6929,34.6532
2019-06-03 00-03-43,461,22.7646,34.6532
2019-06-03 00-03-45,462,22.7112,34.6532
2019-06-03 00-03-47,462,22.728,34.6372
2019-06-03 00-03-49,463,22.7295,34.6532
2019-06-03 00-03-54,462,22.6929,34.6372
2019-06-03 00-03-56,462,22.7295,34.6532
2019-06-03 00-03-58,462,22.7112,34.6372
2019-06-03 00-04-00,462,22.728,34.6372
2019-06-03 00-04-02,462,22.7417,34.5945
2019-06-03 00-04-04,462,22.7798,34.6532
2019-06-03 00-04-06,462,22.7783,34.5945
2019-06-03 00-04-10,462,22.7417,34.5945
2019-06-03 00-04-12,462,22.7417,34.5945
2019-06-03 00-04-14,462,22.7936,34.5811
2019-06-03 00-04-16,462,22.7753,34.5811
2019-06-03 00-04-18,463,22.8302,34.5678
2019-06-03 00-04-20,462,22.7234,34.5811
2019-06-03 00-04-22,463,22.757,34.5678
2019-06-03 00-04-24,463,22.7921,34.5678
2019-06-03 00-04-28,463,22.76,34.5811
2019-06-03 00-04-30,463,22.7936,34.5811
2019-06-03 00-04-32,463,22.7921,34.5678
2019-06-03 00-04-34,463,22.7737,34.5544
2019-06-03 00-04-36,463,22.757,34.5544
2019-06-03 00-04-38,463,22.847,34.5384
2019-06-03 00-04-40,463,22.789,34.5251
2019-06-03 00-04-44,463,22.8287,34.5384
2019-06-03 00-04-46,463,22.7921,34.5544
2019-06-03 00-04-48,462,22.8104,34.5384
2019-06-03 00-04-50,462,22.8439,34.5251
2019-06-03 00-04-52,462,22.8104,34.5384
2019-06-03 00-04-54,462,22.8287,34.5384
2019-06-03 00-04-56,462,22.847,34.5544
2019-06-03 00-04-58,462,22.8119,34.5544
2019-06-03 00-05-02,461,22.8806,34.5544
2019-06-03 00-05-04,461,22.7554,34.5384
2019-06-03 00-05-06,462,22.8485,34.5811
2019-06-03 00-05-08,461,22.8287,34.5384
2019-06-03 00-05-10,461,22.8256,34.5117
2019-06-03 00-05-12,462,22.8439,34.5251
2019-06-03 00-05-14,461,22.789,34.5251
2019-06-03 00-05-18,461,22.8104,34.5251
2019-06-03 00-05-20,461,22.8287,34.5251
2019-06-03 00-05-22,461,22.8302,34.5678
2019-06-03 00-05-24,460,22.8439,34.5251
2019-06-03 00-05-26,460,22.7753,34.5678
2019-06-03 00-05-28,460,22.8104,34.5384
2019-06-03 00-05-30,460,22.8653,34.5544
2019-06-03 00-05-32,459,22.7737,34.5251
2019-06-03 00-05-36,459,22.8806,34.5384
2019-06-03 00-05-38,460,22.7554,34.5251
2019-06-03 00-05-40,460,22.8287,34.5251
2019-06-03 00-05-42,460,22.847,34.5384
2019-06-03 00-05-44,460,22.8806,34.5384
2019-06-03 00-05-46,460,22.8439,34.5251
2019-06-03 00-05-48,461,22.847,34.5384
2019-06-03 00-05-50,461,22.879,34.5251
2019-06-03 00-05-54,461,22.8607,34.4984
2019-06-03 00-05-56,461,22.8287,34.5384
2019-06-03 00-05-58,461,22.879,34.5251
2019-06-03 00-06-00,461,22.8607,34.4984
2019-06-03 00-06-02,461,22.9126,34.4984
2019-06-03 00-06-04,461,22.9126,34.5117
2019-06-03 00-06-06,461,22.9294,34.4823
2019-06-03 00-06-10,461,22.8424,34.469
2019-06-03 00-06-12,461,22.9309,34.5117
2019-06-03 00-06-14,462,22.9126,34.5117
2019-06-03 00-06-16,462,22.9111,34.469
2019-06-03 00-06-18,462,22.9843,34.4823
2019-06-03 00-06-20,462,22.9263,34.4423
2019-06-03 00-06-22,462,22.9263,34.4556
2019-06-03 00-06-24,462,22.8928,34.4556
2019-06-03 00-06-28,461,22.9294,34.4823
2019-06-03 00-06-30,461,22.9294,34.4984
2019-06-03 00-06-32,461,22.8928,34.469
2019-06-03 00-06-34,461,22.8928,34.469
2019-06-03 00-06-36,461,22.9111,34.4823
2019-06-03 00-06-38,461,22.908,34.4556
2019-06-03 00-06-40,461,22.9446,34.4823
2019-06-03 00-06-44,460,22.8943,34.4823
2019-06-03 00-06-46,460,22.8607,34.5117
2019-06-03 00-06-48,460,22.8424,34.4984
2019-06-03 00-06-50,460,22.879,34.5251
2019-06-03 00-06-52,460,22.8622,34.5251
2019-06-03 00-06-54,460,22.879,34.5251
2019-06-03 00-06-56,459,22.8439,34.5251
2019-06-03 00-06-58,459,22.8973,34.5384
2019-06-03 00-07-02,459,22.7921,34.5544
2019-06-03 00-07-04,460,22.8302,34.5811
2019-06-03 00-07-06,460,22.8149,34.5811
2019-06-03 00-07-08,460,22.8149,34.5811
2019-06-03 00-07-10,461,22.7753,34.5678
2019-06-03 00-07-12,461,22.7417,34.5678
2019-06-03 00-07-14,461,22.7753,34.5678
2019-06-03 00-07-18,461,22.789,34.5251
2019-06-03 00-07-20,461,22.8287,34.5384
2019-06-03 00-07-22,461,22.8256,34.5117
2019-06-03 00-07-24,462,22.847,34.5384
2019-06-03 00-07-26,463,22.8973,34.5117
2019-06-03 00-07-28,463,22.8973,34.5117
2019-06-03 00-07-30,464,22.8943,34.4823
2019-06-03 00-07-32,463,22.9111,34.469
2019-06-03 00-07-36,462,22.8577,34.4823
2019-06-03 00-07-38,461,22.9111,34.469
2019-06-03 00-07-40,461,22.8943,34.4823
2019-06-03 00-07-42,462,22.9111,34.4823
2019-06-03 00-07-44,462,22.8928,34.469
2019-06-03 00-07-46,461,22.8928,34.4556
2019-06-03 00-07-48,460,22.9111,34.4823
2019-06-03 00-07-52,460,22.9263,34.4423
2019-06-03 00-07-54,461,22.963,34.4423
2019-06-03 00-07-56,462,22.9813,34.4556
2019-06-03 00-07-58,462,22.963,34.4423
2019-06-03 00-08-00,463,22.9614,34.4129
2019-06-03 00-08-02,463,22.998,34.4263
2019-06-03 00-08-04,463,22.9431,34.4423
2019-06-03 00-08-06,463,22.9767,34.3996
2019-06-03 00-08-10,465,23.0133,34.4129
2019-06-03 00-08-12,466,23.0133,34.4129
2019-06-03 00-08-14,466,23.0133,34.3996
2019-06-03 00-08-16,467,22.9935,34.3702
2019-06-03 00-08-18,467,23.0118,34.3862
2019-06-03 00-08-20,468,23.0484,34.3996
2019-06-03 00-08-22,467,22.963,34.4263
2019-06-03 00-08-26,467,22.9767,34.3862
2019-06-03 00-08-28,466,23.0484,34.4129
2019-06-03 00-08-30,465,22.995,34.4129
2019-06-03 00-08-32,464,22.995,34.3996
2019-06-03 00-08-34,464,23.0133,34.4129
2019-06-03 00-08-36,462,23.0133,34.4263
2019-06-03 00-08-38,462,22.998,34.4263
2019-06-03 00-08-40,462,22.9797,34.4263
2019-06-03 00-08-44,462,22.9431,34.4263
2019-06-03 00-08-46,463,22.9263,34.4556
2019-06-03 00-08-48,463,22.9813,34.4556
2019-06-03 00-08-50,463,22.8745,34.4556
2019-06-03 00-08-52,464,22.963,34.4423
2019-06-03 00-08-54,463,23.0133,34.4263
2019-06-03 00-08-56,462,22.963,34.4423
2019-06-03 00-09-00,462,22.963,34.4556
2019-06-03 00-09-02,462,22.9431,34.4423
2019-06-03 00-09-04,462,22.9797,34.4263
2019-06-03 00-09-06,462,23.0164,34.4556
2019-06-03 00-09-08,463,22.9431,34.4423
2019-06-03 00-09-10,462,22.9446,34.4556
2019-06-03 00-09-12,462,22.966,34.4823
2019-06-03 00-09-14,463,22.9294,34.4984
2019-06-03 00-09-18,463,22.8607,34.5117
2019-06-03 00-09-20,462,22.9263,34.469
2019-06-03 00-09-22,462,22.8241,34.4823
2019-06-03 00-09-24,463,22.876,34.4823
2019-06-03 00-09-26,463,22.879,34.4984
2019-06-03 00-09-28,463,22.8073,34.4984
2019-06-03 00-09-30,464,22.9126,34.4984
2019-06-03 00-09-34,464,22.879,34.4984
2019-06-03 00-09-36,465,22.8928,34.469
2019-06-03 00-09-38,464,22.8897,34.4423
2019-06-03 00-09-40,465,22.8943,34.4823
2019-06-03 00-09-42,465,22.9446,34.4556
2019-06-03 00-09-45,465,22.9263,34.4556
2019-06-03 00-09-47,465,22.966,34.4823
2019-06-03 00-09-49,465,22.963,34.4423
2019-06-03 00-09-53,464,22.9996,34.4556
2019-06-03 00-09-55,464,22.9813,34.469
2019-06-03 00-09-57,465,22.998,34.4423
2019-06-03 00-09-59,465,22.9813,34.469
2019-06-03 00-10-01,465,22.963,34.4556
2019-06-03 00-10-03,466,22.963,34.4556
2019-06-03 00-10-05,466,22.9263,34.4556
2019-06-03 00-10-09,466,22.9263,34.469
2019-06-03 00-10-11,466,22.9431,34.4263
2019-06-03 00-10-13,466,22.9614,34.4129
2019-06-03 00-10-15,467,22.963,34.4263
2019-06-03 00-10-17,466,22.9996,34.4556
2019-06-03 00-10-19,466,22.963,34.4556
2019-06-03 00-10-21,465,22.9263,34.4556
2019-06-03 00-10-23,466,22.9996,34.4556
2019-06-03 00-10-27,465,22.963,34.4423
2019-06-03 00-10-29,465,22.998,34.4423
2019-06-03 00-10-31,464,22.966,34.469
2019-06-03 00-10-33,463,22.9813,34.4423
2019-06-03 00-10-35,463,22.966,34.469
2019-06-03 00-10-37,463,22.9446,34.469
2019-06-03 00-10-39,463,22.9446,34.469
2019-06-03 00-10-43,463,22.963,34.4556
2019-06-03 00-10-45,463,22.9263,34.469
2019-06-03 00-10-47,463,22.908,34.4556
2019-06-03 00-10-49,463,22.9126,34.4984
2019-06-03 00-10-51,462,22.9126,34.5251
2019-06-03 00-10-53,462,22.9309,34.5251
2019-06-03 00-10-55,462,22.879,34.5251
2019-06-03 00-10-57,462,22.879,34.5251
2019-06-03 00-11-01,461,22.8439,34.5251
2019-06-03 00-11-03,461,22.7921,34.5384
2019-06-03 00-11-05,461,22.8073,34.4984
2019-06-03 00-11-07,462,22.8073,34.4984
2019-06-03 00-11-09,463,22.789,34.5117
2019-06-03 00-11-11,463,22.8622,34.5384
2019-06-03 00-11-13,463,22.8287,34.5251
2019-06-03 00-11-15,463,22.8287,34.5384
2019-06-03 00-11-19,463,22.8622,34.5384
2019-06-03 00-11-21,463,22.847,34.5384
2019-06-03 00-11-23,463,22.847,34.5384
2019-06-03 00-11-25,463,22.8287,34.5251
2019-06-03 00-11-27,464,22.8806,34.5384
2019-06-03 00-11-29,464,22.7921,34.5384
2019-06-03 00-11-31,464,22.8149,34.5811
2019-06-03 00-11-35,464,22.8119,34.5678
2019-06-03 00-11-37,463,22.7737,34.5544
2019-06-03 00-11-39,463,22.8119,34.5678
2019-06-03 00-11-41,463,22.7737,34.5544
2019-06-03 00-11-43,463,22.847,34.5544
2019-06-03 00-11-45,463,22.8287,34.5384
2019-06-03 00-11-47,464,22.8104,34.5251
2019-06-03 00-11-49,464,22.879,34.5117
2019-06-03 00-11-53,464,22.8256,34.5117
2019-06-03 00-11-55,465,22.8806,34.5384
2019-06-03 00-11-57,465,22.8287,34.5251
2019-06-03 00-11-59,466,22.879,34.5117
2019-06-03 00-12-01,465,22.879,34.5251
2019-06-03 00-12-03,465,22.879,34.5117
2019-06-03 00-12-05,465,22.879,34.5251
2019-06-03 00-12-09,465,22.8806,34.5384
2019-06-03 00-12-11,465,22.8104,34.5117
2019-06-03 00-12-13,465,22.8622,34.5251
2019-06-03 00-12-15,465,22.7921,34.5384
2019-06-03 00-12-17,465,22.8439,34.5251
2019-06-03 00-12-19,464,22.8622,34.5384
2019-06-03 00-12-21,464,22.8622,34.5384
2019-06-03 00-12-23,464,22.8439,34.5251
2019-06-03 00-12-27,464,22.8287,34.5251
2019-06-03 00-12-29,463,22.8607,34.5117
2019-06-03 00-12-31,464,22.8622,34.5384
2019-06-03 00-12-33,463,22.8104,34.5384
2019-06-03 00-12-35,464,22.7921,34.5678
2019-06-03 00-12-37,464,22.8119,34.5544
2019-06-03 00-12-39,464,22.757,34.5678
2019-06-03 00-12-43,464,22.757,34.5544
2019-06-03 00-12-45,464,22.757,34.5544
2019-06-03 00-12-47,464,22.7386,34.5544
2019-06-03 00-12-49,464,22.8439,34.5251
2019-06-03 00-12-51,464,22.8439,34.5251
2019-06-03 00-12-53,464,22.8439,34.5117
2019-06-03 00-12-55,465,22.8439,34.5117
2019-06-03 00-12-57,465,22.9156,34.5384
2019-06-03 00-13-01,465,22.8973,34.5251
2019-06-03 00-13-03,464,22.8439,34.5251
2019-06-03 00-13-05,463,22.8439,34.5117
2019-06-03 00-13-07,463,22.8104,34.5251
2019-06-03 00-13-09,463,22.8973,34.5117
2019-06-03 00-13-11,464,22.8256,34.5117
2019-06-03 00-13-13,464,22.9477,34.5117
2019-06-03 00-13-17,465,22.8424,34.4984
2019-06-03 00-13-19,465,22.8256,34.5117
2019-06-03 00-13-21,464,22.8607,34.5117
2019-06-03 00-13-23,464,22.8256,34.4984
2019-06-03 00-13-25,464,22.8424,34.4823
2019-06-03 00-13-27,464,22.9309,34.5117
2019-06-03 00-13-29,463,22.8241,34.469
2019-06-03 00-13-31,464,22.8928,34.469
2019-06-03 00-13-35,464,22.9294,34.4984
2019-06-03 00-13-37,464,22.876,34.469
2019-06-03 00-13-39,464,22.8928,34.4556
2019-06-03 00-13-41,464,22.8928,34.469
2019-06-03 00-13-43,464,22.8424,34.469
2019-06-03 00-13-45,464,22.9111,34.4823
2019-06-03 00-13-47,464,22.908,34.4556
2019-06-03 00-13-51,464,22.9843,34.4823
2019-06-03 00-13-53,464,22.9446,34.4556
2019-06-03 00-13-55,464,22.8928,34.4556
2019-06-03 00-13-57,464,22.9813,34.4423
2019-06-03 00-13-59,464,22.9614,34.4129
2019-06-03 00-14-01,464,22.963,34.4263
2019-06-03 00-14-03,464,22.963,34.4556
2019-06-03 00-14-05,464,22.8897,34.4263
2019-06-03 00-14-09,464,22.9263,34.4556
2019-06-03 00-14-11,464,22.9446,34.469
2019-06-03 00-14-13,463,22.9294,34.4823
2019-06-03 00-14-15,463,22.9126,34.5251
2019-06-03 00-14-17,462,22.9202,34.5945
2019-06-03 00-14-19,462,22.7798,34.6372
2019-06-03 00-14-21,462,22.7463,34.6532
2019-06-03 00-14-25,463,22.7463,34.6372
2019-06-03 00-14-27,463,22.7097,34.6239
2019-06-03 00-14-29,464,22.6364,34.6105
2019-06-03 00-14-31,465,22.728,34.6239
2019-06-03 00-14-33,466,22.7097,34.6105
2019-06-03 00-14-35,466,22.7432,34.6105
2019-06-03 00-14-37,467,22.7753,34.5811
2019-06-03 00-14-39,466,22.8119,34.5544
2019-06-03 00-14-43,467,22.7921,34.5544
2019-06-03 00-14-45,466,22.8119,34.5678
2019-06-03 00-14-47,466,22.8119,34.5544
2019-06-03 00-14-49,466,22.7921,34.5544
2019-06-03 00-14-51,466,22.7737,34.5544
2019-06-03 00-14-53,465,22.8287,34.5384
2019-06-03 00-14-55,465,22.7737,34.5544
2019-06-03 00-14-57,465,22.847,34.5544
2019-06-03 00-15-01,465,22.7707,34.5117
2019-06-03 00-15-03,465,22.847,34.5544
2019-06-03 00-15-05,465,22.8287,34.5384
2019-06-03 00-15-07,465,22.8256,34.5117
2019-06-03 00-15-09,464,22.8943,34.4984
2019-06-03 00-15-11,465,22.8607,34.4984
2019-06-03 00-15-13,465,22.8256,34.4984
2019-06-03 00-15-17,466,22.879,34.4984
2019-06-03 00-15-19,466,22.966,34.469
2019-06-03 00-15-21,467,22.8577,34.469
2019-06-03 00-15-23,467,22.9111,34.4823
2019-06-03 00-15-25,467,22.9263,34.469
2019-06-03 00-15-27,467,22.8424,34.4823
2019-06-03 00-15-29,466,22.8439,34.5117
2019-06-03 00-15-31,466,22.8943,34.4823
2019-06-03 00-15-35,466,22.8104,34.5117
2019-06-03 00-15-37,466,22.8439,34.5117
2019-06-03 00-15-39,466,22.8058,34.469
2019-06-03 00-15-41,465,22.9843,34.4823
2019-06-03 00-15-44,465,22.9294,34.4823
2019-06-03 00-15-46,465,22.9294,34.4823
2019-06-03 00-15-48,465,22.9446,34.469
2019-06-03 00-15-52,466,22.9263,34.4556
2019-06-03 00-15-54,466,22.908,34.4556
2019-06-03 00-15-56,465,22.9813,34.4556
2019-06-03 00-15-58,465,22.9263,34.4556
2019-06-03 00-16-00,465,22.9813,34.4556
2019-06-03 00-16-02,465,22.8897,34.4263
2019-06-03 00-16-04,465,22.9813,34.4423
2019-06-03 00-16-06,465,22.963,34.4423
2019-06-03 00-16-10,464,22.9813,34.4556
2019-06-03 00-16-12,464,22.9263,34.4556
2019-06-03 00-16-14,464,22.9446,34.4556
2019-06-03 00-16-16,464,22.8577,34.4556
2019-06-03 00-16-18,464,22.908,34.4556
2019-06-03 00-16-20,463,22.8561,34.4263
2019-06-03 00-16-22,463,22.8897,34.4423
2019-06-03 00-16-26,464,22.908,34.4556
2019-06-03 00-16-28,463,22.8577,34.4556
2019-06-03 00-16-30,463,22.876,34.469
2019-06-03 00-16-32,463,22.876,34.469
2019-06-03 00-16-34,463,22.8928,34.4556
2019-06-03 00-16-36,462,22.9263,34.4556
2019-06-03 00-16-38,462,22.908,34.4556
2019-06-03 00-16-40,462,22.9263,34.4556
2019-06-03 00-16-44,462,22.9263,34.4556
2019-06-03 00-16-46,462,22.908,34.4556
2019-06-03 00-16-48,462,22.908,34.4423
2019-06-03 00-16-50,463,22.908,34.4423
2019-06-03 00-16-52,462,22.9446,34.469
2019-06-03 00-16-54,462,22.908,34.4556
2019-06-03 00-16-56,462,22.876,34.469
2019-06-03 00-17-00,462,22.908,34.4556
2019-06-03 00-17-02,462,22.908,34.4556
2019-06-03 00-17-04,462,22.8928,34.469
2019-06-03 00-17-06,462,22.9446,34.4556
2019-06-03 00-17-08,462,22.908,34.4423
2019-06-03 00-17-10,463,22.8928,34.4556
2019-06-03 00-17-12,463,22.908,34.4423
2019-06-03 00-17-14,463,22.9446,34.4556
2019-06-03 00-17-18,463,22.908,34.4423
2019-06-03 00-17-20,463,22.8928,34.4556
2019-06-03 00-17-22,462,22.876,34.469
2019-06-03 00-17-24,462,22.8394,34.4556
2019-06-03 00-17-26,462,22.876,34.4823
2019-06-03 00-17-28,461,22.8928,34.469
2019-06-03 00-17-30,462,22.8745,34.4556
2019-06-03 00-17-32,461,22.8424,34.4984
2019-06-03 00-17-36,461,22.8943,34.4823
2019-06-03 00-17-38,462,22.8073,34.4984
2019-06-03 00-17-40,462,22.8241,34.4823
2019-06-03 00-17-42,461,22.8073,34.4984
2019-06-03 00-17-44,461,22.8424,34.4823
2019-06-03 00-17-46,462,22.8256,34.5117
2019-06-03 00-17-48,461,22.8424,34.4984
2019-06-03 00-17-50,461,22.8439,34.5117
2019-06-03 00-17-54,461,22.8943,34.4823
2019-06-03 00-17-56,462,22.8439,34.5117
2019-06-03 00-17-58,462,22.8424,34.4984
2019-06-03 00-18-00,463,22.8577,34.4823
2019-06-03 00-18-02,462,22.8577,34.4823
2019-06-03 00-18-04,462,22.8577,34.469
2019-06-03 00-18-06,463,22.8241,34.4556
2019-06-03 00-18-10,463,22.8424,34.469
2019-06-03 00-18-12,464,22.9111,34.469
2019-06-03 00-18-14,464,22.908,34.4556
2019-06-03 00-18-16,464,22.879,34.4984
2019-06-03 00-18-18,464,22.8897,34.4423
2019-06-03 00-18-20,464,22.963,34.4556
2019-06-03 00-18-22,464,22.9263,34.4556
2019-06-03 00-18-24,464,22.9813,34.469
2019-06-03 00-18-28,464,22.966,34.469
2019-06-03 00-18-30,464,22.908,34.4423
2019-06-03 00-18-32,464,22.908,34.4423
2019-06-03 00-18-34,464,22.8928,34.469
2019-06-03 00-18-36,463,22.963,34.4423
2019-06-03 00-18-38,463,22.9263,34.469
2019-06-03 00-18-40,463,22.9263,34.4556
2019-06-03 00-18-42,463,22.9111,34.469
2019-06-03 00-18-46,463,22.9446,34.4556
2019-06-03 00-18-48,463,22.9111,34.4823
2019-06-03 00-18-50,462,22.8745,34.4423
2019-06-03 00-18-52,462,22.908,34.4556
2019-06-03 00-18-54,462,22.9446,34.469
2019-06-03 00-18-56,462,22.876,34.469
2019-06-03 00-18-58,462,22.9111,34.469
2019-06-03 00-19-02,462,22.8928,34.4556
2019-06-03 00-19-04,462,22.8073,34.4984
2019-06-03 00-19-06,462,22.879,34.4984
2019-06-03 00-19-08,462,22.9111,34.4823
2019-06-03 00-19-10,462,22.9111,34.4823
2019-06-03 00-19-12,462,22.9446,34.4823
2019-06-03 00-19-14,462,22.8424,34.4823
2019-06-03 00-19-16,462,22.8943,34.4984
2019-06-03 00-19-20,462,22.8607,34.4984
2019-06-03 00-19-22,462,22.8607,34.4984
2019-06-03 00-19-24,463,22.8424,34.4823
2019-06-03 00-19-26,463,22.8607,34.5117
2019-06-03 00-19-28,462,22.8439,34.5251
2019-06-03 00-19-30,462,22.8439,34.5117
2019-06-03 00-19-32,462,22.879,34.5117
2019-06-03 00-19-36,462,22.789,34.5117
2019-06-03 00-19-38,462,22.8439,34.5117
2019-06-03 00-19-40,462,22.8439,34.5117
2019-06-03 00-19-42,462,22.847,34.5384
2019-06-03 00-19-44,462,22.8806,34.5384
2019-06-03 00-19-46,462,22.8104,34.5251
2019-06-03 00-19-48,463,22.7875,34.4984
2019-06-03 00-19-50,463,22.8256,34.5117
2019-06-03 00-19-54,463,22.8241,34.4823
2019-06-03 00-19-56,463,22.879,34.5251
2019-06-03 00-19-58,463,22.8622,34.5251
2019-06-03 00-20-00,464,22.7554,34.5384
2019-06-03 00-20-02,464,22.7737,34.5384
2019-06-03 00-20-04,464,22.757,34.5544
2019-06-03 00-20-06,464,22.7753,34.5678
2019-06-03 00-20-08,464,22.7737,34.5544
2019-06-03 00-20-12,464,22.757,34.5544
2019-06-03 00-20-14,464,22.7371,34.5251
2019-06-03 00-20-16,463,22.7417,34.5678
2019-06-03 00-20-18,464,22.7234,34.5811
2019-06-03 00-20-20,464,22.7386,34.5544
2019-06-03 00-20-22,464,22.7753,34.5678
2019-06-03 00-20-24,464,22.757,34.5678
2019-06-03 00-20-28,463,22.757,34.5678
2019-06-03 00-20-30,462,22.7921,34.5544
2019-06-03 00-20-32,462,22.7371,34.5251
2019-06-03 00-20-34,463,22.7753,34.5678
2019-06-03 00-20-36,462,22.847,34.5384
2019-06-03 00-20-38,462,22.7737,34.5384
2019-06-03 00-20-40,462,22.7737,34.5384
2019-06-03 00-20-42,462,22.7554,34.5251
2019-06-03 00-20-46,462,22.789,34.5251
2019-06-03 00-20-48,462,22.8287,34.5384
2019-06-03 00-20-50,462,22.757,34.5678
2019-06-03 00-20-52,462,22.7554,34.5384
2019-06-03 00-20-54,461,22.7737,34.5384
2019-06-03 00-20-56,461,22.8119,34.5678
2019-06-03 00-20-58,460,22.7921,34.5678
2019-06-03 00-21-00,460,22.7921,34.5544
2019-06-03 00-21-04,460,22.7386,34.5544
2019-06-03 00-21-06,460,22.7921,34.5678
2019-06-03 00-21-08,460,22.8119,34.5678
2019-06-03 00-21-10,460,22.7371,34.5251
2019-06-03 00-21-12,460,22.7554,34.5384
2019-06-03 00-21-14,460,22.7737,34.5384
2019-06-03 00-21-16,460,22.789,34.5251
2019-06-03 00-21-20,460,22.8439,34.5251
2019-06-03 00-21-22,459,22.8104,34.5251
2019-06-03 00-21-24,460,22.7921,34.5384
2019-06-03 00-21-26,459,22.8256,34.5117
2019-06-03 00-21-28,459,22.8287,34.5251
2019-06-03 00-21-30,460,22.8256,34.5117
2019-06-03 00-21-32,460,22.8073,34.4984
2019-06-03 00-21-34,460,22.8424,34.4984
2019-06-03 00-21-38,460,22.8241,34.4823
2019-06-03 00-21-40,460,22.879,34.5117
2019-06-03 00-21-42,460,22.879,34.5251
2019-06-03 00-21-44,461,22.8256,34.4984
2019-06-03 00-21-47,460,22.8073,34.4984
2019-06-03 00-21-49,459,22.8943,34.4984
2019-06-03 00-21-51,460,22.8577,34.469
2019-06-03 00-21-55,460,22.876,34.4823
2019-06-03 00-21-57,459,22.9263,34.4556
2019-06-03 00-21-59,459,22.908,34.4556
2019-06-03 00-22-01,460,22.8577,34.469
2019-06-03 00-22-03,460,22.9111,34.469
2019-06-03 00-22-05,459,22.876,34.469
2019-06-03 00-22-07,460,22.8241,34.4556
2019-06-03 00-22-09,459,22.8577,34.469
2019-06-03 00-22-13,459,22.8073,34.4823
2019-06-03 00-22-15,460,22.8073,34.4823
2019-06-03 00-22-17,459,22.8577,34.469
2019-06-03 00-22-19,460,22.8607,34.4984
2019-06-03 00-22-21,459,22.9294,34.4823
2019-06-03 00-22-23,459,22.8928,34.469
2019-06-03 00-22-25,459,22.908,34.4556
2019-06-03 00-22-27,459,22.8577,34.469
2019-06-03 00-22-31,459,22.966,34.469
2019-06-03 00-22-33,459,22.8928,34.469
2019-06-03 00-22-35,459,22.8928,34.469
2019-06-03 00-22-37,459,22.9263,34.469
2019-06-03 00-22-39,459,22.8928,34.469
2019-06-03 00-22-41,459,22.8897,34.4423
2019-06-03 00-22-43,459,22.9431,34.4423
2019-06-03 00-22-47,459,22.8928,34.4556
2019-06-03 00-22-49,459,22.998,34.4263
2019-06-03 00-22-51,460,22.9248,34.4263
2019-06-03 00-22-53,459,22.9797,34.4263
2019-06-03 00-22-55,459,22.9446,34.4556
2019-06-03 00-22-57,460,22.9263,34.4556
2019-06-03 00-22-59,460,22.8897,34.4263
2019-06-03 00-23-01,460,22.8897,34.4423
2019-06-03 00-23-05,460,22.9431,34.4423
2019-06-03 00-23-07,460,22.9263,34.4423
2019-06-03 00-23-09,460,22.8714,34.4129
2019-06-03 00-23-11,460,22.908,34.4556
2019-06-03 00-23-13,460,22.8424,34.4823
2019-06-03 00-23-15,460,22.8745,34.4556
2019-06-03 00-23-17,460,22.8745,34.4556
2019-06-03 00-23-19,461,22.9446,34.4556
2019-06-03 00-23-23,461,22.8714,34.4129
2019-06-03 00-23-25,461,22.908,34.4263
2019-06-03 00-23-27,461,22.908,34.4423
2019-06-03 00-23-29,462,22.9218,34.3996
2019-06-03 00-23-31,461,22.9614,34.4129
2019-06-03 00-23-33,461,22.9797,34.4129
2019-06-03 00-23-35,461,22.9797,34.4129
2019-06-03 00-23-37,462,23.0118,34.3862
2019-06-03 00-23-41,462,22.995,34.3996
2019-06-03 00-23-43,462,22.9614,34.4129
2019-06-03 00-23-45,462,22.9401,34.3996
2019-06-03 00-23-47,462,22.9797,34.4263
2019-06-03 00-23-49,461,22.876,34.4823
2019-06-03 00-23-51,461,22.8439,34.5251
2019-06-03 00-23-53,461,22.8119,34.5678
2019-06-03 00-23-57,461,22.8195,34.6532
2019-06-03 00-23-59,461,22.6791,34.6799
2019-06-03 00-24-01,461,22.6562,34.6666
2019-06-03 00-24-03,461,22.6929,34.6532
2019-06-03 00-24-05,461,22.6959,34.6666
2019-06-03 00-24-07,462,22.6593,34.6933
2019-06-03 00-24-09,462,22.5739,34.7093
2019-06-03 00-24-11,462,22.5876,34.6799
2019-06-03 00-24-15,463,22.5693,34.6666
2019-06-03 00-24-17,463,22.554,34.6666
2019-06-03 00-24-19,464,22.5876,34.6666
2019-06-03 00-24-21,464,22.6013,34.6239
2019-06-03 00-24-23,465,22.6196,34.6105
2019-06-03 00-24-25,465,22.7234,34.5811
2019-06-03 00-24-27,465,22.6913,34.5945
2019-06-03 00-24-31,465,22.6913,34.5945
2019-06-03 00-24-33,465,22.76,34.5811
2019-06-03 00-24-35,465,22.7234,34.5678
2019-06-03 00-24-37,466,22.7051,34.5678
2019-06-03 00-24-39,465,22.7417,34.5678
2019-06-03 00-24-41,465,22.7417,34.5678
2019-06-03 00-24-43,465,22.7707,34.5117
2019-06-03 00-24-45,466,22.7921,34.5384
2019-06-03 00-24-49,465,22.757,34.5544
2019-06-03 00-24-51,466,22.8104,34.5251
2019-06-03 00-24-53,466,22.789,34.5117
2019-06-03 00-24-55,466,22.7737,34.5251
2019-06-03 00-24-57,465,22.8104,34.5251
2019-06-03 00-24-59,465,22.8241,34.4823
2019-06-03 00-25-01,465,22.7554,34.5251
2019-06-03 00-25-05,464,22.8073,34.4823
2019-06-03 00-25-07,464,22.8256,34.4984
2019-06-03 00-25-09,464,22.7707,34.5117
2019-06-03 00-25-11,464,22.8424,34.4823
2019-06-03 00-25-13,464,22.8256,34.4984
2019-06-03 00-25-15,464,22.8577,34.4823
2019-06-03 00-25-17,464,22.8745,34.4556
2019-06-03 00-25-21,464,22.8073,34.4984
2019-06-03 00-25-23,464,22.789,34.5117
2019-06-03 00-25-25,463,22.8394,34.4556
2019-06-03 00-25-27,463,22.8943,34.4823
2019-06-03 00-25-29,463,22.8058,34.469
2019-06-03 00-25-31,463,22.8058,34.469
2019-06-03 00-25-33,462,22.8424,34.4823
2019-06-03 00-25-35,462,22.8928,34.469
2019-06-03 00-25-39,462,22.876,34.4823
2019-06-03 00-25-41,463,22.8241,34.4556
2019-06-03 00-25-43,463,22.8577,34.469
2019-06-03 00-25-45,463,22.7844,34.4556
2019-06-03 00-25-47,464,22.876,34.469
2019-06-03 00-25-49,464,22.8058,34.4556
2019-06-03 00-25-51,464,22.876,34.469
2019-06-03 00-25-55,464,22.8897,34.4423
2019-06-03 00-25-57,464,22.8577,34.4556
2019-06-03 00-25-59,464,22.8577,34.469
2019-06-03 00-26-01,464,22.8561,34.4423
2019-06-03 00-26-03,464,22.8394,34.4556
2019-06-03 00-26-05,464,22.8577,34.469
2019-06-03 00-26-07,464,22.876,34.4823
2019-06-03 00-26-09,464,22.8928,34.4556
2019-06-03 00-26-13,464,22.8424,34.469
2019-06-03 00-26-15,464,22.8394,34.4423
2019-06-03 00-26-17,464,22.8577,34.469
2019-06-03 00-26-19,464,22.8577,34.469
2019-06-03 00-26-21,464,22.9263,34.4423
2019-06-03 00-26-23,464,22.8928,34.4556
2019-06-03 00-26-25,464,22.8394,34.4556
2019-06-03 00-26-29,463,22.8622,34.5251
2019-06-03 00-26-31,463,22.8104,34.5251
2019-06-03 00-26-33,463,22.8104,34.5251
2019-06-03 00-26-35,463,22.8119,34.5678
2019-06-03 00-26-37,463,22.8302,34.5678
2019-06-03 00-26-39,464,22.7921,34.5544
2019-06-03 00-26-41,464,22.8653,34.5811
2019-06-03 00-26-43,464,22.789,34.5251
2019-06-03 00-26-47,464,22.7737,34.5544
2019-06-03 00-26-49,464,22.757,34.5544
2019-06-03 00-26-51,464,22.7921,34.5678
2019-06-03 00-26-53,464,22.8302,34.5678
2019-06-03 00-26-55,464,22.7753,34.5678
2019-06-03 00-26-57,464,22.7921,34.5678
2019-06-03 00-26-59,464,22.7737,34.5384
2019-06-03 00-27-03,463,22.7737,34.5251
2019-06-03 00-27-05,463,22.7386,34.5544
2019-06-03 00-27-07,464,22.7554,34.5384
2019-06-03 00-27-09,464,22.7188,34.5117
2019-06-03 00-27-11,464,22.7554,34.5251
2019-06-03 00-27-13,464,22.8256,34.5117
2019-06-03 00-27-15,464,22.789,34.5117
2019-06-03 00-27-17,465,22.8256,34.4984
2019-06-03 00-27-21,464,22.879,34.4984
2019-06-03 00-27-24,465,22.8058,34.469
2019-06-03 00-27-26,465,22.8577,34.469
2019-06-03 00-27-28,465,22.8745,34.4423
2019-06-03 00-27-30,464,22.8714,34.4263
2019-06-03 00-27-32,464,22.8897,34.4423
2019-06-03 00-27-34,464,22.9797,34.4263
2019-06-03 00-27-38,464,22.9431,34.4423
2019-06-03 00-27-40,464,22.8897,34.4423
2019-06-03 00-27-42,464,22.8897,34.4263
2019-06-03 00-27-44,464,22.963,34.4263
2019-06-03 00-27-46,464,22.8897,34.4263
2019-06-03 00-27-48,463,22.9065,34.3996
2019-06-03 00-27-50,463,22.9797,34.4263
2019-06-03 00-27-52,463,22.9401,34.3996
2019-06-03 00-27-56,463,22.9218,34.3996
2019-06-03 00-27-58,463,23.0118,34.3862
2019-06-03 00-28-00,463,22.9614,34.4129
2019-06-03 00-28-02,463,22.8531,34.4129
2019-06-03 00-28-04,463,22.8531,34.4129
2019-06-03 00-28-06,463,22.9034,34.3862
2019-06-03 00-28-08,463,22.9065,34.4129
2019-06-03 00-28-10,463,22.9065,34.4129
2019-06-03 00-28-14,462,22.9431,34.4263
2019-06-03 00-28-16,462,22.9614,34.4129
2019-06-03 00-28-18,462,23.0133,34.4129
2019-06-03 00-28-20,462,22.9065,34.3996
2019-06-03 00-28-22,462,23.0133,34.3996
2019-06-03 00-28-24,462,22.9614,34.4129
2019-06-03 00-28-26,462,22.8897,34.4129
2019-06-03 00-28-30,462,22.9401,34.3862
2019-06-03 00-28-32,462,22.9401,34.3996
2019-06-03 00-28-34,462,22.9767,34.3862
2019-06-03 00-28-36,462,22.995,34.3996
2019-06-03 00-28-38,462,22.9584,34.3862
2019-06-03 00-28-40,462,22.9218,34.3862
2019-06-03 00-28-42,462,22.9767,34.3862
2019-06-03 00-28-44,462,22.9401,34.3862
2019-06-03 00-28-48,462,22.9401,34.3996
2019-06-03 00-28-50,462,22.908,34.4263
2019-06-03 00-28-52,462,22.9935,34.3702
2019-06-03 00-28-54,462,22.9218,34.3862
2019-06-03 00-28-56,463,22.9614,34.3996
2019-06-03 00-28-58,462,22.9401,34.3862
2019-06-03 00-29-00,462,23.0301,34.3862
2019-06-03 00-29-04,463,22.9935,34.3702
2019-06-03 00-29-06,463,23.0118,34.3862
2019-06-03 00-29-08,464,23.0133,34.3996
2019-06-03 00-29-10,464,22.9218,34.3862
2019-06-03 00-29-12,464,22.963,34.4263
2019-06-03 00-29-14,463,22.9263,34.4423
2019-06-03 00-29-16,464,22.8241,34.469
2019-06-03 00-29-18,464,22.8622,34.5251
2019-06-03 00-29-22,463,22.8119,34.5544
2019-06-03 00-29-24,463,22.7921,34.5544
2019-06-03 00-29-26,463,22.7051,34.5384
2019-06-03 00-29-28,464,22.8104,34.5384
2019-06-03 00-29-30,464,22.7234,34.5811
2019-06-03 00-29-32,464,22.8287,34.5384
2019-06-03 00-29-34,464,22.8287,34.5384
2019-06-03 00-29-38,464,22.7921,34.5384
2019-06-03 00-29-40,464,22.7737,34.5251
2019-06-03 00-29-42,464,22.8073,34.4984
2019-06-03 00-29-44,464,22.876,34.4823
2019-06-03 00-29-46,464,22.876,34.469
2019-06-03 00-29-48,464,22.8577,34.469
2019-06-03 00-29-50,464,22.8943,34.4823
2019-06-03 00-29-52,464,22.9065,34.4129
2019-06-03 00-29-56,464,22.9431,34.4263
2019-06-03 00-29-58,464,22.9401,34.4129
2019-06-03 00-30-00,464,22.9218,34.3862
2019-06-03 00-30-02,464,22.995,34.3996
2019-06-03 00-30-04,464,22.9767,34.3702
2019-06-03 00-30-06,464,22.9935,34.3568
2019-06-03 00-30-08,464,22.9034,34.3702
2019-06-03 00-30-12,464,22.9904,34.3435
2019-06-03 00-30-14,464,22.9401,34.3862
2019-06-03 00-30-16,463,23.0087,34.3568
2019-06-03 00-30-18,463,23.027,34.3702
2019-06-03 00-30-20,463,22.9019,34.3568
2019-06-03 00-30-22,463,22.9935,34.3568
2019-06-03 00-30-24,463,22.9584,34.3702
2019-06-03 00-30-26,463,22.9752,34.3568
2019-06-03 00-30-30,463,22.9019,34.3568
2019-06-03 00-30-32,463,22.9904,34.3301
2019-06-03 00-30-34,463,22.9904,34.3435
2019-06-03 00-30-36,462,22.9935,34.3702
2019-06-03 00-30-38,463,22.9935,34.3568
2019-06-03 00-30-40,463,22.9202,34.3435
2019-06-03 00-30-42,463,22.9767,34.3702
2019-06-03 00-30-46,463,22.9721,34.3301
2019-06-03 00-30-48,463,22.9752,34.3568
2019-06-03 00-30-50,463,22.9935,34.3702
2019-06-03 00-30-52,463,22.9568,34.3568
2019-06-03 00-30-54,463,23.0087,34.3568
2019-06-03 00-30-56,463,22.9904,34.3435
2019-06-03 00-30-58,463,22.9568,34.3568
2019-06-03 00-31-00,463,22.9218,34.3702
2019-06-03 00-31-04,463,22.9034,34.3702
2019-06-03 00-31-06,463,22.9767,34.3862
2019-06-03 00-31-08,463,22.9202,34.3568
2019-06-03 00-31-10,463,22.9401,34.3862
2019-06-03 00-31-12,463,23.0453,34.3702
2019-06-03 00-31-14,463,22.9584,34.3702
2019-06-03 00-31-16,463,23.0118,34.3862
2019-06-03 00-31-20,463,22.9355,34.3435
2019-06-03 00-31-22,463,23.0301,34.3862
2019-06-03 00-31-24,463,22.9935,34.3702
2019-06-03 00-31-26,464,22.9935,34.3702
2019-06-03 00-31-28,464,22.9752,34.3568
2019-06-03 00-31-30,464,22.9385,34.3702
2019-06-03 00-31-32,464,22.9385,34.3702
2019-06-03 00-31-34,464,22.9614,34.3996
2019-06-03 00-31-38,464,22.9385,34.3702
2019-06-03 00-31-40,464,22.9752,34.3568
2019-06-03 00-31-42,465,22.9568,34.3568
2019-06-03 00-31-44,465,22.9584,34.3702
2019-06-03 00-31-46,465,22.9202,34.3435
2019-06-03 00-31-48,465,22.9568,34.3568
2019-06-03 00-31-50,465,22.8668,34.3568
2019-06-03 00-31-54,464,22.9935,34.3568
2019-06-03 00-31-56,464,22.9385,34.3568
2019-06-03 00-31-58,464,22.9935,34.3568
2019-06-03 00-32-00,463,22.9752,34.3435
2019-06-03 00-32-02,463,22.9568,34.3435
2019-06-03 00-32-04,464,23.0118,34.3702
2019-06-03 00-32-06,464,22.9584,34.3702
2019-06-03 00-32-08,464,22.9767,34.3702
2019-06-03 00-32-12,463,22.9568,34.3568
2019-06-03 00-32-14,463,22.9904,34.3435
2019-06-03 00-32-16,463,22.934,34.3141
2019-06-03 00-32-18,463,23.0072,34.3301
2019-06-03 00-32-20,463,23.0072,34.3301
2019-06-03 00-32-22,463,23.0072,34.3141
2019-06-03 00-32-24,463,23.0408,34.2981
2019-06-03 00-32-28,463,23.0576,34.2981
2019-06-03 00-32-30,463,23.0042,34.2847
2019-06-03 00-32-32,463,23.0728,34.2687
2019-06-03 00-32-34,463,23.0759,34.3141
2019-06-03 00-32-36,463,23.0408,34.3141
2019-06-03 00-32-38,463,23.0576,34.2847
2019-06-03 00-32-40,463,23.0225,34.2847
2019-06-03 00-32-42,463,23.0255,34.3141
2019-06-03 00-32-46,462,22.9721,34.3141
2019-06-03 00-32-48,462,23.0072,34.3301
2019-06-03 00-32-50,462,23.0072,34.3141
2019-06-03 00-32-52,462,23.0576,34.2981
2019-06-03 00-32-54,462,23.0225,34.2981
2019-06-03 00-32-56,462,23.0255,34.3301
2019-06-03 00-32-58,462,22.9904,34.3301
2019-06-03 00-33-02,462,23.0576,34.2981
2019-06-03 00-33-04,462,23.0225,34.2981
2019-06-03 00-33-06,461,23.0774,34.3301
2019-06-03 00-33-09,461,23.0255,34.3435
2019-06-03 00-33-11,461,23.0408,34.2981
2019-06-03 00-33-13,461,22.9889,34.3141
2019-06-03 00-33-15,460,23.0072,34.3141
2019-06-03 00-33-19,460,22.9889,34.3141
2019-06-03 00-33-21,460,22.9889,34.2981
2019-06-03 00-33-23,460,23.0408,34.3141
2019-06-03 00-33-25,460,23.0255,34.3141
2019-06-03 00-33-27,460,22.9538,34.3141
2019-06-03 00-33-29,460,23.0438,34.3301
2019-06-03 00-33-31,460,23.0225,34.2981
2019-06-03 00-33-33,460,23.0042,34.2847
2019-06-03 00-33-37,460,23.0072,34.3141
2019-06-03 00-33-39,460,23.0255,34.3141
2019-06-03 00-33-41,460,23.0759,34.3141
2019-06-03 00-33-43,460,23.0728,34.2687
2019-06-03 00-33-45,460,23.1094,34.2687
2019-06-03 00-33-47,460,23.1125,34.2981
2019-06-03 00-33-49,460,23.0576,34.2847
2019-06-03 00-33-51,460,23.0576,34.2847
2019-06-03 00-33-55,459,23.0911,34.2687
2019-06-03 00-33-57,460,23.0408,34.2981
2019-06-03 00-33-59,460,23.0392,34.2847
2019-06-03 00-34-01,459,23.0759,34.2981
2019-06-03 00-34-03,459,23.0576,34.2981
2019-06-03 00-34-05,459,23.0911,34.2847
2019-06-03 00-34-07,460,23.0576,34.2847
2019-06-03 00-34-11,460,23.0942,34.2981
2019-06-03 00-34-13,460,23.0728,34.2687
2019-06-03 00-34-15,460,23.0728,34.2687
2019-06-03 00-34-17,460,23.0545,34.2687
2019-06-03 00-34-19,460,23.0911,34.2687
2019-06-03 00-34-21,460,23.1628,34.2687
2019-06-03 00-34-23,460,23.1094,34.2554
2019-06-03 00-34-27,460,23.1277,34.2687
2019-06-03 00-34-29,460,23.1445,34.2554
2019-06-03 00-34-31,460,23.1628,34.2687
2019-06-03 00-34-33,460,23.0545,34.2554
2019-06-03 00-34-35,460,23.0896,34.242
2019-06-03 00-34-37,461,23.1262,34.2287
2019-06-03 00-34-39,460,23.1094,34.242
2019-06-03 00-34-41,460,23.1079,34.2126
2019-06-03 00-34-45,460,23.1964,34.242
2019-06-03 00-34-47,461,23.1781,34.2287
2019-06-03 00-34-49,461,23.1079,34.2126
2019-06-03 00-34-51,461,23.1232,34.1993
2019-06-03 00-34-53,461,23.1094,34.242
2019-06-03 00-34-55,461,23.1781,34.2287
2019-06-03 00-34-57,461,23.1598,34.2126
2019-06-03 00-35-01,461,23.1262,34.2287
2019-06-03 00-35-03,461,23.1445,34.242
2019-06-03 00-35-05,460,23.1598,34.242
2019-06-03 00-35-07,460,23.1598,34.2287
2019-06-03 00-35-09,460,23.1445,34.2554
2019-06-03 00-35-11,460,23.0728,34.2554
2019-06-03 00-35-13,460,23.0865,34.2287
2019-06-03 00-35-15,460,23.0911,34.2687
2019-06-03 00-35-19,460,23.0713,34.242
2019-06-03 00-35-21,460,23.0713,34.242
2019-06-03 00-35-23,460,23.0545,34.2554
2019-06-03 00-35-25,460,23.1277,34.2554
2019-06-03 00-35-27,460,23.0713,34.242
2019-06-03 00-35-29,460,23.1445,34.2554
2019-06-03 00-35-31,461,23.1094,34.242
2019-06-03 00-35-35,462,23.1094,34.242
2019-06-03 00-35-37,462,23.0896,34.242
2019-06-03 00-35-39,462,23.1277,34.2554
2019-06-03 00-35-41,463,23.1094,34.2554
2019-06-03 00-35-43,463,23.1445,34.2554
2019-06-03 00-35-45,463,23.0911,34.2687
2019-06-03 00-35-47,463,23.0896,34.2554
2019-06-03 00-35-49,463,23.0728,34.2687
2019-06-03 00-35-53,463,23.1308,34.2847
2019-06-03 00-35-55,463,23.0911,34.2687
2019-06-03 00-35-57,464,23.0896,34.2554
2019-06-03 00-35-59,464,23.0576,34.2847
2019-06-03 00-36-01,464,23.0392,34.2847
2019-06-03 00-36-03,463,23.0896,34.2554
2019-06-03 00-36-05,463,23.0759,34.2847
2019-06-03 00-36-09,463,23.0896,34.2554
2019-06-03 00-36-11,463,23.1094,34.2554
2019-06-03 00-36-13,462,23.0911,34.2847
2019-06-03 00-36-15,462,23.0545,34.242
2019-06-03 00-36-17,463,23.0225,34.2847
2019-06-03 00-36-19,463,22.9858,34.2554
2019-06-03 00-36-21,463,23.0225,34.2847
2019-06-03 00-36-23,464,23.0225,34.2847
2019-06-03 00-36-27,463,23.0728,34.2687
2019-06-03 00-36-29,463,23.0225,34.2981
2019-06-03 00-36-31,463,23.0728,34.2687
2019-06-03 00-36-33,463,23.0911,34.2847
2019-06-03 00-36-35,463,23.0392,34.2687
2019-06-03 00-36-37,463,23.0759,34.2847
2019-06-03 00-36-39,463,23.0759,34.2847
2019-06-03 00-36-41,463,23.0072,34.3141
2019-06-03 00-36-45,464,23.0392,34.2847
2019-06-03 00-36-47,465,23.0392,34.2687
2019-06-03 00-36-49,464,23.0392,34.2554
2019-06-03 00-36-51,464,23.0026,34.2554
2019-06-03 00-36-53,464,23.0896,34.2554
2019-06-03 00-36-55,464,23.0545,34.2554
2019-06-03 00-36-57,464,23.0728,34.2554
2019-06-03 00-37-01,464,23.1277,34.2554
2019-06-03 00-37-03,464,23.0896,34.2554
2019-06-03 00-37-05,464,23.0896,34.2554
2019-06-03 00-37-07,464,23.0728,34.2554
2019-06-03 00-37-09,464,23.0865,34.2287
2019-06-03 00-37-11,465,23.0865,34.2287
2019-06-03 00-37-13,466,23.053,34.2287
2019-06-03 00-37-15,466,23.1079,34.2287
2019-06-03 00-37-19,465,23.1445,34.242
2019-06-03 00-37-21,465,23.0865,34.2287
2019-06-03 00-37-23,466,23.1415,34.2287
2019-06-03 00-37-25,465,23.0865,34.2287
2019-06-03 00-37-27,465,23.1094,34.242
2019-06-03 00-37-29,465,23.0728,34.2554
2019-06-03 00-37-31,465,23.1125,34.2847
2019-06-03 00-37-35,464,23.0911,34.2687
2019-06-03 00-37-37,464,23.0545,34.2687
2019-06-03 00-37-39,464,23.0728,34.2554
2019-06-03 00-37-41,464,23.0576,34.2847
2019-06-03 00-37-43,465,23.0896,34.242
2019-06-03 00-37-45,465,23.0713,34.2287
2019-06-03 00-37-47,464,23.1445,34.2554
2019-06-03 00-37-49,465,23.1094,34.2554
2019-06-03 00-37-53,464,23.0728,34.2687
2019-06-03 00-37-55,464,23.1094,34.2687
2019-06-03 00-37-57,463,23.0392,34.2687
2019-06-03 00-37-59,464,23.1094,34.2687
2019-06-03 00-38-01,464,23.0392,34.2554
2019-06-03 00-38-03,464,23.0545,34.2687
2019-06-03 00-38-05,464,23.1277,34.2554
2019-06-03 00-38-07,465,23.0896,34.242
2019-06-03 00-38-11,465,23.0545,34.2554
2019-06-03 00-38-13,465,23.0896,34.242
2019-06-03 00-38-15,465,23.0362,34.2287
2019-06-03 00-38-17,465,23.0545,34.2554
2019-06-03 00-38-19,466,23.0713,34.242
2019-06-03 00-38-21,466,23.1445,34.242
2019-06-03 00-38-23,465,23.1277,34.2554
2019-06-03 00-38-27,465,23.053,34.2287
2019-06-03 00-38-29,464,23.0713,34.242
2019-06-03 00-38-31,464,23.0545,34.2554
2019-06-03 00-38-33,464,23.0896,34.2554
2019-06-03 00-38-35,463,23.0911,34.2687
2019-06-03 00-38-37,463,23.0911,34.2687
2019-06-03 00-38-39,463,23.0392,34.2687
2019-06-03 00-38-41,463,23.0911,34.2847
2019-06-03 00-38-45,463,23.0545,34.2687
2019-06-03 00-38-47,463,23.0209,34.2687
2019-06-03 00-38-49,463,23.0392,34.2687
2019-06-03 00-38-51,463,23.0576,34.2847
2019-06-03 00-38-53,463,23.0545,34.2554
2019-06-03 00-38-55,463,22.9706,34.2847
2019-06-03 00-38-57,463,23.0759,34.3141
2019-06-03 00-39-00,463,23.0408,34.2981
2019-06-03 00-39-04,463,23.0408,34.2981
2019-06-03 00-39-06,463,22.9889,34.3141
2019-06-03 00-39-08,463,23.0255,34.3141
2019-06-03 00-39-10,463,22.9889,34.2981
2019-06-03 00-39-12,463,22.9889,34.2981
2019-06-03 00-39-14,464,23.0408,34.2981
2019-06-03 00-39-16,463,23.0576,34.2981
2019-06-03 00-39-20,463,23.0591,34.3141
2019-06-03 00-39-22,463,23.0408,34.3141
2019-06-03 00-39-24,463,23.0072,34.3141
2019-06-03 00-39-26,463,22.9889,34.3141
2019-06-03 00-39-28,463,23.0072,34.3301
2019-06-03 00-39-30,462,23.0225,34.2981
2019-06-03 00-39-32,463,23.0255,34.3141
2019-06-03 00-39-34,463,23.0408,34.2981
2019-06-03 00-39-38,463,23.0255,34.3141
2019-06-03 00-39-40,463,23.0408,34.2981
2019-06-03 00-39-42,462,22.9706,34.2687
2019-06-03 00-39-44,462,23.0225,34.2981
2019-06-03 00-39-46,462,23.1094,34.2687
2019-06-03 00-39-48,462,22.9889,34.2847
2019-06-03 00-39-50,462,23.0911,34.2687
2019-06-03 00-39-52,463,23.0728,34.2554
2019-06-03 00-39-56,463,23.0209,34.2554
2019-06-03 00-39-58,463,23.1125,34.2981
2019-06-03 00-40-00,463,23.0896,34.2554
2019-06-03 00-40-02,463,23.1445,34.2554
2019-06-03 00-40-04,463,23.0896,34.242
2019-06-03 00-40-06,463,23.1415,34.2287
2019-06-03 00-40-08,463,23.1094,34.242
2019-06-03 00-40-12,463,23.1415,34.2287
2019-06-03 00-40-14,464,23.1781,34.242
2019-06-03 00-40-16,464,23.1415,34.2126
2019-06-03 00-40-18,464,23.1415,34.2287
2019-06-03 00-40-20,464,23.1079,34.2287
2019-06-03 00-40-22,464,23.1049,34.1993
2019-06-03 00-40-24,464,23.1415,34.1993
2019-06-03 00-40-26,464,23.1766,34.2126
2019-06-03 00-40-30,464,23.1598,34.2126
2019-06-03 00-40-32,464,23.1583,34.1859
2019-06-03 00-40-34,464,23.1766,34.2126
2019-06-03 00-40-36,463,23.1598,34.2287
2019-06-03 00-40-38,463,23.1598,34.2287
2019-06-03 00-40-40,463,23.1415,34.1993
2019-06-03 00-40-42,463,23.2269,34.1859
2019-06-03 00-40-44,463,23.1583,34.1993
2019-06-03 00-40-48,463,23.1949,34.2126
2019-06-03 00-40-50,464,23.1735,34.1859
2019-06-03 00-40-52,464,23.2239,34.1566
2019-06-03 00-40-54,464,23.2422,34.1726
2019-06-03 00-40-56,464,23.1552,34.1726
2019-06-03 00-40-58,464,23.2086,34.1726
2019-06-03 00-41-00,463,23.2422,34.1566
2019-06-03 00-41-04,463,23.2407,34.1432
2019-06-03 00-41-06,463,23.1552,34.1726
2019-06-03 00-41-08,463,23.1552,34.1566
2019-06-03 00-41-10,463,23.204,34.1165
2019-06-03 00-41-12,463,23.2407,34.1432
2019-06-03 00-41-14,463,23.2239,34.1566
2019-06-03 00-41-16,463,23.2239,34.1432
2019-06-03 00-41-18,462,23.2422,34.1566
2019-06-03 00-41-22,462,23.2239,34.1566
2019-06-03 00-41-24,462,23.2422,34.1566
2019-06-03 00-41-26,463,23.2407,34.1299
2019-06-03 00-41-28,463,23.2788,34.1566
2019-06-03 00-41-30,463,23.2239,34.1566
2019-06-03 00-41-32,463,23.2239,34.1566
2019-06-03 00-41-34,463,23.1552,34.1726
2019-06-03 00-41-36,463,23.2086,34.1726
2019-06-03 00-41-40,462,23.1766,34.1993
2019-06-03 00-41-42,462,23.1918,34.1859
2019-06-03 00-41-44,462,23.1583,34.1859
2019-06-03 00-41-46,462,23.1079,34.2126
2019-06-03 00-41-48,462,23.1232,34.1993
2019-06-03 00-41-50,462,23.1262,34.2287
2019-06-03 00-41-52,462,23.1415,34.2126
2019-06-03 00-41-56,462,23.1918,34.1993
2019-06-03 00-41-58,462,23.1415,34.2287
2019-06-03 00-42-00,462,23.0865,34.1993
2019-06-03 00-42-02,462,23.1049,34.1859
2019-06-03 00-42-04,462,23.14,34.1859
2019-06-03 00-42-06,463,23.1583,34.1859
2019-06-03 00-42-08,463,23.1918,34.1993
2019-06-03 00-42-10,462,23.1918,34.1993
2019-06-03 00-42-14,462,23.2269,34.1859
2019-06-03 00-42-16,463,23.1415,34.2126
2019-06-03 00-42-18,463,23.1766,34.2126
2019-06-03 00-42-20,463,23.1781,34.2287
2019-06-03 00-42-22,463,23.1415,34.2287
2019-06-03 00-42-24,463,23.1079,34.2287
2019-06-03 00-42-26,463,23.1415,34.2287
2019-06-03 00-42-30,463,23.1766,34.2126
2019-06-03 00-42-32,463,23.1781,34.242
2019-06-03 00-42-34,463,23.1598,34.2126
2019-06-03 00-42-36,463,23.1445,34.242
2019-06-03 00-42-38,462,23.1445,34.2554
2019-06-03 00-42-40,463,23.1262,34.2287
2019-06-03 00-42-42,462,23.1415,34.2287
2019-06-03 00-42-44,462,23.0896,34.242
2019-06-03 00-42-48,462,23.1445,34.242
2019-06-03 00-42-50,462,23.1277,34.2554
2019-06-03 00-42-52,462,23.1262,34.2287
2019-06-03 00-42-54,462,23.1628,34.2554
2019-06-03 00-42-56,462,23.1094,34.2554
2019-06-03 00-42-58,463,23.0911,34.2687
2019-06-03 00-43-00,463,23.0911,34.2847
2019-06-03 00-43-02,463,23.1262,34.242
2019-06-03 00-43-06,463,23.0896,34.2554
2019-06-03 00-43-08,464,23.1461,34.2687
2019-06-03 00-43-10,464,23.1277,34.2554
2019-06-03 00-43-12,464,23.1094,34.2687
2019-06-03 00-43-14,464,23.0728,34.2687
2019-06-03 00-43-16,463,23.0576,34.2847
2019-06-03 00-43-18,463,23.1094,34.2687
2019-06-03 00-43-22,463,23.1445,34.2554
2019-06-03 00-43-24,463,23.1628,34.2687
2019-06-03 00-43-26,463,23.1094,34.2554
2019-06-03 00-43-28,463,23.1277,34.2554
2019-06-03 00-43-30,464,23.0576,34.2847
2019-06-03 00-43-32,464,23.0896,34.242
2019-06-03 00-43-34,464,23.0545,34.242
2019-06-03 00-43-36,463,23.0896,34.2554
2019-06-03 00-43-40,464,23.0896,34.242
2019-06-03 00-43-42,463,23.0896,34.242
2019-06-03 00-43-44,463,23.0865,34.2287
2019-06-03 00-43-46,463,23.1277,34.2687
2019-06-03 00-43-48,464,23.0545,34.2554
2019-06-03 00-43-50,464,23.1277,34.2687
2019-06-03 00-43-52,464,23.1125,34.2847
2019-06-03 00-43-56,464,23.0911,34.2847
2019-06-03 00-43-58,463,23.1277,34.2687
2019-06-03 00-44-00,463,23.1461,34.2847
2019-06-03 00-44-02,463,23.1461,34.2687
2019-06-03 00-44-04,462,23.1094,34.2687
2019-06-03 00-44-06,463,23.1094,34.242
2019-06-03 00-44-08,462,23.1598,34.242
2019-06-03 00-44-10,463,23.1598,34.242
2019-06-03 00-44-14,463,23.1262,34.242
2019-06-03 00-44-16,463,23.0896,34.242
2019-06-03 00-44-18,462,23.0896,34.2554
2019-06-03 00-44-20,463,23.0896,34.242
2019-06-03 00-44-22,462,23.1277,34.2554
2019-06-03 00-44-24,463,23.0728,34.2687
2019-06-03 00-44-26,463,23.0713,34.242
2019-06-03 00-44-30,463,23.1079,34.2287
2019-06-03 00-44-32,463,23.1094,34.2554
2019-06-03 00-44-34,462,23.1445,34.2554
2019-06-03 00-44-37,462,23.1262,34.242
2019-06-03 00-44-39,463,23.1277,34.2554
2019-06-03 00-44-41,462,23.0896,34.2554
2019-06-03 00-44-43,462,23.1781,34.2287
2019-06-03 00-44-45,462,23.1232,34.2126
2019-06-03 00-44-49,462,23.1415,34.2126
2019-06-03 00-44-51,462,23.1461,34.2687
2019-06-03 00-44-53,462,23.0713,34.242
2019-06-03 00-44-55,462,23.1445,34.2554
2019-06-03 00-44-57,462,23.1781,34.242
2019-06-03 00-44-59,462,23.1598,34.2287
2019-06-03 00-45-01,462,23.0896,34.2554
2019-06-03 00-45-05,462,23.1094,34.2554
2019-06-03 00-45-07,461,23.1445,34.242
2019-06-03 00-45-09,462,23.1262,34.242
2019-06-03 00-45-11,462,23.1277,34.2687
2019-06-03 00-45-13,463,23.0728,34.2687
2019-06-03 00-45-15,462,23.0896,34.2554
2019-06-03 00-45-17,462,23.0728,34.2687
2019-06-03 00-45-19,462,23.1308,34.2847
2019-06-03 00-45-23,462,23.0911,34.2847
2019-06-03 00-45-25,462,23.0438,34.3301
2019-06-03 00-45-27,462,23.0255,34.3141
2019-06-03 00-45-29,462,23.0591,34.3141
2019-06-03 00-45-31,462,23.0072,34.3301
2019-06-03 00-45-33,461,22.9568,34.3568
2019-06-03 00-45-35,462,22.9568,34.3435
2019-06-03 00-45-37,462,22.9904,34.3435
2019-06-03 00-45-41,462,22.9935,34.3568
2019-06-03 00-45-43,463,23.0774,34.3435
2019-06-03 00-45-45,463,23.027,34.3568
2019-06-03 00-45-47,462,23.0804,34.3702
2019-06-03 00-45-49,462,23.0408,34.3141
2019-06-03 00-45-51,462,23.0591,34.3301
2019-06-03 00-45-53,462,23.0621,34.3435
2019-06-03 00-45-57,463,23.0255,34.3301
2019-06-03 00-45-59,463,23.0438,34.3435
2019-06-03 00-46-01,463,22.9935,34.3568
2019-06-03 00-46-03,463,22.9935,34.3568
2019-06-03 00-46-05,463,22.9568,34.3568
2019-06-03 00-46-07,463,23.0621,34.3435
2019-06-03 00-46-09,464,23.0087,34.3435
2019-06-03 00-46-11,464,23.0591,34.3301
2019-06-03 00-46-15,464,23.0774,34.3301
2019-06-03 00-46-17,464,23.0774,34.3301
2019-06-03 00-46-19,464,23.0576,34.2981
2019-06-03 00-46-21,465,23.0408,34.3141
2019-06-03 00-46-23,465,23.0759,34.3141
2019-06-03 00-46-25,465,23.0576,34.2847
2019-06-03 00-46-27,465,23.0728,34.2687
2019-06-03 00-46-31,465,23.0759,34.2981
2019-06-03 00-46-33,465,23.0576,34.2981
2019-06-03 00-46-35,465,23.0942,34.3301
2019-06-03 00-46-37,466,23.0576,34.2981
2019-06-03 00-46-39,465,23.0759,34.3141
2019-06-03 00-46-41,466,23.0392,34.2687
2019-06-03 00-46-43,466,23.0759,34.2981
2019-06-03 00-46-45,466,23.0759,34.2981
2019-06-03 00-46-49,466,23.1308,34.3141
2019-06-03 00-46-51,467,23.1308,34.2981
2019-06-03 00-46-53,467,23.0759,34.3141
2019-06-03 00-46-55,467,23.1125,34.2847
2019-06-03 00-46-57,467,23.1644,34.3141
2019-06-03 00-46-59,467,23.1674,34.3301
2019-06-03 00-47-01,467,23.0942,34.2981
2019-06-03 00-47-05,467,23.1094,34.2687
2019-06-03 00-47-07,467,23.1461,34.2687
2019-06-03 00-47-09,468,23.0759,34.2847
2019-06-03 00-47-11,468,23.0728,34.2687
2019-06-03 00-47-13,467,23.0576,34.2981
2019-06-03 00-47-15,467,23.0392,34.2847
2019-06-03 00-47-17,468,23.0225,34.2847
2019-06-03 00-47-19,468,23.0759,34.2847
2019-06-03 00-47-23,467,23.0942,34.3141
2019-06-03 00-47-25,467,23.0408,34.2981
2019-06-03 00-47-27,467,23.0255,34.3141
2019-06-03 00-47-29,467,23.0759,34.3141
2019-06-03 00-47-31,467,23.0438,34.3301
2019-06-03 00-47-33,467,22.9721,34.3141
2019-06-03 00-47-35,467,23.0438,34.3301
2019-06-03 00-47-37,467,23.1125,34.2847
2019-06-03 00-47-41,467,23.0408,34.2981
2019-06-03 00-47-43,467,23.1094,34.2687
2019-06-03 00-47-45,468,23.1827,34.2981
2019-06-03 00-47-47,468,23.0545,34.2687
2019-06-03 00-47-49,468,23.0896,34.2554
2019-06-03 00-47-51,469,23.1461,34.2687
2019-06-03 00-47-53,469,23.0545,34.2687
2019-06-03 00-47-57,469,23.0759,34.2847
2019-06-03 00-47-59,469,23.0042,34.2847
2019-06-03 00-48-01,469,23.0392,34.2847
2019-06-03 00-48-03,469,23.1644,34.2847
2019-06-03 00-48-05,469,23.1094,34.2554
2019-06-03 00-48-07,469,23.1461,34.2847
2019-06-03 00-48-09,469,23.1277,34.2687
2019-06-03 00-48-11,469,23.1308,34.2847
2019-06-03 00-48-15,469,23.1277,34.2687
2019-06-03 00-48-17,469,23.1461,34.2847
2019-06-03 00-48-19,469,23.0911,34.2687
2019-06-03 00-48-21,469,23.1308,34.2847
2019-06-03 00-48-23,469,23.1812,34.2687
2019-06-03 00-48-25,469,23.1308,34.2847
2019-06-03 00-48-27,469,23.1277,34.2687
2019-06-03 00-48-31,469,23.0759,34.2981
2019-06-03 00-48-33,469,23.1491,34.3141
2019-06-03 00-48-35,469,23.0774,34.3301
2019-06-03 00-48-37,469,23.0942,34.3141
2019-06-03 00-48-39,469,23.1323,34.3435
2019-06-03 00-48-41,468,23.0774,34.3435
2019-06-03 00-48-43,469,23.0759,34.3141
2019-06-03 00-48-45,469,23.114,34.3301
2019-06-03 00-48-49,469,23.0621,34.3435
2019-06-03 00-48-51,469,23.0072,34.3301
2019-06-03 00-48-53,469,23.0438,34.3301
2019-06-03 00-48-55,469,23.1827,34.3141
2019-06-03 00-48-57,470,23.0759,34.2847
2019-06-03 00-48-59,470,23.1308,34.2981
2019-06-03 00-49-01,470,23.1445,34.2554
2019-06-03 00-49-03,471,23.1094,34.2687
2019-06-03 00-49-07,471,23.1125,34.2847
2019-06-03 00-49-09,471,23.1461,34.2687
2019-06-03 00-49-11,471,23.233,34.2847
2019-06-03 00-49-13,471,23.1628,34.2554
2019-06-03 00-49-15,471,23.1781,34.242
2019-06-03 00-49-17,471,23.1445,34.242
2019-06-03 00-49-19,471,23.2147,34.2554
2019-06-03 00-49-23,472,23.1781,34.2554
2019-06-03 00-49-25,472,23.1461,34.2847
2019-06-03 00-49-27,471,23.1628,34.2687
2019-06-03 00-49-29,471,23.1308,34.2847
2019-06-03 00-49-31,470,23.1628,34.2554
2019-06-03 00-49-33,470,23.1461,34.2847
2019-06-03 00-49-35,470,23.2315,34.242
2019-06-03 00-49-37,470,23.2147,34.2687
2019-06-03 00-49-41,470,23.1964,34.2687
2019-06-03 00-49-43,470,23.2132,34.242
2019-06-03 00-49-45,470,23.1964,34.2687
2019-06-03 00-49-47,470,23.1644,34.2847
2019-06-03 00-49-49,470,23.1644,34.2847
2019-06-03 00-49-51,469,23.0759,34.3141
2019-06-03 00-49-53,468,23.1308,34.3141
2019-06-03 00-49-57,468,23.114,34.3301
2019-06-03 00-49-59,468,23.0408,34.3141
2019-06-03 00-50-01,468,23.0942,34.3301
2019-06-03 00-50-03,468,23.0438,34.3435
2019-06-03 00-50-05,467,23.0621,34.3435
2019-06-03 00-50-07,468,23.0774,34.3435
2019-06-03 00-50-10,468,23.0438,34.3435
2019-06-03 00-50-12,468,23.0621,34.3435
2019-06-03 00-50-16,469,23.0087,34.3435
2019-06-03 00-50-18,469,23.0072,34.3301
2019-06-03 00-50-20,469,23.0804,34.3568
2019-06-03 00-50-22,469,22.9904,34.3435
2019-06-03 00-50-24,469,23.027,34.3702
2019-06-03 00-50-26,470,23.027,34.3702
2019-06-03 00-50-28,470,22.9202,34.3568
2019-06-03 00-50-32,470,22.9935,34.3702
2019-06-03 00-50-34,470,23.0438,34.3568
2019-06-03 00-50-36,470,23.0255,34.3435
2019-06-03 00-50-38,471,23.114,34.3301
2019-06-03 00-50-40,471,23.1171,34.3435
2019-06-03 00-50-42,471,23.0591,34.3301
2019-06-03 00-50-44,471,23.1171,34.3435
2019-06-03 00-50-46,471,23.0576,34.2847
2019-06-03 00-50-50,471,23.0591,34.3141
2019-06-03 00-50-52,471,23.1308,34.2847
2019-06-03 00-50-54,471,23.1308,34.2847
2019-06-03 00-50-56,471,23.0576,34.2981
2019-06-03 00-50-58,471,23.0911,34.2847
2019-06-03 00-51-00,472,23.1461,34.2687
2019-06-03 00-51-02,472,23.1277,34.2687
2019-06-03 00-51-06,472,23.1644,34.2847
2019-06-03 00-51-08,472,23.0911,34.2687
2019-06-03 00-51-10,471,23.2147,34.2687
2019-06-03 00-51-12,472,23.1812,34.2687
2019-06-03 00-51-14,472,23.1598,34.242
2019-06-03 00-51-16,471,23.1461,34.2687
2019-06-03 00-51-18,472,23.1125,34.2847
2019-06-03 00-51-20,471,23.1308,34.2847
2019-06-03 00-51-24,471,23.1125,34.2981
2019-06-03 00-51-26,471,23.1781,34.242
2019-06-03 00-51-28,470,23.1445,34.2554
2019-06-03 00-51-30,470,23.1628,34.2687
2019-06-03 00-51-32,471,23.1628,34.2554
2019-06-03 00-51-34,471,23.2132,34.2287
2019-06-03 00-51-36,471,23.1445,34.2554
2019-06-03 00-51-40,472,23.1628,34.2554
2019-06-03 00-51-42,472,23.1628,34.2687
2019-06-03 00-51-44,472,23.1781,34.2554
2019-06-03 00-51-46,472,23.1445,34.2554
2019-06-03 00-51-48,472,23.1995,34.2847
2019-06-03 00-51-50,472,23.1445,34.242
2019-06-03 00-51-52,472,23.1598,34.242
2019-06-03 00-51-54,472,23.1781,34.2554
2019-06-03 00-51-58,472,23.1781,34.242
2019-06-03 00-52-00,471,23.1781,34.2554
2019-06-03 00-52-02,471,23.1964,34.242
2019-06-03 00-52-04,471,23.1964,34.2554
2019-06-03 00-52-06,471,23.1781,34.2287
2019-06-03 00-52-08,471,23.1415,34.2287
2019-06-03 00-52-10,470,23.1598,34.242
2019-06-03 00-52-12,469,23.2147,34.2554
2019-06-03 00-52-16,469,23.1598,34.242
2019-06-03 00-52-18,469,23.1949,34.2287
2019-06-03 00-52-20,469,23.1781,34.242
2019-06-03 00-52-22,469,23.2147,34.2554
2019-06-03 00-52-24,469,23.2468,34.2287
2019-06-03 00-52-26,469,23.1949,34.2287
2019-06-03 00-52-28,469,23.1949,34.2287
2019-06-03 00-52-32,469,23.2285,34.2287
2019-06-03 00-52-34,469,23.1781,34.2287
2019-06-03 00-52-36,469,23.2834,34.2126
2019-06-03 00-52-38,469,23.2819,34.1726
2019-06-03 00-52-40,469,23.3337,34.1859
2019-06-03 00-52-42,470,23.3154,34.1726
2019-06-03 00-52-44,470,23.2819,34.1859
2019-06-03 00-52-46,470,23.3154,34.1859
2019-06-03 00-52-50,470,23.3521,34.1993
2019-06-03 00-52-52,470,23.3688,34.1993
2019-06-03 00-52-54,470,23.3368,34.2126
2019-06-03 00-52-56,470,23.3154,34.1859
2019-06-03 00-52-58,470,23.2819,34.1859
2019-06-03 00-53-00,470,23.2819,34.1859
2019-06-03 00-53-02,470,23.2819,34.1859
2019-06-03 00-53-06,471,23.2452,34.2126
2019-06-03 00-53-08,471,23.2422,34.1726
2019-06-03 00-53-10,470,23.3185,34.1993
2019-06-03 00-53-12,470,23.2819,34.1859
2019-06-03 00-53-14,470,23.2651,34.2126
2019-06-03 00-53-16,471,23.1918,34.1726
2019-06-03 00-53-18,470,23.2651,34.1859
2019-06-03 00-53-20,470,23.2651,34.1993
2019-06-03 00-53-24,470,23.2651,34.2126
2019-06-03 00-53-26,470,23.1781,34.2287
2019-06-03 00-53-28,470,23.2819,34.1993
2019-06-03 00-53-30,470,23.2651,34.2126
2019-06-03 00-53-32,470,23.1766,34.1993
2019-06-03 00-53-34,469,23.2285,34.2287
2019-06-03 00-53-36,469,23.1445,34.242
2019-06-03 00-53-38,468,23.1598,34.2287
2019-06-03 00-53-42,469,23.1598,34.2126
2019-06-03 00-53-44,468,23.2101,34.2126
2019-06-03 00-53-46,468,23.2269,34.1859
2019-06-03 00-53-48,468,23.2452,34.2126
2019-06-03 00-53-50,469,23.2101,34.2126
2019-06-03 00-53-52,469,23.1766,34.1993
2019-06-03 00-53-54,469,23.1598,34.2287
2019-06-03 00-53-58,469,23.1766,34.2126
2019-06-03 00-54-00,469,23.2132,34.2287
2019-06-03 00-54-02,470,23.2285,34.2126
2019-06-03 00-54-04,470,23.1781,34.2287
2019-06-03 00-54-06,470,23.2132,34.2287
2019-06-03 00-54-08,470,23.2285,34.2287
2019-06-03 00-54-10,470,23.2285,34.2287
2019-06-03 00-54-12,469,23.2132,34.2287
2019-06-03 00-54-16,469,23.2315,34.242
2019-06-03 00-54-18,469,23.233,34.2687
2019-06-03 00-54-20,468,23.1964,34.2554
2019-06-03 00-54-22,469,23.1995,34.2981
2019-06-03 00-54-24,468,23.1644,34.2981
2019-06-03 00-54-26,468,23.1644,34.3141
2019-06-03 00-54-28,468,23.1491,34.2981
2019-06-03 00-54-32,468,23.1171,34.3568
2019-06-03 00-54-34,467,23.1491,34.3301
2019-06-03 00-54-36,467,23.114,34.3141
2019-06-03 00-54-38,467,23.0453,34.3702
2019-06-03 00-54-40,467,23.0804,34.3568
2019-06-03 00-54-42,467,23.0438,34.3568
2019-06-03 00-54-44,467,23.0301,34.3862
2019-06-03 00-54-46,467,23.0179,34.469
2019-06-03 00-54-50,467,22.9309,34.5251
2019-06-03 00-54-52,467,22.8989,34.5678
2019-06-03 00-54-54,466,22.8302,34.5811
2019-06-03 00-54-56,466,22.8149,34.5811
2019-06-03 00-54-58,466,22.7753,34.5678
2019-06-03 00-55-00,466,22.8302,34.5678
2019-06-03 00-55-02,467,22.7936,34.5811
2019-06-03 00-55-04,467,22.847,34.5384
2019-06-03 00-55-08,467,22.7707,34.5117
2019-06-03 00-55-10,467,22.9843,34.4823
2019-06-03 00-55-12,468,22.8577,34.4823
2019-06-03 00-55-14,468,22.9263,34.469
2019-06-03 00-55-16,468,22.963,34.4263
2019-06-03 00-55-18,468,22.9767,34.3862
2019-06-03 00-55-20,469,23.0804,34.3862
2019-06-03 00-55-24,470,23.0438,34.3568
2019-06-03 00-55-26,470,23.0957,34.3435
2019-06-03 00-55-28,471,23.0591,34.3301
2019-06-03 00-55-30,470,23.1491,34.3141
2019-06-03 00-55-32,470,23.1491,34.3301
2019-06-03 00-55-34,470,23.1491,34.3141
2019-06-03 00-55-36,470,23.1308,34.2847
2019-06-03 00-55-38,470,23.1812,34.2847
2019-06-03 00-55-42,469,23.1964,34.2687
2019-06-03 00-55-44,468,23.1949,34.2287
2019-06-03 00-55-46,468,23.2498,34.2687
2019-06-03 00-55-48,467,23.1781,34.2554
2019-06-03 00-55-50,467,23.2681,34.242
2019-06-03 00-55-52,467,23.2681,34.2287
2019-06-03 00-55-54,467,23.2285,34.2287
2019-06-03 00-55-59,468,23.2834,34.2287
2019-06-03 00-56-01,468,23.2681,34.2287
2019-06-03 00-56-03,468,23.2834,34.2126
2019-06-03 00-56-05,468,23.1781,34.2287
2019-06-03 00-56-07,467,23.2651,34.2126
2019-06-03 00-56-09,466,23.2468,34.2287
2019-06-03 00-56-11,465,23.2468,34.2287
2019-06-03 00-56-13,465,23.3002,34.2126
2019-06-03 00-56-17,464,23.2819,34.1993
2019-06-03 00-56-19,465,23.3017,34.2287
2019-06-03 00-56-21,464,23.3017,34.2287
2019-06-03 00-56-23,464,23.2452,34.1993
2019-06-03 00-56-25,463,23.3002,34.2126
2019-06-03 00-56-27,463,23.3185,34.1993
2019-06-03 00-56-29,463,23.2819,34.1993
2019-06-03 00-56-33,463,23.2452,34.1993
2019-06-03 00-56-35,462,23.2101,34.1993
2019-06-03 00-56-37,462,23.2452,34.2126
2019-06-03 00-56-39,463,23.1735,34.1859
2019-06-03 00-56-41,462,23.1949,34.2126
2019-06-03 00-56-43,463,23.2452,34.1859
2019-06-03 00-56-45,462,23.2101,34.2126
2019-06-03 00-56-47,462,23.2132,34.2287
2019-06-03 00-56-51,462,23.2285,34.2287
2019-06-03 00-56-53,463,23.1781,34.242
2019-06-03 00-56-55,462,23.1781,34.242
2019-06-03 00-56-57,462,23.2315,34.2554
2019-06-03 00-56-59,462,23.2147,34.2554
2019-06-03 00-57-01,462,23.1964,34.2554
2019-06-03 00-57-03,462,23.1461,34.2687
2019-06-03 00-57-05,462,23.1094,34.2687
2019-06-03 00-57-09,462,23.1277,34.2687
2019-06-03 00-57-11,462,23.1308,34.2847
2019-06-03 00-57-13,462,23.1461,34.2847
2019-06-03 00-57-15,462,23.1964,34.2687
2019-06-03 00-57-17,462,23.1781,34.2554
2019-06-03 00-57-19,463,23.2315,34.2554
2019-06-03 00-57-21,463,23.2147,34.2554
2019-06-03 00-57-25,463,23.2498,34.2687
2019-06-03 00-57-27,463,23.2468,34.242
2019-06-03 00-57-29,464,23.1949,34.2287
2019-06-03 00-57-31,463,23.2452,34.2126
2019-06-03 00-57-33,464,23.1949,34.2287
2019-06-03 00-57-35,464,23.2132,34.242
2019-06-03 00-57-37,464,23.3002,34.2126
2019-06-03 00-57-39,465,23.1598,34.2287
2019-06-03 00-57-43,465,23.2315,34.242
2019-06-03 00-57-45,465,23.2269,34.1993
2019-06-03 00-57-47,465,23.2285,34.2126
2019-06-03 00-57-49,465,23.2452,34.2126
2019-06-03 00-57-51,465,23.2468,34.2287
2019-06-03 00-57-53,465,23.3047,34.2554
2019-06-03 00-57-55,466,23.2468,34.242
2019-06-03 00-57-59,465,23.1781,34.2554
2019-06-03 00-58-01,465,23.1964,34.2687
2019-06-03 00-58-03,465,23.2147,34.2687
2019-06-03 00-58-05,465,23.1995,34.2847
2019-06-03 00-58-07,464,23.1964,34.2554
2019-06-03 00-58-09,464,23.1781,34.242
2019-06-03 00-58-11,465,23.2315,34.2554
2019-06-03 00-58-13,465,23.2285,34.2126
2019-06-03 00-58-17,465,23.2452,34.1993
2019-06-03 00-58-19,466,23.2285,34.2126
2019-06-03 00-58-21,466,23.2086,34.1859
2019-06-03 00-58-23,467,23.2651,34.1993
2019-06-03 00-58-25,468,23.2132,34.2287
2019-06-03 00-58-27,468,23.1949,34.2287
2019-06-03 00-58-29,467,23.2681,34.2287
2019-06-03 00-58-31,466,23.233,34.2687
2019-06-03 00-58-35,464,23.1812,34.2847
2019-06-03 00-58-37,464,23.1812,34.2847
2019-06-03 00-58-39,465,23.0911,34.2847
2019-06-03 00-58-41,465,23.1644,34.2847
2019-06-03 00-58-43,465,23.1308,34.2981
2019-06-03 00-58-45,466,23.1094,34.2687
2019-06-03 00-58-47,466,23.1644,34.2847
2019-06-03 00-58-51,466,23.1277,34.2687
2019-06-03 00-58-53,466,23.1827,34.2981
2019-06-03 00-58-55,465,23.1644,34.3141
2019-06-03 00-58-57,465,23.1506,34.3568
2019-06-03 00-58-59,464,23.0957,34.3568
2019-06-03 00-59-01,464,23.1354,34.3862
2019-06-03 00-59-03,464,22.995,34.4129
2019-06-03 00-59-05,464,23.1033,34.4423
2019-06-03 00-59-09,464,23.0682,34.469
2019-06-03 00-59-11,463,23.0026,34.4984
2019-06-03 00-59-13,462,23.0026,34.5117
2019-06-03 00-59-15,463,22.9156,34.5384
2019-06-03 00-59-17,464,22.9309,34.5251
2019-06-03 00-59-19,465,22.8622,34.5251
2019-06-03 00-59-21,465,22.9156,34.5384
2019-06-03 00-59-23,466,22.8104,34.5117
2019-06-03 00-59-27,467,22.847,34.5384
2019-06-03 00-59-29,467,22.8973,34.5117
2019-06-03 00-59-31,467,22.8607,34.5117
2019-06-03 00-59-33,467,22.847,34.5544
2019-06-03 00-59-35,468,22.8622,34.5251
2019-06-03 00-59-37,468,22.8943,34.4984
2019-06-03 00-59-39,468,22.8943,34.4984
2019-06-03 00-59-41,468,22.9477,34.4984
2019-06-03 00-59-45,468,22.9126,34.5117
2019-06-03 00-59-47,468,22.9126,34.4984
2019-06-03 00-59-49,468,22.9477,34.4984
2019-06-03 00-59-51,467,22.9294,34.4984
2019-06-03 00-59-53,468,22.9446,34.4823
2019-06-03 00-59-55,468,22.9294,34.4984
2019-06-03 00-59-57,469,22.9126,34.5117
